timestamp	open	high	low	close	volume	quoteVolume	symbol	gap_apertura_pct	volatilidad_diaria	vol_5d	vol_10d	vol_rel_5d	return_pct	close_open_pct	range_pct	volume_change_pct	rsi_14	macd	macd_signal	macd_diff	atr_14	momentum_12	bb_upper	bb_lower	bb_pctb	vader	finbert	sentiment_ratio	sentiment_combined	download_date	added_date
2025-07-15 16:00:00	0.7241	0.7616	0.7192	0.7511	245549584.3227	182476165.3730328	ADAUSDT	0.0	5.8954393770856655	0.0	0.0	0.0	0.0	3.7287667449247377	5.8954393770856655	0.0	0.0	0.0	0.0	0.0	0.0	0.0	0.0	0.0	0.0	0.0	0.0	0.0	0.0	0	0
2025-07-16 16:00:00	0.7511	0.8266	0.7405	0.8036	431217299.7687	337837821.6297081	ADAUSDT	0.0	11.627278865631324	0.0	0.0	0.0	6.989748369058713	6.989748369058713	11.627278865631324	75.61312553557266	0.0	0.0	0.0	0.0	0.0	0.0	0.0	0.0	0.0	0.0	0.0	0.0	0.0	0	0
2025-07-17 16:00:00	0.8036	0.8971	0.7857	0.8234	546516169.5937	459962898.3403946	ADAUSDT	0.0	14.17843960799288	0.0	0.0	0.0	2.463912394225988	2.463912394225988	14.17843960799288	26.73799726653941	0.0	0.0	0.0	0.0	0.0	0.0	0.0	0.0	0.0	0.0	0.0	0.0	0.0	0	0
2025-07-18 16:00:00	0.8234	0.8382	0.7964	0.8223	308723796.6972	253366118.95458487	ADAUSDT	0.0	5.248618784530381	0.0	0.0	0.0	-0.13359242166626062	-0.13359242166626062	5.248618784530381	-43.51058324098325	0.0	0.0	0.0	0.0	0.0	0.0	0.0	0.0	0.0	0.0	0.0	0.0	0.0	0	0
2025-07-19 16:00:00	0.8223	0.8744	0.8171	0.8717	223564733.5412	188533783.8188257	ADAUSDT	0.0	7.012605556235455	3.9103834603636973	0.0	0.6367291872016936	6.007539827313632	6.007539827313632	7.012605556235455	-27.58422384897171	0.0	0.0	0.0	0.0	0.0	0.0	0.0	0.0	0.0	0.0	0.0	0.0	0.0	0	0
2025-07-20 16:00:00	0.8717	0.9349	0.8373	0.9132	433179867.8298	383151159.3233285	ADAUSDT	0.0	11.656514988653996	3.6856576710209663	0.0	1.1146033644012816	4.760812206034184	4.760812206034184	11.656514988653996	93.760375783943	0.0	0.0	0.0	0.0	0.0	0.0	0.0	0.0	0.0	0.0	0.0	0.0	0.0	0	0
2025-07-21 16:00:00	0.9132	0.9144	0.853	0.8815	475672058.0	418948742.3934	ADAUSDT	0.0	7.198124267291912	3.712322037428855	0.0	1.1965649696702485	-3.4713096802452976	-3.4713096802452976	7.198124267291912	9.809364036949088	0.0	0.0	0.0	0.0	0.0	0.0	0.0	0.0	0.0	0.0	0.0	0.0	0.0	0	0
2025-07-22 16:00:00	0.8815	0.9051	0.8081	0.8347	414430872.0	354617160.8856	ADAUSDT	0.0	12.0034649177082	3.026542672940499	0.0	1.1167204023125752	-5.309132161089048	-5.309132161089048	12.0034649177082	-12.874665427583304	0.0	0.0	0.0	0.0	0.0	0.0	0.0	0.0	0.0	0.0	0.0	0.0	0.0	0	0
2025-07-23 16:00:00	0.8347	0.8383	0.7611	0.8232	585117700.0	470750507.6886	ADAUSDT	0.0	10.143213769544088	2.3856108745383895	0.0	1.3722496300367177	-1.3777405055708583	-1.3777405055708583	10.143213769544088	41.18583810522687	0.0	0.0	0.0	0.0	0.0	0.0	0.0	0.0	0.0	0.0	0.0	0.0	0.0	0	0
2025-07-24 16:00:00	0.8232	0.828	0.7746	0.7842	343533870.0	276408699.0468	ADAUSDT	0.0	6.893880712625871	2.418205464655401	3.0930382481330514	0.7627528468581996	-4.737609329446068	-4.737609329446068	6.893880712625871	-41.28807417721255	0.0	0.0	0.0	0.0	0.0	0.0	0.0	0.0	0.0	0.0	0.0	0.0	0.0	0	0
2025-07-25 16:00:00	0.7842	0.8346	0.7796	0.8327	168714392.0	137359442.7944	ADAUSDT	0.0	7.054899948691644	2.3027850897304427	2.975490524566431	0.4244453653566921	6.184646773782196	6.184646773782196	7.054899948691644	-50.8885711909571	0.0	0.0	0.0	0.0	0.0	0.0	0.0	0.0	0.0	0.0	0.0	0.0	0.0	0	0
2025-07-26 16:00:00	0.8327	0.8395	0.8144	0.8223	156148006.0	128952817.7518	ADAUSDT	0.0	3.082023575638508	3.4201241145881474	3.4263016100853028	0.4680850417091731	-1.2489492013930545	-1.2489492013930545	3.082023575638508	-7.448318931795694	0.0	0.0	0.0	0.0	0.0	0.0	0.0	0.0	0.0	0.0	0.0	0.0	0.0	0	0
2025-07-27 16:00:00	0.8223	0.8565	0.8018	0.8061	280277636.0	232342049.3208	ADAUSDT	0.0	6.822150162135205	2.5037323272526275	2.78961865056316	0.9136757407885772	-1.9700839109813926	-1.9700839109813926	6.822150162135205	79.4948543883423	0.0	0.0	0.0	0.0	0.0	7.322593529490088	0.0	0.0	0.0	0.0	0.0	0.0	0.0	0	0
2025-07-28 16:00:00	0.8061	0.8101	0.7753	0.7815	243375284.0	193437407.3046	ADAUSDT	0.0	4.48858506384626	1.7914122062644031	2.8732764324956546	1.0208273553221867	-3.0517305545217797	-3.0517305545217797	4.48858506384626	-13.166356234002203	46.53791287925726	0.0	0.0	0.0	0.06394285714285715	-2.7501244400199116	0.0	0.0	0.0	0.0	0.0	0.0	0.0	0	0
2025-07-29 16:00:00	0.7815	0.7897	0.752	0.7733	225271184.0	174156537.9648	ADAUSDT	0.0	5.01329787234042	1.6625523898951593	2.9886798577187017	1.0489570486331183	-1.049264235444656	-1.049264235444656	5.01329787234042	-7.438758653898479	44.96473891007828	0.0	0.0	0.0	0.062068367346938776	-6.08452756861793	0.0	0.0	0.0	0.0	0.0	0.0	0.0	0	0
2025-07-30 16:00:00	0.7733	0.7887	0.7287	0.7618	240601302.0	183897212.4142	ADAUSDT	0.0	8.233841086867015	2.0201796322165633	2.6255066759355685	1.0500431426613224	-1.4871330660804287	-1.4871330660804287	8.233841086867015	6.805183746892368	42.780575423712314	0.0	0.0	0.0	0.06192062682215743	-7.3574121366897725	0.0	0.0	0.0	0.0	0.0	0.0	0.0	0	0
2025-07-31 16:00:00	0.7618	0.7755	0.7083	0.7329	285666518.0	209755115.61	ADAUSDT	0.0	9.487505294366782	2.110308463231438	2.7332612115150803	1.1200922489531073	-3.793646626411136	-3.793646626411136	9.487505294366782	18.730246106482003	37.810022643431275	0.0	0.0	0.0	0.06229772490628904	-15.922909257772172	0.0	0.0	0.0	0.0	0.0	0.0	0.0	0	0
2025-08-01 16:00:00	0.7329	0.7376	0.6957	0.6987	188618918.0	135028991.687	ADAUSDT	0.0	6.022710938622977	2.139157867896879	2.1968404583083294	0.7968467510830448	-4.6663937781416305	-4.6663937781416305	6.022710938622977	-33.97233973356303	32.93351313306414	0.0	0.0	0.0	0.06084074455583983	-23.488830486202367	0.0	0.0	0.0	0.0	0.0	0.0	0.0	0	0
2025-08-02 16:00:00	0.6987	0.729	0.6836	0.7255	155299238.0	109570026.2234	ADAUSDT	0.0	6.641310708016383	1.782483995640863	1.8416758945483989	0.7088330044782399	3.835694861886367	3.835694861886367	6.641310708016383	-17.66507853681994	39.516628982109744	0.0	0.0	0.0	0.05973783423042269	-17.697107203630168	0.0	0.0	0.0	0.0	0.0	0.0	0.0	0	0
2025-08-03 16:00:00	0.7255	0.7544	0.7217	0.7445	157055216.0	115824192.9748	ADAUSDT	0.0	4.530968546487454	1.9292819091239044	1.917584752548288	0.7644515096509097	2.6188835286009673	2.6188835286009673	4.530968546487454	1.1307061274827377	43.73340077215848	0.0	0.0	0.0	0.057806560356821066	-10.806277704564508	0.906689241235199	0.6921307587648011	0.24407909970384967	0.0	0.0	0.0	0.0	0	0
2025-08-04 16:00:00	0.7445	0.7599	0.7192	0.7231	243349364.0	181029369.6202	ADAUSDT	0.0	5.659065628476094	1.8541976940389353	1.8940627459545687	1.1813199169551725	-2.874412357286781	-2.874412357286781	5.659065628476094	54.945101600446044	40.32346058194814	0.0	0.0	0.0	0.05658466318847671	-12.159863945578241	0.9084584839189748	0.6875615160810252	0.16088262445071605	0.0	0.0	0.0	0.0	0	0
2025-08-05 16:00:00	0.7231	0.7425	0.7103	0.7413	149012090.0	107869033.3362	ADAUSDT	0.0	4.533295790511052	0.9316812473202702	1.6904522910465591	0.8340214982282579	2.516940948693126	2.516940948693126	4.533295790511052	-38.7661888444467	44.30107450149528	0.0	0.0	0.0	0.05484290153215694	-5.470543228768178	0.9080188697181104	0.6817711302818896	0.26311365526324526	0.0	0.0	0.0	0.0	0	0
2025-08-06 16:00:00	0.7413	0.7741	0.7338	0.7629	148839574.0	111915066.989	ADAUSDT	0.0	5.491959662033252	0.8829924991641611	1.6834176550318123	0.871879902002668	2.9138000809388998	2.9138000809388998	5.491959662033252	-0.11577315639288059	48.67354893417122	0.0	0.0	0.0	0.05380412285128859	-8.382370601657255	0.905018735741943	0.6787212642580571	0.3719826615382093	0.0	0.0	0.0	0.0	0	0
2025-08-07 16:00:00	0.7629	0.807	0.74	0.7817	307415338.0	241086155.312	ADAUSDT	0.0	9.054054054054063	1.8644094449837756	1.8369644700806405	1.5284081975779644	2.4642810329007636	2.4642810329007636	9.054054054054063	106.54139872773352	52.19138355448272	0.0	0.0	0.0	0.05474668550476798	-4.937370789249675	0.9021860795933709	0.677493920406629	0.463772656645153	0.0	0.0	0.0	0.0	0	0
2025-08-08 16:00:00	0.7817	0.8208	0.7797	0.8053	231009094.0	185727050.901	ADAUSDT	0.0	5.271258176221627	1.759535074919713	1.815976723729894	1.0698575689387688	3.0190610208519977	3.0190610208519977	5.271258176221627	-24.85440202726645	56.2454959512942	0.0	0.0	0.0	0.05377192225442741	-0.0992432700657515	0.8927515508688452	0.6802884491311548	0.5883918188447895	0.0	0.0	0.0	0.0	0	0
2025-08-09 16:00:00	0.8053	0.8345	0.7844	0.8009	302524706.0	244197819.827	ADAUSDT	0.0	6.387047424783278	1.7541826824464604	1.7100386015029976	1.3282599795710366	-0.5463802309698337	-0.5463802309698337	6.387047424783278	30.957920643591635	55.3038869055753	-0.0025568954502436236	0.0	0.0	0.053509642093396884	2.482405630198333	0.8702963972370945	0.6915136027629054	0.611839621138077	0.0	0.0	0.0	0.0	0	0
2025-08-10 16:00:00	0.8009	0.8338	0.7825	0.7959	261304160.0	210509849.8086	ADAUSDT	0.0	6.5559105431309925	1.5042842368175617	1.3085354881565021	1.044303607861975	-0.6242976651267192	-0.6242976651267192	6.5559105431309925	-13.625513943975207	54.19360584654311	-0.000494007080054204	0.0	0.0	0.0533518105152971	2.922539764645036	0.8536876206406195	0.6995623793593805	0.6250606314693653	0.0	0.0	0.0	0.0	0	0
2025-08-11 16:00:00	0.7959	0.8151	0.7653	0.8137	205666644.0	161533983.343	ADAUSDT	0.0	6.507252058016473	1.3895632443994141	1.317800992795434	0.7862355997321432	2.236461867068718	2.236461867068718	6.507252058016473	-21.292242725871642	57.46727764890894	0.0025477887322602477	0.0	0.0	0.05309810976420446	6.8128117616172155	0.8499699427044611	0.7011800572955391	0.756233815189925	0.0	0.0	0.0	0.0	0	0
2025-08-12 16:00:00	0.8137	0.8903	0.8125	0.873	467770050.0	401604813.5156	ADAUSDT	0.0	9.575384615384614	1.6076378524014006	1.7246472419762091	1.592924214572732	7.287698168858305	7.287698168858305	9.575384615384614	127.44089216528471	66.14731392504592	0.009632411790543527	0.0	0.0	0.05486253049533272	19.11584117887843	0.8614586754196626	0.6946713245803374	1.069197840976896	0.0	0.0	0.0	0.0	0	0
2025-08-13 16:00:00	0.873	1.0204	0.8669	0.9256	1054524209.0	1001272049.76175	ADAUSDT	0.0	17.70677125389318	4.861933811253465	3.871583580208122	2.300656507119611	6.025200458190147	6.025200458190147	17.70677125389318	125.43645301788774	71.67010972336992	0.0192692827132378	0.0	0.0	0.06190806403138038	32.474595677687134	0.8904932132536427	0.6797767867463573	1.1666067868000005	0.0	0.0	0.0	0.0	0	0
2025-08-14 16:00:00	0.9256	0.9646	0.8777	0.9241	530381397.3	491587013.61516	ADAUSDT	0.0	9.900877292924687	4.572563957948329	3.8586189822535966	1.0524917000396365	-0.16205704407951013	-0.16205704407951013	9.900877292924687	-49.70419903370848	71.3128174330513	0.02648028662459956	0.0	0.0	0.06369320231485322	27.374224672639556	0.9098157068499726	0.6695942931500274	1.0594630300855261	0.0	0.0	0.0	0.0	0	0
2025-08-15 16:00:00	0.9241	0.9777	0.901	0.9098	528367362.7	494857499.94715	ADAUSDT	0.0	8.512763596004438	4.272731040739967	3.6496381455661338	0.9480129374711971	-1.5474515745049215	-1.5474515745049215	8.512763596004438	-0.3797332655807353	67.84061669815503	0.03068742317481643	0.0	0.0	0.0646222592923637	22.202820685023504	0.9245487487485031	0.6636112512514967	0.9434778485653551	0.5499	0.999954104423523	1.818425688303027	0.8649378730964661	0	0
2025-08-16 16:00:00	0.9098	0.9873	0.9043	0.9756	309931311.2	293949639.5764	ADAUSDT	0.0	9.178370009952445	3.7986805051522032	3.495373424428564	0.5360326239537359	7.232358760167065	7.232358760167065	9.178370009952445	-41.34170028666686	74.09164666104486	0.03888290140447548	0.0	0.0	0.06593495505719486	34.91909832664916	0.9551846101678836	0.6499253898321167	1.0668788638379563	0.0	0.0	0.0	0.0	0	0
2025-08-17 16:00:00	0.9756	0.9767	0.8914	0.9174	464679212.7	430546545.07415	ADAUSDT	0.0	9.569216962082123	3.799249510828278	3.502259449088778	0.8045324782707406	-5.965559655596559	-5.965559655596559	9.569216962082123	49.929741174211514	62.51663950706869	0.04021801510116596	0.022798129615243655	0.017419885485922305	0.06731817255310953	23.755564548765687	0.9695383953349931	0.6491616046650067	0.8372591371991743	0.0	0.0	0.0	0.0	0	0
2025-08-18 16:00:00	0.9174	0.9532	0.8634	0.8704	554432514.0	508694012.653	ADAUSDT	0.0	10.400741255501519	0.7166139014102859	3.2774747668371584	1.1609733195490677	-5.123174187922394	-5.123174187922394	10.400741255501519	19.315110047314583	55.038733385233556	0.037056431643004206	0.025649790020795767	0.01140664162220844	0.06892401737074456	14.090968672171966	0.975609888092028	0.6528001119079719	0.6740808492985645	0.0516	0.9999659657478333	19.378809824380017	0.7154561760234833	0	0
2025-08-19 16:00:00	0.8704	0.8846	0.837	0.8709	831807958.0	712946929.9538	ADAUSDT	0.0	5.686977299880536	1.801779916910135	3.3562118723360475	1.5465608349353919	0.0574448529411829	0.0574448529411829	5.686977299880536	50.02871169997797	55.1002631152379	0.034196998088683705	0.027359231634373357	0.006837766454310348	0.06740087327283424	11.411027248304984	0.980986121877395	0.6583338781226051	0.6588087515019467	0.73515	0.9795689880847932	1.332473176374368	0.9062432916593552	0	0
2025-08-20 16:00:00	0.8709	0.8925	0.8571	0.8585	325386352.0	285016269.3086	ADAUSDT	0.0	4.130206510325515	2.726073133900309	3.6556510152497403	0.6543750786199829	-1.4238144448271863	-1.4238144448271863	4.130206510325515	-60.8820342639713	53.15738116671124	0.03057781797531378	0.028002948902561445	0.002574869072752336	0.06511509661048893	6.606233701726068	0.9829897169688633	0.6688902830311365	0.6036614411933499	0.6486	0.998387098312378	1.5392931838100434	0.8934509688186645	0	0
2025-08-21 16:00:00	0.8585	0.9168	0.8213	0.9042	601657080.0	523831475.1274	ADAUSDT	0.0	11.627906976744177	3.2137444052386455	3.6078200840091554	1.0829104900332893	5.323238206173555	5.323238206173555	11.627906976744177	84.90544434389798	58.90817000899366	0.03103939688392332	0.028610238498833825	0.0024291583850894957	0.06728544685259687	12.8979897615183	0.9853097118445189	0.687120288155481	0.7279926603664426	0.0	0.0	0.0	0.0	0	0
2025-08-22 16:00:00	0.9042	0.9418	0.8913	0.9155	408787174.0	376848957.5008	ADAUSDT	0.0	5.665881296981936	3.2962266036530035	3.819855905724002	0.7508752752708244	1.2497235124972326	1.2497235124972326	5.665881296981936	-32.05645082743811	60.20899273017687	0.031948731961792154	0.029277937191425494	0.00267079477036666	0.06608648636312567	15.027013443899978	0.989499189325531	0.7019308106744689	0.7426727177979388	0.0	0.0	0.0	0.0	0	0
2025-08-23 16:00:00	0.9155	0.9224	0.8882	0.8994	221246584.0	200459855.388	ADAUSDT	0.0	3.850484125197029	3.1549414431581266	2.7774182026652765	0.4630749707352611	-1.7586018569087936	-1.7586018569087936	3.850484125197029	-45.87731756965545	57.419935366759226	0.03101275537651227	0.02962490082844285	0.001387854548069417	0.06380888019433098	10.532137151284257	0.9911606666650536	0.7157593333349466	0.6668111023447165	0.0	0.0	0.0	0.0	0	0
2025-08-24 16:00:00	0.8994	0.9645	0.8552	0.8654	774032566.0	701744311.398	ADAUSDT	0.0	12.780636108512637	4.269120778416909	3.139156798944387	1.6602233421393653	-3.7802979764287334	-3.7802979764287334	12.780636108512637	249.85062910621028	51.947296850595556	0.027213767962101953	0.029142674255174673	-0.00192890629307272	0.06705824589473591	-0.8705612829324229	0.984626390560526	0.7365236094394737	0.5194475853039547	0.0	0.0	0.0	0.0	0	0
2025-08-25 16:00:00	0.8654	0.8801	0.8267	0.849	369084680.0	311911603.8084	ADAUSDT	0.0	6.4594169589935895	3.905977395043134	3.1789907504389303	0.7770831725027932	-1.8950774208458483	-1.8950774208458483	6.4594169589935895	-52.3166471008663	49.496764239428124	0.0226189628030955	0.02783793196475884	-0.005218969161663339	0.06608265690225477	-8.27571305099395	0.9775585913889606	0.7543614086110393	0.42401337781725057	0.0	0.9999557733535768	999955.7733535768	0.6999690413475036	0	0
2025-08-26 16:00:00	0.849	0.8785	0.8481	0.8724	240763592.0	208269681.9586	ADAUSDT	0.0	3.5844829619148664	3.7302447112110366	3.4189915701713374	0.5977502533578142	2.7561837455830362	2.7561837455830362	3.5844829619148664	-34.76738400520986	52.910121861705385	0.02062794494002107	0.026395934559811284	-0.005767989619790213	0.06353389569495085	-5.59463261551781	0.9725209292879096	0.7703490707120908	0.5047731667839314	0.0	0.0	0.0	0.0	0	0
2025-08-27 16:00:00	0.8724	0.8801	0.8438	0.8592	262965412.0	227095652.9054	ADAUSDT	0.0	4.30196729082721	3.851481702646883	3.449095674791203	0.7038338973682932	-1.5130674002751021	-1.5130674002751021	4.30196729082721	9.221419158757191	50.82337925699428	0.017779962911230296	0.024672740230095087	-0.0068927773188647914	0.06158861743102579	-5.561661903715112	0.967926238317048	0.782693761682952	0.41302821031852105	0.0	0.0	0.0	0.0	0	0
2025-08-28 16:00:00	0.8592	0.8665	0.8154	0.8254	399488258.0	334505172.1796	ADAUSDT	0.0	6.26686288937945	3.6288550734417524	3.215939421075643	0.9761069278708562	-3.9338919925512035	-3.9338919925512035	6.26686288937945	51.91665510747855	45.83815496893218	0.012649721003645142	0.022268136384805102	-0.00961841538115996	0.0608394304716668	-15.395653956539565	0.9662685941472061	0.7863614058527942	0.21699296463530116	0.0	0.0	0.0	0.0	0	0
2025-08-29 16:00:00	0.8254	0.8443	0.8044	0.8229	239173196.0	196734183.2902	ADAUSDT	0.0	4.960218796618603	1.2411391989951122	3.242833500929727	0.7911913004287867	-0.30288345044827447	-0.30288345044827447	4.960218796618603	-40.130106151956035	45.482788668898394	0.008286714141535478	0.01947185193615118	-0.011185137794615701	0.05934375686654775	-10.300850228907786	0.9641326862006835	0.7906973137993162	0.18567542338571938	0.0	0.9999411702156068	999941.1702156068	0.6999588191509246	0	0
2025-08-30 16:00:00	0.8229	0.8378	0.8149	0.8266	114614644.0	94578376.7664	ADAUSDT	0.0	2.810160755920976	1.3228874536734003	3.3682547201135726	0.45590365471722644	0.4496293595819707	0.4496293595819707	2.810160755920976	-52.07880903176123	46.14820838908424	0.0050691251282981575	0.016591306574580574	-0.011522181446282417	0.056740631376080056	-5.0321691176470535	0.9607914687062753	0.7971085312937247	0.18017436131381395	0.0	0.0	0.0	0.0	0	0
2025-08-31 16:00:00	0.8266	0.8449	0.7941	0.8099	286490834.0	234628714.6876	ADAUSDT	0.0	6.397179196574733	1.4855454596407733	2.7942231029763067	1.099576729323917	-2.0203242196951425	-2.0203242196951425	6.397179196574733	149.96006094997773	43.563653498131615	0.0011582605153253045	0.013504697362729521	-0.012346436847404217	0.056316300563502904	-7.004248478585377	0.9612218069169008	0.7962981930830991	0.08247337419253838	0.0	0.0	0.0	0.0	0	0
2025-09-01 16:00:00	0.8099	0.828	0.7812	0.8097	287284310.0	232059113.7522	ADAUSDT	0.0	5.990783410138243	1.4941083985570633	2.795571043804903	1.082416039817097	-0.024694406716875908	-0.024694406716875908	5.990783410138243	0.276963834731271	43.53220935010858	-0.0019349611673779021	0.010416765656708038	-0.01235172682408594	0.05563656480896698	-5.68433313919628	0.963385101378232	0.7878048986217681	0.12470142438895128	0.0	0.9999516010284424	999951.6010284424	0.6999661207199096	0	0
2025-09-02 16:00:00	0.8097	0.8424	0.8073	0.8401	182640614.0	151539346.6366	ADAUSDT	0.0	4.347826086956524	1.4236657600049056	2.762444210097614	0.8225545941709334	3.7544769667778173	3.7544769667778173	4.347826086956524	-36.42513439038839	49.49903668670795	-0.001911303384112606	0.00795115184854391	-0.009862455232656516	0.0541696673226122	-7.089139570891401	0.9572611333413762	0.7853788666586236	0.31836404300146076	0.0	0.0	0.0	0.0	0	0
2025-09-03 16:00:00	0.8401	0.8433	0.8046	0.8079	155706549.3813	128394170.12683812	ADAUSDT	0.0	4.809843400447436	1.42369652338993	1.2656794439010681	0.7582592073452861	-3.8328770384478044	-3.8328770384478044	4.809843400447436	-14.74702916772936	44.174505852630126	-0.004439647817347847	0.005472991915365559	-0.009912639732713406	0.053064691085282764	-11.753140360458769	0.9521017293972132	0.7789182706027866	0.1673469833606651	0.0	0.9999632835388184	999963.2835388184	0.6999742984771729	0	0
2025-09-04 16:00:00	0.8079	0.8494	0.8026	0.8245	196001723.608	161747798.10190976	ADAUSDT	0.0	5.831049090456026	0.8596760608626551	1.198601264712721	0.8843853130457586	2.0547097413046242	2.0547097413046242	5.831049090456026	25.878920563594075	47.3205357705886	-0.005045733651736217	0.003369246801945204	-0.008414980453681421	0.052617213150619714	-8.327774071603287	0.947090267196277	0.7753997328037229	0.2859812124762454	0.0	0.0	0.0	0.0	0	0
2025-09-05 16:00:00	0.8245	0.8387	0.8183	0.822	96400110.5001	79737493.4734276	ADAUSDT	0.0	2.492973237199068	1.409991268025589	1.3719179818138652	0.5250360183756899	-0.30321406913281473	-0.30321406913281473	2.492973237199068	-50.81670266691199	46.891942742232374	-0.0056625161869210405	0.0015628942041719554	-0.007225410391092996	0.050315983639861166	-5.015021955165241	0.9230351453863468	0.784094854613653	0.2728160793067558	0.0	0.999976933002472	999976.933002472	0.6999838531017303	0	0
2025-09-06 16:00:00	0.822	0.8381	0.8137	0.8337	106270269.0594	87968863.60047057	ADAUSDT	0.0	2.9986481504239864	1.356213477446953	1.4840201293137056	0.7209463434858766	1.4233576642335821	1.4233576642335821	2.9986481504239864	10.238741955892019	49.21040859942614	-0.005147886934579571	0.00022073797642165006	-0.005368624911001221	0.04846484195129965	-1.802120141342754	0.9127833626868493	0.7859766373131507	0.3763472524521774	0.0	0.0	0.0	0.0	0	0
2025-09-07 16:00:00	0.8337	0.8679	0.8225	0.8649	160244959.8842	135441069.0932539	ADAUSDT	0.0	5.519756838905774	1.5038353832800004	1.412950157780082	1.121184334636185	3.742353364519612	3.742353364519612	5.519756838905774	50.79001992046405	54.86854069043463	-0.002197133110841021	-0.0002628362410308841	-0.0019342968698101367	0.04824592466906396	-0.8596973865199394	0.9121881982385182	0.7860218017614821	0.62519181367659	0.0	0.0	0.0	0.0	0	0
2025-09-08 16:00:00	0.8649	0.8944	0.8521	0.857	205139629.4708	179057364.66355163	ADAUSDT	0.0	4.964206079098698	1.5176581737095978	1.4130586951687851	1.342437226703299	-0.9134003931090321	-0.9134003931090321	4.964206079098698	28.016275593967414	53.25089843402354	-0.0004904498231730336	-0.00030835895745931404	-0.0001820908657137196	0.04782121576413082	-0.2560521415269995	0.9108200921326043	0.7859999078673957	0.5688189979094134	0.631	0.9985746145248412	1.5825246148973475	0.8883022301673889	0	0
2025-09-09 16:00:00	0.857	0.8963	0.8563	0.8877	145665579.211	127692836.42180416	ADAUSDT	0.0	4.671260072404536	1.3114970413372506	1.2633878625212462	1.020466480848652	3.5822637106184434	3.5822637106184434	4.671260072404536	-28.9919848316123	58.38542604663633	0.0033012872235544943	0.00041357027874344763	0.0028877169448110465	0.04726255749526433	7.547855585170829	0.9144832525106124	0.7852567474893875	0.7927418024172883	0.4696	0.9951381087303162	2.119114117581343	0.8374766761112212	0	0
2025-09-10 16:00:00	0.8877	0.8981	0.8654	0.8766	206393490.7171	182119873.3771993	ADAUSDT	0.0	3.778599491564602	0.9993472194319087	1.1635311378234794	1.2528226342633946	-1.2504224400135178	-1.2504224400135178	3.778599491564602	41.68995299715535	55.99092963897695	0.005348929784682488	0.0014006421799312558	0.003948287604751232	0.04622237481703117	6.525701786365304	0.9094801926542305	0.7874998073457694	0.7304468864310945	0.5719	0.9999056458473206	1.748389399296942	0.8715039520931244	0	0
2025-09-11 16:00:00	0.8766	0.9096	0.8761	0.8933	136777928.4752	122283311.51502836	ADAUSDT	0.0	3.823764410455425	0.749860715645666	1.0606606805685916	0.8005998117780008	1.9050878393794133	1.9050878393794133	3.823764410455425	-33.7295338142814	58.73307232141119	0.008224445411951553	0.0027654028263353154	0.005459042585616238	0.0453136337586718	8.06919912896201	0.9041108945813491	0.7906491054186507	0.9047177498157831	0.0	0.0	0.0	0.0	0	0
2025-09-12 16:00:00	0.8933	0.9545	0.8918	0.9383	238903591.9066	221888829.43888128	ADAUSDT	0.0	7.03072437766315	1.3230211149953723	1.3634970142166523	1.2804623082412505	5.037501399305948	5.037501399305948	7.03072437766315	74.66530935940955	65.05209268987312	0.01397335998702609	0.005006994258473471	0.00896636572855262	0.04655551706162381	15.853809112236089	0.9150162132632681	0.7836337867367319	1.1772214698137664	-0.128	0.9995957016944884	7.809280409484992	0.661316991186142	0	0
2025-09-13 16:00:00	0.9383	0.9432	0.8789	0.8866	191828367.0514	174882071.28793517	ADAUSDT	0.0	7.315963135737857	1.7281394753266544	1.615073413905217	1.0430341602757605	-5.50996483001172	-5.50996483001172	7.315963135737857	-19.704695303871436	54.690586077695244	0.014194038243998675	0.006844403055578512	0.0073496351884201625	0.04782298012865068	9.49734469556627	0.9177425912574089	0.783027408742591	0.7688264182547998	0.0	0.0	0.0	0.0	0	0
2025-09-14 16:00:00	0.8866	0.9029	0.8524	0.8597	205748778.9761	180149016.987511	ADAUSDT	0.0	5.924448615673391	1.7004470636813487	1.6216806788044644	1.0501113965778426	-3.03406271148207	-3.03406271148207	5.924448615673391	7.256701466353017	50.209398956029965	0.012059309946823471	0.007887384433827504	0.004171925512995967	0.04801419583374706	2.33305558862041	0.9183949612819465	0.7834450387180535	0.5650611710862083	0.0	0.0	0.0	0.0	0	0
2025-09-15 16:00:00	0.8597	0.8757	0.8532	0.871	121446969.7137	104947298.17974682	ADAUSDT	0.0	2.6371308016877726	2.0438215727042093	1.5988601580123842	0.6786979136510325	1.3144120041875045	1.3144120041875045	2.6371308016877726	-40.97317596824844	51.989037333877754	0.011150798489528602	0.008540067244967723	0.0026107312445608783	0.046191753274193705	7.810372570862737	0.9182385301813312	0.7834614698186688	0.649506154428504	0.0772	0.9998207688331604	12.950878470915669	0.7230345381832122	0	0
2025-09-16 16:00:00	0.871	0.8874	0.8636	0.8688	112113818.8348	98159899.77524592	ADAUSDT	0.0	2.7559055118110156	2.2843499020897946	1.63187030490293	0.6443015386176638	-0.2525832376578622	-0.2525832376578622	2.7559055118110156	-7.684959864294706	51.60232980748737	0.010136428561568045	0.008859339508287788	0.0012770890532802573	0.044592342326037	5.372953305033354	0.9190853569837855	0.7835746430162148	0.6289196956351412	0.0	0.0	0.0	0.0	0	0
2025-09-17 16:00:00	0.8688	0.929	0.8617	0.9278	270132778.2356	243058951.80889404	ADAUSDT	0.0	7.810142741093191	2.4656395089131187	1.8794836926290082	1.498621748136556	6.790976058931854	6.790976058931854	7.810142741093191	140.94512259335428	60.1607891242389	0.013932732138675075	0.009874018034365245	0.00405871410430983	0.04621431787417722	12.871046228710464	0.9307533646613678	0.782146635338632	0.9801263060237743	0.0	0.9999321699142456	999932.1699142456	0.6999525189399719	0	0
2025-09-18 16:00:00	0.9278	0.9392	0.8915	0.8976	193323859.1095	177049301.3771253	ADAUSDT	0.0	5.350532809871013	2.20448567371676	1.8810095877005726	1.0707304840759033	-3.2550118560034496	-3.2550118560034496	5.350532809871013	-28.433764916566346	54.8172612042249	0.014339149674714058	0.010767044362435007	0.0035721053122790506	0.04632043802602171	7.664627563871891	0.934875917118484	0.7854940828815162	0.7504655280952544	0.802	0.9999715089797974	1.2468457133841444	0.9405800562858582	0	0
2025-09-19 16:00:00	0.8976	0.9068	0.8861	0.9007	94027824.5179	84295992.24928403	ADAUSDT	0.0	2.336079449272097	2.3641381097573673	2.0763187407431434	0.594326459004633	0.34536541889482975	0.34536541889482975	2.336079449272097	-51.36253489299426	55.256583391035775	0.014741452306371916	0.01156192595122239	0.0031795263551495263	0.044490406738448736	4.139206844721927	0.9389001833086698	0.7888798166913301	0.7453666847374938	0.0386	0.9820362031459808	25.44069332778893	0.6990053422021866	0	0
2025-09-20 16:00:00	0.9007	0.9038	0.8776	0.8864	107641684.3676	95900205.60293776	ADAUSDT	0.0	2.9854147675478577	2.3119443325392295	2.1371717601631386	0.6924610751233218	-1.587654046852446	-1.587654046852446	2.9854147675478577	14.478543898575818	52.71053286571012	0.013747912176686472	0.011999123196315206	0.0017487889803712662	0.043183949114273826	3.430571761960324	0.9390337289567071	0.7963962710432927	0.6309964456275046	0.0	0.0	0.0	0.0	0	0
2025-09-21 16:00:00	0.8864	0.8902	0.7837	0.8205	326542257.1027	274076443.07372546	ADAUSDT	0.0	13.589383692739574	4.553870342566061	3.462969365527556	1.6464286650915358	-7.4345667870036065	-7.4345667870036065	13.589383692739574	203.36041192698838	42.900335613125556	0.007555846124349563	0.011110467781922078	-0.0035546216575725147	0.04770652417753999	-7.570125042244006	0.9379536219375986	0.7985563780624017	0.15741790388082993	0.0	0.0	0.0	0.0	0	0
2025-09-22 16:00:00	0.8205	0.8294	0.8031	0.8223	131648808.2046	107964486.84540787	ADAUSDT	0.0	3.2748101108205687	4.656855397289791	3.5147641860792875	0.7715143588300459	0.2193784277879371	0.2193784277879371	3.2748101108205687	-59.68399025208077	43.211231202008555	0.002761995557711283	0.009440773337079919	-0.006678777779368636	0.04617748673628713	-6.19438740588638	0.9389091199540555	0.7958208800459446	0.18505448086481385	-0.2162	0.974934220314026	4.509388117141113	0.617593954219818	0	0
2025-09-23 16:00:00	0.8223	0.8304	0.7902	0.8207	149506239.6144	121538510.03893948	ADAUSDT	0.0	5.0873196659073665	4.660556047026521	3.4496904225510616	0.9236000109217105	-0.19457618873890864	-0.19457618873890864	5.0873196659073665	13.56444593258082	42.98717751436437	-0.001152981331338343	0.007322022403396267	-0.00847500373473461	0.04575052339798091	-8.12716892421359	0.9376126856388737	0.7983973143611262	0.16020275228356726	0.0	0.0	0.0	0.0	0	0
2025-09-24 16:00:00	0.8207	0.8268	0.768	0.7906	237092825.147	187992362.12036872	ADAUSDT	0.0	7.656249999999995	4.368763087888236	3.533928978535684	1.244670860177661	-3.6676008285609867	-3.6676008285609867	7.656249999999995	58.58389974792995	38.90074296103622	-0.006608271129524224	0.004535963696812169	-0.011144234826336393	0.046682628869553704	-15.741234146861348	0.94149981047988	0.7911201895201201	-0.00345917563031573	0.0	0.0	0.0	0.0	0	0
2025-09-25 16:00:00	0.7906	0.7922	0.7538	0.7744	285811209.1584	220011504.0902888	ADAUSDT	0.0	5.094189440169805	4.031140494942376	3.407643715573254	1.2639787307955335	-2.0490766506450786	-2.0490766506450786	5.094189440169805	20.548232103267605	36.86930408384086	-0.012099358337453126	0.0012088992899591104	-0.013308257627412235	0.04609101252172844	-12.655086848635245	0.9471625921739811	0.780697407826019	-0.03783017962996752	0.0	0.0	0.0	0.0	0	0
2025-09-26 16:00:00	0.7744	0.7961	0.7739	0.7848	126837364.5636	99774406.06606768	ADAUSDT	0.0	2.8685876728259463	1.8962957867035486	3.3973869517218804	0.6812646294594297	1.34297520661158	1.34297520661158	2.8685876728259463	-55.62197685070315	39.069119913807114	-0.015433978134691384	-0.002119676194970989	-0.013314301939720396	0.04438451162731927	-8.712341514481793	0.9507782981807719	0.7721917018192282	0.07060047303464284	-0.1531	0.9997856616973876	6.530235999094634	0.6539199631881714	0	0
2025-09-27 16:00:00	0.7848	0.7877	0.7643	0.7807	117663639.3022	91128083.76316984	ADAUSDT	0.0	3.0616250163548315	1.940927473103291	3.3868040764025023	0.6416304508019864	-0.5224260958206044	-0.5224260958206044	3.0616250163548315	-7.2326678285719375	38.49956349262053	-0.018197751729283285	-0.005335291301833449	-0.012862460427449835	0.042885617939653606	-10.367393800229626	0.9532192937333961	0.7613307062666037	0.10094031119358898	0.0	0.0	0.0	0.0	0	0
2025-09-28 16:00:00	0.7807	0.8157	0.7807	0.8019	146657230.2344	117242613.74902748	ADAUSDT	0.0	4.483156141923918	1.9337502010014957	3.391644013235232	0.8022277874472075	2.7155117202510564	2.7155117202510564	4.483156141923918	24.64107952477541	43.11721017615065	-0.018464551534398965	-0.007961143348346553	-0.010503408186052412	0.042322359515392635	-7.70027624309393	0.9534553849742355	0.7555846150257644	0.2340688570944404	0.0	0.0	0.0	0.0	0	0
2025-09-29 16:00:00	0.8019	0.8145	0.7778	0.7832	116459809.6838	92794293.5343406	ADAUSDT	0.0	4.718436616096676	1.012085506021501	3.261498536950051	0.733901663266848	-2.3319615912208427	-2.3319615912208427	4.718436616096676	-20.59047515239169	40.24667460299158	-0.019954898372772867	-0.010359894353231817	-0.00959500401954105	0.0419207624071503	-15.585255442983398	0.951647986766387	0.7469420132336131	0.17712227025256758	0.0	0.9999624490737916	999962.4490737916	0.699973714351654	0	0
2025-09-30 16:00:00	0.7832	0.8429	0.7798	0.8408	141605613.3407	115503129.40216549	ADAUSDT	0.0	8.09181841497819	2.0961190491615445	3.2617384390853075	1.09057650461974	7.354443309499486	7.354443309499486	8.09181841497819	21.591829597844413	51.05556596013321	-0.016300270985484477	-0.01154796967968235	-0.004752301305802127	0.04343356509235385	-6.327985739750441	0.949134906523622	0.7458750934763779	0.4670126627616178	0.0	0.0	0.0	0.0	0	0
2025-10-01 16:00:00	0.8408	0.8645	0.8326	0.8537	194477001.3276	164972386.34470648	ADAUSDT	0.0	3.831371607014177	1.9297895006538954	1.8038327621263202	1.3564441294841527	1.5342530922930568	1.5342530922930568	3.831371607014177	37.337070713215724	53.10167292348854	-0.012222141026948075	-0.011682803949135496	-0.0005393370778125784	0.042609739014328574	-5.218163650494053	0.9450297511428482	0.7460202488571518	0.5410784405071477	0.5574	0.9989309310913086	1.7921226031013733	0.866471651763916	0	0
2025-10-02 16:00:00	0.8537	0.8777	0.8485	0.8736	145059058.4043	125072099.4496143	ADAUSDT	0.0	3.441367118444314	1.8481835827523814	1.7887188734477268	0.9745203910437332	2.3310296357034117	2.3310296357034117	3.441367118444314	-25.41068742624974	56.147252032817455	-0.007300276916676562	-0.01080629854264371	0.0035060216259671477	0.0416519005133051	-1.4440433212996304	0.9333698309177181	0.7512101690822819	0.6718821811839201	0.0	0.0	0.0	0.0	0	0
2025-10-03 16:00:00	0.8736	0.8926	0.8331	0.8355	165492189.438	142808651.80233765	ADAUSDT	0.0	7.141999759932781	2.0634735019258956	1.9332923412801073	1.084350424254602	-4.361263736263739	-4.361263736263739	7.141999759932781	14.086077256030421	49.5170888083736	-0.006400237777099971	-0.009925086389534963	0.003524848612434992	0.042926764762354734	1.8281535648994534	0.9285379791166946	0.7509320208833052	0.47615507924326095	0.659	0.9994899332523346	1.5166743802396878	0.8973429532766342	0	0
2025-10-04 16:00:00	0.8355	0.8825	0.8343	0.8535	170355942.6572	146177517.37929496	ADAUSDT	0.0	5.7772983339326265	2.024227292269401	1.7314144553621353	1.0425830382437324	2.1543985637342926	2.1543985637342926	5.7772983339326265	2.938962397994119	52.37819377168555	-0.004186244288518881	-0.008777317969331747	0.0045910736808128655	0.043303424422186536	3.794235680408611	0.9279900015525325	0.7508599984474674	0.579461411128929	0.0	0.0	0.0	0.0	0	0
2025-10-05 16:00:00	0.8535	0.8811	0.8268	0.8732	172737025.8566	146535693.2435412	ADAUSDT	0.0	6.567489114658928	1.645085124997203	1.8150708860696247	1.0183510461415013	2.3081429408318614	2.3081429408318614	6.567489114658928	1.3977106769860854	55.36008091517528	-0.0008324175463141348	-0.007188337884728224	0.006355920338414089	0.04408889410631607	6.396978189350554	0.9282619130534817	0.7508080869465183	0.689711322311573	0.0	0.0	0.0	0.0	0	0
2025-10-06 16:00:00	0.8732	0.8811	0.8279	0.8331	217913367.741	186511855.02915537	ADAUSDT	0.0	6.425896847445347	1.442250303275981	1.6959804645363779	1.2501375222771414	-4.592304168575358	-4.592304168575358	6.425896847445347	26.153247493044006	48.67841715549105	-0.0013941496708396173	-0.006029500241950503	0.004635350571110886	0.04473968738443635	5.375664052618263	0.9254809181531807	0.7500190818468193	0.4734985105713757	0.0	0.0	0.0	0.0	0	0
2025-10-07 16:00:00	0.8331	0.8408	0.8076	0.8183	172437993.6938	141938312.6967263	ADAUSDT	0.0	4.110946012877663	1.164646383447345	1.5658559603527404	0.9591221959224947	-1.7764974192773886	-1.7764974192773886	4.110946012877663	-20.868556398637075	46.45010207452125	-0.0029989922222958265	-0.005423398638019568	0.0024244064157237415	0.04391542399983376	5.668904958677692	0.9099323982309478	0.7546176017690519	0.4100214511537	0.0	0.0	0.0	0.0	0	0
2025-10-08 16:00:00	0.8183	0.8514	0.7979	0.8041	170000573.341	139430158.27392235	ADAUSDT	0.0	6.705100889835817	1.0705795232819166	1.5696437714503426	0.940846379906502	-1.735304900403274	-1.735304900403274	6.705100889835817	-1.4135054001661402	44.35228570476688	-0.005354934480874984	-0.005409705806590651	5.477132571566658e-05	0.044600036571274204	2.4592252803261956	0.90004683567969	0.75515316432031	0.33781210193982264	0.4215	0.998142957687378	2.3680678282788845	0.8251500703811645	0	0
2025-10-09 16:00:00	0.8041	0.8243	0.7767	0.7832	166616049.3662	134008772.08831333	ADAUSDT	0.0	6.128492339384587	1.0706147622109548	1.5365344536709897	0.9259482136620494	-2.599179206566351	-2.599179206566351	6.128492339384587	-1.9908897413016702	41.38941493274207	-0.008806969760606687	-0.006089158597393858	-0.0027178111632128283	0.04481431967332605	0.32022543870885845	0.8883285396957246	0.7551214603042755	0.21078864444742818	0.0	0.0	0.0	0.0	0	0
2025-10-10 16:00:00	0.7832	0.7898	0.2736	0.6544	895787846.4093	542712279.1899868	ADAUSDT	0.0	188.66959064327483	81.76907830873725	57.916069817300944	2.7600820454454116	-16.445352400408584	-16.445352400408584	188.66959064327483	437.635989940247	28.675851655709096	-0.021685835352868055	-0.009208493948488699	-0.012477341404379356	0.07848472541094563	-18.393814690110982	0.903188158661201	0.717061841338799	-0.3366629837212018	-0.2263	0.9999114274978638	4.41850202826264	0.6320479992485046	0	0
2025-10-11 16:00:00	0.6544	0.6838	0.6092	0.6799	284704150.2196	183425162.9377308	ADAUSDT	0.0	12.245567957977677	81.16805937783148	57.65295952604814	0.842546006200545	3.896699266503663	3.896699266503663	12.245567957977677	-68.21745780981335	33.05988128385707	-0.029494794602042962	-0.01326575407919955	-0.01622904052284341	0.07820724502444952	-13.189479060265585	0.911875742321423	0.6943142576785772	-0.06625371996445092	0.0	0.0	0.0	0.0	0	0
2025-10-12 16:00:00	0.6799	0.7294	0.6781	0.7154	349289720.3828	246019166.512968	ADAUSDT	0.0	7.5652558619672625	80.76190355063805	57.4983736218511	0.935731973581285	5.221356081776745	5.221356081776745	7.5652558619672625	22.68515232861318	38.70811572704308	-0.032444893220604065	-0.017101581907480456	-0.015343311313123609	0.07628529895127456	-14.914367269267359	0.9125685089608804	0.6829314910391195	0.14139057045211575	-0.7184	0.215238407254219	0.2996076108666595	-0.0648531149220466	0	0
2025-10-13 16:00:00	0.7154	0.7355	0.6616	0.6956	354800577.4105	246158610.5667836	ADAUSDT	0.0	11.16989117291416	80.26598474523006	57.37230312922264	0.864861700198167	-2.7676824154319317	-2.7676824154319317	11.16989117291416	1.5777323826365253	36.84096755118989	-0.03596596885371495	-0.020874459296727356	-0.015091509556987591	0.07611492045475496	-18.519386201241655	0.9140036686728729	0.6689863313271273	0.10861953264685924	0.0	0.0	0.0	0.0	0	0
2025-10-14 16:00:00	0.6956	0.7157	0.6685	0.6724	245510702.7179	170530429.61102787	ADAUSDT	0.0	7.060583395661933	80.15368726695574	57.324610889973265	0.5762910423336609	-3.3352501437607818	-3.3352501437607818	7.060583395661933	-30.803183999938344	34.727214803045385	-0.04016549000383063	-0.024732665438148012	-0.015432824565682617	0.07404956899370105	-23.031135531135536	0.9186459826357812	0.6525240173642187	0.0746874938169758	0.0	0.0	0.0	0.0	0	0
2025-10-15 16:00:00	0.6724	0.6843	0.6482	0.6517	217768767.7994	145191053.72320327	ADAUSDT	0.0	5.569268744214752	2.848059812830688	57.3624177535054	0.7498542774593292	-3.078524687685909	-3.078524687685909	5.569268744214752	-11.299684539771944	32.91272693701471	-0.04464926879661246	-0.028715986109840906	-0.015933282686771556	0.07133888549415097	-21.998803111909044	0.9247589467307489	0.6341410532692511	0.060419358634829376	0.0	0.0	0.0	0.0	0	0
2025-10-16 16:00:00	0.6517	0.6643	0.5917	0.6253	332871381.8738	209056557.4623573	ADAUSDT	0.0	12.269731282744633	2.855543846412836	57.1752334702009	1.109392919374614	-4.050943685744972	-4.050943685744972	12.269731282744633	52.855427909858946	30.70895135759561	-0.04975936022917271	-0.03292466093370727	-0.01683469929546544	0.07142896510171161	-26.736965436438204	0.9314968969391362	0.6114531030608636	0.04326563177914001	0.0	0.0	0.0	0.0	2025-10-22 17:57:38.792270+00:00	2025-10-22 17:57:38.818603+00:00
2025-10-17 16:00:00	0.6253	0.6406	0.6203	0.6319	82546633.0	51997368.934	ADAUSDT	0.0	3.2726100274060914	3.785875681187847	57.211740983963395	0.3346038209922876	1.0554933631856789	1.0554933631856789	3.2726100274060914	-75.20164318863087	31.93595526377527	-0.052669439155205056	-0.036873616578006835	-0.01579582257719822	0.06777689616587507	-27.63398992212551	0.935104603085994	0.5929653969140061	0.11379754901992187	0.0	0.0	0.0	0.0	2025-10-22 17:57:38.792270+00:00	2025-10-22 17:57:38.818603+00:00
2025-10-18 16:00:00	0.6319	0.6611	0.6217	0.66	65677749.0	41909395.0649	ADAUSDT	0.0	6.337461798294995	3.3205810992907145	57.22568067630082	0.3477312121719642	4.4469061560373495	4.4469061560373495	6.337461798294995	-20.43558094004876	37.04724630743987	-0.05210759855132485	-0.03992041297267044	-0.012187185578654412	0.0657499750111697	-20.777817788980908	0.9328415565593421	0.5810384434406578	0.22444814617858075	0.0	0.0	0.0	0.0	2025-10-22 17:57:38.792270+00:00	2025-10-22 17:57:38.818603+00:00
2025-10-19 16:00:00	0.66	0.6756	0.6389	0.6641	76561463.0	50635440.5755	ADAUSDT	0.0	5.744247926123017	3.356841788863303	57.240654587158055	0.49367356476272445	0.6212121212121201	0.6212121212121201	5.744247926123017	16.57138706139274	37.78141390846548	-0.05074652573003613	-0.04208563552414358	-0.00866089020589255	0.06367497679608615	-18.843944763534157	0.9309445651806244	0.5710254348193756	0.2585985498664825	0.0	0.0	0.0	0.0	2025-10-22 17:57:38.792270+00:00	2025-10-22 17:57:38.818603+00:00
2025-10-20 16:00:00	0.6641	0.6853	0.6365	0.6802	94260501.0	62078734.2191	ADAUSDT	0.0	7.666928515318157	3.3206638554947125	3.0454805552100694	0.7229478273848018	2.4243336846860415	2.4243336846860415	7.666928515318157	23.11742397085594	40.70570175560006	-0.04781751966515135	-0.04323201235234514	-0.004585507312806214	0.06261247845350858	-15.408531277204329	0.9204832453583073	0.5654267546416928	0.32325347757101724	0.0	0.0	0.0	0.0	2025-10-22 17:57:38.792270+00:00	2025-10-22 17:57:38.818603+00:00
2025-10-21 16:00:00	0.6802	0.684	0.6225	0.6353	116955697.0	75625103.5381	ADAUSDT	0.0	9.879518072289157	2.437435523681406	2.7467695962178076	1.3412287726367378	-6.60099970596884	-6.60099970596884	9.879518072289157	24.077100969365738	35.67052590632994	-0.04855955172639381	-0.04429752022715487	-0.004262031499238941	0.06253301570682938	-18.884065372829422	0.9078312488223206	0.5562387511776794	0.22486614291249393	0.0	0.0	0.0	0.0	2025-10-22 17:57:38.792270+00:00	2025-10-22 17:57:38.818603+00:00
2025-10-22 16:00:00	0.6353	0.6457	0.6058	0.6422	87284963.0	54885767.5855	ADAUSDT	0.0	6.586332122812817	1.630062329628899	2.7676307011015027	0.9902083896453028	1.0861010546198675	1.0861010546198675	6.586332122812817	-25.36920796598733	36.961019958091036	-0.04803710332165334	-0.04504543684605457	-0.0029916664755987726	0.06091637172777015	-1.8643031784841058	0.8877216802851209	0.5532083197148792	0.26603326137233374	0.1617	0.0	161700000.0	0.08085	2025-10-23 19:17:41.848474+00:00	2025-10-23 19:17:41.852527+00:00
2025-10-23 16:00:00	0.6422	0.6636	0.6361	0.6445	82584324.0	53583111.2708	ADAUSDT	0.0	4.323219619556669	2.0929455530306624	2.6169594972476125	0.902271110524264	0.358143880411082	0.358143880411082	4.323219619556669	-5.38539381634383	37.411735304253575	-0.046896870488063014	-0.04541572357445626	-0.0014811469136067554	0.058529488032929414	-5.206648036475951	0.8725241368085329	0.5493058631914672	0.2945196623422177	0.108959	0.0	108959000.0	0.0544795	2025-10-24 23:31:44.643308+00:00	2025-10-24 23:31:44.647269+00:00
2025-10-24 16:00:00	0.6445	0.6589	0.6419	0.6524	37175037.0	24277313.5413	ADAUSDT	0.0	2.648387599314537	2.827280538748867	2.934166029986426	0.44440049974403284	1.225756400310321	1.225756400310321	2.648387599314537	-54.98535896473524	39.02436060536923	-0.04483888897470212	-0.04530035665450543	0.000461467679803311	0.05556309603057731	-8.806262230919772	0.85029830031153	0.5514216996884701	0.33785950489607813	0.0	0.0	0.0	0.0	2025-10-25 23:30:37.461757+00:00	2025-10-25 23:30:37.465777+00:00
