timestamp	close	high	low	open	volume	symbol	gap_apertura_pct	volatilidad_diaria	vol_5d	vol_10d	vol_rel_5d	return_pct	close_open_pct	range_pct	volume_change_pct	rsi_14	macd	macd_signal	macd_diff	atr_14	momentum_12	bb_upper	bb_lower	bb_pctb	vader	finbert	sentiment_ratio	sentiment_combined
2025-06-05 00:00:00+00:00	415.20001220703125	421.4800109863281	413.9800109863281	415.0	2275500	ADBE	0.0	1.811681675675807	0.0	0.0	0.0	0.0	0.048195712537650606	1.811681675675807	0.0	0.0	0.0	0.0	0.0	0.0	0.0	0.0	0.0	0.0	0.0	0.0	0.0	0.0
2025-06-06 00:00:00+00:00	416.9200134277344	419.6499938964844	415.2799987792969	417.5400085449219	2146900	ADBE	0.5635829164484302	1.0523008885650573	0.0	0.0	0.0	0.4142584706489557	-0.1484875950805554	1.0523008885650573	-5.6515051637002856	0.0	0.0	0.0	0.0	0.0	0.0	0.0	0.0	0.0	0.0	0.0	0.0	0.0
2025-06-09 00:00:00+00:00	416.260009765625	419.0	415.1499938964844	417.29998779296875	3034200	ADBE	0.09113843255217989	0.9273771311858926	0.0	0.0	0.0	-0.15830462459288364	-0.24921592565674955	0.9273771311858926	41.32935861008897	0.0	0.0	0.0	0.0	0.0	0.0	0.0	0.0	0.0	0.0	0.0	0.0	0.0
2025-06-10 00:00:00+00:00	416.05999755859375	419.82000732421875	414.4200134277344	416.6099853515625	2627400	ADBE	0.08407619702275834	1.3030244007330052	0.0	0.0	0.0	-0.04804982519071836	-0.13201502899759704	1.3030244007330052	-13.407158394304924	0.0	0.0	0.0	0.0	0.0	0.0	0.0	0.0	0.0	0.0	0.0	0.0	0.0
2025-06-11 00:00:00+00:00	412.8399963378906	416.0400085449219	410.4200134277344	415.20001220703125	3385400	ADBE	-0.20669743705446908	1.3693277455576744	0.34153071114063543	0.0	1.2567003726966308	-0.77392713541264	-0.5684045760489645	1.3693277455576744	28.849813503844103	0.0	0.0	0.0	0.0	0.0	0.0	0.0	0.0	0.0	0.0	0.0	0.0	0.0
2025-06-12 00:00:00+00:00	413.67999267578125	416.3900146484375	410.7699890136719	411.42999267578125	6313300	ADBE	-0.3415375628855862	1.3681685091601399	0.20225183488556273	0.0	1.803058170352769	0.20346777088989373	0.5468731108704235	1.3681685091601399	86.48608731612217	0.0	0.0	0.0	0.0	0.0	0.0	0.0	0.0	0.0	0.0	0.0	0.0	0.0
2025-06-13 00:00:00+00:00	391.67999267578125	399.8500061035156	383.75	392.5	10629700	ADBE	-5.119897759324541	4.195441329906352	1.333530621723444	0.0	2.0449595998460945	-5.31812038036907	-0.2089190634952229	4.195441329906352	68.36994915495858	0.0	0.0	0.0	0.0	0.0	0.0	0.0	0.0	0.0	0.0	0.0	0.0	0.0
2025-06-16 00:00:00+00:00	401.7300109863281	405.0	391.1099853515625	392.989990234375	6798300	ADBE	0.33445608228401885	3.5514344222001872	1.4027372996406597	0.0	1.1424139866438574	2.5658748208938826	2.223980500556941	3.5514344222001872	-36.044290995982955	0.0	0.0	0.0	0.0	0.0	0.0	0.0	0.0	0.0	0.0	0.0	0.0	0.0
2025-06-17 00:00:00+00:00	382.67999267578125	399.6700134277344	381.79998779296875	397.2799987792969	6866300	ADBE	-1.1077121662147105	4.6804678381644305	1.5711193168682338	0.0	1.009957932515518	-4.741995317645112	-3.6749914791523257	4.6804678381644305	1.000250062515629	0.0	0.0	0.0	0.0	0.0	0.0	0.0	0.0	0.0	0.0	0.0	0.0	0.0
2025-06-18 00:00:00+00:00	378.0400085449219	385.2699890136719	377.5400085449219	383.989990234375	4808900	ADBE	0.3423219357338135	2.0474599496202117	1.4129064227080261	1.3843908948468986	0.6789067242669378	-1.212497182937525	-1.5495147896489305	2.0474599496202117	-29.963735927646624	0.0	0.0	0.0	0.0	0.0	0.0	0.0	0.0	0.0	0.0	0.0	0.0	0.0
2025-06-20 00:00:00+00:00	376.9200134277344	382.2900085449219	373.760009765625	380.4800109863281	8126900	ADBE	0.6454349767893174	2.282212798700913	1.1578278997168516	1.376541977969042	1.0914421395591203	-0.2962636471992389	-0.9356595499892562	2.282212798700913	68.99706793653434	0.0	0.0	0.0	0.0	0.0	0.0	0.0	0.0	0.0	0.0	0.0	0.0	0.0
2025-06-23 00:00:00+00:00	380.1199951171875	380.2099914550781	374.239990234375	377.5899963378906	3841800	ADBE	0.17775201270513155	1.5952333733667259	1.26310905560504	1.3328527113868287	0.630999073654335	0.8489816341542308	0.6700386143262327	1.5952333733667259	-52.72736221683545	0.0	0.0	0.0	0.0	0.0	0.0	0.0	0.0	0.0	0.0	0.0	0.0	0.0
2025-06-24 00:00:00+00:00	382.3399963378906	385.0	378.510009765625	384.9599914550781	4797100	ADBE	1.2732811743824468	1.7146152193950246	1.2684256855128093	1.2620383913835092	0.8433423578636475	0.5840264256603284	-0.680588937900897	1.7146152193950246	24.865948253422875	0.0	0.0	0.0	0.0	0.0	-7.91426177818984	0.0	0.0	0.0	0.0	0.0	0.0	0.0
2025-06-25 00:00:00+00:00	387.54998779296875	388.04998779296875	382.0	383.6000061035156	3718800	ADBE	0.32955217285493565	1.5837664379499345	0.30812781801652994	1.2375441063087234	0.7351295787455275	1.3626592836167282	1.0297136669980163	1.5837664379499345	-22.478163890683955	35.09348894634036	0.0	0.0	0.0	9.355712890625	-7.044522855426895	0.0	0.0	0.0	0.0	0.0	0.0	0.0
2025-06-26 00:00:00+00:00	384.95001220703125	389.989990234375	382.8699951171875	387.20001220703125	3139700	ADBE	-0.09030463087627777	1.8596377903701327	0.2880152655383355	1.1995945513428998	0.6645064615671152	-0.6708748981631811	-0.5810950230024661	1.8596377903701327	-15.572227600301172	33.242231920249225	0.0	0.0	0.0	9.196018763950892	-7.52174045645721	0.0	0.0	0.0	0.0	0.0	0.0	0.0
2025-06-27 00:00:00+00:00	385.8299865722656	390.30999755859375	384.4100036621094	385.44000244140625	5083800	ADBE	0.12728671745345385	1.5348179912795352	0.13084954685198144	1.183359249937923	1.2350591802227275	0.22859445053377814	0.10117894572156132	1.5348179912795352	61.91992865560404	34.50161028935342	0.0	0.0	0.0	8.960588416274712	-7.265781657384841	0.0	0.0	0.0	0.0	0.0	0.0	0.0
2025-06-30 00:00:00+00:00	386.8800048828125	390.9800109863281	384.6300048828125	387.29998779296875	4645500	ADBE	0.380997141710704	1.6509388302793275	0.12650987438730116	1.0448248749110072	1.0861636014196934	0.27214533527455814	-0.1084386582477126	1.6509388302793275	-8.62150359966954	36.051832866760705	0.0	0.0	0.0	8.774118251077635	-6.288148359014871	0.0	0.0	0.0	0.0	0.0	0.0	0.0
2025-07-01 00:00:00+00:00	392.1000061035156	392.5799865722656	381.5199890136719	385.1000061035156	4516400	ADBE	-0.46009066295272705	2.8989300369783275	0.5689300344581434	0.9723859493784612	1.0700239762701262	1.3492558816225935	1.8177096569867066	2.8989300369783275	-2.7790334732536865	43.243615789656495	0.0	0.0	0.0	8.937395344471643	-5.216589381729849	0.0	0.0	0.0	0.0	0.0	0.0	0.0
2025-07-02 00:00:00+00:00	378.4700012207031	386.8800048828125	372.7300109863281	384.6400146484375	6912200	ADBE	-1.9025736646147013	3.7963119360955893	0.9729835803171819	0.7303168034263393	1.4224038588173318	-3.4761552335232904	-1.6041007676681251	3.7963119360955893	53.04667434239659	32.85386687825384	0.0	0.0	0.0	9.682581042522774	-3.372649025249775	0.0	0.0	0.0	0.0	0.0	0.0	0.0
2025-07-03 00:00:00+00:00	379.30999755859375	383.20001220703125	377.79998779296875	378.0	2863700	ADBE	-0.12418453752931552	1.4293341949554716	1.0434695415909097	0.7604551316053975	0.5960677057315084	0.22194528897437893	0.3465602006861772	1.4293341949554716	-58.57035386707561	33.907767208360184	0.0	0.0	0.0	9.376684140489898	-5.580865958380536	423.8745828515272	364.08141995609003	0.2546876074967732	0.0	0.0	0.0	0.0
2025-07-07 00:00:00+00:00	376.92999267578125	382.2200012207031	375.5199890136719	378.8999938964844	3545100	ADBE	-0.10809197351726535	1.7841958891800342	1.0052794074449936	0.7587413585006916	0.7883991833793683	-0.6274564071949751	-0.5199264324193497	1.7841958891800342	23.794391870656842	32.35807193544309	0.0	0.0	0.0	9.185493288099995	-1.502560915138196	421.171403562458	362.9575972920342	0.24001858457494246	0.0	0.0	0.0	0.0
2025-07-08 00:00:00+00:00	382.239990234375	386.6000061035156	377.17999267578125	378.5	3708200	ADBE	0.4165249130411338	2.497484917189573	0.934949113040064	0.7609141663609419	0.860546933016486	1.4087490148763986	0.9881083842470278	2.497484917189573	4.600716481904601	39.05098193935175	0.0	0.0	0.0	9.220101869502448	1.110988676997146	417.3662101855134	363.2947883496429	0.35037365842235035	0.0	0.0	0.0	0.0
2025-07-09 00:00:00+00:00	373.3800048828125	384.75	370.9100036621094	383.5	4726600	ADBE	0.3296383941545232	3.7313623793491826	1.0892948040358892	0.9078565806469393	1.0862850366339092	-2.3179116727503826	-2.6388513995273795	3.7313623793491826	27.46345936033655	33.15597666248294	0.0	0.0	0.0	9.550094331530175	-0.939193573917398	413.3963912424573	362.97660680441766	0.20633563182285067	0.0	0.0	0.0	0.0
2025-07-10 00:00:00+00:00	371.42999267578125	373.5	365.510009765625	371.989990234375	4022500	ADBE	-0.3722788125394567	2.185983973324944	0.8834047352777775	0.8762080212332805	1.066065588542412	-0.5222594090551991	-0.15054102887040574	2.185983973324944	-14.89654296957644	32.010633778602255	0.0	0.0	0.0	9.43865832459052	-2.2861208442158385	408.6792151401339	363.23078241845985	0.1804068868014286	0.0	0.0	0.0	0.0
2025-07-11 00:00:00+00:00	363.3500061035156	371.1499938964844	362.70001220703125	368.0	3548700	ADBE	-0.9234560330121935	2.329743977132768	0.7341768830909828	0.860221978540596	0.9075448440241214	-2.1753726763036583	-1.2635852979577107	2.329743977132768	-11.778744561839652	27.73534665057271	0.0	0.0	0.0	9.388038477744768	-4.966780984533125	404.68271466855583	362.2782838666004	0.02527382673571428	0.0	0.0	0.0	0.0
2025-07-14 00:00:00+00:00	366.989990234375	367.67999267578125	360.17999267578125	363.19000244140625	2898700	ADBE	-0.04403568444245221	2.082292229582886	0.6702544526646473	0.8164883788739943	0.7666612006538057	1.0017845244847392	1.0462809459029108	2.082292229582886	-18.316566630033535	32.13283080984637	-9.50887761831359	0.0	0.0	9.253178586477285	-5.305121456893713	398.45841872920795	363.83357956180765	0.09116029845819892	0.0	0.0	0.0	0.0
2025-07-15 00:00:00+00:00	364.17999267578125	368.32000732421875	363.8800048828125	367.0	2551000	ADBE	0.002727530965792105	1.2201831323037804	0.9049298880345988	0.8721304553484853	0.7186927736300888	-0.7656877935006263	-0.768394366272139	1.2201831323037804	-11.995032255838824	30.58549353244007	-9.810213518533487	0.0	0.0	8.909380290400781	-5.395510812473908	397.8688841879396	361.673114103076	0.06925888209665665	0.0	0.0	0.0	0.0
2025-07-16 00:00:00+00:00	361.7699890136719	365.54998779296875	358.7099914550781	364.5899963378906	3592900	ADBE	0.11258269821384427	1.9068318421086436	0.43352239255021896	0.8649082094524927	1.0812998832296044	-0.6617616866874206	-0.7734735874665237	1.9068318421086436	40.84280674245394	29.28307914346169	-10.126756598377938	0.0	0.0	8.76156715093577	-6.235906589932023	394.5041977168557	361.0417983768943	0.021761459164345246	0.0	0.0	0.0	0.0
2025-07-17 00:00:00+00:00	366.45001220703125	366.9599914550781	359.2799987792969	360.6000061035156	3340500	ADBE	-0.3234051871870539	2.1376065191146405	0.4272947635514178	0.6857966721904369	1.048374948216774	1.293646055638548	1.6222978381859186	2.1376065191146405	-7.024965904979265	35.06567706358932	-9.886020618747239	0.0	0.0	8.684311831281876	-5.280705236231988	394.22780152700903	359.695196519866	0.19560689631633735	0.0	0.0	0.0	0.0
2025-07-18 00:00:00+00:00	365.7900085449219	367.7900085449219	364.0	367.07000732421875	2459200	ADBE	0.16918954742379017	1.0412111387148009	0.5104287428848543	0.738820978605111	0.8284430310666137	-0.1801074198727264	-0.34870699151573603	1.0412111387148009	-26.382278102080527	34.63554217802984	-9.637398469646541	0.0	0.0	8.334718739399019	-6.71002222622966	394.2753031737516	358.4226948731234	0.20548891757114854	0.0	0.0	0.0	0.0
2025-07-21 00:00:00+00:00	367.67999267578125	368.2799987792969	363.1300048828125	366.489990234375	2770400	ADBE	0.19136162090309303	1.4182231782654136	0.4630027448585711	0.7643674932178721	0.9414163381813239	0.5166855536534618	0.3247025766366029	1.4182231782654136	12.65452179570592	37.01805370787501	-9.182013168947549	0.0	0.0	8.107238393476544	-2.85095476791296	394.202666779956	357.5713291917237	0.27595671219237505	0.0	0.0	0.0	0.0
2025-07-22 00:00:00+00:00	372.8699951171875	374.5	368.0	368.0	2449000	ADBE	0.08703419565745346	1.766304347826087	0.4305555609238191	0.7522221727988119	0.8380098549137696	1.4115542169254702	1.3233682383661685	1.766304347826087	-11.601212821253249	43.146426845462614	-8.306574198214264	0.0	0.0	8.015293317100987	-1.6978203798626301	393.7775773615192	357.2714186101605	0.4272861632270871	0.0	0.0	0.0	0.0
2025-07-23 00:00:00+00:00	372.4599914550781	373.989990234375	369.260009765625	373.489990234375	1994600	ADBE	0.16627648384328825	1.2809349357251525	0.4296687382454259	0.4622627570932388	0.766346235121449	-0.1099588777532279	-0.2757768096142344	1.2809349357251525	-18.554512045732952	42.792186148097635	-7.558733995349712	0.0	0.0	7.780628113647345	-1.185896932470435	393.0523399956993	357.0086554876991	0.42868358710523785	0.0	0.0	0.0	0.0
2025-07-24 00:00:00+00:00	371.69000244140625	376.0	370.6099853515625	371.8999938964844	2692100	ADBE	-0.15035106358833994	1.4543630397126255	0.2646075430621677	0.440687800976593	1.0885704350076424	-0.2067306640543545	-0.056464495435451546	1.4543630397126255	34.969417427053045	42.09323408796864	-6.9481035127675455	-8.577612529146336	1.6295090163787904	7.609870008989499	-2.760042921333244	391.35928758671196	357.1157093615302	0.42560660524543326	0.0	0.0	0.0	0.0
2025-07-25 00:00:00+00:00	370.739990234375	372.4100036621094	369.510009765625	372.30999755859375	2053200	ADBE	0.16680435661845303	0.7848214716358564	0.35799466781927136	0.4519341784867911	0.8584114454859398	-0.2555926177166983	-0.42169357108699823	0.7848214716358564	-23.73240221388507	41.199105375572486	-6.466293099763902	-8.15534864326985	1.6890555435059476	7.273450286667704	-0.7070583892852227	389.97787388263106	357.0761208683455	0.41529305019391494	0.0	0.0	0.0	0.0
2025-07-28 00:00:00+00:00	369.4700012207031	372.5899963378906	368.7200012207031	371.0299987792969	2984200	ADBE	0.07822424139854374	1.049575586996989	0.37562389157051973	0.42354711971388403	1.2257354330449926	-0.34255517266130675	-0.42045051983025705	1.049575586996989	45.34385349698032	39.97660468271475	-6.1164260240025214	-7.747564119416385	1.6311380954138635	7.030346345990546	-0.5276879879727399	388.23233478437936	357.1856614314409	0.3956733028886507	0.0	0.0	0.0	0.0
2025-07-29 00:00:00+00:00	370.70001220703125	376.1600036621094	369.7099914550781	370.45001220703125	4234200	ADBE	0.26524778279433703	1.7446139828804066	0.3684759466220645	0.4303941893478474	1.5167319802554753	0.3329122749517564	0.06748548839574176	1.7446139828804066	41.8872729709805	41.77853570484589	-5.674490247513688	-7.332949345035846	1.658459097522158	7.006036067091668	2.022844634663819	386.0067265925847	357.7932703556575	0.457467590747735	0.0	0.0	0.0	0.0
2025-07-30 00:00:00+00:00	364.0	370.7200012207031	363.4800109863281	370.67999267578125	3295200	ADBE	-0.005400466844014924	1.991853751387535	0.49323412356508994	0.4409463402105641	1.0797632856890078	-1.807394655085519	-1.8020915095959786	1.991853751387535	-22.176562278588634	35.52282830192392	-5.798051621509103	-7.025969800330498	1.2279181788213949	7.022747079040478	-0.8147334570257538	381.5393455154742	359.4506508224164	0.2059582623962572	0.0	0.0	0.0	0.0
2025-07-31 00:00:00+00:00	357.69000244140625	362.5	354.2699890136719	362.260009765625	4513100	ADBE	-0.478019295157967	2.323090084272003	0.6447006651179402	0.4748868919689173	1.3211728405904015	-1.7335158128004808	-1.2615268594442575	2.323090084272003	36.95982034474387	30.83936688041109	-6.332145932059859	-6.88720502667637	0.555059094616511	7.216123072418166	-1.7820831360587257	381.19196743577913	357.7200290241818	-0.0012792544973933922	0.0	0.0	0.0	0.0
2025-08-01 00:00:00+00:00	347.79998779296875	356.2900085449219	347.4599914550781	355.95001220703125	4307900	ADBE	-0.48645201780836195	2.5413046989570747	0.5791274082291241	0.5499458041518934	1.1140390801981939	-2.764968151453324	-2.2896542027149023	2.5413046989570747	-4.54676386519244	25.22561090694869	-7.467381720747824	-7.003240365490662	-0.46414135525716205	7.431400780554592	-3.861569960181295	382.0995153976798	353.66148008571867	-0.20611453036224878	0.0	0.0	0.0	0.0
2025-08-04 00:00:00+00:00	338.8500061035156	351.2099914550781	338.0400085449219	351.1600036621094	6449300	ADBE	0.966077052061516	3.8959834863470313	0.8382409775674304	0.8925972145924088	1.4143387851594538	-2.5733128244905767	-3.505523815416799	3.8959834863470313	49.70867476032406	21.424811262946818	-8.985671755821613	-7.399726643556852	-1.5859451122647616	7.8412995040975675	-7.531724705721282	384.41165033993974	347.54134648623216	-0.23572738692910322	0.0	0.0	0.0	0.0
2025-08-05 00:00:00+00:00	338.739990234375	342.739990234375	337.3500061035156	339.30999755859375	3909000	ADBE	0.13575075897670244	1.5977424139146041	0.8731484579070702	0.8966342444481753	0.8696522725755856	-0.03246742427592465	-0.16799013536885787	1.5977424139146041	-39.38877087435846	21.382162858528005	-10.081590607553608	-7.936099436356203	-2.1454911711974045	7.666205548866268	-7.394958221562501	384.2073203488902	343.39567647728165	-0.11407740049759366	0.0	0.0	0.0	0.0
2025-08-06 00:00:00+00:00	345.6199951171875	345.6600036621094	339.19000244140625	341.6499938964844	3347200	ADBE	0.859067056150039	1.9074858262724865	0.8854274146783572	0.8727481052683029	0.7429471955252702	2.0310577673608035	1.1620082808799888	1.9074858262724865	-14.371962138654387	30.675857237138075	-10.276494268742624	-8.404178402833487	-1.8723158659091368	7.612906111642561	-5.999781875008404	383.7783111146154	341.04868473499397	0.10698222216082083	0.0	0.0	0.0	0.0
2025-08-07 00:00:00+00:00	338.2699890136719	347.3800048828125	332.6499938964844	344.0400085449219	4661800	ADBE	-0.45714559186018955	4.428080942911991	1.23827369647336	1.154244946844587	1.0279512418854078	-2.126614839232174	-1.677136201587031	4.428080942911991	39.27461759082218	27.003305956007182	-10.898410794812264	-8.903024881229243	-1.9953859135830214	8.121270745548673	-9.27937526661038	384.11747011554456	337.3935253678539	0.0187583400877405	0.0	0.0	0.0	0.0
2025-08-08 00:00:00+00:00	341.04998779296875	341.57000732421875	336.3699951171875	338.67999267578125	3507800	ADBE	0.12120604115808922	1.5459203503628867	1.3773594507365974	1.0706916385090322	0.8017791918665514	0.8218283825304158	0.6997741728004284	1.5459203503628867	-24.7543867175769	30.397506867718988	-11.039702634326773	-9.33036043184875	-1.7093422024780232	7.912609421368857	-8.433121511763147	384.48247691572595	334.79851673661784	0.12582473365276595	0.0	0.0	0.0	0.0
2025-08-11 00:00:00+00:00	333.6499938964844	343.3999938964844	332.4700012207031	334.5299987792969	4366200	ADBE	-1.911739993267431	3.2875124479352973	1.264797562528665	1.0119687976347314	1.1030214227970898	-2.1697681165074467	-0.263057090850939	3.2875124479352973	24.471178516449058	26.822295398478815	-11.614905695383015	-9.787269484555603	-1.8276362108274125	8.128136796684029	-10.23433729588101	384.99768356591346	330.94931045264127	0.049967895207190256	0.0	0.0	0.0	0.0
2025-08-12 00:00:00+00:00	338.42999267578125	338.760009765625	330.0400085449219	333.5199890136719	3569400	ADBE	-0.03896444933034655	2.6421042888551014	1.1484128141138288	0.9740209217061006	0.9174703378503424	1.432638653300824	1.472176728186478	2.6421042888551014	-18.249278548852548	32.35668537015816	-11.551889322701015	-10.140193452184686	-1.4116958705163292	8.170412826971107	-8.715001998615787	384.83491579282713	328.53707822572756	0.17572459045629682	0.0	0.0	0.0	0.0
2025-08-13 00:00:00+00:00	351.07000732421875	351.760009765625	337.54998779296875	339.5400085449219	4375100	ADBE	0.3279898038481564	4.209753365884213	1.1811117207926747	1.0644015468572074	1.068124002089813	3.7348978878910235	3.395770303684678	4.209753365884213	22.572421135204795	44.34367151996494	-10.362551801519828	-10.184665122051715	-0.17788667946811287	8.601813480234332	-4.980104970820927	384.29980261860516	328.00219323100424	0.4097476668040367	0.0	0.0	0.0	0.0
2025-08-14 00:00:00+00:00	348.5799865722656	351.55999755859375	346.1000061035156	349.5	3745600	ADBE	-0.44720633818451583	1.5775762377320177	1.1410922962437813	1.1286353721353497	0.9572635592743852	-0.7092661577477198	-0.2632370322559013	1.5775762377320177	-14.3882425544559	42.736992394691	-9.51127703093232	-10.049987503827836	0.5387104728955165	8.377397621294604	-5.967096009269046	383.1754466227982	327.33954666333466	0.3804083022634431	0.0	0.0	0.0	0.0
2025-08-15 00:00:00+00:00	354.8500061035156	357.2900085449219	348.0	348.3299865722656	3718700	ADBE	-0.07171955064269629	2.669542685322378	0.9658504293134884	1.126558789182982	0.9402528445006321	1.7987319332087173	1.8717939260441296	2.669542685322378	-0.718175993165314	47.85993705239896	-8.235760743438618	-9.687142151749994	1.4513814083113754	8.442584115839407	-2.513734586946257	382.20706981390015	327.2139232280921	0.5025368539751008	0.0	0.0	0.0	0.0
2025-08-18 00:00:00+00:00	357.239990234375	358.3900146484375	353.0	355.67999267578125	2923000	ADBE	0.23389786050151684	1.5269163310021248	1.0916481281048966	1.1139328667792217	0.7972484971470342	0.6735195405808101	0.43859581385443847	1.5269163310021248	-21.39726248420147	49.706926826000675	-6.951915792730404	-9.140096879946077	2.188181087215673	8.224543439596413	-0.12581067515437958	381.0698971795712	327.30709561828036	0.5567584602519352	0.0	0.0	0.0	0.0
2025-08-19 00:00:00+00:00	361.0299987792969	364.239990234375	358.1199951171875	359.2200012207031	2808000	ADBE	0.554252334692176	1.708923042731768	1.1451221090749955	1.104002067926356	0.7990711651413741	1.0609138530194668	0.5038688136637737	1.708923042731768	-3.934314060896339	52.5758713780202	-5.564493388532412	-8.424976181663343	2.860482793130931	8.137076051053812	3.803913585587419	379.30193190005133	327.89106126401117	0.6445900858184374	0.0	0.0	0.0	0.0
2025-08-20 00:00:00+00:00	353.42999267578125	363.0	353.20001220703125	361.67999267578125	3727900	ADBE	0.180038749877327	2.774628384560871	0.6168553618572277	1.0817251242630945	1.1014169896946204	-2.105089917517249	-2.2810219440021666	2.774628384560871	32.75997150997151	46.809454974811814	-5.020336796480706	-7.7440483046268165	2.7237115081461107	8.255855461190594	4.302784804380842	376.85217023476395	328.43782305136887	0.5162141199537661	0.0	0.0	0.0	0.0
2025-08-21 00:00:00+00:00	353.42999267578125	353.82000732421875	347.0	349.9100036621094	2363200	ADBE	-0.9959508492820343	1.965419978161023	0.5645241772059324	0.8924506810532012	0.7603212189848656	0.0	1.0059698141899802	1.965419978161023	-36.607741623970604	46.809454974811814	-4.536791468844967	-7.102596937470447	2.56580546862548	8.15329487997832	4.3366602305332185	374.32035086057743	329.1436414489929	0.5375856617959134	0.0	0.0	0.0	0.0
2025-08-22 00:00:00+00:00	362.0899963378906	362.6499938964844	354.0	355.79998779296875	3058600	ADBE	0.6705698911528466	2.4435011007018006	0.5175168335378127	0.8417278056881018	1.0277070299112272	2.4502741254485505	1.7678495673760046	2.4435011007018006	29.426201760324982	53.54300562518772	-3.4154175841889582	-6.36516106681415	2.949743482625192	8.229488190030093	4.765349647990918	372.71636855051827	329.88262436940363	0.7519158687670175	0.0	0.0	0.0	0.0
2025-08-25 00:00:00+00:00	363.2099914550781	364.6499938964844	361.3999938964844	362.55999755859375	2259500	ADBE	0.129802321372208	0.8992805907270979	0.7220757918793027	0.9222913004878048	0.794636074613848	0.30931401820401494	0.17927898854294555	0.8992805907270979	-26.126332308899496	54.34792603582482	-2.408581823794634	-5.573845218210248	3.1652633944156134	7.873810462170801	7.3728096642939995	371.49573931399607	330.4772526293633	0.7979996696947347	0.0	0.0	0.0	0.0
2025-08-26 00:00:00+00:00	354.9100036621094	363.2300109863281	353.70001220703125	363.0299987792969	4067400	ADBE	-0.04955609152164844	2.6943733249629296	0.7698809408393085	0.9249565018461031	1.314048305183309	-2.285176065701732	-2.236728409357715	2.6943733249629296	80.01327727373312	47.745810648972345	-2.2544094500040046	-4.9099580645689995	2.655548614564995	7.992109627679807	4.06392504478089	368.7304802902373	331.6635107986299	0.6271484608080213	0.0	0.0	0.0	0.0
2025-08-27 00:00:00+00:00	356.3500061035156	360.3699951171875	355.1600036621094	355.9800109863281	2353800	ADBE	0.30148694406412	1.4669420546675027	0.7279242538672505	0.6414949901760898	0.834532884240383	0.4057373493414399	0.10393704864560785	1.4669420546675027	-42.13010768549933	48.90550803454063	-1.9930558632467523	-4.326577624304551	2.3335217610577983	7.811244043922544	6.803540423283801	367.488548982514	332.1404427167048	0.6848899684967785	0.0	0.0	0.0	0.0
2025-08-28 00:00:00+00:00	353.9599914550781	358.260009765625	349.1099853515625	357.6300048828125	3803100	ADBE	0.359197069558924	2.620957519977034	0.7995376856728112	0.6548003368598801	1.2234596973440395	-0.6706930286240061	-1.0262040034747526	2.620957519977034	61.572775936783074	47.03952161977936	-1.9562352089590718	-3.852509141235455	1.896273932276383	7.906871213218255	4.588836425669501	367.0425102310241	332.21348036956186	0.6243788923210414	0.0	0.0	0.0	0.0
2025-08-29 00:00:00+00:00	356.70001220703125	357.25	352.4599914550781	354.0	2639300	ADBE	0.011303126310237967	1.3590219205155865	0.804709627287188	0.6541863203358755	0.8726054843253037	0.7741046497061144	0.762715312720692	1.3590219205155865	-30.6013515290158	49.4221119049739	-1.686516685256322	-3.4193106500396286	1.7327939647833066	7.684238165482799	1.603670141383824	367.73107082889896	332.4149222130932	0.6876483123380348	0.0	0.0	0.0	0.0
2025-09-02 00:00:00+00:00	345.6300048828125	352.7099914550781	341.2799987792969	350.239990234375	4229400	ADBE	-1.811051794667954	3.3491539840202993	0.8571282244421056	0.768317474890587	1.237173111800152	-3.10345022298279	-1.316236146671193	3.3491539840202993	60.24703519872694	41.331873831595615	-2.33905669756075	-3.203259859543853	0.8642031619831032	8.23679354135791	-0.8462854446870407	367.4444606559066	333.3795322640153	0.3596212643650602	0.0	0.0	0.0	0.0
2025-09-03 00:00:00+00:00	348.5	348.510009765625	343.3599853515625	345.7200012207031	3035300	ADBE	0.026038346387530414	1.4998906785219737	0.8850704104481869	0.7836824827839215	0.9449345927065108	0.8303663098232996	0.8041185842534347	1.4998906785219737	-28.233319146923915	43.89606984358614	-2.594704598735234	-3.0815488073821293	0.48684420864689537	8.01631003226538	-1.7894902055217166	367.1060531898599	334.69394070662446	0.4259537017377831	0.0	0.0	0.0	0.0
2025-09-04 00:00:00+00:00	344.30999755859375	344.4100036621094	331.5	342.239990234375	4918300	ADBE	-1.7962725295911048	3.8944204108927223	1.1149176690613838	0.9516339695008489	1.3203206374091294	-1.2022962529142753	0.6048408670188292	3.8944204108927223	62.0367014792607	41.07359839713896	-3.099674464226382	-3.0851739387509802	-0.014500525475401815	8.658002172817854	-3.619413567696676	367.13569434211945	334.5332997985056	0.2998766776780576	0.0	0.0	0.0	0.0
2025-09-05 00:00:00+00:00	348.9700012207031	354.6700134277344	345.1000061035156	345.80999755859375	4662600	ADBE	0.4356539196178101	2.773111316998397	1.119586461254557	0.9619128220869331	1.1964649549138051	1.3534325738875324	0.9137976589511259	2.773111316998397	-5.198950857003436	45.2871644583477	-3.0882440158335385	-3.085787954167492	-0.002456061666046505	8.779574579698052	-3.3404419575577182	366.6569443705343	336.0820509907938	0.4215206924793116	0.0	0.0	0.0	0.0
2025-09-08 00:00:00+00:00	358.6600036621094	358.82000732421875	343.5899963378906	348.8599853515625	5043300	ADBE	-0.031525881524425474	4.432611877137059	1.1287036750066104	1.1765774962101148	1.1520222578567219	2.776743676393516	2.80915516884831	4.432611877137059	8.164972333033072	52.83889027600902	-2.271103224577871	-2.922851008249568	0.6517477836716967	9.240320037314486	1.47978697187872	367.0802627446983	337.41973420354384	0.7161123049137279	0.0	0.0	0.0	0.0
2025-09-09 00:00:00+00:00	354.05999755859375	362.75	353.0299987792969	362.75	4324900	ADBE	1.140354735997766	2.753307439682983	1.139084968015494	1.0339206718125562	0.9836293007769146	-1.2825534089519646	-2.395589921821158	2.753307439682983	-14.244641405428984	49.35617709823985	-1.9719637385517217	-2.732673554309999	0.7607098157582772	9.274582978985105	0.17825450467369772	365.40451040601863	341.13648690843445	0.532532476385883	0.0	0.0	0.0	0.0
2025-09-10 00:00:00+00:00	350.1600036621094	359.19000244140625	348.1199951171875	356.2900085449219	4552500	ADBE	0.6298398581328234	3.179940100967845	0.736570241965559	1.04577621135168	0.9685510773734555	-1.1015065026765587	-1.7205099036729274	3.179940100967845	5.262549423108049	46.55451332241398	-2.026233298352736	-2.591385503118546	0.5651522047658104	9.402827575073221	-3.294758981589916	364.04253904536824	343.6714593677177	0.3185174471390613	0.0	0.0	0.0	0.0
2025-09-11 00:00:00+00:00	350.54998779296875	355.25	347.1600036621094	354.69000244140625	11804200	ADBE	1.2936939490291262	2.3303365170385852	0.8064567944610218	0.9619212313563893	1.9422788975730152	0.11137312279551333	-1.167220564419889	2.3303365170385852	159.2904997254256	46.87923145592041	-2.0145513612810078	-2.4760186747510384	0.46146731347003067	9.309053915274465	-3.485587940846932	364.04747109260006	343.6145253673609	0.3394254807343337	0.0	0.0	0.0	0.0
2025-09-12 00:00:00+00:00	349.3599853515625	366.5	341.6099853515625	361.1000061035156	14146600	ADBE	3.0095617395307426	7.286091073369046	2.00000009706158	1.701776828097311	1.7740240522679107	-0.33946726083158596	-3.251182651209273	7.286091073369046	19.84378441571644	45.96158352535083	-2.0773699658950022	-2.3962889329798314	0.31891896708482914	10.421979681928965	-1.5637818752020152	364.0116745746284	343.7283217632622	0.2776495405209573	0.0	0.0	0.0	0.0
2025-09-15 00:00:00+00:00	347.1000061035156	358.0	345.04998779296875	350.5	6768600	ADBE	0.32631517524547016	3.753082934406972	1.9859915685236036	1.5633717487752203	0.8135962381721671	-0.6468912705536806	-0.9700410546317759	3.753082934406972	-52.15387442919147	44.19235460290512	-2.2831963344152086	-2.373670413266907	0.09047407885169845	10.602553433721985	-2.5957625484964857	364.0289407312704	342.93605560662024	0.19741019174419117	0.0	0.0	0.0	0.0
2025-09-16 00:00:00+00:00	352.7300109863281	356.94000244140625	348.32000732421875	350.1600036621094	6697000	ADBE	0.8815896009178309	2.474734421202497	2.0282769217645797	1.5983740493124727	0.7615610124428858	1.6220123260768438	0.7339522781987134	2.474734421202497	-1.0578258428626304	49.41619113906632	-1.9693197796762547	-2.292800286548777	0.32348050687252217	10.54808506973403	-0.34749138276722435	363.66437878354935	342.84961962953656	0.47468199289189295	0.0	0.0	0.0	0.0
2025-09-17 00:00:00+00:00	362.07000732421875	365.0	353.17999267578125	353.17999267578125	6449900	ADBE	0.12757113810499282	3.3467375189255133	2.0167686906738744	1.4493326710448744	0.7031197197070617	2.647916550047295	2.5171342750999264	3.3467375189255133	-3.689711811258772	56.663436524833905	-0.955891776448766	-2.025418584528775	1.0695268080800089	10.671078208586733	1.5054653584005813	363.88031229717166	342.7376869704065	0.9143765286962172	0.0	0.0	0.0	0.0
2025-09-18 00:00:00+00:00	367.4599914550781	370.8599853515625	365.8500061035156	366.8599853515625	4752400	ADBE	1.3229425057167252	1.3694079990337142	2.230808261830146	1.6079553780771683	0.6121938966108027	1.4886580003388314	0.16355179836270184	1.3694079990337142	-26.31823749205414	60.20665063993123	0.27896812001119997	-1.56454124362078	1.84350936363198	10.53671390992652	6.315998687575515	366.25106446215005	341.7699346833578	1.0493819935538822	0.0	0.0	0.0	0.0
2025-09-19 00:00:00+00:00	365.8999938964844	370.30999755859375	362.5400085449219	368.94000244140625	7693000	ADBE	0.40276792596318767	2.143208702635948	0.9518933535949857	1.6458252594403286	1.1886257798763322	-0.42453534939040005	-0.8239845299520423	2.143208702635948	61.876104704991164	58.71048488335686	1.1188275713097937	-1.0278674806346653	2.1466950519444588	10.339090703051188	4.992824647484756	367.9186161849128	341.3493830826653	0.9240240664583694	0.0	0.0	0.0	0.0
2025-09-22 00:00:00+00:00	364.0799865722656	365.3800048828125	359.3599853515625	364.1600036621094	4709600	ADBE	-0.47553710396268967	1.675205859483939	0.767949522331962	1.6671262601465295	0.7771129863143895	-0.49740567219950343	-0.021973058281819138	1.675205859483939	-38.78070973612375	56.93289166025244	1.6189011717192443	-0.4985137501638834	2.1174149218831277	10.067727691756236	5.741915469738131	368.26747094897786	341.1995273420378	0.8452972845843159	0.0	0.0	0.0	0.0
2025-09-23 00:00:00+00:00	361.7799987792969	368.7300109863281	361.29998779296875	364.17999267578125	3831100	ADBE	0.02746816831574865	2.0564692622178855	0.7534377584898388	1.6943735132974358	0.6981885114448171	-0.6317259607216089	-0.6590131102070231	2.0564692622178855	-18.653388822829964	54.679790758408835	1.8087729016982053	-0.03705641979146562	1.8458293214896708	9.879320227585032	3.670801935348069	368.0301852910065	341.29381373243103	0.766229067470267	0.0	0.0	0.0	0.0
2025-09-24 00:00:00+00:00	353.2699890136719	355.6000061035156	347.79998779296875	355.6000061035156	6140000	ADBE	-1.708218446744852	2.242673543505099	0.36506319906381773	1.7068262668840564	1.1317513391162017	-2.3522609857756436	-0.6552353908468379	2.242673543505099	60.2672861580225	47.23177070680268	1.2580588296182214	0.22196663009047177	1.0360921995277497	10.172226710352394	-1.5028201063409872	367.96120694532925	341.1987906132645	0.4510503928580075	0.0	0.0	0.0	0.0
2025-09-25 00:00:00+00:00	354.1600036621094	357.0	351.5	351.9100036621094	3336700	ADBE	-0.38497053071492787	1.5647226173541962	0.29889646652256197	1.750232440598119	0.6489008339037899	0.25193610442891473	0.639368013578939	1.5647226173541962	-45.656351791530945	48.029078827316205	0.8832491572985646	0.35422313553209034	0.5290260217664742	9.838496231041509	0.028245524545334973	367.82779871636626	341.1131985980869	0.4883773294849076	0.0	0.0	0.0	0.0
2025-09-26 00:00:00+00:00	360.3699951171875	360.7200012207031	352.7799987792969	353.7099914550781	3073000	ADBE	-0.12706466071210842	2.2506951836500244	0.32056407596951075	0.7544488186471789	0.7285305162538406	1.7534423398647925	1.8828995004386833	2.2506951836500244	-7.903017951868613	53.328012605683305	1.0749132718999022	0.49836116280565274	0.5765521090942494	9.702889531781848	2.915807444681879	368.38935431354787	341.19264336711615	0.7051349623799811	0.0	0.0	0.0	0.0
2025-09-29 00:00:00+00:00	359.4200134277344	363.1700134277344	358.79998779296875	362.0400085449219	4075900	ADBE	0.4634163360884996	1.2179559039693095	0.4574056809001603	0.6215593424828648	0.9962261752873142	-0.2636128707508525	-0.723675575999886	1.2179559039693095	32.63586072242109	52.447048835266	1.1370457252419897	0.6260980752929202	0.5109476499490695	9.321970681994973	2.5303169144607622	368.65281313268923	341.20118467004517	0.6636702366302688	0.0	0.0	0.0	0.0
2025-09-30 00:00:00+00:00	352.75	362.0	349.8999938964844	360.5400085449219	5360700	ADBE	0.3116117843595507	3.458132699223577	0.8574883120523432	0.7611298512723683	1.219100075956391	-1.855771292233692	-2.160650235839574	3.458132699223577	31.521872469883956	46.623309779484494	0.640686368522779	0.629015733938892	0.011670634583887063	9.520401783532163	0.970350008752752	368.38078771855965	342.1852095958935	0.40330434223038314	0.0	0.0	0.0	0.0
2025-10-01 00:00:00+00:00	343.7200012207031	349.8299865722656	340.04998779296875	347.1600036621094	6505700	ADBE	-1.5846906698485117	2.876047384319035	0.9197114708299882	0.6888172307746375	1.4552836435218326	-2.5598862591911766	-0.9908982616426063	2.876047384319035	21.359150857164177	40.12704526454917	-0.4758422194891523	0.40804414325328314	-0.8838863627424354	9.747516813782097	-0.9737841611574278	368.78671905298796	341.3012783835355	0.08800014765111026	0.0	0.0	0.0	0.0
2025-10-02 00:00:00+00:00	351.4800109863281	351.7300109863281	342.4200134277344	343.760009765625	3955400	ADBE	0.011639865233267427	2.7188824231964954	0.8386052526882748	0.664716296394157	0.8609663614952962	2.257654410003998	2.2457531421315147	2.7188824231964954	-39.2010083465269	46.9657839954717	-0.7261605083433551	0.1812032129339555	-0.9073637212773106	9.716265438411499	-0.3543786922197698	368.3579969410543	342.44700183824256	0.34861683668433674	0.0	0.0	0.0	0.0
2025-10-03 00:00:00+00:00	346.739990234375	352.5899963378906	346.30999755859375	352.0	3122100	ADBE	0.14794269870786522	1.8134038357452655	0.8927275344200704	0.6770392754925881	0.6781336067211705	-1.3485889961854765	-1.494320956143466	1.8134038357452655	-21.067401527026345	43.68357555269007	-1.2921248059394657	-0.11346239084072876	-1.1786624150987368	9.470817819903314	-4.233992537281982	368.50188805146513	342.0801096291989	0.1763651382849053	0.0	0.0	0.0	0.0
2025-10-06 00:00:00+00:00	350.1400146484375	357.3399963378906	342.0400085449219	346.92999267578125	5340200	ADBE	0.054796806470987086	4.473157353157803	0.982269197608085	0.96060308643986	1.0995260273182865	0.9805688728791541	0.9252650507089865	4.473157353157803	71.04512988052913	46.568083939169156	-1.4495920396187216	-0.38068832059632735	-1.0689037190223942	9.887187103693703	-4.713431995155855	368.1630511474099	341.56694763188705	0.32234297071173523	0.0	0.0	0.0	0.0
2025-10-07 00:00:00+00:00	348.30999755859375	353.3299865722656	344.239990234375	352.5899963378906	3275500	ADBE	0.6997148531889622	2.640598592772944	0.9690309704124451	0.9505585991000967	0.7377617809891481	-0.52265294261817	-1.2138741381633833	2.640598592772944	-38.66334594209955	45.22539054666273	-1.7024285057695465	-0.6450363576309712	-1.0573921481385753	9.830244906136341	-4.80732348491565	368.17792437431444	340.97707440498243	0.269584338793785	0.2716	0.9962974190711975	3.668239141502416	0.7788881933498382
2025-10-08 00:00:00+00:00	348.7699890136719	354.04998779296875	347.5199890136719	350.0	3285000	ADBE	0.48520066987797356	1.8790282532611315	1.0733002531892435	0.9693559322364036	0.865466693363965	0.13206381048558444	-0.3514317103794643	1.8790282532611315	0.29003205617462985	45.64959048926371	-1.8444243844767243	-0.8849139630001219	-0.9595104214766024	9.594513039933522	-4.205119238421773	368.2118236710374	340.8041736434157	0.29064204199295246	0.9022	0.0009131595143117011	0.0010121464222625567	0.2712992116600182
2025-10-09 00:00:00+00:00	347.4700012207031	350.6000061035156	344.29998779296875	349.7699890136719	2895500	ADBE	0.286721917452823	1.8298049764483706	1.1418844794233671	0.9445717263073351	0.8079728545676766	-0.37273499266526344	-0.6575715084803482	1.8298049764483706	-11.856925418569254	44.59839204363613	-2.038358365416002	-1.1156028434832979	-0.9227555219327042	9.359191987834476	-3.955441872651322	368.29937377390087	340.4086248833257	0.2531798757029297	0.794675	0.16237346953792886	0.2043266306493827	0.3520639286765502
2025-10-10 00:00:00+00:00	337.510009765625	348.7200012207031	336.94000244140625	347.9100036621094	4266900	ADBE	0.12663033926971234	3.4961710375559854	1.1267945884117443	0.9868997807784883	1.1191516594887505	-2.8664320430792585	-2.9892770506779858	3.4961710375559854	47.36314971507512	37.47765968861577	-2.961601020797275	-1.4848024789460932	-1.4767985418511818	9.532106758653217	-4.461171267915699	369.40839196468784	338.11460913394495	-0.019320111332976873	0.5428666666666667	0.9998024702072144	1.8417056892451031	0.86272172914505
2025-10-13 00:00:00+00:00	339.32000732421875	340.2764892578125	335.6099853515625	339.010009765625	2961303	ADBE	0.4444312632510176	1.3904544292273318	0.8304325858572126	0.9604287208236529	0.887457135351326	0.5362796676313853	0.09144200751124346	1.3904544292273318	-30.598256345356113	39.37210324569291	-3.5068015749454844	-1.8892022981459715	-1.6175992767995129	9.184563697767272	-4.190195443991723	370.0175049905909	336.7274962301122	0.07787655187355604	0.0	0.0	0.0	0.0
