timestamp	open	high	low	close	volume	quoteVolume	symbol	gap_apertura_pct	volatilidad_diaria	vol_5d	vol_10d	vol_rel_5d	return_pct	close_open_pct	range_pct	volume_change_pct	rsi_14	macd	macd_signal	macd_diff	atr_14	momentum_12	bb_upper	bb_lower	bb_pctb	vader	finbert	sentiment_ratio	sentiment_combined	download_date	added_date	target_category	target	target_num
2025-07-15 16:00:00	0.2805	0.2925	0.2741	0.2824	104727423.5638	29675559.23028217	ALGOUSDT	0.0	6.712878511492145	0.0	0.0	0.0	0.0	0.6773618538324268	6.712878511492145	0.0	0.0	0.0	0.0	0.0	0.0	0.0	0.0	0.0	0.0	0.0	0.0	0.0	0.0	0	0	Very High	5.099150141643069	4.0
2025-07-16 16:00:00	0.2824	0.2999	0.277	0.2968	161956233.83483	47026988.64418473	ALGOUSDT	0.0	8.267148014440425	0.0	0.0	0.0	5.099150141643069	5.099150141643069	8.267148014440425	54.64548665819717	0.0	0.0	0.0	0.0	0.0	0.0	0.0	0.0	0.0	0.0	0.0	0.0	0.0	0	0	Negative	-0.3706199460916408	0.0
2025-07-17 16:00:00	0.2968	0.3369	0.2927	0.2957	230197803.10545	72120154.98016798	ALGOUSDT	0.0	15.100785787495715	0.0	0.0	0.0	-0.3706199460916408	-0.3706199460916408	15.100785787495715	42.13580894960533	0.0	0.0	0.0	0.0	0.0	0.0	0.0	0.0	0.0	0.0	0.0	0.0	0.0	0	0	Negative	-3.347987825498823	0.0
2025-07-18 16:00:00	0.2957	0.3014	0.2818	0.2858	102848991.28163	30093101.826328788	ALGOUSDT	0.0	6.955287437899221	0.0	0.0	0.0	-3.347987825498823	-3.347987825498823	6.955287437899221	-55.32147140669432	0.0	0.0	0.0	0.0	0.0	0.0	0.0	0.0	0.0	0.0	0.0	0.0	0.0	0	0	Very High	6.088173547935629	4.0
2025-07-19 16:00:00	0.2858	0.305	0.2855	0.3032	52880091.29779	15639617.033671064	ALGOUSDT	0.0	6.830122591943964	3.5923429344046505	0.0	0.4051427904300966	6.088173547935629	6.088173547935629	6.830122591943964	-48.5847253931843	0.0	0.0	0.0	0.0	0.0	0.0	0.0	0.0	0.0	0.0	0.0	0.0	0.0	0	0	Low	0.0659630606860085	1.0
2025-07-20 16:00:00	0.3032	0.3121	0.286	0.3034	96874706.19415	29267702.854557928	ALGOUSDT	0.0	9.12587412587413	3.403470334239047	0.0	0.7512487815630171	0.06596306068600856	0.06596306068600856	9.12587412587413	83.19693445423127	0.0	0.0	0.0	0.0	0.0	0.0	0.0	0.0	0.0	0.0	0.0	0.0	0.0	0	0	Negative	-4.878048780487799	0.0
2025-07-21 16:00:00	0.3034	0.3048	0.2794	0.2886	110330387.8	32143651.22936	ALGOUSDT	0.0	9.090909090909104	3.3633468913902367	0.0	0.9300660863009489	-4.8780487804877986	-4.8780487804877986	9.090909090909104	13.88977797659896	0.0	0.0	0.0	0.0	0.0	0.0	0.0	0.0	0.0	0.0	0.0	0.0	0.0	0	0	Negative	-5.301455301455314	0.0
2025-07-22 16:00:00	0.2886	0.2986	0.2648	0.2733	91330436.4	25618604.32278	ALGOUSDT	0.0	12.764350453172204	2.401705651795004	0.0	1.0052558992231448	-5.301455301455314	-5.301455301455314	12.764350453172204	-17.220959500697045	0.0	0.0	0.0	0.0	0.0	0.0	0.0	0.0	0.0	0.0	0.0	0.0	0.0	0	0	Negative	-0.9513355287230116	0.0
2025-07-23 16:00:00	0.2733	0.2736	0.2491	0.2707	111674979.0	29392650.21214	ALGOUSDT	0.0	9.83540746688078	2.1330583041572204	0.0	1.2057573489198188	-0.9513355287230117	-0.9513355287230117	9.83540746688078	22.275753190203734	0.0	0.0	0.0	0.0	0.0	0.0	0.0	0.0	0.0	0.0	0.0	0.0	0.0	0	0	Negative	-5.208718138160326	0.0
2025-07-24 16:00:00	0.2707	0.2711	0.2514	0.2566	83059343.2	21702853.48986	ALGOUSDT	0.0	7.836117740652345	1.842456734021009	2.7383956326862124	0.8419260042265255	-5.208718138160326	-5.208718138160326	7.836117740652345	-25.624035084886827	0.0	0.0	0.0	0.0	0.0	0.0	0.0	0.0	0.0	0.0	0.0	0.0	0.0	0	0	Very High	6.858924395947001	4.0
2025-07-25 16:00:00	0.2566	0.2796	0.2555	0.2742	61522667.6	16590909.03148	ALGOUSDT	0.0	9.432485322896285	1.8222929235162468	2.5892022622910464	0.671765388013492	6.858924395947001	6.858924395947001	9.432485322896285	-25.929263066939352	0.0	0.0	0.0	0.0	0.0	0.0	0.0	0.0	0.0	0.0	0.0	0.0	0.0	0	0	High	2.3340627279358195	3.0
2025-07-26 16:00:00	0.2742	0.2911	0.2726	0.2806	81231044.8	22807232.95956	ALGOUSDT	0.0	6.786500366837863	2.2782544220486054	2.7086335841665927	0.9471495550386401	2.3340627279358195	2.3340627279358195	6.786500366837863	32.034334610029155	0.0	0.0	0.0	0.0	0.0	0.0	0.0	0.0	0.0	0.0	0.0	0.0	0.0	0	0	Negative	-3.955808980755523	0.0
2025-07-27 16:00:00	0.2806	0.2882	0.2687	0.2695	62146948.0	17419789.2829	ALGOUSDT	0.0	7.257164123557878	1.3424368768263262	1.8735269258236105	0.7775463949086222	-3.955808980755523	-3.955808980755523	7.257164123557878	-23.493600072468844	0.0	0.0	0.0	0.0	0.0	-4.56798866855523	0.0	0.0	0.0	0.0	0.0	0.0	0.0	0	0	Negative	-3.747680890538033	0.0
2025-07-28 16:00:00	0.2695	0.2733	0.2581	0.2594	76295759.2	20294160.01112	ALGOUSDT	0.0	5.8891902363424995	1.3221581082362086	2.0028421993143435	1.047282802247542	-3.7476808905380325	-3.7476808905380325	5.8891902363424995	22.766703201579592	37.955651981773606	0.0	0.0	0.0	0.023671428571428572	-12.601078167115897	0.0	0.0	0.0	0.0	0.0	0.0	0.0	0	0	Negative	-2.043176561295307	0.0
2025-07-29 16:00:00	0.2594	0.263	0.2495	0.2541	41570455.0	10640405.62776	ALGOUSDT	0.0	5.410821643286578	1.5634949463342982	2.17593837910962	0.6439702812055547	-2.043176561295307	-2.043176561295307	5.410821643286578	-45.514068624668724	35.71728590364276	0.0	0.0	0.0	0.022944897959183676	-14.06831247886372	0.0	0.0	0.0	0.0	0.0	0.0	0.0	0	0	Low	0.393545848091303	1.0
2025-07-30 16:00:00	0.2541	0.2673	0.2409	0.2551	78283601.6	20057460.99022	ALGOUSDT	0.0	10.958904109589032	2.191157241507077	2.3215623421064766	1.152830484236218	0.393545848091303	0.393545848091303	10.958904109589032	88.31547934705067	36.47846085140221	0.0	0.0	0.0	0.023191690962099127	-10.741777466759974	0.0	0.0	0.0	0.0	0.0	0.0	0.0	0	0	Negative	-4.900039200313596	0.0
2025-07-31 16:00:00	0.2551	0.2614	0.2349	0.2426	77105311.6	18813318.0375	ALGOUSDT	0.0	11.281396338867614	2.7886667641027865	2.4787837052439494	1.1494459524146403	-4.900039200313596	-4.900039200313596	11.281396338867614	-1.505155582928622	31.463256353387777	0.0	0.0	0.0	0.02342799875052062	-19.9868073878628	0.0	0.0	0.0	0.0	0.0	0.0	0.0	0	0	Negative	-6.100577081615832	0.0
2025-08-01 16:00:00	0.2426	0.2446	0.2268	0.2278	52503117.6	12317646.2304	ALGOUSDT	0.0	7.848324514991186	2.7531518701328594	2.0421593749181657	0.8058601494491721	-6.100577081615832	-6.100577081615832	7.848324514991186	-31.907262274782113	26.770343677472297	0.0	0.0	0.0	0.023025998839769152	-24.917600527356626	0.0	0.0	0.0	0.0	0.0	0.0	0.0	0	0	Very High	6.760316066725196	4.0
2025-08-02 16:00:00	0.2278	0.2439	0.2233	0.2432	45917530.0	10644111.07028	ALGOUSDT	0.0	9.225257501119573	2.4127896531192805	1.998292254483966	0.7772619599135385	6.760316066725196	6.760316066725196	9.225257501119573	-12.543231528026444	37.25722215987014	0.0	0.0	0.0	0.02285271320835707	-15.731115731115738	0.0	0.0	0.0	0.0	0.0	0.0	0.0	0	0	Medium	0.904605263157898	2.0
2025-08-03 16:00:00	0.2432	0.2507	0.2405	0.2454	64075823.0	15695382.30604	ALGOUSDT	0.0	4.241164241164236	2.856926307467295	2.3601567674123607	1.007844749482313	0.9046052631578979	0.9046052631578979	4.241164241164236	39.545448110993775	38.60974717132704	0.0	0.0	0.0	0.021948947979188706	-10.208562019758501	0.31309489191550455	0.22774510808449544	0.20685338758983743	0.0	0.0	0.0	0.0	0	0	Negative	-4.319478402607986	0.0
2025-08-04 16:00:00	0.2454	0.2508	0.2339	0.2348	59770834.8	14509327.78742	ALGOUSDT	0.0	7.225309961522029	2.598770786801079	2.2963101974817204	0.9982682350670703	-4.319478402607986	-4.319478402607986	7.225309961522029	-6.718584324699198	34.725571753194274	0.0	0.0	0.0	0.021588308837818086	-13.26191355744366	0.31302379263690416	0.2230562073630958	0.1305335983083575	0.0	0.0	0.0	0.0	0	0	High	3.8330494037478617	3.0
2025-08-05 16:00:00	0.2348	0.2444	0.2306	0.2438	48217230.8	11432077.69484	ALGOUSDT	0.0	5.984388551604513	1.8920624204058578	2.3419209290922045	0.8913121518404941	3.8330494037478617	3.8330494037478617	5.984388551604513	-19.329835426692085	40.22413325779389	0.0	0.0	0.0	0.02103200106368822	-4.98830865159782	0.309520936994358	0.22125906300564205	0.2553870201899377	0.0	0.0	0.0	0.0	0	0	Very High	5.291222313371614	4.0
2025-08-06 16:00:00	0.2438	0.2621	0.2413	0.2567	59423825.0	14881230.985	ALGOUSDT	0.0	8.619975134687117	2.0156861005864783	2.3636894146435448	1.0710652803247878	5.291222313371614	5.291222313371614	8.619975134687117	23.241886798691898	47.10232781213883	0.0	0.0	0.0	0.02101542955913906	-6.382202771699495	0.30543635222254417	0.22144364777745584	0.41975493533005104	0.0	0.0	0.0	0.0	0	0	Low	0.4674717569146998	1.0
2025-08-07 16:00:00	0.2567	0.2694	0.2507	0.2579	126558881.6	33220222.00036	ALGOUSDT	0.0	7.459114479457517	1.6655557234405567	2.283145144630821	1.7673521169682667	0.4674717569146998	0.4674717569146998	7.459114479457517	112.97666651380989	47.705142433305205	0.0	0.0	0.0	0.020850041733486268	-8.089807555238773	0.30281329527954276	0.22127670472045718	0.44916392785646003	0.0	0.0	0.0	0.0	0	0	Very High	5.428460643660316	4.0
2025-08-08 16:00:00	0.2579	0.2775	0.257	0.2719	52501045.6	14107300.03544	ALGOUSDT	0.0	7.976653696498061	0.9804009188377899	2.1199782102902023	0.7576524684369292	5.428460643660316	5.428460643660316	7.976653696498061	-58.51650635951891	54.254874217073116	0.0	0.0	0.0	0.02082503875252296	0.8905380333951605	0.29698937413870563	0.22397062586129435	0.656398189087183	0.0	0.0	0.0	0.0	0	0	Negative	-2.648032364840009	0.0
2025-08-09 16:00:00	0.2719	0.2768	0.2594	0.2647	56966161.6	15300737.4509	ALGOUSDT	0.0	6.707787201233605	1.0361911875366454	1.8930829626659282	0.8287984827048843	-2.648032364840009	-2.648032364840009	6.707787201233605	8.50481347365775	50.73549869666101	-0.005738701860650508	0.0	0.0	0.020580393127342746	2.0431765612952857	0.28941721890308486	0.22767278109691522	0.5996850925960643	0.0	0.0	0.0	0.0	0	0	Negative	-1.020022667170374	0.0
2025-08-10 16:00:00	0.2647	0.2806	0.2567	0.262	88080963.6	23778077.97694	ALGOUSDT	0.0	9.310479158550852	1.007911878573537	1.5442694529088403	1.1482903827341229	-1.020022667170374	-1.020022667170374	9.310479158550852	54.61979730788109	49.440336333407814	-0.00491854340122061	0.0	0.0	0.020817507903961124	3.109012199921298	0.2849232135837009	0.2295067864162991	0.5863462378320694	0.0	0.0	0.0	0.0	0	0	High	3.05343511450382	3.0
2025-08-11 16:00:00	0.262	0.2702	0.2493	0.27	68820989.4	17756402.69764	ALGOUSDT	0.0	8.383473726434017	0.9775023176960296	1.5683128952356087	0.8757454556403208	3.0534351145038197	3.0534351145038197	8.383473726434017	-21.866216504470653	53.24852539988837	-0.0035817406948157604	0.0	0.0	0.02082340019653533	5.840846726773824	0.28441022660724846	0.22968977339275154	0.7366573966271392	0.0	0.0	0.0	0.0	0	0	Medium	1.8518518518518527	2.0
2025-08-12 16:00:00	0.27	0.2823	0.2679	0.275	96767154.2	26535471.8075	ALGOUSDT	0.0	5.375139977603571	1.5342208702640368	1.5739371074525403	1.3323805739435022	1.8518518518518534	1.8518518518518534	5.375139977603571	40.60703724785449	55.50430676007082	-0.0020947101904266185	0.0	0.0	0.020364585896782802	13.355317394888711	0.2851141130918022	0.22941588690819786	0.8184122945233144	0.0	0.0	0.0	0.0	0	0	Negative	-6.400000000000001	0.0
2025-08-13 16:00:00	0.275	0.2903	0.2492	0.2574	116657765.75	31508877.709395	ALGOUSDT	0.0	16.492776886035312	4.321158738131727	3.1027225358608312	1.3650791882537605	-6.400000000000001	-6.400000000000001	16.492776886035312	20.555127113575896	46.92197463185061	-0.0023097750637350867	0.0	0.0	0.021845686904155455	12.993854258121166	0.28515247564861107	0.22945752435138894	0.5017057201377739	0.0	0.0	0.0	0.0	0	0	Negative	-3.4576534576534645	0.0
2025-08-14 16:00:00	0.2574	0.2664	0.2466	0.2485	58886224.8	15030926.938671	ALGOUSDT	0.0	8.029197080291976	4.164059030750423	3.080579031089891	0.6859788891426019	-3.4576534576534645	-3.4576534576534645	8.029197080291976	-49.522241900128286	43.277748519293816	-0.003161922470871492	0.0	0.0	0.021699566411001497	2.179276315789473	0.2829883963186539	0.2290516036813461	0.36057754582169077	0.0	0.0	0.0	0.0	0	0	Very High	5.311871227364181	4.0
2025-08-15 16:00:00	0.2485	0.2628	0.2461	0.2617	32413842.19	8226721.623352	ALGOUSDT	0.0	6.785859406745211	4.3446925703860515	3.019591632995617	0.43386683625387334	5.311871227364181	5.311871227364181	6.785859406745211	-44.955136281719994	49.53761943563417	-0.0027405345708118034	0.0	0.0	0.02134245452450139	6.6422167889160475	0.27975980301724096	0.23039019698275917	0.6341918749639758	0.0	0.0	0.0	0.0	0	0	High	4.5854031333588114	3.0
2025-08-16 16:00:00	0.2617	0.2738	0.2585	0.2737	20318306.33	5371982.27393	ALGOUSDT	0.0	5.918762088974847	4.568092736732107	3.1279390324907603	0.31254769365634044	4.5854031333588114	4.5854031333588114	5.918762088974847	-37.31595837697883	54.45817709400954	-0.0014218912352002011	0.0	0.0	0.020910850629894145	16.56729131175468	0.2805223750616023	0.23004762493839775	0.8648358823976446	0.0	0.0	0.0	0.0	0	0	Negative	-6.686152721958343	0.0
2025-08-17 16:00:00	0.2737	0.2753	0.2479	0.2554	57707435.41	14892098.23975	ALGOUSDT	0.0	11.052843888664777	4.287885053965546	3.232450678645537	1.0089291931351063	-6.686152721958343	-6.686152721958343	11.052843888664777	184.01695728346667	46.94101979449834	-0.0018323912858156377	-0.002951925277054133	0.0011195339912384952	0.021374361299187423	4.757998359310922	0.2802520637937759	0.22991793620622414	0.5062581793923436	0.0	0.0	0.0	0.0	0	0	Negative	-5.129209083790144	0.0
2025-08-18 16:00:00	0.2554	0.2606	0.2417	0.2423	48847418.6	12189344.02364	ALGOUSDT	0.0	7.819611088125776	1.944732176741539	3.236212672368028	1.1194640881879465	-5.129209083790144	-5.129209083790144	7.819611088125776	-15.353336614339755	42.42630201959915	-0.0031781404276275405	-0.002997168307168815	-0.00018097212045872562	0.02119762120638832	-5.609661082976236	0.2802726240177404	0.22871737598225966	0.2634576407894043	0.0	0.0	0.0	0.0	0	0	Medium	1.5270326042096611	2.0
2025-08-19 16:00:00	0.2423	0.2489	0.2366	0.246	53950806.6	12996668.58462	ALGOUSDT	0.0	5.198647506339816	2.2872728964963183	3.366191117485245	1.265038475590157	1.5270326042096611	1.5270326042096611	5.198647506339816	10.447610429100546	44.06272109827939	-0.0039011274711824306	-0.0031779601399715383	-0.0007231673312108923	0.020562076834503444	-4.614191547111292	0.28007877109235346	0.22800122890764649	0.3456148339051033	0.0	0.0	0.0	0.0	0	0	Medium	1.0569105691056877	2.0
2025-08-20 16:00:00	0.246	0.2601	0.246	0.2486	41481260.6	10528140.75998	ALGOUSDT	0.0	5.731707317073171	2.398733274023773	3.452113179426131	0.9329798731911547	1.0569105691056875	1.0569105691056875	5.731707317073171	-23.112807362550164	45.240559522809	-0.0042157056110481705	-0.0033855092341868653	-0.0008301963768613052	0.020100499917753197	-8.5693269584406	0.27997984399328485	0.22870015600671517	0.38806484155084275	0.0	0.0	0.0	0.0	0	0	Very High	5.34995977473855	4.0
2025-08-21 16:00:00	0.2486	0.2651	0.2389	0.2619	64647282.2	16337153.57728	ALGOUSDT	0.0	10.966931770615322	2.785197801393907	3.572033537397619	1.21228412133969	5.34995977473855	5.34995977473855	10.966931770615322	55.846956589356886	50.93227616308628	-0.003353159075489387	-0.0033790392024473695	2.5880126957982582e-05	0.02053617849505654	-1.0578012844729767	0.2787678937417747	0.23332210625822525	0.6288348232962068	0.0	0.0	0.0	0.0	0	0	Negative	-0.6491027109583943	0.0
2025-08-22 16:00:00	0.2619	0.2697	0.2567	0.2602	38865625.0	10244981.79248	ALGOUSDT	0.0	5.064277366575774	2.4999596189823063	3.601902880529029	0.7842376541397701	-0.6491027109583943	-0.6491027109583943	5.064277366575774	-39.88049663130309	50.2138375825354	-0.002774774649333789	-0.0032581862918246536	0.00048341164249086476	0.01999788003112393	-0.6870229007633679	0.2788925885041971	0.23489741149580287	0.5751218707307257	0.0	0.0	0.0	0.0	0	0	Low	0.2690238278247632	1.0
2025-08-23 16:00:00	0.2602	0.2652	0.253	0.2609	27040962.2	7011080.50748	ALGOUSDT	0.0	4.822134387351775	2.598614356037505	2.3156085719448574	0.5982886060707194	0.26902382782476325	0.26902382782476325	4.822134387351775	-30.424476127683526	50.523316411020595	-0.0022341626385357083	-0.0030533815611668647	0.0008192189226311564	0.019440888600329363	-3.370370370370369	0.2790772978210699	0.23626270217893003	0.5754415626623592	0.0	0.0	0.0	0.0	0	0	Negative	-0.5749329244921431	0.0
2025-08-24 16:00:00	0.2609	0.2827	0.2516	0.2594	117222011.0	31128667.67548	ALGOUSDT	0.0	12.36089030206678	3.5867913680440524	2.84522490300154	2.026259586794436	-0.5749329244921431	-0.5749329244921431	12.36089030206678	333.49792856113675	49.808809625204134	-0.0019048037965881393	-0.0028236660082511197	0.0009188622116629804	0.020273682271734407	-5.672727272727273	0.27756043943748343	0.24023956056251664	0.5133973265119264	0.0	0.0	0.0	0.0	0	0	Negative	-3.353893600616824	0.0
2025-08-25 16:00:00	0.2594	0.2607	0.2419	0.2507	78077156.6	19534138.89836	ALGOUSDT	0.0	7.771806531624631	3.4056923940659205	2.8320018604395436	1.1980424874787954	-3.3538936006168236	-3.3538936006168236	7.771806531624631	-33.39377482612886	45.76611247939727	-0.0023190690480925924	-0.0027227466162194143	0.0004036775681268219	0.020168419252324803	-2.602952602952618	0.2770096249608593	0.2414803750391407	0.2594939375633552	0.0	0.0	0.0	0.0	0	0	Medium	1.2365376944555435	2.0
2025-08-26 16:00:00	0.2507	0.2591	0.2488	0.2538	33775947.4	8555218.94968	ALGOUSDT	0.0	4.139871382636658	3.386141744786132	3.004872852341286	0.5725091954534121	1.2365376944555435	1.2365376944555435	4.139871382636658	-56.74029527863211	47.40422243502249	-0.002369914255988148	-0.0026521801441731613	0.00028226588818501324	0.01946353216287303	2.1327967806841155	0.2769922329517583	0.2412077670482417	0.35189104081390987	0.0	0.0	0.0	0.0	0	0	Negative	-0.9850275807722624	0.0
2025-08-27 16:00:00	0.2538	0.2566	0.2455	0.2513	36742071.8	9257494.69904	ALGOUSDT	0.0	4.521384928716904	3.4647782907302553	2.850997675159866	0.627301509714862	-0.9850275807722624	-0.9850275807722624	4.521384928716904	8.781765215562832	46.192490129549704	-0.002582172874641464	-0.002638178690266822	5.600581562535808e-05	0.0188661370083821	-3.9740160489109533	0.2769792394130009	0.2405607605869991	0.2948843488029873	0.0	0.0	0.0	0.0	0	0	Negative	-6.486271388778367	0.0
2025-08-28 16:00:00	0.2513	0.2552	0.2325	0.235	69953343.2	16920298.96584	ALGOUSDT	0.0	9.76344086021504	3.4915717627838694	2.9881948298461514	1.0416837832671022	-6.486271388778367	-6.486271388778367	9.76344086021504	90.39030673278475	39.163355886804844	-0.004019330790969389	-0.002914409110407336	-0.001104921680562053	0.01913998436492623	-14.139568871026675	0.2768368934308113	0.2370131065691887	-0.050550355147885286	0.0	0.0	0.0	0.0	0	0	Negative	-0.3404255319148915	0.0
2025-08-29 16:00:00	0.235	0.2372	0.2297	0.2342	41482655.4	9696953.55788	ALGOUSDT	0.0	3.265128428384853	2.7554818551789784	3.176759740366004	0.7976477338864798	-0.34042553191489155	-0.34042553191489155	3.265128428384853	-40.69953843178149	38.85087865818369	-0.005163322539762316	-0.003364191796278332	-0.001799130743483984	0.018308556910288647	-8.300704776820682	0.27727180833858933	0.2335281916614106	0.015357859948966867	0.0	0.0	0.0	0.0	0	0	Medium	1.2809564474807869	2.0
2025-08-30 16:00:00	0.2342	0.2397	0.2305	0.2372	28337436.0	6691720.44724	ALGOUSDT	0.0	3.9913232104121414	2.6264842446277954	3.289927577897727	0.6737657543361374	1.2809564474807869	1.2809564474807869	3.9913232104121414	-31.688471418346086	40.75972722270179	-0.005761454849616987	-0.0038436444069460634	-0.0019178104426709236	0.017657945702410884	-2.104828724721417	0.2771765505669288	0.2311434494330713	0.13156946670434244	0.0	0.0	0.0	0.0	0	0	Negative	-4.2158516020236005	0.0
2025-08-31 16:00:00	0.2372	0.2377	0.2246	0.2272	53268179.6	12308698.70254	ALGOUSDT	0.0	5.832591273374889	2.5745294306708373	2.9246159161726046	1.159094027240907	-4.2158516020236005	-4.2158516020236005	5.832591273374889	87.97812053285273	36.652503776474674	-0.006962140222299518	-0.004467343570016755	-0.002494796652282763	0.01733237815223868	-7.642276422764222	0.27664986804674335	0.22739013195325666	-0.0038597842443940803	0.0	0.0	0.0	0.0	0	0	Negative	-0.0440140845070496	0.0
2025-09-01 16:00:00	0.2272	0.2348	0.2217	0.2271	54848249.4	12511529.31514	ALGOUSDT	0.0	5.9088858818222825	2.520281656093851	2.9017784103988995	1.1063027871221112	-0.04401408450704962	-0.04401408450704962	5.9088858818222825	2.966254547959054	36.61277233149646	-0.007831484714033138	-0.005140171798820032	-0.002691312915213106	0.017030065427078776	-8.648431214802892	0.2741662204260503	0.22508377957394968	0.04107824287153454	0.0	0.0	0.0	0.0	0	0	High	4.007045354469396	3.0
2025-09-02 16:00:00	0.2271	0.2368	0.2271	0.2362	21215748.2	4931331.34718	ALGOUSDT	0.0	4.27124614707178	1.1703013620173406	2.936658698928193	0.5326514317196184	4.007045354469396	4.007045354469396	4.27124614707178	-61.31918806509803	42.69989693290695	-0.007697421455829745	-0.005651621730221974	-0.002045799725607771	0.01650648932514458	-9.81290568919436	0.2734995763950381	0.22363042360496194	0.2520511316474455	0.0	0.0	0.0	0.0	0	0	Negative	-4.233700254022008	0.0
2025-09-03 16:00:00	0.2362	0.2365	0.2256	0.2262	20608977.4	4748207.67232	ALGOUSDT	0.0	4.83156028368794	0.8790278339788572	1.9888995223132229	0.5779992238731553	-4.233700254022008	-4.233700254022008	4.83156028368794	-2.8600018923678627	38.34243668206137	-0.008302387034663794	-0.006181774791110338	-0.002120612243553456	0.016106025801919967	-13.066871637202143	0.2742230834981701	0.22067691650182988	0.10314619716006229	0.0	0.0	0.0	0.0	0	0	Medium	1.5030946065428763	2.0
2025-09-04 16:00:00	0.2262	0.2363	0.2248	0.2296	38625923.6	8925378.7468	ALGOUSDT	0.0	5.115658362989328	0.6906183893303558	1.8107477138601806	1.0241958450199924	1.5030946065428763	1.5030946065428763	5.115658362989328	87.4228053644234	40.5633151126944	-0.008410523747030496	-0.00662752458229437	-0.0017829991647361262	0.015777023958925683	-11.996933691069382	0.27285621803991794	0.21883378196008205	0.19929160588032957	0.0	0.0	0.0	0.0	0	0	Negative	-1.350174216027871	0.0
2025-09-05 16:00:00	0.2296	0.2324	0.2263	0.2265	15776718.6	3607315.97338	ALGOUSDT	0.0	2.6955368979231085	1.2001553029295011	1.9534994549538756	0.5221464221825466	-1.350174216027871	-1.350174216027871	2.6955368979231085	-59.15510328405455	39.17769317860053	-0.008646693265300348	-0.007031358318895566	-0.0016153349464047822	0.015085807961859562	-12.683114880493452	0.26852483027099006	0.21844516972900996	0.16084035282623282	0.0	0.0	0.0	0.0	0	0	High	2.428256070640179	3.0
2025-09-06 16:00:00	0.2265	0.2331	0.2249	0.232	16986574.8	3902157.65254	ALGOUSDT	0.0	3.6460649177412243	0.9713289435554537	1.9974243229659616	0.7501980060890486	2.428256070640179	2.428256070640179	3.6460649177412243	7.668617477908246	42.90419379101972	-0.008294442109924305	-0.007283975077101314	-0.001010467032822991	0.014593964536012452	-7.459114479457505	0.2672048593808802	0.21742514061911983	0.2927870977060694	0.0	0.0	0.0	0.0	0	0	High	2.844827586206894	3.0
2025-09-07 16:00:00	0.232	0.2393	0.228	0.2386	19291839.30565	4508574.410235904	ALGOUSDT	0.0	4.956140350877194	1.0449041822978757	1.0674718000974797	0.8667370591635729	2.844827586206894	2.844827586206894	4.956140350877194	13.571096779616799	47.093242268780706	-0.0073974425766818175	-0.007306668577017415	-9.07739996644022e-05	0.014358681354868705	-5.9889676910953575	0.2670725018793222	0.21718749812067786	0.4292372509967322	0.0	0.0	0.0	0.0	0	0	Negative	-2.3470243084660494	0.0
2025-09-08 16:00:00	0.2386	0.2435	0.2315	0.233	29725244.29003	7057217.401771888	ALGOUSDT	0.0	5.183585313174938	1.1041505125910316	1.0009006898016468	1.234372459870115	-2.3470243084660494	-2.3470243084660494	5.183585313174938	54.08196086997453	44.134429600525614	-0.007057087471415674	-0.007256752355897068	0.00019966488448139395	0.014190204115235226	-7.282132908873859	0.26666162822376643	0.2162983717762336	0.3316232785933084	0.0	0.0	0.0	0.0	0	0	High	2.4463519313304647	3.0
2025-09-09 16:00:00	0.233	0.243	0.2322	0.2387	22196724.42396	5243599.156800108	ALGOUSDT	0.0	4.6511627906976765	1.0379642008211698	0.9745496246600966	1.067385228136746	2.4463519313304647	2.4463519313304647	4.6511627906976765	-25.327024372328218	47.73399210709475	-0.006255303984709526	-0.00705646268165956	0.0008011586969500339	0.01394804667843271	1.5744680851063868	0.2659758203146673	0.2159941796853327	0.45428321337137295	0.0	0.0	0.0	0.0	0	0	Low	0.2094679514034354	1.0
2025-09-10 16:00:00	0.2387	0.2448	0.2348	0.2392	31374890.90621	7532131.97632422	ALGOUSDT	0.0	4.25894378194207	0.6078324553962517	0.8969667921875086	1.3119305492096616	0.20946795140343544	0.20946795140343544	4.25894378194207	41.349193272601674	48.05019745832724	-0.005515954483903213	-0.00674836104210829	0.0012324065582050778	0.013666043344258944	2.1349274124679782	0.26292678487138077	0.21677321512861922	0.4859165823223904	0.0	0.0	0.0	0.0	0	0	Medium	1.7558528428093685	2.0
2025-09-11 16:00:00	0.2392	0.2472	0.2391	0.2434	27469480.72802	6683789.251167145	ALGOUSDT	0.0	3.3877038895859455	0.7058210608541304	0.8245633406577739	1.0560458712064797	1.7558528428093685	1.7558528428093685	3.3877038895859455	-12.44756576162949	50.745807458468775	-0.004538789439295365	-0.006306446721545705	0.00176765728225034	0.013268468819669019	2.613827993254642	0.26020933017809733	0.21781066982190267	0.603541007265778	0.0	0.0	0.0	0.0	0	0	High	4.642563681183228	3.0
2025-09-12 16:00:00	0.2434	0.2607	0.2431	0.2547	39185636.17024	9894680.203218644	ALGOUSDT	0.0	7.239819004524876	1.4409457801241583	1.241908572850179	1.3066061908632465	4.642563681183228	4.642563681183228	7.239819004524876	42.65153592899569	57.18308671188978	-0.00282005569278726	-0.005609168515794016	0.0027891128230067563	0.013577863903978374	12.103873239436606	0.2587606081662543	0.2186393918337457	0.8987914989266125	0.0	0.0	0.0	0.0	0	0	Negative	-5.8500196309383465	0.0
2025-09-13 16:00:00	0.2547	0.2565	0.2386	0.2398	45409478.01298	11249449.585377833	ALGOUSDT	0.0	7.502095557418273	1.8517239387400235	1.5475593895900368	1.3707593872981336	-5.8500196309383465	-5.8500196309383465	7.502095557418273	15.882967462109931	48.23180597795845	-0.0026299360259471605	-0.005013322017824645	0.0023833859918774847	0.013886587910837061	5.592250110083671	0.2554154909510866	0.2200245090489134	0.5587720342359949	0.0	0.0	0.0	0.0	0	0	Negative	-3.8365304420350346	0.0
2025-09-14 16:00:00	0.2398	0.2435	0.2286	0.2306	48808183.66808	11545127.18062264	ALGOUSDT	0.0	6.517935258092737	1.849183423494259	1.634044569332919	1.269408981619766	-3.8365304420350346	-3.8365304420350346	6.517935258092737	7.484573273730442	43.68471795280652	-0.003184914223996138	-0.004647640459058943	0.0014627262350628053	0.013958974488634413	-2.3708721422523262	0.2536127246989051	0.2198172753010949	0.31905847950060895	0.0	0.0	0.0	0.0	0	0	High	3.0789245446660862	3.0
2025-09-15 16:00:00	0.2306	0.2384	0.2282	0.2377	26930761.5102	6285027.966904556	ALGOUSDT	0.0	4.469763365468894	1.8077325891937546	1.4404047660758532	0.7169929144403497	3.0789245446660862	3.0789245446660862	4.469763365468894	-44.82326633307518	47.776574482039535	-0.0030170491173507896	-0.004321522190717313	0.0013044730733665234	0.013690476310874814	5.0839964633068	0.25090185111985797	0.220918148880142	0.5596990987200041	0.0	0.0	0.0	0.0	0	0	Negative	-1.5986537652503148	0.0
2025-09-16 16:00:00	0.2377	0.2402	0.233	0.2339	19214662.82002	4549069.032091436	ALGOUSDT	0.0	3.0901287553648	1.9099785443794814	1.5150379806651495	0.5350821377774657	-1.5986537652503148	-1.5986537652503148	3.0901287553648	-28.651617174870953	45.85613123598524	-0.0031542824484138143	-0.004088074242256614	0.0009337917938427994	0.01322687086009804	1.872822299651567	0.24827501416697342	0.22180498583302657	0.4569324223753099	0.0	0.0	0.0	0.0	0	0	Very High	6.412997007268069	4.0
2025-09-17 16:00:00	0.2339	0.2493	0.2317	0.2489	43060538.04854	10398571.473822469	ALGOUSDT	0.0	7.596029348295212	1.9839998466726791	1.7008099101771073	1.1738002198260094	6.412997007268069	6.412997007268069	7.596029348295212	124.10249116458438	53.75777641691636	-0.0020292740046778668	-0.0036763141947408645	0.0016470401900629977	0.013539237227233894	9.889624724061811	0.2502833023064544	0.22118669769354554	0.9524582911010626	0.0	0.0	0.0	0.0	0	0	Negative	-4.298915226998801	0.0
2025-09-18 16:00:00	0.2489	0.2508	0.2364	0.2382	33996234.34081	8291799.996139653	ALGOUSDT	0.0	6.091370558375645	1.7772203149962367	1.7127693535612052	0.9882029870579502	-4.298915226998801	-4.298915226998801	6.091370558375645	-21.050140380299624	48.33853020557845	-0.001978292756683264	-0.003336709907129345	0.0013584171504460807	0.013600720282431474	2.672413793103441	0.25050335955075204	0.221366640449248	0.5777369611214414	0.0	0.0	0.0	0.0	0	0	Negative	-0.1679261125104885	0.0
2025-09-19 16:00:00	0.2382	0.2392	0.2323	0.2378	20297462.23215	4784406.103290578	ALGOUSDT	0.0	2.970297029702966	1.9910096624285198	1.8777344939822274	0.7072303300378928	-0.16792611251048856	-0.16792611251048856	2.970297029702966	-40.29496905842782	48.1431444334556	-0.001947714368577158	-0.003058910799418908	0.00111119643084175	0.013122097405114939	-0.3352891869237197	0.2505461213560544	0.22138387864394554	0.5629238299027699	0.0	0.0	0.0	0.0	0	0	Negative	-2.144659377628268	0.0
2025-09-20 16:00:00	0.2378	0.2385	0.2312	0.2327	21977797.95479	5177074.078933667	ALGOUSDT	0.0	3.1574394463667823	2.133963856131013	1.976128491661488	0.793154895969296	-2.1446593776282676	-2.1446593776282676	3.1574394463667823	8.2785508031563	45.611687723907984	-0.0023083983736953972	-0.002908808314274206	0.000600409940578809	0.012706233304749586	-0.12875536480687658	0.2503493444213396	0.22213065557866038	0.3745512231367056	0.0	0.0	0.0	0.0	0	0	Negative	-8.637730984099692	0.0
2025-09-21 16:00:00	0.2327	0.2332	0.2011	0.2126	80705741.88585	17505016.31820812	ALGOUSDT	0.0	15.962207856787664	5.300588480025015	3.8270651371062283	2.0172625421086336	-8.637730984099692	-8.637730984099692	15.962207856787664	267.21486862272485	37.28956784572679	-0.004168097826438261	-0.0031606662167070173	-0.0010074316097312434	0.014091502354410328	-10.934227063259314	0.2526039759786825	0.21842602402131753	-0.17046147260623296	0.0	0.0	0.0	0.0	0	0	Medium	1.8814675446848423	2.0
2025-09-22 16:00:00	0.2126	0.2177	0.2088	0.2166	33717934.79215	7203274.956558893	ALGOUSDT	0.0	4.262452107279689	5.439160270689099	3.87514502478122	0.8840794074373842	1.8814675446848426	1.8814675446848426	4.262452107279689	-58.2211451078158	39.64943618751189	-0.0052585393027873295	-0.00358024083392308	-0.0016782984688642495	0.013720680757666732	-9.44816053511706	0.25349952214003785	0.2155704778599621	0.02714337151328347	0.0	0.0	0.0	0.0	0	0	Negative	-0.2308402585410898	0.0
2025-09-23 16:00:00	0.2166	0.2187	0.2075	0.2161	32851614.01816	7033354.383750857	ALGOUSDT	0.0	5.397590361445791	5.460639048273497	3.8513517727081785	0.8665660391148194	-0.2308402585410898	-0.2308402585410898	5.397590361445791	-2.5693174250745905	39.4495948973778	-0.006092833458869545	-0.004082759358912373	-0.0020100740999571725	0.01354063213211911	-11.216105176663934	0.25434522581710545	0.21371477418289458	0.05870537296949563	0.0	0.0	0.0	0.0	0	0	Negative	-3.5168903285515944	0.0
2025-09-24 16:00:00	0.2161	0.2183	0.2021	0.2085	47215093.12841	9854804.12974186	ALGOUSDT	0.0	8.015833745670456	5.1365227452455855	3.9045896794257633	1.090578133476795	-3.5168903285515944	-3.5168903285515944	8.015833745670456	43.72229352965741	36.44289968797831	-0.007283316533191836	-0.004722870793768266	-0.00256044573942357	0.013730586979824887	-18.13898704358068	0.2560983107491117	0.20985168925088826	-0.029227848588684394	0.0	0.0	0.0	0.0	0	0	Negative	-1.6306954436450771	0.0
2025-09-25 16:00:00	0.2085	0.209	0.1999	0.2051	46002601.31442	9378919.138339864	ALGOUSDT	0.0	4.552276138069033	4.882894772393933	3.9008441468707598	0.9564229344950197	-1.6306954436450773	-1.6306954436450773	4.552276138069033	-2.568017414881309	35.152130706462785	-0.008404255505573194	-0.005459147736129252	-0.0029451077694439415	0.013399830766980253	-14.470391993327775	0.257926642915081	0.20588335708491895	-0.015052029717634495	0.0	0.0	0.0	0.0	0	0	Medium	1.1214041930765462	2.0
2025-09-26 16:00:00	0.2051	0.2108	0.2043	0.2074	14511108.1406	3012259.231152894	ALGOUSDT	0.0	3.1815956926088975	1.821454114209857	3.893077023299891	0.41627209966603196	1.1214041930765462	1.1214041930765462	3.1815956926088975	-68.45589656676363	36.783307253460016	-0.009003233270195976	-0.006167964842942597	-0.0028352684272533787	0.012906985712195949	-10.060711188204682	0.25880277097460774	0.20254722902539227	0.08626298505822873	0.1779	0.999986469745636	5.621027817413258	0.7533605288219452	0	0	Negative	-1.7357762777242003	0.0
2025-09-27 16:00:00	0.2074	0.2079	0.2	0.2038	10973981.1904	2234643.791353522	ALGOUSDT	0.0	3.9499999999999953	1.8615174494762345	3.910042772775227	0.36204759974903217	-1.7357762777242005	-1.7357762777242005	3.9499999999999953	-24.375305565421463	35.28713695618657	-0.00965709638184975	-0.006865791150724028	-0.002791305231125722	0.012549343875610523	-14.261674379469913	0.25911699960241175	0.19875300039758817	0.08360943060261226	0.0	0.0	0.0	0.0	0	0	Medium	1.8155053974484696	2.0
2025-09-28 16:00:00	0.2038	0.2099	0.2033	0.2075	45468896.01099	9351402.98372732	ALGOUSDT	0.0	3.246433841613377	1.9960041130314847	3.9855463561680593	1.3847971851961964	1.8155053974484696	1.8155053974484696	3.246433841613377	314.33364265984005	38.075053693460035	-0.00976417321996198	-0.007445467564571619	-0.002318705655390361	0.012124390741638343	-11.286874732791794	0.2591724991074968	0.19614750089250327	0.18012692469693692	0.0	0.0	0.0	0.0	0	0	Negative	-2.216867469879515	0.0
2025-09-29 16:00:00	0.2075	0.2108	0.2012	0.2029	35784311.68374	7367732.391649352	ALGOUSDT	0.0	4.771371769383697	0.728418086496942	3.899826102265703	1.1714056965950688	-2.216867469879515	-2.216867469879515	4.771371769383697	-21.29936105092414	35.998630121932976	-0.010103744267258324	-0.007977122905108961	-0.002126621362149363	0.011944077117235604	-18.48131779831258	0.2587098599266194	0.19303014007338054	0.15027256432691297	0.0	0.0	0.0	0.0	0	0	Very High	7.737801872843761	4.0
2025-09-30 16:00:00	0.2029	0.2191	0.2024	0.2186	41673337.40334	8818503.109680373	ALGOUSDT	0.0	8.250988142292487	2.0972322523495057	3.87066605569456	1.4039781167984116	7.737801872843761	7.737801872843761	8.250988142292487	16.457004319789416	46.68543336136987	-0.009002225922350782	-0.008182143508557326	-0.0008200824137934559	0.012283785894575917	-8.228379513014277	0.25723206075568494	0.19244793924431508	0.40368010162945744	0.0	0.0	0.0	0.0	0	0	Medium	1.2808783165599382	2.0
2025-10-01 16:00:00	0.2186	0.2255	0.2171	0.2214	39379765.48579	8728276.033810424	ALGOUSDT	0.0	3.869184707508069	1.994434481823094	1.8060565837456566	1.1363024924118834	1.2808783165599382	1.2808783165599382	3.869184707508069	-5.50369147388271	48.3421119259327	-0.007813261681498984	-0.008108367143145659	0.0002951054616466744	0.012006372616391925	-6.89655172413793	0.2550110345207827	0.19246896547921727	0.4625851840871331	0.0	0.0	0.0	0.0	0	0	High	2.5293586269196	3.0
2025-10-02 16:00:00	0.2214	0.2276	0.2201	0.227	34921889.97879	7814467.122057827	ALGOUSDT	0.0	3.407542026351661	2.0668667430381977	1.8615866022069982	0.8853168532483006	2.5293586269195996	2.5293586269195996	3.407542026351661	-11.32021852341554	51.582586610426794	-0.006345973325486948	-0.007755888379613917	0.0014099150541269697	0.011684488858078216	-2.4495058014611013	0.2502946832480253	0.19441531675197474	0.5831254949951571	0.0	0.0	0.0	0.0	0	0	Negative	-4.625550660792956	0.0
2025-10-03 16:00:00	0.227	0.2309	0.216	0.2165	43321066.96493	9684273.339371515	ALGOUSDT	0.0	6.898148148148146	2.0659899949742027	1.9668522371104329	1.110338949740156	-4.625550660792956	-4.625550660792956	6.898148148148146	24.051324230278727	45.78341305070268	-0.0059616764844463155	-0.007397046000580398	0.0014353695161340822	0.011914168225358344	1.8344308560677265	0.24804493623153825	0.19433506376846185	0.4126789957800726	0.0	0.0	0.0	0.0	0	0	High	3.3718244803695154	3.0
2025-10-04 16:00:00	0.2165	0.2306	0.2159	0.2238	39279210.71937	8792149.399988675	ALGOUSDT	0.0	6.808707735062525	2.1018837791894684	1.7913880037701413	0.9890257384551976	3.3718244803695154	3.3718244803695154	6.808707735062525	-9.33000161060675	49.99275461226672	-0.005010313700332447	-0.006919699540530808	0.001909385840198361	0.012113156209261318	3.3240997229916953	0.2473901205724462	0.1943098794275538	0.5555762358341108	0.0	0.0	0.0	0.0	0	0	High	2.636282394995527	3.0
2025-10-05 16:00:00	0.2238	0.2304	0.2163	0.2297	34344314.40376	7631461.238340695	ALGOUSDT	0.0	6.518723994452151	1.7134227865936873	1.8565013543107138	0.8979081901804851	2.636282394995527	2.636282394995527	6.518723994452151	-12.563634108809685	53.1581629841044	-0.003737191134997292	-0.006283197859424106	0.0025460067244268136	0.01225507362288551	6.293382693197594	0.2461913674850421	0.19470863251495796	0.6796718842807203	0.0	0.0	0.0	0.0	0	0	Negative	-4.005224205485409	0.0
2025-10-06 16:00:00	0.2297	0.2312	0.2188	0.2205	62503472.93897	14114379.61530285	ALGOUSDT	0.0	5.667276051188297	1.4545968381497651	1.7349804723180968	1.4578412571219008	-4.005224205485409	-4.005224205485409	5.667276051188297	81.99074293393711	48.050574513594775	-0.0034310444968002896	-0.005712767186899342	0.0022817226900990525	0.012265425506965117	5.7553956834532425	0.24477284697668478	0.19478715302331523	0.5144041213206256	0.0	0.0	0.0	0.0	0	0	Low	0.136054421768705	1.0
2025-10-07 16:00:00	0.2205	0.2236	0.2156	0.2208	46657094.93906	10227304.032489836	ALGOUSDT	0.0	3.7105751391465582	1.3276361432291155	1.7577780010790631	1.0317565274949358	0.13605442176870508	0.13605442176870508	3.7105751391465582	-25.35279602044323	48.225270081301346	-0.003128154173463016	-0.005195844584212077	0.002067690410749061	0.011960752256467607	7.654802535348606	0.23952587468640435	0.19722412531359562	0.557326234398211	0.0	0.0	0.0	0.0	0	0	Negative	-2.355072463768108	0.0
2025-10-08 16:00:00	0.2208	0.2277	0.2126	0.2156	52218569.48305	11475107.226049008	ALGOUSDT	0.0	7.102539981185325	1.3677958734233586	1.6745890994965407	1.1110208057016928	-2.355072463768108	-2.355072463768108	7.102539981185325	11.919890321619857	45.37686101422386	-0.0032700132742846666	-0.004810678322226595	0.0015406650479419283	0.012184984238148493	3.9537126325940273	0.2363548377805773	0.19813516221942268	0.4569593415996469	0.0	0.0	0.0	0.0	0	0	Negative	-1.345083487940637	0.0
2025-10-09 16:00:00	0.2156	0.2258	0.2097	0.2127	64874237.39785	14145344.235072749	ALGOUSDT	0.0	7.677634716261328	1.5459382727589588	1.746086109619236	1.2447201202415366	-1.345083487940637	-1.345083487940637	7.677634716261328	24.235952918832808	43.822319274957856	-0.0035752303672442476	-0.004563588731230125	0.0009883583639858778	0.012464628221137888	4.367026496565256	0.23267878665451683	0.19930121334548315	0.4014308209425895	0.0	0.0	0.0	0.0	0	0	Negative	-10.48425011753643	0.0
2025-10-10 16:00:00	0.2127	0.2155	0.0969	0.1904	282675339.60076	48517139.55359171	ALGOUSDT	0.0	122.39422084623324	52.05792837484822	36.92205562115155	2.7771604512078745	-10.48425011753643	-10.48425011753643	122.39422084623324	335.7281887835003	34.13750559062021	-0.005552534581189872	-0.004761377901222075	-0.0007911566799677968	0.020045726205342323	-8.240963855421676	0.2321984139832068	0.19555158601679318	-0.1405738587119882	0.0	0.0	0.0	0.0	0	0	High	4.72689075630251	3.0
2025-10-11 16:00:00	0.1904	0.1996	0.1763	0.1994	65888938.07845	12325931.045159783	ALGOUSDT	0.0	13.216108905275092	51.304831161384925	36.65867674074613	0.643052063704951	4.72689075630251	4.72689075630251	13.216108905275092	-76.69094935146835	39.90947765519389	-0.006320479084068187	-0.005073198137791298	-0.0012472809462768892	0.020278174333532156	-1.7249876786594398	0.23259501805984653	0.19383498194015344	0.14357618353763843	0.0	0.0	0.0	0.0	0	0	High	3.410230692076229	3.0
2025-10-12 16:00:00	0.1994	0.2078	0.1986	0.2062	60416796.85836	12273700.999847611	ALGOUSDT	0.0	4.632426988922464	51.184569221744965	36.60524565304916	0.5742234978046833	3.410230692076229	3.410230692076229	4.632426988922464	-8.3050985183198	43.90919073619547	-0.006307666611006263	-0.005320091832434291	-0.0009875747785719723	0.01948687616685129	-5.6724611161939595	0.23224119911900976	0.19314880088099023	0.33385516640718005	0.0	0.0	0.0	0.0	0	0	Negative	-1.2609117361784632	0.0
2025-10-13 16:00:00	0.2062	0.2148	0.1908	0.2036	67136351.13858	13428947.2795456	ALGOUSDT	0.0	12.578616352201255	50.60052265936752	36.44959017765661	0.6204933987069288	-1.2609117361784632	-1.2609117361784632	12.578616352201255	11.121996910847807	42.73784632189894	-0.00643315351546192	-0.005542704169039817	-0.0008904493464221034	0.01980924215493334	-8.039747064137313	0.23193747090094707	0.192202529099053	0.28683748821808297	0.0	0.0	0.0	0.0	0	0	Negative	-3.1434184675835053	0.0
2025-10-14 16:00:00	0.2036	0.2087	0.196	0.1972	70408575.93224	14268231.231753375	ALGOUSDT	0.0	6.479591836734688	50.747702965704214	36.46199847543439	0.6441466254581869	-3.1434184675835053	-3.1434184675835053	6.479591836734688	4.873998568831381	39.91518584049609	-0.006968698486013114	-0.005827903032434476	-0.0011407954535786382	0.019301439143866672	-13.127753303964768	0.23236438397939826	0.19064561602060173	0.15710876183763814	0.0	0.0	0.0	0.0	0	0	Negative	-3.701825557809317	0.0
2025-10-15 16:00:00	0.1972	0.1997	0.1888	0.1899	56425977.96609	10994187.529556038	ALGOUSDT	0.0	5.773305084745759	4.041823422583006	36.49109528480507	0.8808943726073808	-3.701825557809317	-3.701825557809317	5.773305084745759	-19.859225642635643	36.91992665311358	-0.007891205816376423	-0.006240563589222866	-0.0016506422271535572	0.018701336347876192	-12.286374133949185	0.2335036005720909	0.18798639942790912	0.04204126185239962	0.0	0.0	0.0	0.0	0	0	Negative	-6.319115323854666	0.0
2025-10-16 16:00:00	0.1899	0.1945	0.1695	0.1779	71426056.91948	12886990.439781863	ALGOUSDT	0.0	14.749262536873154	4.515983174787557	36.236650821208784	1.0961178738938888	-6.319115323854666	-6.319115323854666	14.749262536873154	26.583640185030568	32.590500355670144	-0.009481304655648226	-0.006888711802507938	-0.002592592853140288	0.019151240894456464	-20.509383378016086	0.23615442671882692	0.18238557328117305	-0.08342326448106557	0.0	0.0	0.0	0.0	2025-10-22 17:57:41.425671+00:00	2025-10-22 17:57:41.429810+00:00	Low	0.0562113546936419	1.0
2025-10-17 16:00:00	0.1779	0.1814	0.176	0.178	12902444.25	2302898.55055	ALGOUSDT	0.0	3.0681818181818277	4.916948214989861	36.2689598288854	0.23180869168709986	0.05621135469364193	0.05621135469364193	3.0681818181818277	-81.93594213867192	32.661366247858425	-0.010611082325668597	-0.00763318590714007	-0.0029778964185285268	0.018169009401995288	-22.507618632999566	0.23807475701845712	0.17788524298154287	0.00190659486612132	0.0	0.0	0.0	0.0	2025-10-22 17:57:41.425671+00:00	2025-10-22 17:57:41.429810+00:00	High	4.438202247191022	3.0
2025-10-18 16:00:00	0.178	0.1873	0.1764	0.1859	10724270.1	1944461.82442	ALGOUSDT	0.0	6.1791383219954605	4.405889331132532	36.30594310523828	0.2416602681538795	4.438202247191022	4.438202247191022	6.1791383219954605	-16.881872208050815	38.1896360601706	-0.01074511232553449	-0.008255571190818954	-0.0024895411347155352	0.01764979444470991	-15.691609977324259	0.23849886073895663	0.17530113926104338	0.16770953906401187	0.0	0.0	0.0	0.0	2025-10-22 17:57:41.425671+00:00	2025-10-22 17:57:41.429810+00:00	Medium	1.1834319526627108	2.0
2025-10-19 16:00:00	0.1859	0.1911	0.1793	0.1881	9403010.6	1759020.7535	ALGOUSDT	0.0	6.58114891243726	4.401682479584183	36.34783372053346	0.29223358227838875	1.1834319526627108	1.1834319526627108	6.58114891243726	-12.32027436533886	39.67489872057127	-0.0105521715866769	-0.008714891269990544	-0.0018372803166863561	0.017231951984373488	-14.809782608695658	0.23877572626816665	0.17354427373183343	0.22313969262081323	0.0	0.0	0.0	0.0	2025-10-22 17:57:41.425671+00:00	2025-10-22 17:57:41.429810+00:00	High	2.4986709197235566	3.0
2025-10-20 16:00:00	0.1881	0.1933	0.1773	0.1928	17588232.2	3248702.72022	ALGOUSDT	0.0	9.024252679075005	4.365245161366948	3.979311162404897	0.7205692279994567	2.4986709197235566	2.4986709197235566	9.024252679075005	87.0489457918935	42.835213957952426	-0.009905825747552832	-0.008953078165503003	-0.0009527475820498288	0.017143955414061097	-10.575139146567725	0.23745644503470686	0.17228355496529307	0.3148002952278999	0.0	0.0	0.0	0.0	2025-10-22 17:57:41.425671+00:00	2025-10-22 17:57:41.429810+00:00	Negative	-5.809128630705388	0.0
2025-10-21 16:00:00	0.1928	0.1952	0.1773	0.1816	30419503.3	5600319.26481	ALGOUSDT	0.0	10.095882684715171	2.738156521635531	3.653760604694077	1.876879108197672	-5.809128630705388	-5.809128630705388	10.095882684715171	72.95372811828128	37.75881702569696	-0.010179989825190056	-0.009198460497440414	-0.0009815293277496417	0.017197958598771018	-14.621532675129284	0.23604151986866664	0.16971848013133337	0.1791461898568339	0.0	0.0	0.0	0.0	2025-10-22 17:57:41.425671+00:00	2025-10-22 17:57:41.429810+00:00	Low	0.4955947136563789	1.0
2025-10-22 16:00:00	0.1816	0.1842	0.1744	0.1825	23194885.7	4167098.94917	ALGOUSDT	0.0	5.619266055045873	1.948594120662375	3.567524698693109	1.2698407212457552	0.4955947136563789	0.4955947136563789	5.619266055045873	-23.7499525510004	38.39066172556475	-0.010206984588863766	-0.009400165315725085	-0.0008068192731386804	0.016669532984573087	-4.1491596638655555	0.2330061653576802	0.16830383464231974	0.21940732583702827	0.200438	0.0	200438000.0	0.100219	2025-10-23 19:17:44.573742+00:00	2025-10-23 19:17:44.577770+00:00	Negative	-0.6575342465753462	0.0
2025-10-23 16:00:00	0.1825	0.1873	0.1805	0.1813	21412823.1	3924945.81222	ALGOUSDT	0.0	3.767313019390582	2.55991562788128	3.3992654518778487	1.0494583122724794	-0.6575342465753462	-0.6575342465753462	3.767313019390582	-7.682997980886785	37.83909673913757	-0.010207541915515678	-0.009561640635683204	-0.000645901279832474	0.015964566342817867	-9.077231695085258	0.2314360187302114	0.16635398126978856	0.22964890641753916	0.197074	0.0	197074000.0	0.098537	2025-10-24 23:31:47.083390+00:00	2025-10-24 23:31:47.087523+00:00	High	2.040816326530617	3.0
2025-10-24 16:00:00	0.1813	0.1862	0.1803	0.185	9767314.3	1794225.80753	ALGOUSDT	0.0	3.2723239046034482	3.0765008581344415	3.612462711825482	0.4769999574908898	2.040816326530617	2.040816326530617	3.2723239046034482	-54.38567696381894	40.669536981208694	-0.00979649660829976	-0.009608611830206516	-0.00018788477809324362	0.015245668746902306	-10.281280310378273	0.2279134544187847	0.1659965455812153	0.30691865559111947	0.196979	0.0	196979000.0	0.0984895	2025-10-25 23:30:40.397516+00:00	2025-10-25 23:30:40.401519+00:00	High	2.5405405405405457	3.0
2025-10-25 16:00:00	0.185	0.1908	0.1824	0.1897	15760299.2	2948394.1684	ALGOUSDT	0.0	4.605263157894732	2.7339414657449517	3.668267883354879	0.7836669750039329	2.5405405405405457	2.5405405405405457	4.605263157894732	61.35755148168006	44.148519003706575	-0.008987882802266756	-0.009484466024618565	0.0004965832223518089	0.014756692407837854	-6.8271119842829044	0.22213046503741873	0.16777953496258124	0.40331352209126486	0.2003879999999999	0.0	200388000.0	0.1001939999999999	2025-10-26 23:32:13.564633+00:00	2025-10-26 23:32:13.568468+00:00	Negative	-0.2635740643120719	0.0
2025-10-26 16:00:00	0.1897	0.1934	0.1855	0.1892	22545310.4	4275155.93105	ALGOUSDT	0.0	4.258760107816706	0.8909429979085215	2.384906373351644	1.2162902724767446	-0.2635740643120719	-0.2635740643120719	4.258760107816706	43.05128420404608	43.853914324461456	-0.008291813492101119	-0.009245935518115075	0.0009541220260139566	0.014266928664420864	-4.056795131845831	0.2179831616511576	0.1687968383488424	0.4148137181499237	0.207807	0.0	207807000.0	0.1039035	2025-10-27 23:31:40.090808+00:00	2025-10-27 23:31:40.094471+00:00	Low	0.3171247357293812	1.0
2025-10-27 16:00:00	0.1892	0.199	0.184	0.1898	32483286.0	6195797.84891	ALGOUSDT	0.0	8.152173913043486	1.9343956527046209	2.314911682277226	1.5928015125925545	0.31712473572938127	0.31712473572938127	8.152173913043486	44.08001231156259	44.333956927261625	-0.007604103195052808	-0.008917569053502623	0.0013134658584498145	0.014319290902676517	-0.052659294365464314	0.2129948954145363	0.1706851045854637	0.4517842097532126	0.163811	0.0	163811000.0	0.0819055	2025-10-28 23:33:32.648959+00:00	2025-10-28 23:33:32.652848+00:00	Negative	-4.056902002107473	0.0
2025-10-28 16:00:00	0.1898	0.1919	0.1806	0.1821	25823264.3	4761868.56982	ALGOUSDT	0.0	6.256921373200431	1.918885853956257	2.3151304077200536	1.2137334055369873	-4.056902002107473	-4.056902002107473	6.256921373200431	-20.502918639450453	39.6488929896536	-0.00759288739884631	-0.00865263272257136	0.001059745323725051	0.014103627266771048	2.360876897133226	0.20866832672791485	0.17166167327208515	0.2820662165622139	0.1702779999999999	0.0	170277999.99999997	0.0851389999999999	2025-10-29 23:33:51.874588+00:00	2025-10-29 23:33:51.878560+00:00	Negative	-5.107084019769359	0.0
2025-10-29 16:00:00	0.1821	0.1896	0.1723	0.1728	33336497.7	6086244.01959	ALGOUSDT	0.0	10.04062681369703	2.4395466660189236	2.622562665870136	1.2826795719050204	-5.107084019769359	-5.107084019769359	10.04062681369703	29.094824390578683	34.85759333795694	-0.008239451804680525	-0.008569996538993194	0.0003305447343126683	0.01433193960485883	-2.921348314606732	0.20505775888032418	0.17128224111967583	0.04493665770218078	0.2043099999999999	0.0	204310000.0	0.1021549999999999	2025-10-30 23:36:46.821467+00:00	2025-10-30 23:36:46.825589+00:00	High	2.719907407407397	3.0
2025-10-30 16:00:00	0.1728	0.179	0.1671	0.1775	17080450.9	2953295.51467	ALGOUSDT	0.0	7.1214841412327905	2.1515382698578365	2.4852489647503493	0.6505906083510123	2.719907407407397	2.719907407407397	7.1214841412327905	-48.76351123111532	38.877560789013764	-0.008277193697517282	-0.008511435970698013	0.0002342422731807306	0.0141582296330832	-4.51855836471222	0.20499805067811477	0.17005194932188522	0.21312965936290537	0.2211459999999999	0.0	221146000.0	0.1105729999999999	2025-10-31 23:31:06.922810+00:00	2025-10-31 23:31:06.926995+00:00	Low	0.45070422535211	1.0
2025-10-31 16:00:00	0.1775	0.1792	0.1728	0.1783	7113671.3	1255197.99115	ALGOUSDT	0.0	3.703703703703697	2.344690521458208	2.213020003841284	0.3070547773101593	0.45070422535211	0.45070422535211	3.703703703703697	-58.35197008762807	39.56123800905194	-0.008148618899055854	-0.008438872556369582	0.0002902536573137285	0.013604070373577257	-5.209994683678896	0.2034897649807501	0.16945023501924988	0.25998493489068336	0.1860279999999999	0.0	186028000.0	0.0930139999999999	2025-11-01 23:19:40.923425+00:00	2025-11-01 23:19:40.927089+00:00	Negative	-2.019068984856978	0.0
2025-11-01 16:00:00	0.1783	0.181	0.1745	0.1747	7893755.4	1408900.87089	ALGOUSDT	0.0	3.7249283667621813	2.6436537665145474	2.298213387984581	0.4325457312980185	-2.019068984856978	-2.019068984856978	3.7249283667621813	10.96598461050626	37.52704571089784	-0.008242201391440135	-0.008399538323383693	0.00015733693194355802	0.013096636775464595	-9.387966804979255	0.20004762023545655	0.16974237976454346	0.16358953627887732	0.228303	0.0	228303000.0	0.1141515	2025-11-02 23:19:58.150707+00:00	2025-11-02 23:19:58.154769+00:00	Negative	-9.273039496279331	0.0
2025-11-02 16:00:00	0.1747	0.1788	0.1531	0.1585	39210156.6	6382024.82214	ALGOUSDT	0.0	16.786414108425845	5.4427040102384625	4.152891569351262	1.8736719077346982	-9.273039496279333	-9.273039496279333	16.786414108425845	396.7237343077542	30.04125886408228	-0.009513900479303117	-0.008622410754567577	-0.0008914897247355395	0.013996877005788552	-12.720264317180622	0.19933208195522556	0.16594791804477443	-0.22309733635242587	0.240282	0.0	240282000.0	0.120141	2025-11-03 23:20:52.227392+00:00	2025-11-03 23:20:52.231264+00:00	Negative	-0.0630914826498353	0.0
2025-11-03 16:00:00	0.1585	0.1632	0.1528	0.1584	22798942.1	3611530.26175	ALGOUSDT	0.0	6.806282722513103	5.372206124893723	3.9662455770752083	1.21145986813181	-0.06309148264983533	-0.06309148264983533	6.806282722513103	-41.85449873974744	30.0014751469443	-0.010409802608206564	-0.008979889125295374	-0.0014299134829111899	0.013739957219660799	-13.205479452054785	0.19910347793217265	0.16229652206782735	-0.10586374168481238	0.203421	0.0	203421000.0	0.1017105	2025-11-04 23:21:23.641098+00:00	2025-11-04 23:21:23.645114+00:00	Medium	1.7676767676767655	2.0
2025-11-04 16:00:00	0.1584	0.1612	0.1446	0.1612	36694241.4	5610487.64119	ALGOUSDT	0.0	11.479944674965424	5.617365356602841	4.071394463777684	1.6134901923816773	1.7676767676767655	1.7676767676767655	11.479944674965424	60.94712306848656	32.68937788701086	-0.01076972817805169	-0.009337856935846638	-0.0014318712422050524	0.013944245989685028	-11.086596800882505	0.1990026062378386	0.1595273937621614	0.042371050918831296	0.167675	0.0	167675000.0	0.0838375	2025-11-05 23:21:30.585324+00:00	2025-11-05 23:21:30.589350+00:00	Negative	-3.349875930521101	0.0
2025-11-05 16:00:00	0.1612	0.1627	0.1548	0.1558	19373892.7	3096177.93009	ALGOUSDT	0.0	5.103359173126627	5.346946905227656	3.997088939992639	0.7689823258844614	-3.349875930521101	-3.349875930521101	5.103359173126627	-47.201817067677545	30.27487652546037	-0.011359758431599254	-0.009742237234997161	-0.0016175211966020925	0.013512514133278955	-15.783783783783786	0.20039595286917036	0.15592404713082966	-0.0027893369706152157	0.220444	0.0	220444000.0	0.110222	2025-11-06 23:21:14.528155+00:00	2025-11-06 23:21:14.532087+00:00	Very High	10.141206675224652	4.0
2025-11-06 16:00:00	0.1558	0.1719	0.1531	0.1716	21769279.5	3525856.09775	ALGOUSDT	0.0	12.279555845852371	4.647929577050912	4.230297055183663	0.7783275800722278	10.141206675224652	10.141206675224652	12.279555845852371	12.363993323861038	43.438851032338874	-0.010432178049830543	-0.009880225397963838	-0.0005519526518667044	0.0138901916951876	-9.541381128096997	0.20025940231139014	0.15542059768860986	0.3608348270544712	0.183503	0.0	183503000.0	0.0917515	2025-11-07 23:20:38.593911+00:00	2025-11-07 23:20:38.598055+00:00	High	2.097902097902093	3.0
2025-11-07 16:00:00	0.1716	0.1865	0.1711	0.1752	35860196.9	6456269.91956	ALGOUSDT	0.0	9.000584453535943	3.03644535755449	4.169415239530791	1.3135935017013758	2.097902097902093	2.097902097902093	9.000584453535943	64.72845093472202	45.943108106198466	-0.009299376576366952	-0.009764055633644462	0.00046467905727750995	0.013998035145531343	-7.399577167019034	0.1994383662148342	0.15517163378516577	0.45244735980130346	0.0	0.0	0.0	0.0	2025-11-09 23:19:59.449577+00:00	2025-11-09 23:19:59.453447+00:00	Medium	1.7694063926940593	2.0
2025-11-08 16:00:00	0.1752	0.1805	0.1696	0.1783	16939470.9	2962160.46083	ALGOUSDT	0.0	6.426886792452827	3.1068314951121696	4.187696263781845	0.6483408354834849	1.7694063926940593	1.7694063926940593	6.426886792452827	-52.76247102814988	48.07507492490993	-0.00805858480568905	-0.009422961468053381	0.0013643766623643305	0.01377674692085053	-6.059009483667023	0.19839779638971664	0.15523220361028336	0.5344024002540174	0.178135	0.0	178135000.0	0.0890675	2025-11-09 23:19:59.449577+00:00	2025-11-09 23:19:59.453447+00:00	High	4.542905215928225	3.0
2025-11-09 16:00:00	0.1783	0.1906	0.1761	0.1864	29370300.5	5365000.51538	ALGOUSDT	0.0	8.233957978421342	2.739415361259591	4.169319483406346	1.190882836205117	4.542905215928225	4.542905215928225	8.233957978421342	73.38381271400868	53.26197342199712	-0.006348464930591657	-0.008808062160561037	0.0024595972299693795	0.013828407855075492	2.3613399231191643	0.1972959110377398	0.15569408896226022	0.7380905331989792	0.187861	0.0	187861000.0	0.0939305	2025-11-10 23:22:10.841963+00:00	2025-11-10 23:22:10.845850+00:00	Negative	-2.8969957081545146	0.0
2025-11-10 16:00:00	0.1864	0.1921	0.1786	0.181	20152717.0	3736664.21239	ALGOUSDT	0.0	7.55879059350503	2.2130391313129887	3.8581173592509863	0.8120073299056995	-2.8969957081545146	-2.8969957081545146	7.55879059350503	-31.38402856994943	49.697772189249314	-0.0053670494736852425	-0.008119859623185878	0.0027528101495006355	0.013804950151141528	4.745370370370361	0.197238085952741	0.15569191404725902	0.6091556644572973	0.1317439999999999	0.0	131743999.99999996	0.0658719999999999	2025-11-11 23:21:03.208128+00:00	2025-11-11 23:21:03.212033+00:00	Negative	-2.762430939226522	0.0
2025-11-11 16:00:00	0.181	0.1841	0.1752	0.176	22356030.0	4016383.03959	ALGOUSDT	0.0	5.079908675799097	1.542269431513923	3.682196851782082	0.8965455709985171	-2.762430939226522	-2.762430939226522	5.079908675799097	10.933081628645905	46.5889974432366	-0.0049358316715655826	-0.0074830540328618194	0.002547222361296237	0.013454596568917135	-0.845070422535212	0.19672780221393155	0.15555219778606844	0.4965999284783962	0.18103	0.0	181030000.0	0.090515	2025-11-12 23:22:07.305860+00:00	2025-11-12 23:22:07.309982+00:00	Low	0.2272727272727338	1.0
2025-11-12 16:00:00	0.176	0.1803	0.17	0.1764	28534418.3	4988170.53327	ALGOUSDT	0.0	6.05882352941175	1.2446817267184336	2.4915772996962504	1.2157522045206737	0.22727272727273382	0.22727272727273382	6.05882352941175	27.636339278485494	46.87529886487684	-0.004509825340314411	-0.006888408294352338	0.0023785829540379274	0.013229268242565909	-1.0656197420078437	0.19634752796110946	0.15544247203889053	0.5123456621342912	0.178531	0.0	178531000.0	0.0892655	2025-11-13 23:21:51.401232+00:00	2025-11-13 23:21:51.405255+00:00	Negative	-6.859410430839002	0.0
2025-11-13 16:00:00	0.1764	0.1767	0.1575	0.1643	34219593.3	5622721.73597	ALGOUSDT	0.0	12.190476190476188	2.736347944673967	2.8132862753796055	1.2708466081344507	-6.859410430839002	-6.859410430839002	12.190476190476188	19.92392114052662	39.906656460945456	-0.00508990784044161	-0.006528708203570193	0.0014388003631285833	0.013655749082382629	-5.95306239267315	0.19545926212270634	0.15426073787729364	0.24368013919392267	0.205202	0.0	205202000.0	0.102601	2025-11-14 23:20:45.524977+00:00	2025-11-14 23:20:45.528640+00:00	Medium	0.6086427267194163	2.0
2025-11-14 16:00:00	0.1643	0.1677	0.1577	0.1653	19045555.1	3110698.59497	ALGOUSDT	0.0	6.341154090044377	2.795805210323083	2.640270641519126	0.7660611962754028	0.6086427267194163	0.6086427267194163	6.341154090044377	-44.343128414679306	40.69138817001102	-0.005406611704182995	-0.006304288903692754	0.0008976771995097589	0.013394624147926724	4.290220820189275	0.19345437861755863	0.1538256213824414	0.28954676901627685	0.192437	0.0	192437000.0	0.0962185	2025-11-15 23:20:44.158073+00:00	2025-11-15 23:20:44.162337+00:00	Negative	-4.174228675136109	0.0
2025-11-15 16:00:00	0.1653	0.1666	0.158	0.1584	17438929.2	2846378.55936	ALGOUSDT	0.0	5.443037974683542	2.9312643890655785	2.603257390408654	0.7170935151448297	-4.174228675136109	-4.174228675136109	5.443037974683542	-8.435700044258631	37.092149781605855	-0.006143555053790245	-0.006272142133712253	0.0001285870799220077	0.013052150994503386	0.0	0.19162311450563058	0.15257688549436943	0.14913385115758976	0.187654	0.0	187654000.00000003	0.093827	2025-11-16 23:20:37.593258+00:00	2025-11-16 23:20:37.597124+00:00	Negative	-0.3787878787878896	0.0
2025-11-16 16:00:00	0.1584	0.1638	0.1551	0.1578	34391197.0	5467727.3812	ALGOUSDT	0.0	5.609284332688597	2.852039741743569	2.1626658951435602	1.2868096997624698	-0.3787878787878896	-0.3787878787878896	5.609284332688597	97.20933897707435	36.787434349420764	-0.00669878354645928	-0.0063574704162616584	-0.000341313130197622	0.012741283066324573	-2.1091811414392145	0.18918560943613993	0.1518143905638601	0.16016628883838036	0.200183	0.0	200183000.0	0.1000915	2025-11-17 23:21:19.439398+00:00	2025-11-17 23:21:19.443328+00:00	Negative	-0.5069708491761693	0.0
2025-11-17 16:00:00	0.1578	0.1596	0.1498	0.157	37413854.6	5750798.68681	ALGOUSDT	0.0	6.542056074766357	2.81467029017286	2.072368196984293	1.3126827316267125	-0.5069708491761693	-0.5069708491761693	6.542056074766357	8.789044475538322	36.35854783219527	-0.0071212698749440195	-0.006510230307998131	-0.0006110395669458885	0.012531191418729961	0.7702182284980787	0.18801705103338368	0.15047294896661634	0.17385023676358394	0.221153	0.0	221153000.0	0.1105765	2025-11-19 01:45:51.105851+00:00	2025-11-19 01:45:51.109819+00:00	0	0.0	0.0
2025-11-18 16:00:00	0.157	0.1606	0.1515	0.1515	20451909.3	3193740.57601	ALGOUSDT	0.0	6.006600660066005	0.4670252095727423	2.0883211504734565	0.794301682268206	-3.5031847133757994	-3.5031847133757994	6.006600660066005	-45.336000477213595	33.46953201622637	-0.007809870048258949	-0.006770158256050295	-0.0010397117922086542	0.012286106317392105	-11.713286713286717	0.18838649400563987	0.14797350599436013	0.08726140231589861	0.0	0.0	0.0	0.0	2025-11-20 01:44:25.502206+00:00	2025-11-20 01:44:25.506080+00:00	0	0.0	0.0
