timestamp	close	high	low	open	volume	symbol	gap_apertura_pct	volatilidad_diaria	vol_5d	vol_10d	vol_rel_5d	return_pct	close_open_pct	range_pct	volume_change_pct	rsi_14	macd	macd_signal	macd_diff	atr_14	momentum_12	bb_upper	bb_lower	bb_pctb	vader	finbert	sentiment_ratio	sentiment_combined	download_date	added_date	target_category	target	target_num
2025-06-05	207.9100036621093	212.8099975585937	207.5599975585937	209.5500030517578	51864200	AMZN	0.0	2.529389122062375	0.0	0.0	0.0	0.0	-0.7826291413813299	2.529389122062375	0.0	0.0	0.0	0.0	0.0	0.0	0.0	0.0	0.0	0.0	0.0	0.0	0.0	0.0	0	0	High	2.722333491613983	3.0
2025-06-06	213.57000732421875	213.8699951171875	210.5	212.3999938964844	39832500	AMZN	2.1595835483087895	1.6009477991389547	0.0	0.0	0.0	2.722333491613983	0.5508537953652514	1.6009477991389547	-23.198468307618743	0.0	0.0	0.0	0.0	0.0	0.0	0.0	0.0	0.0	0.0	0.0	0.0	0.0	0	0	Medium	1.59666071376006	2.0
2025-06-09	216.97999572753903	217.8500061035156	212.8800048828125	214.75	38102500	AMZN	0.5525086085659553	2.3346491482086416	0.0	0.0	0.0	1.5966607137600601	1.0384147741741718	2.3346491482086416	-4.343187095964351	0.0	0.0	0.0	0.0	0.0	0.0	0.0	0.0	0.0	0.0	0.0	0.0	0.0	0	0	Low	0.2903515970217142	1.0
2025-06-10	217.6100006103516	217.69000244140625	214.1499938964844	216.77999877929688	31303300	AMZN	-0.09217298929865152	1.6530509669932618	0.0	0.0	0.0	0.2903515970217142	0.3828774959537381	1.6530509669932618	-17.844498392493932	0.0	0.0	0.0	0.0	0.0	0.0	0.0	0.0	0.0	0.0	0.0	0.0	0.0	0	0	Negative	-2.026562956546227	0.0
2025-06-11	213.1999969482422	218.3999938964844	212.88999938964844	217.4100036621093	39326000	AMZN	-0.0919061383582329	2.5881885117351753	0.47908089239700896	0.0	0.9810481044362453	-2.026562956546227	-1.9364365222173223	2.5881885117351753	25.628927301594402	0.0	0.0	0.0	0.0	0.0	0.0	0.0	0.0	0.0	0.0	0.0	0.0	0.0	0	0	Low	0.018765734284516	1.0
2025-06-12	213.2400054931641	213.5800018310547	211.3300018310547	211.77999877929688	27640000	AMZN	-0.6660404264874545	1.0646855536388706	0.611826650361659	0.0	0.7843168413029648	0.018765734284516035	0.6893978290125209	1.0646855536388706	-29.71570970858974	0.0	0.0	0.0	0.0	0.0	0.0	0.0	0.0	0.0	0.0	0.0	0.0	0.0	0	0	Negative	-0.534608591390718	0.0
2025-06-13	212.1000061035156	214.0500030517578	209.6199951171875	209.9600067138672	29337800	AMZN	-1.5381723385868378	2.1133517974245386	0.6028848704207372	0.0	0.8852172716607849	-0.534608591390718	1.0192414370441478	2.1133517974245386	6.142547033285094	0.0	0.0	0.0	0.0	0.0	0.0	0.0	0.0	0.0	0.0	0.0	0.0	0.0	0	0	Medium	1.885902821732026	2.0
2025-06-16	216.1000061035156	217.0599975585937	211.6000061035156	212.3099975585937	33284200	AMZN	0.09900586941784907	2.5803361519786754	0.650152120609005	0.0	1.0343691672576454	1.885902821732026	1.7851295692638922	2.5803361519786754	13.451588053637288	0.0	0.0	0.0	0.0	0.0	0.0	0.0	0.0	0.0	0.0	0.0	0.0	0.0	0	0	Negative	-0.59231778951626	0.0
2025-06-17	214.82000732421875	217.4100036621093	214.5599975585937	215.1999969482422	32086300	AMZN	-0.4164780795250368	1.3283026360667698	0.7071867270817784	0.0	0.9923129402756035	-0.59231778951626	-0.17657510660412737	1.3283026360667698	-3.5990049332716425	0.0	0.0	0.0	0.0	0.0	0.0	0.0	0.0	0.0	0.0	0.0	0.0	0.0	0	0	Negative	-1.0706651956707849	0.0
2025-06-18	212.5200042724609	217.9600067138672	212.33999633789065	215.08999633789065	44360500	AMZN	0.12568150287064297	2.6467036229168857	0.7210474060687344	0.5861697085874228	1.330478654996017	-1.0706651956707847	-1.1948449993892207	2.6467036229168857	38.25370952711905	0.0	0.0	0.0	0.0	0.0	0.0	0.0	0.0	0.0	0.0	0.0	0.0	0.0	0	0	Negative	-1.331640209938289	0.0
2025-06-20	209.69000244140625	214.88999938964844	208.2700042724609	214.67999267578125	75350700	AMZN	1.0163694522380733	3.178563874482465	0.693826693989819	0.6751045507072453	1.7570859926452584	-1.331640209938289	-2.3243853198332705	3.178563874482465	69.85989788212487	0.0	0.0	0.0	0.0	0.0	0.0	0.0	0.0	0.0	0.0	0.0	0.0	0.0	0	0	Negative	-0.5818118205440101	0.0
2025-06-23	208.47000122070312	210.38999938964844	207.3099975585937	209.7899932861328	37311700	AMZN	0.04768507967112213	1.4856986480761587	0.8003474904618263	0.6856405415496638	0.8388670706954433	-0.5818118205440101	-0.6291968671877256	1.4856986480761587	-50.482609982389015	0.0	0.0	0.0	0.0	0.0	0.0	0.0	0.0	0.0	0.0	0.0	0.0	0.0	0	0	High	2.06264835543674	3.0
2025-06-24	212.7700042724609	214.33999633789065	211.0500030517578	212.13999938964844	38378800	AMZN	1.7604442593445169	1.5588691014261697	0.8230532116724893	0.6995553103656246	0.8435346040230693	2.06264835543674	0.296975999163321	1.5588691014261697	2.859960816580322	0.0	0.0	0.0	0.0	0.0	2.3375501537915335	0.0	0.0	0.0	0.0	0.0	0.0	0.0	0	0	Negative	-0.3665924536515011	0.0
2025-06-25	211.9900054931641	216.02999877929688	211.1100006103516	214.6199951171875	31755700	AMZN	0.8694791594578342	2.3305377076977924	0.7223947782513952	0.6928673665688728	0.6989800904571015	-0.3665924536515011	-1.2254168688184777	2.3305377076977924	-17.257183653475355	52.65624504775715	0.0	0.0	0.0	4.7378572736467675	-0.739805111611984	0.0	0.0	0.0	0.0	0.0	0.0	0.0	0	0	High	2.419920510917121	3.0
2025-06-26	217.1199951171875	218.0399932861328	212.009994506836	213.1199951171875	50480800	AMZN	0.5330391031382123	2.8442049599234287	0.7548579071661752	0.7177072670927164	1.0819894057597448	2.419920510917121	1.8768769198781818	2.8442049599234287	58.96610687215209	62.765603715084055	0.0	0.0	0.0	4.831580882169765	0.06452179574390933	0.0	0.0	0.0	0.0	0.0	0.0	0.0	0	0	High	2.8463559660798348	3.0
2025-06-27	223.3000030517578	223.3000030517578	216.7400054931641	219.9199981689453	119217100	AMZN	1.2896108671366493	3.0266666938885085	0.7114408353727394	0.6655263626823327	2.1508143236677237	2.8463559660798348	1.5369247503430488	3.0266666938885085	136.16325414811178	70.84284825664788	0.0	0.0	0.0	4.955039216200047	2.6147706564252227	0.0	0.0	0.0	0.0	0.0	0.0	0.0	0	0	Negative	-1.7510092291414303	0.0
2025-06-30	219.38999938964844	223.82000732421875	219.1199951171875	223.5200042724609	58887800	AMZN	0.09852271280627944	2.1449490287354367	0.5842965904643894	0.6645668826546511	0.9856681938482902	-1.7510092291414303	-1.8477115264270396	2.1449490287354367	-50.60456931094617	61.72023432491474	0.0	0.0	0.0	4.936823001259419	2.9033782973782007	0.0	0.0	0.0	0.0	0.0	0.0	0.0	0	0	Low	0.487719279454648	1.0
2025-07-01	220.4600067138672	221.8800048828125	217.92999267578125	219.5	39256800	AMZN	0.05013930017666644	1.8125142659495066	0.4999991457943154	0.6744636573070183	0.6551574742438373	0.487719279454648	0.43736068968892367	1.8125142659495066	-33.33627678398582	63.11985444877938	0.0	0.0	0.0	4.866336515957407	3.385856797370299	0.0	0.0	0.0	0.0	0.0	0.0	0.0	0	0	Negative	-0.2449462616694676	0.0
2025-07-02	219.9199981689453	221.6000061035156	219.0599975585937	219.72999572753903	30894200	AMZN	-0.33113080109610415	1.159503594097552	0.7638973830284718	0.7012758846400495	0.5170807604154427	-0.24494626166946762	0.086470871114874	1.159503594097552	-21.3022966721689	61.88998267701625	0.0	0.0	0.0	4.700170232312014	3.6869362755289887	0.0	0.0	0.0	0.0	0.0	0.0	0.0	0	0	Medium	1.5869432167250703	2.0
2025-07-03	223.4100036621093	224.009994506836	221.3600006103516	221.82000732421875	29632400	AMZN	0.8639546976595673	1.1971421617173956	0.7704390330735411	0.7510520397767128	0.5331710618978921	1.5869432167250705	0.7167957286948212	1.1971421617173956	-4.0842617708178235	66.44104179507454	0.0	0.0	0.0	4.656586382710491	3.382691972295494	224.01956786320054	206.43743744685807	0.9653304698203887	0.0	0.0	0.0	0.0	0	0	Low	0.0268553590306444	1.0
2025-07-07	223.47000122070312	224.2899932861328	222.3699951171875	223.0	36604100	AMZN	-0.18352072664095617	0.8634250173605869	0.5257651428572174	0.7291952238411705	0.9372434711404873	0.026855359030644406	0.2107628792390695	0.8634250173605869	23.52728769860018	66.51507300352166	0.0	0.0	0.0	4.461115796012978	4.026623964977947	224.82319502355946	207.18981004235852	0.9232595554229102	0.0	0.0	0.0	0.0	0	0	Negative	-1.839173306439651	0.0
2025-07-08	219.3600006103516	224.0	218.42999267578125	223.9199981689453	45692000	AMZN	0.20136794459394225	2.550019462064622	0.6730025478363993	0.7487654054712296	1.2547266441307232	-1.839173306439651	-2.036440512630431	2.550019462064622	24.827546640950057	57.205363877204945	0.0	0.0	0.0	4.540322333741961	3.218518821937099	225.15380747520265	207.43819691932862	0.6729547171644057	0.0	0.0	0.0	0.0	0	0	Medium	1.4496684294917703	2.0
2025-07-09	222.5399932861328	224.2899932861328	220.47000122070312	221.07000732421875	38155100	AMZN	0.7795435398929625	1.7326584316592155	0.6651236138242876	0.740683117895307	1.0541375793053072	1.4496684294917703	0.664941382011264	1.7326584316592155	-16.49501006740786	61.674953473271344	0.0	0.0	0.0	4.568155929601908	6.128089415382234	225.8398260605197	207.30817808987095	0.8219352763654205	0.0	0.0	0.0	0.0	0	0	Negative	-0.1258195325533272	0.0
2025-07-10	222.259994506836	222.7899932861328	219.6999969482422	221.5500030517578	30370600	AMZN	-0.44485946986711333	1.4064617117944607	0.6422421877636817	0.7477824019786422	0.8415043817212345	-0.12581953255332726	0.3204655586993226	1.4064617117944607	-20.40225290983381	61.070139352688635	0.0	0.0	0.0	4.462573101622531	6.614857392135606	226.39246614968445	207.22053739035462	0.7844519612645947	0.0	0.0	0.0	0.0	0	0	Medium	1.2417933203629348	2.0
2025-07-11	225.0200042724609	226.67999267578125	222.3699951171875	223.5800018310547	50518300	AMZN	0.5939023471802047	1.938210034282013	0.6257693437502304	0.6677411745639455	1.2545513784884381	1.2417933203629348	0.6440658509763948	1.938210034282013	66.33948621364082	64.74065053090412	0.0	0.0	0.0	4.459532035002725	5.757390493968953	227.46649099422314	207.32851327823778	0.8785137834460792	0.0	0.0	0.0	0.0	0	0	Low	0.2977504916114423	1.0
2025-07-14	225.69000244140625	226.6600036621093	224.2400054931641	225.07000732421875	35702600	AMZN	0.02222160288349108	1.0792000132282247	0.5575321689967621	0.5357106687598665	0.8906118881293323	0.29775049161144235	0.27546767539505257	1.0792000132282247	-29.327392251916635	65.58883584333658	3.500212638158416	0.0	0.0	4.313851044570045	6.462567382066478	228.51431801552928	207.52568595175586	0.8654359385813509	0.0	0.0	0.0	0.0	0	0	Low	0.2924381474454975	1.0
2025-07-15	226.3500061035156	227.2700042724609	225.4600067138672	226.1999969482422	34907300	AMZN	0.2259712443258724	0.8028020512262299	0.46357326149769407	0.5487538634197994	0.9202895379425364	0.2924381474454975	0.06631704566633276	0.8028020512262299	-2.2275688605311657	66.44514239220842	3.64249438792649	0.0	0.0	4.135004367000308	4.25111053514271	229.45484162853307	208.01016233875208	0.8552165092766381	0.0	0.0	0.0	0.0	0	0	Negative	-1.396069616478913	0.0
2025-07-16	223.19000244140625	226.1000061035156	222.17999267578125	225.8800048828125	39535900	AMZN	-0.20764356440447945	1.7643413254831959	0.46957381532412135	0.5454603641249742	1.0347832095425595	-1.396069616478913	-1.1908988769509876	1.7643413254831959	13.25969066642221	58.88915620066047	3.4603787215317823	0.0	0.0	4.137505014195596	-0.04926135640314609	229.9061395727486	208.26786402832562	0.6896177277364712	0.0	0.0	0.0	0.0	0	0	Low	0.3091547264028528	1.0
2025-07-17	223.8800048828125	224.5	222.509994506836	223.32000732421875	31855800	AMZN	0.05824852430235086	0.8943443181393222	0.5204207000118598	0.5671318182222279	0.8273378492301315	0.3091547264028528	0.2507601380205664	0.8943443181393222	-19.425635941005517	59.95986453230986	3.3333039215736733	0.0	0.0	3.9841121912647677	2.046586218904888	230.36525150993168	208.71475184700193	0.7004574153905879	0.0	0.0	0.0	0.0	0	0	Medium	1.0050026580880849	2.0
2025-07-18	226.1300048828125	226.3999938964844	222.97999572753903	225.13999938964844	37833800	AMZN	0.5627990349095569	1.5337690530428978	0.41670085005008467	0.5622145396666285	1.0519007937258182	1.0050026580880849	0.4397288335471059	1.5337690530428978	18.765813446844845	63.315069570524805	3.3752447031270094	0.0	0.0	3.9438183325276674	2.571894219482786	230.90522297245607	209.5357804455127	0.7765398847619537	0.0	0.0	0.0	0.0	0	0	Medium	1.4018476542235527	2.0
2025-07-21	229.3000030517578	229.69000244140625	225.6499938964844	225.83999633789065	40297600	AMZN	-0.1282485909254448	1.7903871722572156	0.4759685541329336	0.5289970194643516	1.0924880063156617	1.4018476542235527	1.5320610919114912	1.7903871722572156	6.51216636975403	67.45310552266723	3.6225173095234027	0.0	0.0	3.9506890619843946	4.265189596630799	231.42973251123	210.9722709677739	0.8958947347915983	0.0	0.0	0.0	0.0	0	0	Negative	-0.798081904360733	0.0
2025-07-22	227.47000122070312	230.0	226.3500061035156	229.67999267578125	37483700	AMZN	0.1657172346123632	1.6125442006019512	0.3650365381439744	0.3990354786439776	1.0022015242226485	-0.798081904360733	-0.9622046001184669	1.6125442006019512	-6.982797983006432	63.032818379200414	3.628984107960349	0.0	0.0	3.9292108358772526	1.817285480525874	230.89521864312604	213.4067848358779	0.8041438438584865	0.0	0.0	0.0	0.0	0	0	Low	0.3604836070819241	1.0
2025-07-23	228.2899932861328	228.7899932861328	227.08999633789065	228.47000122070312	28294900	AMZN	0.43961840885987796	0.7486005441264386	0.463718838301549	0.44209871086128066	0.8049034567589372	0.3604836070819241	-0.0787884333210223	0.7486005441264386	-24.514122138422834	64.1659673965694	3.658107216138035	0.0	0.0	3.769981272474746	2.1568855054819522	230.92634175140526	214.9276606289658	0.8352146376881807	0.0	0.0	0.0	0.0	0	0	Medium	1.7258761037624295	2.0
2025-07-24	232.22999572753903	236.0	228.63999938964844	229.1699981689453	42902300	AMZN	0.3854767658210601	3.2190345652549817	0.8976887789680454	0.7374887000474076	1.1482728920954348	1.7258761037624297	1.3352522507496272	3.2190345652549817	51.625557962742405	69.07164527143289	3.9535388236698736	3.627851136005757	0.3256876876641166	4.051411661145634	5.867065591437689	231.2382091428636	216.63979226094497	1.0679379546904044	0.0	0.0	0.0	0.0	0	0	Negative	-0.3401771091877528	0.0
2025-07-25	231.44000244140625	232.47999572753903	231.17999267578125	232.22000122070312	28712100	AMZN	-0.004303710554098709	0.5623337195883449	1.055747297202491	0.7816186209941204	0.8079239982306323	-0.3401771091877528	-0.3358878542746884	0.5623337195883449	-33.07561599261578	67.08846234975786	4.076928352914479	3.717666579387502	0.35926177352697675	3.854882474760788	3.9992852627752935	231.9475353157714	217.36246682045908	0.9652018861256445	0.0	0.0	0.0	0.0	0	0	Medium	0.5833005662313454	2.0
2025-07-28	232.7899932861328	234.2899932861328	232.25	233.3500061035156	26300100	AMZN	0.8252694616147452	0.8783609412843112	1.0899642194011345	0.7932917057753749	0.8033356323510277	0.5833005662313454	-0.23998834486182044	0.8783609412843112	-8.400639451659753	68.7402007435526	4.23483191639869	3.8210996467897393	0.4137322696089507	3.783104501186915	4.737694159788593	233.20098571946767	217.05801544020028	0.9745404701721655	0.0	0.0	0.0	0.0	0	0	Negative	-0.7646371539299545	0.0
2025-07-29	231.009994506836	234.72000122070312	230.3099975585937	234.1499938964844	33716200	AMZN	0.5842178141566214	1.9148120832173048	1.112558701277689	0.7811363405814472	1.0541214164586532	-0.7646371539299545	-1.3410204875070697	1.9148120832173048	28.197991642617325	64.1674115991718	4.1682911371173645	3.8905379448552644	0.27775319226210016	3.8278830126813803	2.661981210844804	233.71838997509064	217.70261069629606	0.8308920583189695	0.0	0.0	0.0	0.0	0	0	Negative	-0.354959562325551	0.0
2025-07-30	230.19000244140625	231.8000030517578	229.2899932861328	231.63999938964844	32993300	AMZN	0.27271758702795007	1.0946878795939161	1.0666949288499394	0.7838801096399027	1.002080498590728	-0.354959562325551	-0.6259700190221056	1.0946878795939161	-2.1440731755061364	62.11739104330995	4.003243682180397	3.913079092320291	0.09016458986010578	3.73374920932021	1.9938853964824126	234.05061199665622	218.3433882474844	0.7542143909770483	0.0	0.0	0.0	0.0	0	0	Medium	1.702940235183827	2.0
2025-07-31	234.1100006103516	236.52999877929688	231.3999938964844	235.7700042724609	104357300	AMZN	2.4240852217180984	2.21694253160065	0.7030779903519854	0.7959034612562489	2.3079830501727274	1.702940235183827	-0.7040775467734997	2.21694253160065	216.29846059654537	67.46812848394033	4.141018394129361	3.9586669526821052	0.1823514414472558	3.9199097185038108	3.428316455749134	234.92576594776756	218.8872345405137	0.9491371549737393	0.0	0.0	0.0	0.0	0	0	Negative	-8.269617085933046	0.0
2025-08-01	214.75	220.44000244140625	212.8000030517578	217.2100067138672	122258800	AMZN	-7.218826129778387	3.590225225603129	1.0772882647221902	1.0225849116713754	1.9125308133857821	-8.269617085933046	-1.132547598098359	3.590225225603129	17.15404672217468	38.525946771058656	2.657382938629638	3.698410149871612	-1.0410272112419738	5.162058849938808	-3.781532483123652	235.99556221996986	216.95143790210048	-0.11559669876943826	0.0	0.0	0.0	0.0	0	0	Negative	-1.443541840985144	0.0
2025-08-04	211.6499938964844	217.44000244140625	211.4199981689453	217.3999938964844	77890100	AMZN	1.2339901729845884	2.847414778449844	0.9443258231507748	1.078838448541474	1.0491218447926636	-1.443541840985144	-2.6448942784873664	2.847414778449844	-36.29080278883811	35.872353604637524	1.2174129873037884	3.202210717358047	-1.9847977300542587	5.223340665833247	-5.46275268875832	237.34616437818312	214.41883501146532	-0.12076596757929743	0.0	0.0	0.0	0.0	0	0	Medium	0.9922070229506764	2.0
2025-08-05	213.75	216.3000030517578	212.8699951171875	213.0500030517578	51505100	AMZN	0.661473751781981	1.6113158327842552	0.9867140627391412	1.0788708987486382	0.6620114517926009	0.9922070229506765	0.3285599334500512	1.6113158327842552	-33.87465159243601	38.940505899246126	0.2428796036416827	2.6103444946147745	-2.3674648909730918	5.1823884150789725	-5.474728968067815	237.932117174355	213.2718821542583	0.01938821123773021	0.0	0.0	0.0	0.0	0	0	High	4.004677220394711	3.0
2025-08-06	222.3099975585937	222.6499938964844	213.7400054931641	214.6999969482422	54823000	AMZN	0.4444430167214912	4.168610542870635	1.0265190388512002	1.2176123541871828	0.667215468620804	4.0046772203947105	3.5444810053658506	4.168610542870635	6.4418863374694935	49.538618221269346	0.15943724671569726	2.120163045034959	-1.9607257983192619	5.448645557096212	-3.048410553918017	237.93244250427756	213.24855725158181	0.3670994340739885	0.0	0.0	0.0	0.0	0	0	Low	0.3688576011983804	1.0
2025-08-07	223.1300048828125	226.22000122070312	220.82000732421875	221.0	40603500	AMZN	-0.5892661477126868	2.4454278223783588	0.993803061801529	1.1700534525274546	0.5849291446796925	0.36885760119838046	0.9638031143947963	2.4454278223783588	-25.937106688798494	50.4262962235504	0.15765892174880491	1.7276622203777283	-1.5700032986289234	5.44517043848108	-1.9079422845211735	237.93474559896492	213.3332551944921	0.39821773100946944	0.0	0.0	0.0	0.0	0	0	Negative	-0.1971955504762071	0.0
2025-08-08	222.69000244140625	223.8000030517578	221.8800048828125	223.13999938964844	32970500	AMZN	0.004479230321886381	0.865331767934372	1.255656194777697	1.1280281308634412	0.6394782309162186	-0.19719555047620715	-0.2016657477247726	0.865331767934372	-18.79887201842206	49.91885820751347	0.11936905447737445	1.4060035871976575	-1.286634532720283	5.193372419228525	-2.4530163429930445	237.88326231117767	213.1517382991739	0.3856723159317973	0.0	0.0	0.0	0.0	0	0	Negative	-0.6241858073597945	0.0
2025-08-11	221.3000030517578	223.0500030517578	220.3999938964844	221.77999877929688	31646200	AMZN	-0.408641453200762	1.2023635338747074	1.318983826713088	1.0910673433707803	0.7479663036762763	-0.6241858073597945	-0.21642877183741333	1.2023635338747074	-4.01662091870005	48.26645680382836	-0.022873602581597652	1.1202281492418065	-1.1431017518234041	5.011703614660303	-4.70653786197572	237.79883447833302	212.7971661930537	0.34009077961051426	0.0	0.0	0.0	0.0	0	0	Low	0.0768179695440642	1.0
2025-08-12	221.47000122070312	223.5	219.0500030517578	222.22999572753903	37185800	AMZN	0.4202406972239011	2.031498236131377	1.2965556052368248	1.088349978488919	0.9427061943223359	0.07681796954406421	-0.34198556515641854	2.031498236131377	17.504787304636892	48.491024941642685	-0.12049550443464341	0.8720834185065165	-0.9925789229411599	4.971581709916152	-4.3078124418993795	237.65328903986205	212.4547111432434	0.3577697961546263	0.0	0.0	0.0	0.0	0	0	Medium	1.3952211680403936	2.0
2025-08-13	224.5599975585937	224.9199981689453	222.0	222.0	36508300	AMZN	0.2393095120673754	1.3153144905159067	0.6472853596306813	1.0652792950633299	1.0202733934626802	1.3952211680403936	1.1531520534205826	1.3153144905159067	-1.8219320278170699	52.525052077186665	0.05088870202999374	0.707844475211212	-0.6569557731812182	4.862897084082298	-3.535373497529705	237.69537634363772	212.5496233511865	0.47763032632240976	0.0	0.0	0.0	0.0	0	0	High	2.858923333961202	3.0
2025-08-14	230.97999572753903	233.1100006103516	227.0200042724609	227.3999938964844	61545800	AMZN	1.2646937873027362	2.6825813687245357	0.7306137637620588	1.0748061623942817	1.5397490000330236	2.858923333961202	1.5743192291747803	2.6825813687245357	68.58029543966715	59.603822140191276	0.6967207553066714	0.7056197312303039	-0.008898975923632424	5.126261796059126	-0.012985922691787498	238.28868268937217	212.66631608992472	0.7147536339601531	0.0	0.0	0.0	0.0	0	0	Low	0.0216482174572484	1.0
2025-08-15	231.02999877929688	234.0800018310547	229.8099975585937	232.5800018310547	39649200	AMZN	0.6927033219807482	1.8580585343648024	0.597157453956159	0.9743573678482673	0.9598649722347705	0.02164821745724849	-0.6664386617744243	1.8580585343648024	-35.57773235541662	59.65428095649556	1.1987635390077571	0.8042484927857946	0.39451504622196254	5.065100544373545	0.3649143442293685	238.75964660024277	212.68535156870252	0.7035529508431241	0.0	0.0	0.0	0.0	0	0	Low	0.1991112480187738	1.0
2025-08-18	231.4900054931641	231.9100036621093	228.3300018310547	230.22999572753903	25248900	AMZN	-0.3462766982577377	1.5679068901788507	0.5203914140863046	0.9494018401188056	0.630787256792813	0.19911124801877383	0.5472830599867575	1.5679068901788507	-36.31926999788142	60.14746058100244	1.6151364716290004	0.9664260885544358	0.6487103830745646	4.959022064850763	-1.1191299433415371	239.0233741670499	212.64062424603605	0.7144585497554414	0.0	0.0	0.0	0.0	0	0	Negative	-1.5033093886339994	0.0
2025-08-19	228.009994506836	230.52999877929688	227.1199951171875	230.08999633789065	29891000	AMZN	-0.6047816847603729	1.501410591502483	0.5383183762665049	0.9546990539738329	0.7750078820513246	-1.5033093886339994	-0.9039948994567085	1.501410591502483	18.385355401621457	54.699976913632376	1.6453407535866802	1.1022090215608848	0.5431317320257953	4.916949801359751	6.1746190951506374	239.06587511041283	212.65212263128637	0.5814346858776018	0.0	0.0	0.0	0.0	0	0	Negative	-1.8420231785569297	0.0
2025-08-20	223.8099975585937	227.2700042724609	220.9199981689453	227.1199951171875	36604300	AMZN	-0.39033349900888276	2.8743464404066867	0.6401039402419151	0.6669646243240347	0.9485967600155905	-1.8420231785569297	-1.4573783153200324	2.8743464404066867	22.45926867619016	48.939111085593275	1.3152122634818966	1.1448096699450871	0.17040259353680942	5.072167411111961	5.745336174238969	238.82130299785376	212.44869517109157	0.43079935295488625	0.0	0.0	0.0	0.0	0	0	Negative	-0.8310623433452992	0.0
2025-08-21	221.9499969482422	222.77999877929688	220.5	222.6499938964844	32140500	AMZN	-0.5182984114932576	1.0340130518353174	0.6859215250361413	0.6726150499663605	0.9826861586496745	-0.8310623433452992	-0.3143934279951798	1.0340130518353174	-12.194742147780453	46.59854058021666	0.8932002950414812	1.0944877949643659	-0.20128749992288464	4.946298135932084	3.836255882218567	238.03761167168585	212.2043866193298	0.37725101334274047	0.0	0.0	0.0	0.0	0	0	High	3.104302538582681	3.0
2025-08-22	228.83999633789065	229.13999938964844	220.82000732421875	222.7899932861328	37315300	AMZN	0.378461973165293	3.7677709398921753	1.1343262221669368	0.872243828147464	1.1574224565756823	3.1043025385826812	2.7155631913807383	3.7677709398921753	16.10055848540004	55.15460895802007	1.1020147976308863	1.09599319549767	0.006021602133216231	5.1872762737533415	2.9373392339567923	237.70129019524248	212.28070748542157	0.6514126383921018	0.0	0.0	0.0	0.0	0	0	Negative	-0.3932852258726352	0.0
2025-08-25	227.94000244140625	229.6000061035156	227.3099975585937	227.3500061035156	22633700	AMZN	-0.6511056887866016	1.0074385506654224	1.2297919253061558	0.8935581903570924	0.7136150501182963	-0.39328522587263526	0.2595101482522151	1.0074385506654224	-39.34471919025172	53.93890368670246	1.1812629455511114	1.1130471455083584	0.06821580004275307	4.980328578836811	2.155692848713893	237.03225864894085	212.46473994725056	0.6299074270406868	0.0	0.0	0.0	0.0	0	0	Low	0.3378100659005095	1.0
2025-08-26	228.7100067138672	229.0	226.0200042724609	227.1100006103516	26105400	AMZN	-0.36413171104883946	1.3184654770410447	1.2522273442438778	0.9157499507048054	0.8432020320518452	0.33781006590050955	0.7045071107461698	1.3184654770410447	15.33863221656203	54.855730640510394	1.291315106590332	1.1487007377247531	0.142614368865579	4.837447660886974	2.7033114223638797	236.72214284726488	212.54485696962968	0.668608950816552	0.0	0.0	0.0	0.0	0	0	Low	0.1792612440579557	1.0
2025-08-27	229.1199951171875	229.8699951171875	227.8099975585937	228.57000732421875	21254500	AMZN	-0.06121262102168835	0.9042612618719539	1.2179707583318455	0.9530155397324266	0.76208646290339	0.17926124405795577	0.24062115559571692	0.9042612618719539	-18.58197920736706	55.365167231145925	1.3955280956284923	1.198066209305501	0.19746188632299133	4.639058367866034	3.533661074374564	236.57894210886857	212.58105697560407	0.6891831530045159	0.0	0.0	0.0	0.0	0	0	Medium	1.0824070527147365	2.0
2025-08-28	231.6000061035156	232.7100067138672	228.0200042724609	229.009994506836	33679600	AMZN	-0.04801004394891153	2.056838151709794	1.1832017258530931	0.9120560687602955	1.1944094731130552	1.0824070527147363	1.130960071090823	2.056838151709794	58.45867933849303	58.42164686026062	1.659108629019272	1.2902746932482554	0.36883393577101664	4.642697230261766	4.573985111743212	236.09939296133862	212.80960667245043	0.8068085811517416	0.0	0.0	0.0	0.0	0	0	Negative	-1.1226278216735026	0.0
2025-08-29	229.0	231.8099975585937	228.1600036621093	231.32000732421875	26199200	AMZN	-0.12089756991271353	1.599751857424501	0.4677824163087832	0.9135411162064583	1.008651568770578	-1.1226278216735026	-1.00294278521573	1.599751857424501	-22.210477559115905	54.229032692339715	1.6393024787855097	1.3600802503557063	0.2792222284298034	4.5717898492776685	1.977200966190691	236.06974086624638	214.26425876754269	0.6757814922758959	0.0	0.0	0.0	0.0	0	0	Negative	-1.5982548742835574	0.0
2025-09-02	225.33999633789065	226.1699981689453	221.8300018310547	223.5200042724609	38843900	AMZN	-2.3930112347332275	1.9564514727795739	0.4726728453091887	0.912573320725111	1.3295183683751521	-1.5982548742835574	0.814241244918399	1.9564514727795739	48.263687440837884	48.90814459217969	1.3131372258838212	1.3506916454613294	-0.03755441957750816	4.757376157825357	-2.441769631124788	234.8214328522892	216.8815670256405	0.4714878803433198	0.0	0.0	0.0	0.0	0	0	Low	0.2884570719078064	1.0
2025-09-03	225.9900054931641	227.1699981689453	224.3600006103516	225.2100067138672	29223100	AMZN	-0.057685997220196246	1.2524503257930875	0.4821823433253101	0.9249985318954075	0.9793244383556869	0.2884570719078064	0.34634286046086044	1.2524503257930875	-24.767852867503006	49.849279924416415	1.0944827042204963	1.2994498572131628	-0.20496715299266643	4.618277686451669	-2.18153197106991	233.5116273214417	219.41537310580438	0.46640989065494537	0.0	0.0	0.0	0.0	0	0	High	4.28779456926482	3.0
2025-09-04	235.67999267578125	235.7700042724609	230.77999877929688	231.19000244140625	59391800	AMZN	2.300985363000689	2.162234820850378	0.3746375502028271	0.855984261357364	1.585154288300907	4.28779456926482	1.9421212798823175	2.162234820850378	103.23579633919742	61.29525969045891	1.6836898747019404	1.3762978607109182	0.30739201399102223	4.9869720502263215	1.81000781165081	234.96953515814783	219.294464780817	1.045324040054128	0.0	0.0	0.0	0.0	0	0	Negative	-1.4214150326010306	0.0
2025-09-05	232.3300018310547	236.0	231.92999267578125	235.19000244140625	36721800	AMZN	-0.20790489205804863	1.7548430357208176	0.34734550662263286	0.8228195307105878	0.9644353024848225	-1.4214150326010306	-1.2160383437489377	1.7548430357208176	-38.17025245909368	56.49473327045278	1.8588963383236887	1.4728175562334724	0.3860787820902163	4.921474569797209	1.8946570011382435	235.51545929687722	219.66854033691186	0.7989856909175801	0.0	0.0	0.0	0.0	0	0	Medium	1.5107797009309014	2.0
2025-09-08	235.83999633789065	237.6000061035156	233.75	234.94000244140625	33947100	AMZN	1.1234023112733835	1.6470614346590788	0.3430120483683395	0.43483304917596255	0.8566974733972079	1.5107797009309014	0.3830739282931866	1.6470614346590788	-7.556002156757022	60.02716984757022	2.2549819176231267	1.6292504285114033	0.6257314891117234	4.946369548558901	5.375094459820766	236.60724803655276	219.89175098688472	0.9540993787751382	0.0	0.0	0.0	0.0	0	0	Medium	1.0176429751274747	2.0
2025-09-09	238.2400054931641	238.8500061035156	235.0800018310547	236.3600006103516	27033800	AMZN	0.220490281773886	1.60371118049008	0.32702183984557265	0.3881035719488986	0.7254762835073015	1.0176429751274747	0.7953989160423802	1.60371118049008	-20.36492071487697	62.282286636311966	2.731061299345356	1.849612602678194	0.881448696667162	4.862343457409045	7.339494827170764	237.88770349451676	220.30529577306135	1.0200371874107679	0.0	0.0	0.0	0.0	0	0	Negative	-3.32018279034852	0.0
2025-09-10	230.3300018310547	237.67999267578125	229.1000061035156	237.5200042724609	60907700	AMZN	-0.30221675793398234	3.7450835197223467	0.900924432161855	0.7575264725466139	1.3969514986546008	-3.32018279034852	-3.027114479653898	3.7450835197223467	125.30202931145456	51.89149188405292	2.4419373171150482	1.968077545565565	0.4738597715494832	5.167890309711863	0.6511123566721205	237.61240986682287	221.46658946179042	0.5489601734020063	0.0	0.0	0.0	0.0	0	0	Negative	-0.1649827985028328	0.0
2025-09-11	229.9499969482422	231.52999877929688	229.33999633789065	231.4900054931641	37485600	AMZN	0.5036268192974085	0.9549151811181039	1.0561603315771024	0.7505009391212045	0.9557971605744126	-0.1649827985028328	-0.6652591940810075	0.9549151811181039	-38.45507218299164	51.447428397239996	2.1572735532958234	2.005916747111617	0.15135680618420633	4.955184033404317	0.8818085835340035	237.55212378128599	222.06587548629213	0.5091046786650522	0.0	0.0	0.0	0.0	0	0	Negative	-0.7827802024989519	0.0
2025-09-12	228.1499938964844	230.7899932861328	226.2899932861328	230.3500061035156	38496200	AMZN	0.1739548426101716	1.9885987597825265	1.051014274352819	0.7489556788301068	0.9727629802133113	-0.7827802024989519	-0.9550736482475034	1.9885987597825265	2.695968585270077	49.29551369748822	1.766072086877898	1.9579478150648733	-0.19187572818697518	4.922670888161151	-0.2448571557620567	237.42327778151565	221.911721302957	0.40216935045496266	0.0	0.0	0.0	0.0	0	0	Medium	1.437650171836094	2.0
2025-09-15	231.42999267578125	233.72999572753903	230.32000732421875	230.6300048828125	33243300	AMZN	1.0870090084040591	1.4805437195562796	1.0670296626023015	0.7546007423010196	0.8430256443028383	1.4376501718360941	0.3468706482381766	1.4805437195562796	-13.645242907092129	53.141722233066616	1.7011013581254133	1.9065785236769812	-0.20547716555156792	4.969623098367828	1.0082042631906747	237.45927456324355	221.91572391087752	0.6121039508727353	0.0	0.0	0.0	0.0	0	0	Medium	1.1320962964584418	2.0
2025-09-16	234.0500030517578	235.8999938964844	232.22999572753903	232.94000244140625	38203900	AMZN	0.6524693485776617	1.5803290860200288	1.0690011963945585	0.7583239203931978	0.9168787832388628	1.1320962964584418	0.47651781519611347	1.5803290860200288	14.922104604536854	56.012066647250094	1.839816271766182	1.8932260732948216	-0.05340980152863972	4.933935821391779	1.0578570309480773	237.7836505939506	221.8473476360299	0.7657143220700962	0.0	0.0	0.0	0.0	0	0	Negative	-1.0382430689534925	0.0
2025-09-17	231.6199951171875	234.3000030517578	228.7100067138672	233.7700042724609	42815200	AMZN	-0.11963203402949091	2.4441415652110563	0.559941876512753	0.7533723061892265	1.1252695220143374	-1.0382430689534923	-0.919711304264492	2.4441415652110563	12.070233667243397	52.782620826309774	1.733682693407701	1.8613173973173975	-0.12763470390969656	4.980797286855982	1.144102671260917	237.95592306059436	222.0360752304213	0.6020107722764597	0.0	0.0	0.0	0.0	0	0	Negative	-0.1683789818971142	0.0
2025-09-18	231.22999572753903	233.47999572753903	228.7899932861328	232.5	37931700	AMZN	0.3799347644262163	2.049915896251957	0.38864143769920595	0.7504587054765806	0.9945891322211985	-0.1683789818971142	-0.5462383967574047	2.049915896251957	-11.405996001420055	52.26181977403687	1.5996614747969602	1.8089862128133103	-0.2093247380163501	4.960026226466714	2.6138277648751274	237.8142167486332	222.91978135927695	0.5579408786586605	0.0	0.0	0.0	0.0	0	0	Low	0.1081174608049458	1.0
2025-09-19	231.47999572753903	234.1600036621093	229.6999969482422	232.3699951171875	97943200	AMZN	0.49301535731192087	1.9416659874279694	0.38679181118511613	0.7480760883802211	1.9577887824007056	0.10811746080494584	-0.38300960035723486	1.9416659874279694	158.2093605084929	52.58478767937788	1.4963723550900454	1.7464634412686575	-0.2500910861786121	4.924310546995313	2.4293066511479013	237.2177762110961	224.46922177474377	0.5499269731165864	0.0	0.0	0.0	0.0	0	0	Negative	-1.6632067201427303	0.0
2025-09-22	227.6300048828125	230.57000732421875	227.509994506836	230.5599975585937	45914500	AMZN	-0.39744175994724595	1.3450014906008059	0.42621957819958617	0.7672330882781253	0.8735352928082615	-1.6632067201427303	-1.2708157125290458	1.3450014906008059	-53.121298875266476	47.27991938575827	1.091273377904514	1.6154254285958287	-0.5241520506913147	4.856145595117293	-3.4156432633816762	237.25441916874848	224.31157967158356	0.25639081841012	0.0	0.0	0.0	0.0	0	0	Negative	-3.0400202172415	0.0
2025-09-23	220.7100067138672	227.8600006103516	220.07000732421875	227.8300018310547	70956200	AMZN	0.08786053857229809	3.5397796277873574	0.8146094264573416	0.9111789176532409	1.2003655423858643	-3.0400202172414996	-3.1251349953757495	3.5397796277873574	54.539851245249324	39.5557011670887	0.20942932956231175	1.3342262087891255	-1.1247968792268137	5.065706144475547	-5.001504336765471	238.1695997382097	222.67339952936842	-0.12670156483787762	0.0	0.0	0.0	0.0	0	0	Negative	-0.2265416088035418	0.0
2025-09-24	220.2100067138672	224.5599975585937	219.4499969482422	224.1499938964844	49509000	AMZN	1.558600461227335	2.3285489548476557	0.8098488522763533	0.717814998944846	0.8189949797290099	-0.22654160880354185	-1.7577458353341544	2.3285489548476557	-30.225970387365724	39.05916660004235	-0.5237468260284004	0.9626316018256202	-1.4863784278540206	5.068870034895258	-6.627370194506874	238.91724125967744	221.07575800790067	-0.04852462554912692	0.0	0.0	0.0	0.0	0	0	Negative	-0.935476479077306	0.0
2025-09-25	218.1499938964844	220.6699981689453	216.47000122070312	220.0599975585937	52226300	AMZN	-0.06812095304479543	1.9402212429241217	0.8177660016166359	0.6253805288527396	0.8249317957524455	-0.9354764790773061	-0.8679467796507303	1.9402212429241217	5.488497040942051	36.998493763662886	-1.256535470957317	0.5187981872690328	-1.77533365822635	5.006807671562895	-8.43267760806702	239.75772844849595	219.13827069701185	-0.04792933026846024	0.0	0.0	0.0	0.0	0	0	Medium	0.7471945580644547	2.0
2025-09-26	219.77999877929688	221.0500030517578	218.0200042724609	219.0800018310547	41650100	AMZN	0.4263158196610299	1.3897801669200482	0.8978848324779888	0.6610417514345944	0.8001752888789158	0.7471945580644547	0.31951658863961296	1.3897801669200482	-20.25071659298093	39.70895112200317	-1.6863092565780846	0.07777669849960933	-1.764085955077694	4.865607036401038	-4.580385954017471	239.9322511317424	217.78174728134357	0.09021246249968831	0.0	0.0	0.0	0.0	0	0	Medium	1.0874508157807734	2.0
2025-09-29	222.1699981689453	222.6000061035156	219.3000030517578	220.0800018310547	44259200	AMZN	0.13650152580948716	1.504789332346219	0.866193643293986	0.6589496821842349	0.8557436790605443	1.0874508157807734	0.9496529991375677	1.504789332346219	6.26433069788548	43.54420189325666	-1.8131541885132378	-0.3004094789029601	-1.5127447096102777	4.753778180355092	-3.3833437193078195	239.96686683620553	217.06413139377494	0.22293698444907253	0.0	0.0	0.0	0.0	0	0	Negative	-1.170270903431995	0.0
2025-09-30	219.57000732421875	222.2400054931641	217.88999938964844	222.02999877929688	48396400	AMZN	-0.06301453427657563	1.9964230188172256	0.3833838877783757	0.6419732970540784	1.0251693561711737	-1.170270903431995	-1.1079545415497727	1.9964230188172256	9.347661051261658	40.52415551751798	-2.099278072218226	-0.6601831975660133	-1.4390948746522128	4.724937317723705	-3.76067797580505	240.2598088148164	216.19419051379688	0.14027550708218672	0.0	0.0	0.0	0.0	0	0	Low	0.4827606336181195	1.0
2025-10-01	220.6300048828125	222.1499938964844	216.6100006103516	217.3600006103516	43933800	AMZN	-1.0065157535855278	2.5575888788710257	0.4629743675061632	0.6506942462689059	0.9531522681456425	0.48276063361811955	1.50441859738621	2.5575888788710257	-9.220933788463604	42.28173225263305	-2.214967599538369	-0.9711400779604844	-1.2438275215778845	4.783155601181498	-4.666632733337571	240.41063556425323	215.5073637033249	0.20570153223620002	0.0	0.0	0.0	0.0	0	0	Medium	0.8067800117405768	2.0
2025-10-02	222.4100036621093	222.8099975585937	218.9499969482422	221.009994506836	41258600	AMZN	0.17222935032128817	1.762959883148103	0.4637818962287049	0.657449876317034	0.9398395703653015	0.8067800117405768	0.6334596579658266	1.762959883148103	-6.08916142013666	45.20976778057577	-2.138371541973072	-1.204586370763002	-0.93378517121007	4.717215958979357	-4.973295978583881	239.44119225101343	215.14980811519752	0.2988794506858558	0.0	0.0	0.0	0.0	0	0	Negative	-1.3039023009410404	0.0
2025-10-03	219.509994506836	224.1999969482422	219.33999633789065	223.44000244140625	43639000	AMZN	0.46310811669323987	2.2157384387226675	0.4057713659359684	0.6590377572634778	0.9851368251861283	-1.3039023009410404	-1.7588649711910205	2.2157384387226675	5.769463820876132	41.51464612239398	-2.2853312409739317	-1.420735344805188	-0.8645958961687437	4.727414862648798	-5.228391704362347	239.02090140704664	214.28809822674245	0.21113240751666879	0.0	0.0	0.0	0.0	0	0	Medium	0.633228292302254	2.0
2025-10-06	220.8999938964844	221.72999572753903	216.02999877929688	221.0	43690900	AMZN	0.6787870850762578	2.638521029695259	0.3697978573125546	0.6298218803935958	0.9888456703755726	0.633228292302254	-0.0452516305500437	2.638521029695259	0.11893031462682463	43.88218512052946	-2.263543803228032	-1.589297036489757	-0.674246766738275	4.796885011619752	-4.4674142723362715	237.75840894135823	214.05659044829022	0.2887290462626591	0.0	0.0	0.0	0.0	0	0	Low	0.3983725247293801	1.0
2025-10-07	221.77999877929688	222.88999938964844	220.1699981689453	220.8800048828125	31194700	AMZN	-0.009048897340065315	1.2354095668456875	0.5857235603023392	0.4849495929214384	0.7656381156211803	0.3983725247293801	0.4074582925520421	1.2354095668456875	-28.60137923457745	45.38942347333659	-2.1504786826816087	-1.7015333657281275	-0.44894531695348117	4.648536169411421	-4.190425577707126	235.60703919833784	214.56195951992387	0.3429798969483862	0.0	0.0	0.0	0.0	0	0	Medium	1.5510877718191125	2.0
2025-10-08	225.22000122070312	226.72999572753903	221.19000244140625	222.9199981689453	46686000	AMZN	0.5140226332054865	2.5046309620618326	0.5753616710830896	0.5028072540760083	1.1305802511948513	1.5510877718191123	1.0317616502108078	2.5046309620618326	49.660038403959646	50.936889082275464	-1.7629718700309809	-1.7138210665886984	-0.04915080344228251	4.712211677748662	-1.0587372536191275	235.07416094371857	214.58383771350802	0.5190822705770374	0.0	0.0	0.0	0.0	0	0	Medium	1.1189078495703857	2.0
2025-10-09	227.7400054931641	228.2100067138672	221.75	225.0	46412100	AMZN	-0.09768280770389305	2.913193557550028	0.646706700831372	0.5831363954687172	1.0965765959889937	1.1189078495703857	1.2177802191840403	2.913193557550028	-0.5866855160005141	54.577048605616845	-1.2382528370169155	-1.618707420674342	0.38045458365742646	4.837054180328557	3.185174466697712	234.78648684123414	214.6505126704846	0.6500551059354209	0.0	0.0	0.0	0.0	0	0	Negative	-4.992539782966624	0.0
2025-10-10	216.3699951171875	228.25	216.0	226.2100067138672	71966500	AMZN	-0.671818188457376	5.671296296296297	1.6304081657619365	1.2345773395817026	1.4996132530833481	-4.992539782966624	-4.349945318345845	5.671296296296297	55.05977966952583	40.11532843215002	-1.720046412801537	-1.638975219099781	-0.08107119370175586	5.3665503103050884	-1.7437952316441538	234.6917512706248	213.56724836316428	0.1326775245931764	0.0	0.0	0.0	0.0	0	0	Medium	1.7100394188331414	2.0
2025-10-13	220.07000732421875	220.6699981689453	217.0399932861328	217.6999969482422	35923144	AMZN	0.6146886634324455	1.6725050659335925	1.736633551106759	1.220614741375288	0.7735973353782081	1.7100394188331414	1.0886588926044076	1.6725050659335925	-50.0835194152835	45.2037997501874	-1.7827606746040772	-1.6677323102006403	-0.11502836440343689	5.290368363265998	0.8801345319520948	233.70581520152615	213.41718589710666	0.32790886596084134	0.22247	0.2175341295154638	0.9778089257272354	0.2190148906608246	0	0	Negative	-1.672198760437505	0.0
2025-10-14	216.38999938964844	219.32000732421875	212.6000061035156	215.5599975585937	45665600	AMZN	-2.049352304051443	3.1608659585038597	1.500555910511285	1.2209958154099232	0.9257040520804778	-1.672198760437505	0.38504446115014107	3.1608659585038597	27.120276554858343	41.432881811558964	-2.105141305559215	-1.7552141092723552	-0.34992719628685975	5.446056424511509	-1.542451273308394	232.06320661081233	213.29379412160952	0.16496015897247832	0.0	0.0	0.0	0.0	0	0	Negative	-0.3789417568938326	0.0
2025-10-15	215.57000732421875	217.7100067138672	212.6600036621093	216.6199951171875	45805500	AMZN	0.10628759563186399	2.3746839860784235	1.516317460370342	1.2236226296584585	0.9318665816472386	-0.37894175689383264	-0.48471416149775354	2.3746839860784235	0.306357520759609	40.61976099189637	-2.399140981121775	-1.8839994836422393	-0.5151414974795356	5.417766897886251	-2.970694017698877	230.7985992083097	212.9534027448153	0.14662795025855827	0.0	0.0	0.0	0.0	0	0	Negative	-0.4406977662724783	0.0
2025-10-16	214.6199951171875	218.58999633789065	212.8101043701172	215.6699981689453	30518260	AMZN	0.0463843954767676	2.7159856835186433	1.5268221558195274	1.186437627938074	0.6637896343069244	-0.4406977662724783	-0.4868563363807754	2.7159856835186433	-33.3742454508738	39.64892563865806	-2.677926418877007	-2.042784870689193	-0.6351415481878142	5.443632974306766	-2.254411823980141	229.40518506976738	212.68581682232244	0.11568489109393497	0.0	0.0	0.0	0.0	0	0	Negative	-0.7361857548230629	0.0
2025-10-17	213.0399932861328	214.8000030517578	211.02999877929688	214.5599975585937	45986900	AMZN	-0.027955251122360147	1.7864778914223234	0.6261595680200693	1.2137693056247636	1.1276859838197468	-0.7361857548230629	-0.7084285466799496	1.7864778914223234	50.686507028906625	38.021322473519334	-2.9918704102636866	-2.232601978604092	-0.7592684316595948	5.324088067032064	-3.440153845217525	227.70808229282338	212.53891935512584	0.03303240482450951	0.0	0.0	0.0	0.0	2025-10-22 17:57:45.786056+00:00	2025-10-22 17:57:45.788758+00:00	Medium	1.614721437202626	2.0
2025-10-20	216.47999572753903	216.69000244140625	213.58999633789065	213.8800048828125	38882800	AMZN	0.3942976075630422	1.4513816923389584	0.6898455408584346	1.2734885507500109	0.9398379747060631	1.614721437202626	1.2156306271598887	1.4513816923389584	-15.448095000967669	43.4630331909469	-2.9293263864200867	-2.3719468601672906	-0.5573795262527961	5.2045110019064476	-2.666250544907714	226.47021315670764	212.66178757571424	0.2765129253461279	0.0	0.0	0.0	0.0	2025-10-22 17:57:45.786056+00:00	2025-10-22 17:57:45.788758+00:00	High	2.5637486886978027	3.0
2025-10-21	222.02999877929688	223.32000732421875	217.9900054931641	218.42999267578125	50071600	AMZN	0.900774661274696	2.4450670658026117	0.5191319116654901	1.189573987140253	1.1850421456344935	2.5637486886978027	1.6481281070494587	2.4450670658026117	28.775705453310973	50.946192972248994	-2.4042067352751246	-2.3783988351888574	-0.02580790008626721	5.32133247296168	1.1480134552062058	226.60360222414187	212.66039771482298	0.6719833348361031	0.0	0.0	0.0	0.0	2025-10-22 17:57:45.786056+00:00	2025-10-22 17:57:45.788758+00:00	Negative	-2.301491077082348	0.0
2025-10-22	216.9199981689453	220.0050048828125	216.5200042724609	219.42999267578125	26243267	AMZN	-1.1710156815791783	1.6095513308628022	0.5499385799631765	1.2361303357532558	0.6844778298444185	-2.3014910770823476	-1.1438702960468032	1.6095513308628022	-47.58851924044768	45.03572238807983	-2.3730252141465655	-2.377324110980399	0.004298896833833332	5.334808332524129	-1.8017183510671126	226.53143391543296	212.40356516903972	0.31968254242584254	0.0	0.0	0.0	0.0	2025-10-22 17:57:45.786056+00:00	2025-10-22 17:57:45.788758+00:00	Medium	1.7629064687291542	2.0
2025-10-23	220.7440948486328	220.8099975585937	218.17999267578125	218.94500732421875	19540888	AMZN	0.933528108227387	1.2054289903294066	0.46829344175255244	1.3012511014248902	0.5406235662817946	1.7629064687291542	0.8217074901141421	1.2054289903294066	-25.53942312136671	49.73537112661293	-2.016496079678774	-2.3051585047200738	0.2886624250412999	5.23160769374729	-0.4670862730479751	226.65487064324088	212.53953853644663	0.5812513832555888	0.1771891089108911	0.0	177189108.91089115	0.0885945544554455	2025-10-23 19:17:48.565603+00:00	2025-10-23 19:17:48.568452+00:00	Medium	1.5701040010202751	2.0
2025-10-24	224.2100067138672	225.3999938964844	221.8999938964844	221.97000122070312	38556695	AMZN	0.5553518307753297	1.5772871096304482	0.4679336824019315	0.6337738912491241	1.1124567753588168	1.5701040010202751	1.0091478491892432	1.5772871096304482	97.31291126585445	53.60713943880019	-1.4377011266191744	-2.1316670290998943	0.6939659024807199	5.190485647611884	-0.4484479625973356	227.15786749752743	212.4795424756171	0.7991691300431094	0.2233343137254902	0.0	223334313.7254901	0.1116671568627451	2025-10-24 23:31:50.731653+00:00	2025-10-24 23:31:50.734605+00:00	Medium	1.2309863182682088	2.0
2025-10-27	226.97000122070312	228.3999938964844	225.5399932861328	227.8099975585937	36218592	AMZN	1.6056334404916859	1.2680680568803744	0.4945676409483765	0.6689192542239017	1.0613130991721893	1.2309863182682088	-0.36872672266041245	1.2680680568803744	-6.064064879004801	56.48184110430809	-0.7476747369061343	-1.8548685706611423	1.107193833755008	5.119021471540836	-0.33810672428568045	227.98053559108254	212.1368746872378	0.9362183792929958	0.0913752475247524	0.0	91375247.52475248	0.0456876237623762	2025-10-27 23:31:44.265714+00:00	2025-10-27 23:31:44.268523+00:00	Medium	1.0045375014470874	2.0
2025-10-28	229.25	231.4850006103516	226.2100067138672	228.22000122070312	45295502	AMZN	0.550733574162743	2.3319012156507903	0.44781121456535034	0.543008843149203	1.365515579686307	1.0045375014470874	0.45131836551906823	2.3319012156507903	25.061465669344628	58.75546745915121	-0.01665501628212951	-1.4872258597853398	1.4705708435032103	5.130162359036804	5.952768486146427	229.4121235960676	211.6732859498308	0.9908605287843087	0.1361523809523809	0.0	136152380.95238096	0.0680761904761904	2025-10-28 23:33:36.562204+00:00	2025-10-28 23:33:36.565028+00:00	Low	0.458016598367639	1.0
2025-10-29	230.3000030517578	232.8099975585937	227.759994506836	231.6719970703125	48650625	AMZN	1.0564872716739366	2.217247617472228	0.5270367786458507	0.52906591660986	1.2920968373158426	0.458016598367639	-0.5922140076939411	2.217247617472228	7.407188024983142	59.797174941223	0.6400319600310809	-1.0617742958220557	1.7018062558531366	5.1244366942311546	4.648518829041384	230.8634274242495	211.18898193854346	0.9713626301233739	0.1473048076923077	0.0	147304807.69230768	0.0736524038461538	2025-10-29 23:33:55.373501+00:00	2025-10-29 23:33:55.376380+00:00	Negative	-3.230569840563202	0.0
2025-10-30	222.8600006103516	228.42999267578125	222.75	226.8724975585937	93570857	AMZN	-1.4882785270279908	2.549940595187991	0.5416601515060211	0.5011126485748906	1.7837135772864614	-3.230569840563202	-1.768613204077681	2.549940595187991	92.33228144551072	50.1347627175432	0.5537320235257823	-0.7386730319524881	1.2924050554782704	5.297691434054487	2.9899723827129243	230.9005321713314	211.1968768862858	0.5919269067256623	0.256315	0.0	256315000.0	0.1281575	2025-10-30 23:36:51.881365+00:00	2025-10-30 23:36:51.884323+00:00	Very High	9.584492754129242	4.0
2025-10-31	244.22000122070312	250.5	243.97999572753903	250.1999969482422	166088899	AMZN	12.267789761740081	2.6723519905878192	0.554854751498731	0.5641108319220843	2.130303632166759	9.584492754129242	-2.3900862511905303	2.6723519905878192	77.50067096211377	66.74752209386162	2.183739449328584	-0.1541905356962736	2.337929985024858	6.893570573739767	13.29034324027952	236.35050985019024	208.21789987881368	1.2797284496006478	0.2422336538461538	0.0	242233653.84615383	0.1211168269230769	2025-10-31 23:31:10.831453+00:00	2025-10-31 23:31:10.834473+00:00	High	4.004585509136343	3.0
2025-11-03	254.0	258.6000061035156	252.8999938964844	255.63999938964844	91993793	AMZN	4.676110929434068	2.2538601599825734	0.19743510672714015	0.5447600825929997	1.0322470813466211	4.0045855091363425	-0.6415269103285899	2.2538601599825734	-44.611714838328844	71.43927689124254	4.216095717473223	0.7198667149376258	3.4962290025355975	7.428315881530677	18.348712039300022	243.6293030903192	204.24910724903626	1.2633480278127263	0.1603823529411764	0.0	160382352.94117644	0.0801911764705882	2025-11-03 23:20:55.960922+00:00	2025-11-03 23:20:55.963645+00:00	Negative	-1.8425168014886808	0.0
2025-11-04	249.32000732421875	257.010009765625	248.6600036621093	250.3800048828125	48162734	AMZN	-1.4251949280265748	3.358001279072643	0.46045913039041475	0.683922101359431	0.5369708794656484	-1.8425168014886812	-0.4233555147863623	3.358001279072643	-47.64566996384202	66.59692312936802	5.387018213051618	1.6532970145604242	3.733721198491194	7.494150897386751	17.029672916558187	247.85550515507876	202.77690603876889	1.0324877480189956	0.1374745454545454	0.0	137474545.45454544	0.0687372727272727	2025-11-04 23:21:27.391459+00:00	2025-11-04 23:21:27.394333+00:00	Low	0.3529558792604592	1.0
2025-11-05	250.1999969482422	251.0	246.1600036621093	248.80499267578125	37634470	AMZN	-0.20656771751485178	1.9661993280331258	0.5234145148728541	0.6642686207156453	0.43015664897026706	0.3529558792604592	0.5606817843397431	1.9661993280331258	-21.85977232936984	67.04919805834811	6.313215714204034	2.5852807544891463	3.727934959714888	7.3045684288513195	15.576497545363512	251.57757804271782	201.55283272388377	0.9724620068389038	0.2314771428571428	0.0	231477142.85714287	0.1157385714285714	2025-11-05 23:21:34.293787+00:00	2025-11-05 23:21:34.296534+00:00	Negative	-2.8617121300727013	0.0
2025-11-06	243.0399932861328	250.3800048828125	242.1699981689453	249.22000122070312	43139744	AMZN	-0.3916849478386645	3.3901832497597955	0.6410214016519061	0.6817762874301352	0.5573327493147376	-2.8617121300727013	-2.479739950365159	3.3901832497597955	14.628275620727488	59.93806015554089	6.3957551655460065	3.3473756367005185	3.048379528845488	7.369242592066739	9.462682800678829	253.35491583797233	201.30549370792613	0.8018244558783469	0.2182542857142857	0.0	218254285.71428573	0.1091271428571428	2025-11-06 23:21:18.617562+00:00	2025-11-06 23:21:18.620333+00:00	Medium	0.563697504041466	2.0
2025-11-07	244.4100036621093	244.8999938964844	238.4900054931641	242.8999938964844	46128349	AMZN	-0.05760343709505733	2.687738796460401	0.640723613198924	0.6287691192309193	0.8636356283547585	0.563697504041466	0.6216590381094865	2.687738796460401	6.927730030108663	60.794868568893925	6.496825305102163	3.9772655703808475	2.519559734721316	7.300724435727708	12.67287743186949	255.26033804261607	202.20407235777458	0.7954938169799087	0.238331	0.0	238331000.0	0.1191655	2025-11-07 23:20:43.105391+00:00	2025-11-07 23:20:43.108347+00:00	Medium	1.632498741700923	2.0
2025-11-10	248.3999938964844	251.75	245.58999633789065	248.3099975585937	34123225	AMZN	1.595676870033539	2.5082469782825414	0.6022916526131603	0.4669393942406791	0.8156094004048654	1.632498741700923	0.03624354185315226	2.5082469782825414	-26.025479472503992	63.25938027392754	6.820263235928451	4.545865103490368	2.2743981324380824	7.303529571596494	12.52848873117789	257.68184090563886	202.61556815197832	0.831442250491932	0.2406235294117646	0.0	240623529.41176465	0.1203117647058823	2025-11-10 23:22:15.089905+00:00	2025-11-10 23:22:15.093001+00:00	Low	0.2818084638612789	1.0
2025-11-11	249.1000061035156	249.74989318847656	247.22999572753903	248.44500732421875	23117997	AMZN	0.01812134816440656	1.019252317471458	0.8850027269921968	0.6831288249071353	0.6277159177541615	0.2818084638612789	0.26363934069404676	1.019252317471458	-32.25142992785705	63.69062638523602	7.0517866542486445	5.047049413642024	2.0047372406066204	6.961841563692282	11.101199163430998	259.7367383133103	203.83167141569362	0.8097358110799764	0.249248	0.0	249248000.00000003	0.124624	2025-11-11 23:21:06.869554+00:00	2025-11-11 23:21:06.872240+00:00	Negative	-1.967085120518692	0.0
2025-11-12	244.1999969482422	250.3699951171875	243.75	250.1849975585937	30661644	AMZN	0.4355646039716351	2.715895432692308	0.874725540479416	0.6814508791714219	0.8653123562987545	-1.9670851205186919	-2.39223001728943	2.715895432692308	32.63105795887075	58.513259220978405	6.761933483517595	5.390026227617138	1.3719072559004566	6.937423960370511	7.591309703869105	260.62733876224786	205.8040699291584	0.7003582208127894	0.2532	0.0	253200000.00000003	0.1266	2025-11-12 23:22:12.532838+00:00	2025-11-12 23:22:12.535784+00:00	Negative	-2.710890745256888	0.0
2025-11-13	237.5800018310547	243.72999572753903	236.52999877929688	243.1000061035156	41265167	AMZN	-0.45044670699145517	3.0440100559761913	0.7929991321533344	0.7020919077536192	1.1770113715182098	-2.710890745256888	-2.270672206445939	3.0440100559761913	34.58236942546199	52.32474967447731	5.929690693869844	5.49795912086768	0.431731573002164	6.989750689554426	3.633588584974782	260.45537807482066	208.2720312879723	0.561634551014823	0.2763528846153846	0.0	276352884.6153846	0.1381764423076923	2025-11-13 23:21:54.977656+00:00	2025-11-13 23:21:54.980434+00:00	Negative	-1.2164320933474622	0.0
2025-11-14	234.69000244140625	238.72999572753903	232.88999938964844	235.1199951171875	37325301	AMZN	-1.0354435116203597	2.5076200580513954	0.7803684324669928	0.7011358255263022	1.1209247872950878	-1.2164320933474622	-0.18288222384784197	2.5076200580513954	-9.547679765842219	49.84624909524605	4.979532537634071	5.394273804220958	-0.41474126658688704	6.907625378721295	1.9062090019433586	259.6364790527979	211.25593122552243	0.4843696954310306	0.203501	0.0	203501000.0	0.1017505	2025-11-14 23:20:49.874791+00:00	2025-11-14 23:20:49.877295+00:00	Negative	-0.775494186069192	0.0
2025-11-17	232.8699951171875	234.6000061035156	229.19000244140625	232.94500732421875	59392148	AMZN	-0.743531935333787	2.360488504943598	0.7760898903590646	0.6970132031717774	1.5485880519230644	-0.775494186069192	-0.03220168051373864	2.360488504943598	59.120345740815324	48.294783473298715	4.033174052752315	5.12205385392723	-1.0888798011749143	6.80708070881263	4.491606604783863	258.8901826262177	213.6412275910674	0.42495495224547825	0.2108817307692308	0.0	210881730.7692308	0.1054408653846154	2025-11-17 23:21:23.430990+00:00	2025-11-17 23:21:23.433780+00:00	0	0.0	0.0
2025-11-18	222.5500030517578	230.1999969482422	222.4199981689453	228.1199951171875	60333938	AMZN	-2.0397647183397973	3.497886360644316	0.4552872884261106	0.7160462327824004	1.3174603199558763	-4.431653833391607	-2.441693926290121	3.497886360644316	1.5857146638306465	40.58165837927349	2.4225157696026827	4.582146237062321	-2.159630467459638	7.067289011629027	-8.87314636828701	258.85178751498825	213.73162312954295	0.19544210537183818	0.0	0.0	0.0	0.0	2025-11-19 01:45:54.276705+00:00	2025-11-19 01:45:54.279582+00:00	0	0.0	0.0
