timestamp	open	high	low	close	volume	quoteVolume	symbol	gap_apertura_pct	volatilidad_diaria	vol_5d	vol_10d	vol_rel_5d	return_pct	close_open_pct	range_pct	volume_change_pct	rsi_14	macd	macd_signal	macd_diff	atr_14	momentum_12	bb_upper	bb_lower	bb_pctb	vader	finbert	sentiment_ratio	sentiment_combined	download_date	added_date
2025-07-15 16:00:00	21.176	22.581	21.157	22.111	3839958.33553	84352324.9934387	AVAXUSDT	0.0	6.730632887460413	0.0	0.0	0.0	0.0	4.415375897242172	6.730632887460413	0.0	0.0	0.0	0.0	0.0	0.0	0.0	0.0	0.0	0.0	0.0	0.0	0.0	0.0	0	0
2025-07-16 16:00:00	22.111	23.261	22.029	22.746	3851372.71782	87400793.98474349	AVAXUSDT	0.0	5.592627899586905	0.0	0.0	0.0	2.871873728008674	2.871873728008674	5.592627899586905	0.297252764030958	0.0	0.0	0.0	0.0	0.0	0.0	0.0	0.0	0.0	0.0	0.0	0.0	0.0	0	0
2025-07-17 16:00:00	22.746	25.071	22.189	23.786	5685822.93247	135976588.67058137	AVAXUSDT	0.0	12.98841768443824	0.0	0.0	0.0	4.572232480436133	4.572232480436133	12.98841768443824	47.63107465974776	0.0	0.0	0.0	0.0	0.0	0.0	0.0	0.0	0.0	0.0	0.0	0.0	0.0	0	0
2025-07-18 16:00:00	23.786	24.11	23.012	23.661	2921069.3428	68954460.32251182	AVAXUSDT	0.0	4.771423605075608	0.0	0.0	0.0	-0.5255192129824267	-0.5255192129824267	4.771423605075608	-48.62539024705352	0.0	0.0	0.0	0.0	0.0	0.0	0.0	0.0	0.0	0.0	0.0	0.0	0.0	0	0
2025-07-19 16:00:00	23.661	25.475	23.552	25.426	4251793.46905	105225352.16810133	AVAXUSDT	0.0	8.164911684782616	3.2453064006428307	0.0	1.0344987819017444	7.459532564135062	7.459532564135062	8.164911684782616	45.556060814853176	0.0	0.0	0.0	0.0	0.0	0.0	0.0	0.0	0.0	0.0	0.0	0.0	0.0	0	0
2025-07-20 16:00:00	25.426	26.467	24.522	25.929	6752825.24022	173135484.5976309	AVAXUSDT	0.0	7.931653209363023	3.2044738812092817	0.0	1.43904417843165	1.978289939432078	1.978289939432078	7.931653209363023	58.822983509799165	0.0	0.0	0.0	0.0	0.0	0.0	0.0	0.0	0.0	0.0	0.0	0.0	0.0	0	0
2025-07-21 16:00:00	25.929	26.121	24.779	24.995	7590017.8	193136503.6276	AVAXUSDT	0.0	5.41587634690665	3.236960927755387	0.0	1.3951454457063068	-3.602144317173812	-3.602144317173812	5.41587634690665	12.397663644450022	0.0	0.0	0.0	0.0	0.0	0.0	0.0	0.0	0.0	0.0	0.0	0.0	0.0	0	0
2025-07-22 16:00:00	24.995	26.143	23.59	24.364	6630462.2	164713430.2688	AVAXUSDT	0.0	10.822382365409076	2.419935377046892	0.0	1.177862327073039	-2.5245049009801965	-2.5245049009801965	10.822382365409076	-12.64233662271516	0.0	0.0	0.0	0.0	0.0	0.0	0.0	0.0	0.0	0.0	0.0	0.0	0.0	0	0
2025-07-23 16:00:00	24.364	24.445	22.527	24.2	7138162.0	168489329.2304	AVAXUSDT	0.0	8.514227371598523	1.923256138404938	0.0	1.102818727711725	-0.6731242817271444	-0.6731242817271444	8.514227371598523	7.657080075051176	0.0	0.0	0.0	0.0	0.0	0.0	0.0	0.0	0.0	0.0	0.0	0.0	0.0	0	0
2025-07-24 16:00:00	24.2	24.319	22.858	23.199	4475364.8	105216924.441	AVAXUSDT	0.0	6.391635313675731	2.081383962254714	2.57175275576989	0.6866830127083727	-4.136363636363627	-4.136363636363627	6.391635313675731	-37.30368125576304	0.0	0.0	0.0	0.0	0.0	0.0	0.0	0.0	0.0	0.0	0.0	0.0	0.0	0	0
2025-07-25 16:00:00	23.199	24.94	23.08	24.826	2882316.4	69601790.7586	AVAXUSDT	0.0	8.058925476603134	2.083941540675444	2.548461666093285	0.5018602799400168	7.013233329022797	7.013233329022797	8.058925476603134	-35.59594516183351	0.0	0.0	0.0	0.0	0.0	0.0	0.0	0.0	0.0	0.0	0.0	0.0	0.0	0	0
2025-07-26 16:00:00	24.826	25.776	24.525	25.032	3242555.0	81342423.8046	AVAXUSDT	0.0	5.1009174311926655	2.1781868173682803	2.6013760457712034	0.6653070654054877	0.8297752356400527	0.8297752356400527	5.1009174311926655	12.498232324528985	0.0	0.0	0.0	0.0	0.0	0.0	0.0	0.0	0.0	0.0	0.0	0.0	0.0	0	0
2025-07-27 16:00:00	25.032	27.416	25.032	26.076	8951737.2	236977831.3712	AVAXUSDT	0.0	9.523809523809526	1.7620532552234147	1.9963029830202368	1.6769748571601475	4.1706615532118905	4.1706615532118905	9.523809523809526	176.07048145675245	0.0	0.0	0.0	0.0	0.0	17.932250915833748	0.0	0.0	0.0	0.0	0.0	0.0	0.0	0	0
2025-07-28 16:00:00	26.076	26.206	24.187	24.299	7191186.6	181052916.0896	AVAXUSDT	0.0	8.347459379005244	1.7399185271591613	1.7663168971398044	1.3444908155954642	-6.814695505445624	-6.814695505445624	8.347459379005244	-19.667139021909623	54.37227641973541	0.0	0.0	0.0	1.8065714285714287	6.827574078958943	0.0	0.0	0.0	0.8481	0.9955717325210572	1.1738834555330755	0.9513302127647398	0	0
2025-07-29 16:00:00	24.299	24.545	23.116	23.228	5782040.0	138291814.787	AVAXUSDT	0.0	6.181865374632299	1.7750344869489412	1.8342006413994043	1.03067272209856	-4.4075887896621175	-4.4075887896621175	6.181865374632299	-19.595467040168305	47.528008664386434	0.0	0.0	0.0	1.779602040816327	-2.345917766753552	0.0	0.0	0.0	0.0	0.9943970441818236	994397.0441818236	0.6960779309272765	0	0
2025-07-30 16:00:00	23.228	24.116	22.38	23.094	5416064.6	126151838.8522	AVAXUSDT	0.0	7.7569258266309244	1.7538307955639107	1.831826574855672	0.8854529126237052	-0.576889960392631	-0.576889960392631	7.7569258266309244	-6.3295203768912085	46.735334252278776	0.0	0.0	0.0	1.7764876093294466	-2.3963484214530246	0.0	0.0	0.0	0.0	0.0	0.0	0.0	0	0
2025-07-31 16:00:00	23.094	23.527	21.576	22.085	5195409.6	116135524.661	AVAXUSDT	0.0	9.042454579162031	1.298920450529905	1.7033517881695148	0.7983986446211475	-4.3691001991859375	-4.3691001991859375	9.042454579162031	-4.074083606757571	41.1676754046	0.0	0.0	0.0	1.788952780091629	-13.140092818374882	0.0	0.0	0.0	0.0	0.0	0.0	0.0	0	0
2025-08-01 16:00:00	22.085	22.244	21.014	21.2	3940209.4	84862662.4	AVAXUSDT	0.0	5.853240696678407	1.3777180239631828	1.4917687406944635	0.7157533614769069	-4.007244736246328	-4.007244736246328	5.853240696678407	-24.15979290641492	37.00369097725046	0.0	0.0	0.0	1.7490275815136551	-18.23826603417023	0.0	0.0	0.0	0.296	0.9980581402778624	3.3718066502405826	0.7874406981945037	0	0
2025-08-02 16:00:00	21.2	21.478	20.569	21.416	3434473.2	72383985.8644	AVAXUSDT	0.0	4.419271719578018	1.7874034904142075	1.7200309345614615	0.722493428697965	1.018867924528307	1.018867924528307	4.419271719578018	-12.835262004095512	38.63511861361986	0.0	0.0	0.0	1.6890256114055373	-14.318863772754554	0.0	0.0	0.0	0.0	0.0	0.0	0.0	0	0
2025-08-03 16:00:00	21.416	22.581	21.263	22.338	2907498.6	63593572.153	AVAXUSDT	0.0	6.198560880402567	1.7863238337038707	1.729519850392078	0.6957850467850638	4.305192379529327	4.305192379529327	6.198560880402567	-15.343680655303997	45.16321486915926	0.0	0.0	0.0	1.6625237820194274	-8.315547529141355	26.513968168349667	20.887131831650333	0.257847941815336	0.0	0.0	0.0	0.0	0	0
2025-08-04 16:00:00	22.338	23.119	21.619	21.709	4320292.6	97057246.6542	AVAXUSDT	0.0	6.938341273879459	1.6951658001463077	1.6926771352322425	1.0910996172449423	-2.815829528158301	-2.815829528158301	6.938341273879459	48.59139055131443	41.88925260277316	0.0	0.0	0.0	1.6509149404466112	-10.293388429752063	26.544298143669632	20.81660185633037	0.155804026418479	0.0	0.0	0.0	0.0	0	0
2025-08-05 16:00:00	21.709	22.362	21.416	22.333	2906821.2	63688591.291	AVAXUSDT	0.0	4.41725812476652	1.11809575708884	1.7862619499565973	0.8300794520853068	2.8743838960799613	2.8743838960799613	4.41725812476652	-32.717029397499594	46.06628446999133	0.0	0.0	0.0	1.600563873271853	-3.73291952239322	26.55607440688896	20.76352559311104	0.2709471179864501	0.0	0.0	0.0	0.0	0	0
2025-08-06 16:00:00	22.333	22.892	21.937	22.652	3215134.8	71912042.797	AVAXUSDT	0.0	4.353375575511684	1.2182557187917555	1.6770482836671317	0.9577849680763248	1.4283795280526692	1.4283795280526692	4.353375575511684	10.606555367079324	48.11937137874296	0.0	0.0	0.0	1.554452168038149	-8.756948360589702	26.53149422892478	20.67470577107521	0.3376072472405446	0.0	0.0	0.0	0.0	0	0
2025-08-07 16:00:00	22.652	23.804	22.182	23.175	4465497.4	103687892.8178	AVAXUSDT	0.0	7.312235145613561	1.390733999313001	1.568549026886493	1.2532798455093903	2.3088469009358983	2.3088469009358983	7.312235145613561	38.889896622685946	51.38673502784464	0.0	0.0	0.0	1.5592770131782812	-7.418504314477466	26.51292921324197	20.64467078675802	0.4311891244977193	0.0	0.0	0.0	0.0	0	0
2025-08-08 16:00:00	23.175	24.807	23.154	24.167	2683241.8	64871440.25	AVAXUSDT	0.0	7.139155221559984	1.5092564786059042	1.5931274898306662	0.762675135275803	4.280474649406692	4.280474649406692	7.139155221559984	-39.91169270415431	56.92769512091717	0.0	0.0	0.0	1.5659715122369753	-7.32090811474152	26.34074463697321	20.690955363026795	0.615252086126952	0.0	0.0	0.0	0.0	0	0
2025-08-09 16:00:00	24.167	24.819	23.255	23.946	3118404.6	75183840.4736	AVAXUSDT	0.0	6.725435390238658	1.4800155352920608	1.5232764062780189	0.9513654313094122	-0.9144701452393764	-0.9144701452393764	6.725435390238658	16.217800423353584	55.41238216054085	0.0080610468182769	0.0	0.0	1.5658306899343342	-1.452734680439516	26.026882759884828	20.80651724011517	0.601391367710849	0.0	0.0	0.0	0.0	0	0
2025-08-10 16:00:00	23.946	24.621	23.074	23.741	3847810.2	91879266.198	AVAXUSDT	0.0	6.704515905347998	1.199459735756627	1.1878296168579316	1.110153053572351	-0.8560928756368572	-0.8560928756368572	6.704515905347998	23.390345178428745	53.97710879256643	0.0566264567644978	0.0	0.0	1.56448564065331	2.208541415532969	25.86799220364741	20.840007796352587	0.5769692124419716	0.0	0.0	0.0	0.0	0	0
2025-08-11 16:00:00	23.741	24.245	22.646	24.214	3621916.2	84299707.4176	AVAXUSDT	0.0	7.060849598163031	0.2657940182280866	1.2311538144282326	1.02101333526137	1.9923339370708857	1.9923339370708857	7.060849598163031	-5.87071576451458	56.76005554084908	0.1317631573575255	0.0	0.0	1.5669509520352165	4.849744522386756	25.84926483114175	20.84373516885825	0.6733083326898617	0.0	0.0	0.0	0.0	0	0
2025-08-12 16:00:00	24.214	25.465	24.141	25.013	4499882.6	111981549.8024	AVAXUSDT	0.0	5.484445549065912	0.6655021603071523	1.106794748106671	1.2660564767979194	3.299743949781131	3.299743949781131	5.484445549065912	24.240384136993544	61.04517183747299	0.2528672600175028	0.0	0.0	1.5495973126041298	13.257867330767493	25.96919843293072	20.80510156706928	0.8148372391594925	0.0	0.0	0.0	0.0	0	0
2025-08-13 16:00:00	25.013	26.022	23.269	23.878	6107330.8	150907713.4363	AVAXUSDT	0.0	11.831191714297995	2.461122655254581	2.086628389428203	1.4407245961051711	-4.537640426977978	-4.537640426977978	11.831191714297995	35.7220030584798	53.008812838488495	0.2543264030130139	0.0	0.0	1.6355546474181204	12.632075471698116	26.010206092843625	20.83199390715637	0.5882350864769288	0.0	0.0	0.0	0.0	0	0
2025-08-14 16:00:00	23.878	25.659	23.183	23.693	3639079.95	88074627.10782	AVAXUSDT	0.0	10.680239830910578	2.7445225959005835	2.4232198108343	0.8378791306818553	-0.7747717564285063	-0.7747717564285063	10.680239830910578	-40.41455966328203	51.81153479995942	0.2378134648697489	0.0	0.0	1.695586458316826	10.632237579379908	25.876554812701887	20.85234518729811	0.5653933702007108	0.0	0.0	0.0	0.0	0	0
2025-08-15 16:00:00	23.693	24.255	23.45	24.185	2636262.93	62760175.10156	AVAXUSDT	0.0	3.432835820895521	3.516903379908928	2.5634516900885425	0.6428507079544238	2.076562697843233	2.076562697843233	3.432835820895521	-27.556883436979724	54.739363433828096	0.2614137160125516	0.0	0.0	1.631973139865624	8.268421523860676	25.74738603673876	20.89681396326124	0.6778965422899823	0.0	0.0	0.0	0.0	0	0
2025-08-16 16:00:00	24.185	25.438	23.89	25.421	2095944.62	51635823.66893	AVAXUSDT	0.0	6.479698618668891	3.5526428952660103	2.395540260947532	0.552189193193863	5.110605747364072	5.110605747364072	6.479698618668891	-20.49561535958024	61.1288757627179	0.3755231581784173	0.0	0.0	1.6259750584466508	17.098899074116723	25.57889259842441	20.999807401575595	0.9655187462917116	0.0	0.0	0.0	0.0	0	0
2025-08-17 16:00:00	25.421	25.68	23.34	23.765	6422970.25	156576771.15787	AVAXUSDT	0.0	10.025706940874034	3.4617672348691064	2.547801470708491	1.5364789701594237	-6.514299201447618	-6.514299201447618	10.025706940874034	206.4475172058697	50.784490250994885	0.3285431124886706	0.2316473991480442	0.0968957133406263	1.6769768399861755	6.412036000537332	25.51665171029216	21.00864828970784	0.611435141709561	0.0	0.0	0.0	0.0	0	0
2025-08-18 16:00:00	23.765	24.132	22.658	22.774	4500388.8	104812224.7076	AVAXUSDT	0.0	6.5054285462088455	2.959596421154008	2.5671412397381697	1.1662273232986482	-4.169997896065642	-4.169997896065642	6.5054285462088455	-29.93290292758245	45.79066599775224	0.2089371722760375	0.2271053537736429	-0.0181681814976053	1.6624784942728774	0.5385837895108594	25.50401232025533	20.975887679744663	0.3970986805814934	0.0	0.0	0.0	0.0	0	0
2025-08-19 16:00:00	22.774	23.341	22.222	23.082	3892692.0	88528741.0322	AVAXUSDT	0.0	5.0355503555035535	2.437968501872935	2.6765727893885045	0.9956620893075356	1.3524194256608404	1.3524194256608404	5.0355503555035535	-13.503206656278229	47.51799213262266	0.1374175647330773	0.2091677959655298	-0.0717502312324525	1.6236586018248147	-0.4012944983818768	25.50357306984096	20.97512693015905	0.4652529818956721	0.8555	0.9841241240501404	1.1503483035673134	0.9455368868350982	0	0
2025-08-20 16:00:00	23.082	23.619	22.889	22.911	2283812.0	53131434.1366	AVAXUSDT	0.0	3.1893049062868646	2.51081010521794	2.980547575229163	0.5948725990751708	-0.7408370158565089	-0.7408370158565089	3.1893049062868646	-41.3307808580797	46.6296254213842	0.0661766464047453	0.1805695660533729	-0.1143929196486276	1.5598258445516138	-5.197169694211115	25.48857692587413	21.07272307412587	0.4162902549744363	0.0	0.0	0.0	0.0	0	0
2025-08-21 16:00:00	22.911	24.505	22.178	24.252	5302023.0	123696154.3446	AVAXUSDT	0.0	10.49237983587338	3.1608678494407	3.1825393459509383	1.183387637131562	5.853083671598784	5.853083671598784	10.49237983587338	132.1567186791207	53.90717065389384	0.116581321259698	0.1677719170946379	-0.0511905958349399	1.6146239985122128	1.2778752192432865	25.45925038252712	21.40724961747289	0.7020606726092367	0.0	0.0	0.0	0.0	0	0
2025-08-22 16:00:00	24.252	26.774	24.252	25.647	6726684.2	171927131.3072	AVAXUSDT	0.0	10.399142338776192	3.2518693641958074	3.247151293398276	1.4812830755408355	5.752102919346856	5.752102919346856	10.399142338776192	26.87014371684167	60.01530478787228	0.2660256525989375	0.1874226641954978	0.0786029884034396	1.679436570047055	8.028305463122862	25.667654972557354	21.62194502744265	0.9948945987632412	0.0	0.0	0.0	0.0	0	0
2025-08-23 16:00:00	25.647	26.31	24.934	25.516	4320853.0	110729855.8676	AVAXUSDT	0.0	5.518569022218648	3.3278870918575536	2.980597772247961	0.959078550437586	-0.51078098802979	-0.51078098802979	5.518569022218648	-35.76548457559522	59.22163948282548	0.3696298933621698	0.2238641100288322	0.1457657833333375	1.6577625293294085	5.377054596514412	25.88928817603093	21.718111823969068	0.9105076974637116	0.0	0.0	0.0	0.0	0	0
2025-08-24 16:00:00	25.516	26.571	23.964	24.172	7741892.0	195469114.7608	AVAXUSDT	0.0	10.878818227341023	3.518166595935937	3.0070830428571536	1.4676425497189902	-5.26728327324031	-5.26728327324031	10.878818227341023	79.1750841789804	51.67174071729482	0.3393753253748208	0.24696635309803	0.0924089722767908	1.7255652058058792	-3.3622516291528446	25.78119347142056	22.07250652857944	0.5661015620294444	0.0	0.0	0.0	0.0	0	0
2025-08-25 16:00:00	24.172	24.339	23.02	23.681	4985442.0	117177533.6276	AVAXUSDT	0.0	5.729800173761943	2.726913136461042	2.765759833876139	0.8572858513891762	-2.031275856362732	-2.031275856362732	5.729800173761943	-35.60434581107564	49.2038458313772	0.2726359877736222	0.2521002800331484	0.0205357077404737	1.696524833962602	-0.8250272217103576	25.704348111220533	22.28415188877947	0.4084116876263821	0.7351	0.3133431077003479	0.4262585790256684	0.4398701753902435	0	0
2025-08-26 16:00:00	23.681	25.325	23.627	24.981	3874436.2	95305529.9764	AVAXUSDT	0.0	7.1866931899945	2.549499073265169	2.747876683731474	0.7006389245034037	5.48963303914531	5.48963303914531	7.1866931899945	-22.28500100893762	55.29224319371628	0.3209440738379427	0.2658690387941073	0.0550750350438354	1.6966302029652731	5.43620478622378	25.75526718926289	22.46613281073711	0.7645984930509517	0.0	0.0	0.0	0.0	0	0
2025-08-27 16:00:00	24.981	25.204	24.236	24.579	5944925.0	146823055.6006	AVAXUSDT	0.0	3.994058425482753	2.614918795038184	2.79255392247035	1.1063393197895148	-1.6092230094872144	-1.6092230094872144	3.994058425482753	53.43974434267365	53.16994806721623	0.3230664310240883	0.2773085172401035	0.0457579137839847	1.6445851884677538	1.6291089518296542	25.77891225276906	22.58288774723094	0.624560997360992	0.0	0.0	0.0	0.0	0	0
2025-08-28 16:00:00	24.579	25.198	23.375	23.516	5907872.6	143258886.716	AVAXUSDT	0.0	7.798930481283424	2.5640908698160536	2.802547776016821	1.0381237630325209	-4.324830139550032	-4.324830139550032	7.798930481283424	-0.6232610167495868	47.93093629020648	0.236249856955979	0.2690967851832786	-0.0328469282272996	1.6573291035772002	-7.493804334998627	25.77247589105649	22.52422410894351	0.3053260515449759	0.0	0.0	0.0	0.0	0	0
2025-08-29 16:00:00	23.516	23.921	23.093	23.921	2526599.0	59335535.0926	AVAXUSDT	0.0	3.585502100203522	1.870132722499515	2.95038000587034	0.5436053882369858	1.722231672053075	1.722231672053075	3.585502100203522	-57.23335333940681	49.954221156227376	0.1978465598147991	0.2548467401095827	-0.0570001802947836	1.5980913104645431	0.6564275194613878	25.771885265812084	22.52231473418792	0.4304215748513095	0.7783	0.0075044725090265	0.0096421211189842	0.2387431307563185	0	0
2025-08-30 16:00:00	23.921	24.199	23.566	24.052	1572302.8	37550357.5308	AVAXUSDT	0.0	2.686073156242055	2.289650251285789	3.0236558085107585	0.3965227595840714	0.5476359683959711	0.5476359683959711	2.686073156242055	-37.76999041003341	50.62257531647232	0.1759539872988895	0.2390681895474441	-0.0631142022485545	1.529156216859933	5.611662422060238	25.77751386732754	22.547786132672467	0.4657401462009551	0.0	0.0	0.0	0.0	0	0
2025-08-31 16:00:00	24.052	24.328	22.843	23.65	3402288.0	80593629.6246	AVAXUSDT	0.0	6.5008974302849865	2.1456887244007943	2.735782724024624	0.8789630606042454	-1.6713786795276944	-1.6713786795276944	6.5008974302849865	116.38885334300744	48.48280866276472	0.1247281371818793	0.2162001790743311	-0.0914720418924518	1.5260022013699377	2.460791959102321	25.764369933616383	22.50453006638361	0.3513884056485138	0.0	0.0	0.0	0.0	0	0
2025-09-01 16:00:00	23.65	24.285	22.654	23.609	4510238.8	106312129.5284	AVAXUSDT	0.0	7.199611547629559	2.277298461537735	2.384237764203784	1.2584862405237098	-0.173361522198718	-0.173361522198718	7.199611547629559	32.56487399067921	48.25876078597475	0.0799018655838637	0.1889405163762377	-0.109038650792374	1.533502044129228	3.0465715158657427	25.657289971249945	22.47121002875005	0.3571128131697809	0.0	0.0	0.0	0.0	0	0
2025-09-02 16:00:00	23.609	25.786	23.583	25.446	6219973.2	153851647.0136	AVAXUSDT	0.0	9.341474791163138	2.7190573215943825	2.57786683738558	1.7058406337136405	7.780931000889489	7.780931000889489	9.341474791163138	37.90784647588949	57.69243856682425	0.1904123152938588	0.1892348761597619	0.0011774391340968	1.5813233266914264	4.92330529440872	25.842090763898536	22.443209236101463	0.8834643806619367	0.0	0.9845962524414062	984596.2524414062	0.6892173767089843	0	0
2025-09-03 16:00:00	25.446	25.589	24.525	24.712	3367354.09931	84052914.11042622	AVAXUSDT	0.0	4.338430173292559	2.57863632511444	2.131792906852073	0.8827932040113998	-2.8845398097932944	-2.8845398097932944	4.338430173292559	-45.862241025250725	53.49549607394448	0.2162719289949208	0.1946422867267937	0.0216296422681271	1.5443716604991815	-3.645650563418719	25.897158088237685	22.490041911762308	0.6521521348697543	0.0	0.999974250793457	999974.250793457	0.6999819755554199	0	0
2025-09-04 16:00:00	24.712	25.095	23.847	24.306	4261321.4924	104525273.95320605	AVAXUSDT	0.0	5.233362687130446	1.925980353324945	2.140307957795057	0.9791110490426276	-1.6429265134347637	-1.6429265134347637	5.233362687130446	26.54806612922536	51.273605645609656	0.2016802083448148	0.1960498710503979	0.0056303372944168	1.5232022561778114	-4.742122589747599	25.903902243654105	22.4953977563459	0.5312013671673311	0.0	0.0	0.0	0.0	0	0
2025-09-05 16:00:00	24.306	24.561	24.075	24.211	1557473.94352	37859967.82705077	AVAXUSDT	0.0	2.0186915887850496	2.788623308411066	2.37564760086941	0.3910036330594291	-0.3908499958857994	-0.3908499958857994	2.0186915887850496	-63.45091666287722	50.74252587883012	0.1803712510452157	0.1929141470493615	-0.0125428960041457	1.4491163807365393	0.1613437034585385	25.748970272577047	22.529329727422947	0.5223161557920318	0.0	0.0	0.0	0.0	0	0
2025-09-06 16:00:00	24.211	24.722	24.176	24.593	1680399.0115	41155316.7057719	AVAXUSDT	0.0	2.258438120450045	2.9618391744614314	2.537113930090117	0.4917323245796334	1.5777952170501073	1.5777952170501073	2.258438120450045	7.892592263995171	52.85702413630308	0.1920936206703736	0.1927500417735639	-0.0006564211031903	1.3846080678267867	3.851188716692703	25.792339002940537	22.568760997059464	0.6279478887272245	0.0	0.0	0.0	0.0	0	0
2025-09-07 16:00:00	24.593	25.795	24.251	25.72	2619638.93024	65442184.37155357	AVAXUSDT	0.0	6.366747762978848	1.8832506163508	2.404550784455304	0.9712303550256466	4.582604806245675	4.582604806245675	6.366747762978848	55.89386284520557	58.51511962284736	0.2889918462095053	0.2119984026607522	0.0769934435487531	1.395993205839159	2.9582482686841884	25.937004843388312	22.71869515661169	0.9325717955981856	0.0	0.0	0.0	0.0	0	0
2025-09-08 16:00:00	25.72	26.358	24.901	25.932	3674042.18036	94397949.68204609	AVAXUSDT	0.0	5.851170635717444	2.0561281112487286	2.3678509729910213	1.3318622954673485	0.8242612752721608	0.8242612752721608	5.851170635717444	40.2499458207166	59.49982610102399	0.3785275859201142	0.2453042393126246	0.1332233466074895	1.400350833993505	5.504699133406558	26.117282090281822	22.823417909718174	0.9437493229456348	0.0	0.0	0.0	0.0	0	0
2025-09-09 16:00:00	25.932	28.989	25.741	28.662	7118524.0928	193711026.70076725	AVAXUSDT	0.0	12.618002408608838	4.290902471163426	3.1571873151327545	2.137684888043645	10.527533549282742	10.527533549282742	12.618002408608838	93.75183363035023	69.52986818819456	0.6621407428338983	0.3286715400168794	0.3334692028170189	1.5323257744225405	21.88297329477803	27.08369379137534	22.43210620862466	1.3393048460438406	0.0	0.0	0.0	0.0	0	0
2025-09-10 16:00:00	28.662	30.0	28.314	28.931	8042364.54974	232441306.7388155	AVAXUSDT	0.0	5.954651409196863	3.7448851440296647	3.1556027767996184	1.7381403518538845	0.9385248761426346	0.9385248761426346	5.954651409196863	12.97797752590898	70.31010921677117	0.8982577091585568	0.4425887738452149	0.4556689353133419	1.5433025048209303	20.943940470716115	27.928200134095064	22.05549986590493	1.1707561803105582	0.0	0.0	0.0	0.0	0	0
2025-09-11 16:00:00	28.931	29.405	28.221	28.552	3767271.76401	108405715.9937904	AVAXUSDT	0.0	4.195457283583151	3.24965162965941	3.184068009368818	0.7468272610959795	-1.3100134803498025	-1.3100134803498025	4.195457283583151	-53.15716241522785	67.68050927133027	1.0427794610179504	0.562626911279762	0.4801525497381883	1.517638040190864	18.709462830533845	28.45174193541325	21.822458064586744	1.0151235135710444	0.5267	0.9999871850013732	1.8985860763533264	0.8580010295009612	0	0
2025-09-12 16:00:00	28.552	31.275	28.428	29.851	6512482.88976	194954135.25512168	AVAXUSDT	0.0	10.014774166314892	3.474462703351235	3.2727458493046093	1.1184188980812697	4.549593723732136	4.549593723732136	10.014774166314892	72.87000507836771	71.60091394060976	1.2477491587879257	0.6996513607813948	0.5480977980065309	1.6125924658915165	26.21987315010571	29.254412332536184	21.45328766746382	1.0764745716902706	0.0	0.0	0.0	0.0	0	0
2025-09-13 16:00:00	29.851	30.643	28.975	29.133	5842893.615	174081875.28791633	AVAXUSDT	0.0	5.756686798964622	3.4874468273493555	3.228713315510988	0.9338607766066896	-2.4052795551237813	-2.4052795551237813	5.756686798964622	-10.281628160787006	66.77913646038374	1.3368422364277812	0.827089535910672	0.5097527005171092	1.6165501468992651	23.39785674954465	29.79061249431136	21.41318750568864	0.9215018343698144	0.0	0.0	0.0	0.0	0	0
2025-09-14 16:00:00	29.133	30.431	28.25	28.498	6851925.76569	200469150.86451432	AVAXUSDT	0.0	7.720353982300889	2.2216514181090496	3.2564702318726666	1.1045457866658	-2.179658806164823	-2.179658806164823	7.720353982300889	17.269391112985367	62.75414485673765	1.3407545652176722	0.929822541772072	0.4109320234456001	1.6568679935493176	11.99402656606146	30.115077837373924	21.57042216262608	0.8107497950850262	0.0	0.0	0.0	0.0	0	0
2025-09-15 16:00:00	28.498	31.026	28.307	30.13	7989641.1687	239035386.42642525	AVAXUSDT	0.0	9.60539795810224	2.4877646541878606	3.030464133147044	1.2901410735390817	5.726717664397494	5.726717664397494	9.60539795810224	16.604315953143296	68.07925201816255	1.458728559965106	1.035603745410679	0.4231248145544271	1.7327345654386523	21.92457105859501	30.738652655789444	21.46174734421056	0.9343905499358972	0.0	0.0	0.0	0.0	0	0
2025-09-16 16:00:00	30.13	30.46	29.393	29.521	4054191.70343	121472045.57140036	AVAXUSDT	0.0	3.6301160140169433	2.6786696515839514	2.8135631745120846	0.648647110726247	-2.021241287753064	-2.021241287753064	3.6301160140169433	-49.25689880400898	64.3802474700872	1.4859534440553688	1.125673685139617	0.3602797589157518	1.6851820964787485	21.455607668888337	31.15859650302288	21.536003496977123	0.8298175448141685	0.0	0.0	0.0	0.0	0	0
2025-09-17 16:00:00	29.521	33.522	29.393	33.158	8669443.67572	274939608.1159706	AVAXUSDT	0.0	14.04756234477596	3.976219919136562	3.5273672478311355	1.297506402978482	12.320043358964806	12.320043358964806	14.04756234477596	113.8390167486486	73.60417720018262	1.7804805931966818	1.25663506675103	0.5238455264456519	1.8597405181588376	36.95427698153733	32.296827855948365	21.36197214405163	1.0787547789144316	0.0	0.0	0.0	0.0	0	0
2025-09-18 16:00:00	33.158	35.84	33.115	33.961	10677406.04316	368671513.4853313	AVAXUSDT	0.0	8.228899290351809	3.751239956135416	3.4502583421026096	1.3960091246351072	2.4217383436877893	2.4217383436877893	8.228899290351809	23.161375084119666	75.13515127617887	2.0550020850515978	1.4163084704111435	0.638693614640454	1.921544766861778	38.09214003984873	33.44408655829825	21.218713441701738	1.042282017634293	0.0	0.0	0.0	0.0	0	0
2025-09-19 16:00:00	33.961	34.396	32.869	33.626	4068446.32909	137021379.3954095	AVAXUSDT	0.0	4.645714807265208	4.169677737989465	3.223754048975916	0.5736810876343611	-0.9864256058419976	-0.9864256058419976	4.645714807265208	-61.89667871911393	73.2269785133624	2.219940552059846	1.577034886740884	0.642905665318962	1.8933629978002224	30.738724727838257	34.30793249707163	21.312267502928364	0.947526156039036	0.30975	0.9977531731128692	3.2211459304824497	0.7913522211790085	0	0
2025-09-20 16:00:00	33.626	33.78	32.6	33.077	3207355.60396	106329602.35198368	AVAXUSDT	0.0	3.61963190184049	4.454403774423951	3.417221894643774	0.5227649349064456	-1.6326651995479675	-1.6326651995479675	3.61963190184049	-21.165099782024225	70.0856327118663	2.2800725070998134	1.7176424108126702	0.5624300962871431	1.8424084979573487	27.55283047971617	34.8708281641366	21.6920718358634	0.8638848674750751	0.0	0.0	0.0	0.0	0	0
2025-09-21 16:00:00	33.077	33.328	27.891	31.961	10079966.81233	314969026.1361859	AVAXUSDT	0.0	19.493743501487952	6.690066115835723	5.004885420945662	1.3731945068368343	-3.373945641986878	-3.373945641986878	19.493743501487952	214.27655854201663	64.0688023014041	2.2121750643864004	1.8165489415274163	0.3956261228589841	2.099165033817539	11.510013257972226	35.107154664407425	22.29094533559257	0.7545175344995431	0.0	0.0	0.0	0.0	0	0
2025-09-22 16:00:00	31.961	36.18	31.334	35.145	12369746.71736	420670245.8725092	AVAXUSDT	0.0	15.4656283908853	6.929933677551919	5.444388736272408	1.530798548262612	9.96214135978225	9.96214135978225	15.4656283908853	22.71614527767193	71.56834060902113	2.387763392011092	1.930791831624152	0.4569715603869402	2.2953675314020003	21.47869067781965	35.98963639933844	22.37836360066156	0.9379458180119248	0.3818	0.9495260119438172	2.486965754264177	0.779208208360672	0	0
2025-09-23 16:00:00	35.145	35.282	32.912	34.5	7720389.83877	263267072.55085543	AVAXUSDT	0.0	7.201020904229454	7.021035527713543	5.360778125337593	1.030872371305532	-1.835253947930013	-1.835253947930013	7.201020904229454	-37.58651640025078	68.45148250476808	2.4466686242867155	2.0339671901566643	0.4127014341300512	2.300698422016143	20.8321658727935	36.52984600066246	22.81695399933753	0.8519753527945573	0.5036	0.9993366599082948	1.984381802078023	0.8506156619358062	0	0
2025-09-24 16:00:00	34.5	34.854	30.03	30.259	6799165.27267	216987895.8766836	AVAXUSDT	0.0	16.063936063936058	6.657009082636448	5.713894970644751	0.8461593526615079	-12.292753623188403	-12.292753623188403	16.063936063936058	-11.932358149504642	52.3176497438606	2.126623793456659	2.052498510816664	0.0741252826399954	2.48093424901499	1.3667883822987548	36.37130457228072	23.57079542771928	0.5224951989602962	0.0	0.0	0.0	0.0	0	0
2025-09-25 16:00:00	30.259	30.273	27.057	27.88	7680136.23218	218446911.94259208	AVAXUSDT	0.0	11.886018405588208	4.671234203578705	5.732999912705025	0.8600491153210131	-7.862123665686246	-7.862123665686246	11.886018405588208	12.95704581636162	45.79684619248369	1.66186361211167	1.974371531075665	-0.312507918963995	2.533438945513919	-4.300964541928398	36.07628231616126	24.23271768383873	0.3079547779228047	0.0	0.0	0.0	0.0	0	0
2025-09-26 16:00:00	27.88	29.58	27.817	28.685	4482627.7947	128945246.2171055	AVAXUSDT	0.0	6.337850954452307	4.521454722856387	5.432303291703633	0.5739296624237378	2.887374461979913	2.887374461979913	6.337850954452307	-41.63348592805352	48.15174970418867	1.3430131724583347	1.8480998593521991	-0.5050866868938644	2.4784075922629247	0.6561863990455387	35.75779343082197	24.96040656917804	0.344953226048889	-0.1531	0.9997856616973876	6.530235999094634	0.6539199631881714	0	0
2025-09-27 16:00:00	28.685	28.975	27.917	28.807	2936317.91285	83684870.85820618	AVAXUSDT	0.0	3.789805494859762	4.890865412259082	5.692014155515954	0.4956875476371741	0.4253093951542614	0.4253093951542614	3.789805494859762	-34.49561178553053	48.51680836553585	1.0876287747532096	1.6960056424324013	-0.6083768676791916	2.376949907101287	-4.390972452704946	35.536213003566886	25.49068699643311	0.3301283577596462	0.0	0.0	0.0	0.0	0	0
2025-09-28 16:00:00	28.807	30.532	28.8	30.447	5274986.01864	156091512.62547648	AVAXUSDT	0.0	6.013888888888887	5.030239664342619	5.79660114112588	0.9706217095679252	5.693060714409694	5.693060714409694	6.013888888888887	79.64628406057304	53.27902502286594	1.005972864588184	1.5579990868635578	-0.5520262222753738	2.3308820565940525	3.136750110091116	35.3028873512545	26.175512648745503	0.4679864134514299	0.0	0.0	0.0	0.0	0	0
2025-09-29 16:00:00	30.447	30.816	28.806	29.057	4923144.23823	146868531.4014575	AVAXUSDT	0.0	6.97771297646323	2.982862393960652	5.6261734387073705	0.9730606281769818	-4.565310211186654	-4.565310211186654	6.97771297646323	-6.670004037294343	49.13088057737106	0.8196501672840988	1.410329302947666	-0.5906791356635672	2.307961909694477	-12.368055974425486	35.2898096744989	26.2280903255011	0.3121824419349037	0.0	0.0	0.0	0.0	0	0
2025-09-30 16:00:00	29.057	31.089	28.796	30.572	5347935.40433	161250126.69718552	AVAXUSDT	0.0	7.962911515488259	1.547095819021373	5.26176566509189	1.1643659387879264	5.213889940461853	5.213889940461853	7.962911515488259	8.628452581204966	53.39035408665892	0.78518480424205	1.2853004032065427	-0.5001155989644928	2.306893201859157	-9.979093666264244	35.29526429390985	26.38673570609014	0.4698042165607696	0.0	0.0	0.0	0.0	0	0
2025-10-01 16:00:00	30.572	31.375	29.4	29.992	5403547.33993	164856277.55167013	AVAXUSDT	0.0	6.717687074829937	1.563783823876292	4.170563312023954	1.1311150818006015	-1.897160800732691	-1.897160800732691	6.717687074829937	1.039876726165631	51.60869493562538	0.7029662456849799	1.16883357170223	-0.4658673260172501	2.283186544583503	-10.807113543091647	35.26225170575356	26.56374829424644	0.3941197173318778	0.5574	0.9989309310913086	1.7921226031013733	0.866471651763916	0	0
2025-10-02 16:00:00	29.992	31.265	29.925	31.244	4256364.04586	130044749.41703668	AVAXUSDT	0.0	4.477861319966583	1.2958168228994107	3.6459225021688417	0.8443164170793924	4.174446519071749	4.174446519071749	4.477861319966583	-21.230188650199945	55.092409723165495	0.7304136286310374	1.0811495830879916	-0.3507359544569541	2.2158160771132525	-5.54161501949995	35.30618204105165	26.659117958948343	0.5302241312795306	0.6486	0.9999114274978638	1.5416433639446498	0.8945179992485046	0	0
2025-10-03 16:00:00	31.244	31.57	29.85	29.935	4887309.42651	151020462.4752677	AVAXUSDT	0.0	5.762144053601336	1.3206796726162109	3.697707914029333	0.9846180715313546	-4.18960440404558	-4.18960440404558	5.762144053601336	14.823576504544905	50.96157252750141	0.6391725340317223	0.9927541732767378	-0.3535816392450155	2.1804006430337344	-6.338975626544851	35.29144656335518	26.754053436644828	0.3725899131203368	0.0	0.0	0.0	0.0	0	0
2025-10-04 16:00:00	29.935	31.215	29.816	30.248	3437188.40356	104674600.70230114	AVAXUSDT	0.0	4.692111617923266	1.4510472204034384	2.283272406772676	0.7365715832488013	1.0455987973943626	1.0455987973943626	4.692111617923266	-29.671152292592268	51.89046793851679	0.5853719894421587	0.911277736509822	-0.3259057470676633	2.124586311388468	-13.933703229477882	35.23775776498365	26.98274223501636	0.3955483491375799	0.0	0.0	0.0	0.0	0	0
2025-10-05 16:00:00	30.248	30.995	29.63	30.849	3254173.88366	98656855.17991176	AVAXUSDT	0.0	4.606817414782323	0.9666319799239796	1.318253184174738	0.7660995718056036	1.9869082253372088	1.9869082253372088	4.606817414782323	-5.3245414103703625	53.70385265720723	0.5844926796988581	0.8459207251476293	-0.2614280454487712	2.070330146289292	-10.582608695652173	35.25139464093973	27.041005359060268	0.4638019599562805	0.0	0.0	0.0	0.0	0	0
2025-10-06 16:00:00	30.849	31.042	28.438	28.532	4882849.06742	145125153.28373075	AVAXUSDT	0.0	9.156762078908514	1.977998776497206	1.706095048686514	1.1784139906633249	-7.510778307238485	-7.510778307238485	9.156762078908514	50.04880630189971	46.43681386944273	0.3923109677381617	0.7551987736657358	-0.3628878059275741	2.1084494215543423	-5.707392841799135	35.30167510634855	26.891824893651464	0.1950302401191666	0.0	0.0	0.0	0.0	0	0
2025-10-07 16:00:00	28.532	28.763	27.826	28.293	3315451.54272	93793693.42544268	AVAXUSDT	0.0	3.367354272982108	2.2044167893064284	1.7713204247319303	0.8382100880826902	-0.8376559652320229	-0.8376559652320229	3.367354272982108	-32.10006090825539	45.74912596232268	0.218204943065384	0.6478000075456656	-0.4295950644802815	2.0247744628718896	1.481348637015783	35.11579578982974	26.591204210170268	0.1996337037296175	0.0	0.0	0.0	0.0	0	0
2025-10-08 16:00:00	28.293	29.636	27.838	27.97	3045122.75737	86863140.69640554	AVAXUSDT	0.0	6.458797327394203	2.245416563630318	1.7780216831569526	0.8489431699918029	-1.1416251369596735	-1.1416251369596735	6.458797327394203	-8.153603871653091	44.78387564483017	0.0535440411928078	0.5289488142750941	-0.4754047730822862	2.008576286952469	-2.492591947010632	34.74201014641627	26.365889853583724	0.1915099222952795	0.0	0.0	0.0	0.0	0	0
2025-10-09 16:00:00	27.97	28.627	26.619	27.001	3332954.83433	92944079.72833608	AVAXUSDT	0.0	7.5434839776099745	2.300702640477567	1.8204478866730909	0.934619079192841	-3.464426170897382	-3.464426170897382	7.5434839776099745	9.452232303718157	41.92598033165401	-0.1533731217124057	0.3924844270775942	-0.5458575487899999	2.008535123598721	-6.269309542819444	34.43436642078884	26.01103357921117	0.1175266891867728	0.0	0.0	0.0	0.0	0	0
2025-10-10 16:00:00	27.001	27.125	8.434	22.798	14773279.3507	299692566.0734644	AVAXUSDT	0.0	221.6148921033911	96.16671207494872	68.24723368956194	2.5167720141629863	-15.56609014480946	-15.56609014480946	221.6148921033911	343.24871127963445	32.2982497987136	-0.6490219174733269	0.18418315816741	-0.833205075640737	3.200139757627384	-25.122343744868136	34.81535199643562	24.60214800356438	-0.1766485820535521	0.0	0.0	0.0	0.0	0	0
2025-10-11 16:00:00	22.798	23.14	20.643	22.346	6426974.55401	138773642.25527683	AVAXUSDT	0.0	12.096110061522063	95.86597185521369	68.08678642033729	1.0401727988232468	-1.982630055267998	-1.982630055267998	12.096110061522063	-56.49595190450744	31.461522076948512	-1.0660114649501369	-0.0658557664560993	-1.0001556984940372	3.149915489225428	-23.09598375606566	35.14242247391918	23.31357752608082	-0.0817981409298663	0.0	0.0	0.0	0.0	0	0
2025-10-12 16:00:00	22.346	23.314	21.698	22.791	8004588.10715	180248578.6547576	AVAXUSDT	0.0	7.447691031431466	95.38362020554028	67.97928738658717	1.124779556642839	1.991407858229662	1.991407858229662	7.447691031431466	24.54675275096079	33.29374366695173	-1.3450658230593149	-0.3216977777767424	-1.0233680452825724	3.0403500971378974	-25.451393431898467	34.50427964367034	22.71632035632967	0.006335247844852	0.0	0.0	0.0	0.0	0	0
2025-10-13 16:00:00	22.791	24.047	21.796	22.782	6025382.90816	137818587.21509576	AVAXUSDT	0.0	10.327583042760144	94.94633243148154	67.82645492907389	0.781235228337249	-0.0394892720810861	-0.0394892720810861	10.327583042760144	-24.72588436152135	33.2743696105795	-1.549087718181216	-0.5671757658576372	-0.9819119523235788	2.983967947342333	-24.03974393171513	33.788251469286855	22.260548530713148	0.0452346379903653	0.0	0.0	0.0	0.0	0	0
2025-10-14 16:00:00	22.782	23.269	21.739	21.917	3999440.46333	90457199.69886015	AVAXUSDT	0.0	7.0380422282533575	95.00549029454451	67.73807157421174	0.5097469509678073	-3.796857167939595	-3.796857167939595	7.0380422282533575	-33.62346386461722	31.38409123312495	-1.7602833600210983	-0.8057972846903295	-0.954486075330769	2.8801130939607376	-29.852131609268973	33.85129500640417	21.36330499359584	0.0443382006100477	0.0	0.0	0.0	0.0	0	0
2025-10-15 16:00:00	21.917	22.382	20.985	21.131	3798566.56456	82708721.1130567	AVAXUSDT	0.0	6.657136049559218	2.381458508347292	67.6592059356895	0.6721948216850104	-3.5862572432358504	-3.5862572432358504	6.657136049559218	-5.022550044481707	29.731289362129587	-1.9683906764481165	-1.038315963041887	-0.9300747134062296	2.774176444392113	-29.410389176549184	34.11861652471087	20.421083475289134	0.051828057077828	0.0	0.0	0.0	0.0	0	0
2025-10-16 16:00:00	21.131	21.504	19.01	19.941	5481459.8903	110838854.69467288	AVAXUSDT	0.0	13.11941083640189	2.7589097872141544	67.54046406039853	1.0035834321540524	-5.6315366049879385	-5.6315366049879385	13.11941083640189	44.30337858078144	27.380260739519173	-2.203934691580983	-1.2714397087497062	-0.9324949828312769	2.7541638412212484	-34.07498016397779	34.34816103452055	19.317138965479447	0.0415048977810695	0.0	0.0	0.0	0.0	2025-10-22 17:57:39.989071+00:00	2025-10-22 17:57:39.993253+00:00
2025-10-17 16:00:00	19.941	20.413	19.79	20.021	1256564.5	25230129.66525	AVAXUSDT	0.0	3.148054573016681	3.8039185254256	67.54995108430957	0.305563732157685	0.4011834912993423	0.4011834912993423	3.148054573016681	-77.07609787998962	27.793638722347666	-2.3569798921371508	-1.4885477454271951	-0.8684321467099556	2.601937852562588	-35.10000324159616	34.40653112299979	18.38016887700021	0.10238325440381	0.0	0.0	0.0	0.0	2025-10-22 17:57:39.989071+00:00	2025-10-22 17:57:39.993253+00:00
2025-10-18 16:00:00	20.021	20.83	19.74	20.733	1003472.6	20302762.7369	AVAXUSDT	0.0	5.521783181357649	3.6926232728744974	67.5861735050328	0.3228779370388431	3.556265920783176	3.556265920783176	5.521783181357649	-20.141576496869043	31.529337713149687	-2.393229210041415	-1.6694840383500391	-0.7237451716913759	2.49394229166526	-27.3342212252909	34.05559148911246	17.759708510887542	0.1824566053331057	0.0	0.0	0.0	0.0	2025-10-22 17:57:39.989071+00:00	2025-10-22 17:57:39.993253+00:00
2025-10-19 16:00:00	20.733	21.212	20.153	20.607	1319894.0	27349247.7931	AVAXUSDT	0.0	5.254800774078307	3.7846958160855086	67.67242385170438	0.513179765317806	-0.6077268123281784	-0.6077268123281784	5.254800774078307	31.532639755186143	31.221497479993985	-2.4044076874873035	-1.8164687681774925	-0.5879389193098112	2.3914464136891698	-27.16573003923232	33.81045014534011	17.159849854659882	0.2070285806614177	0.0	0.0	0.0	0.0	2025-10-22 17:57:39.989071+00:00	2025-10-22 17:57:39.993253+00:00
2025-10-20 16:00:00	20.607	20.839	19.456	20.763	1983202.4	39889233.2171	AVAXUSDT	0.0	7.10834703947368	3.787597212221048	3.1434517694348174	0.8978159403051283	0.7570243121269586	0.7570243121269586	7.10834703947368	50.25467196608212	32.10536007905178	-2.373320652010584	-1.9278391449441108	-0.445481507066473	2.319414526997086	-25.766893099749723	33.21862784744614	16.770772152553857	0.2427202622336898	0.0	0.0	0.0	0.0	2025-10-22 17:57:39.989071+00:00	2025-10-22 17:57:39.993253+00:00
2025-10-21 16:00:00	20.763	20.838	19.11	19.537	2266052.0	44676596.345	AVAXUSDT	0.0	9.042386185243338	2.202329256167323	2.807022852073305	1.447182468725514	-5.904734383277958	-5.904734383277958	9.042386185243338	14.262265919000509	28.956007546879192	-2.419718893138392	-2.026215094582967	-0.3935037985554244	2.27717063221158	-27.64342061405134	32.687947528602365	16.255952471397634	0.1996743254352285	0.0	0.0	0.0	0.0	2025-10-22 17:57:39.989071+00:00	2025-10-22 17:57:39.993253+00:00
2025-10-22 16:00:00	19.537	19.616	18.393	19.536	1668208.3	31948127.4779	AVAXUSDT	0.0	6.649268743543733	1.5109365141735571	2.818947764273533	1.0121604508905433	-0.0051184931156148	-0.0051184931156148	6.649268743543733	-26.38261169646593	28.953512726938527	-2.4285754194563225	-2.106687159557638	-0.3218882598986843	2.201872729910753	-14.308272655496085	31.74991003181848	16.023189968181526	0.2233657124692347	0.046454901960784306	0.0	46454901.9607843	0.023227450980392153	2025-10-23 19:17:42.920043+00:00	2025-10-23 19:17:42.924084+00:00
