timestamp	close	high	low	open	volume	symbol	gap_apertura_pct	volatilidad_diaria	vol_5d	vol_10d	vol_rel_5d	return_pct	close_open_pct	range_pct	volume_change_pct	rsi_14	macd	macd_signal	macd_diff	atr_14	momentum_12	bb_upper	bb_lower	bb_pctb	vader	finbert	sentiment_ratio	sentiment_combined	download_date	added_date	target_category	target	target_num
2025-06-05	117.96614837646484	119.52972494661677	117.15977786624023	118.93969152235618	15332200	BABA	0.0	2.022833367849392	0.0	0.0	0.0	0.0	-0.8185183040502099	2.022833367849392	0.0	0.0	0.0	0.0	0.0	0.0	0.0	0.0	0.0	0.0	0.0	0.0	0.0	0.0	0	0	Negative	-0.4834931751327556	0
2025-06-06	117.39579010009766	117.77930733531038	116.25507428583558	117.02210875626103	9753200	BABA	-0.8002631544696202	1.31111098490822	0.0	0.0	0.0	-0.4834931751327556	0.3193254230403104	1.31111098490822	-36.38747211750434	0.0	0.0	0.0	0.0	0.0	0.0	0.0	0.0	0.0	0.0	0.0	0.0	0.0	0	0	Medium	1.7590934238564524	2
2025-06-09	119.4608917236328	120.12466808876808	118.1234955994335	119.07736698716688	10410600	BABA	1.4323996504776093	1.6941358526340256	0.0	0.0	0.0	1.7590934238564524	0.3220802963398143	1.6941358526340256	6.740351884509699	0.0	0.0	0.0	0.0	0.0	0.0	0.0	0.0	0.0	0.0	0.0	0.0	0.0	0	0	Low	0.3292698456978528	1
2025-06-10	119.85424041748048	120.12959286400176	117.88748224356496	118.61026647268586	8892800	BABA	-0.7120533244593681	1.9019072913987805	0.0	0.0	0.0	0.3292698456978528	1.0487911222095487	1.9019072913987805	-14.579371025685358	0.0	0.0	0.0	0.0	0.0	0.0	0.0	0.0	0.0	0.0	0.0	0.0	0.0	0	0	Negative	-1.2717435621105506	0
2025-06-11	118.33000183105467	121.4079755291533	118.05465689992596	120.59176912431693	10443100	BABA	0.6153547044038301	2.8404797551272614	0.5643876451997429	0.0	0.952283251173131	-1.2717435621105506	-1.8755569386585729	2.8404797551272614	17.43320439006837	0.0	0.0	0.0	0.0	0.0	0.0	0.0	0.0	0.0	0.0	0.0	0.0	0.0	0	0	Negative	-1.445110333822249	0
2025-06-12	116.62000274658205	117.5500030517578	115.9499969482422	117.5199966430664	10204500	BABA	-0.6845306984316197	1.379910431761208	0.6157159731742853	0.0	1.026522909532796	-1.445110333822249	-0.7658219215388821	1.379910431761208	-2.2847621874730684	0.0	0.0	0.0	0.0	0.0	0.0	0.0	0.0	0.0	0.0	0.0	0.0	0.0	0	0	Negative	-3.21557186733123	0
2025-06-13	112.87000274658205	114.77999877929688	112.2689971923828	113.66999816894533	13355100	BABA	-2.5295871275591946	2.236593939296754	0.5589066696185939	0.0	1.2526802748653532	-3.21557186733123	-0.7037876618721018	2.236593939296754	30.874614140820228	0.0	0.0	0.0	0.0	0.0	0.0	0.0	0.0	0.0	0.0	0.0	0.0	0.0	0	0	High	2.7376594867533863	3
2025-06-16	115.95999908447266	116.9000015258789	114.87000274658205	114.9800033569336	10242900	BABA	1.869407777980624	1.7672140077991454	0.5494372042173601	0.0	0.963794544058534	2.7376594867533863	0.8523184022676116	1.7672140077991454	-23.30345710627401	0.0	0.0	0.0	0.0	0.0	0.0	0.0	0.0	0.0	0.0	0.0	0.0	0.0	0	0	Negative	-0.8020009593983437	0
2025-06-17	115.02999877929688	116.61000061035156	115.02999877929688	115.94000244140624	10205700	BABA	-0.0172444318940134	1.3735563312368362	0.6247308776140734	0.0	0.9371401601063702	-0.8020009593983437	-0.7848918776496131	1.3735563312368362	-0.3631783967431098	0.0	0.0	0.0	0.0	0.0	0.0	0.0	0.0	0.0	0.0	0.0	0.0	0.0	0	0	Negative	-1.3387819976266293	0
2025-06-18	113.48999786376952	114.3000030517578	113.0199966430664	113.63999938964844	14002300	BABA	-1.2083799047197852	1.1325486168025989	0.432727263099404	0.5138987525018198	1.2068763413519967	-1.3387819976266293	-0.1319971195745925	1.1325486168025989	37.20077995629893	0.0	0.0	0.0	0.0	0.0	0.0	0.0	0.0	0.0	0.0	0.0	0.0	0.0	0	0	Negative	-0.4229409961882356	0
2025-06-20	113.01000213623048	114.427001953125	112.62200164794922	114.11000061035156	12737300	BABA	0.5463060694796037	1.6027066459164192	0.418470606033587	0.5077075340073113	1.051916562195982	-0.4229409961882356	-0.9639807801572235	1.6027066459164192	-9.034230090770802	0.0	0.0	0.0	0.0	0.0	0.0	0.0	0.0	0.0	0.0	0.0	0.0	0.0	0	0	Low	0.0707850633997079	1
2025-06-23	113.08999633789062	113.08999633789062	111.26000213623048	112.11499786376952	12536500	BABA	-0.7919690784379091	1.6447907302926668	0.2519117866963312	0.4881432028071851	1.0495238988224302	0.0707850633997079	0.869641433080902	1.6447907302926668	-1.576472250790984	0.0	0.0	0.0	0.0	0.0	0.0	0.0	0.0	0.0	0.0	0.0	0.0	0.0	0	0	High	3.46627104543151	3
2025-06-24	117.01000213623048	117.31999969482422	113.62000274658205	114.61499786376952	17125100	BABA	1.348484901637531	3.256466166872609	0.8383963198975236	0.6785370182522015	1.285534982111463	3.46627104543151	2.0896080941410906	3.256466166872609	36.60192238663104	0.0	0.0	0.0	0.0	0.0	-0.8105259461239809	0.0	0.0	0.0	0.0	0.0	0.0	0.0	0	0	Negative	-2.1023835907708106	0
2025-06-25	114.5500030517578	117.4499969482422	114.16999816894533	117.1999969482422	12835500	BABA	0.1623748470583862	2.8729077970582355	0.9117649160900012	0.7430813566575165	0.92692892642197	-2.1023835907708106	-2.261087001269029	2.8729077970582355	-25.048612854815445	43.48706071065619	0.0	0.0	0.0	2.707238445428607	-2.424096337622835	0.0	0.0	0.0	0.0	0.0	0.0	0.0	0	0	Negative	-0.5412507464551333	0
2025-06-26	113.93000030517578	114.1999969482422	113.37999725341795	114.0999984741211	8388000	BABA	-0.3928455396316107	0.7232313588713969	1.0311189235540583	0.7810512833669713	0.6592017905643296	-0.5412507464551333	-0.1489905093941518	0.7232313588713969	-34.649994156830665	41.703990431718985	0.0	0.0	0.0	2.5974361134936954	-4.629876220288458	0.0	0.0	0.0	0.0	0.0	0.0	0.0	0	0	Low	0.1316611300597684	1
2025-06-27	114.08000183105467	115.5	113.31999969482422	114.37000274658205	12355500	BABA	0.386204195758503	1.9237560104541287	1.0083806787036775	0.7674437515349827	0.976864545877174	0.1316611300597684	-0.2535637916962792	1.9237560104541287	47.2997138769671	42.32018660917634	0.0	0.0	0.0	2.567619270042416	-4.817717392653593	0.0	0.0	0.0	0.0	0.0	0.0	0.0	0	0	Negative	-0.5873055383865821	0
2025-06-30	113.41000366210938	113.48999786376952	111.4000015258789	112.45999908447266	10457300	BABA	-1.420058485781881	1.876118769536185	0.9882847593084008	0.7558216318337736	0.8548937728698166	-0.5873055383865821	0.8447488754851731	1.876118769536185	-15.363198575533165	40.27255431563654	0.0	0.0	0.0	2.5756464868376554	-4.157861990038512	0.0	0.0	0.0	0.0	0.0	0.0	0.0	0	0	Low	0.4937814482946241	1
2025-07-01	113.97000122070312	114.79000091552734	112.73999786376952	112.9499969482422	9243200	BABA	-0.4056138779765006	1.8183458316497112	0.762039699138755	0.7556178532747648	0.8674255576722755	0.4937814482946241	0.9030582558831995	1.8183458316497112	-11.610071433352775	42.7652066914448	0.0	0.0	0.0	2.5381005271890964	-2.272338761333624	0.0	0.0	0.0	0.0	0.0	0.0	0.0	0	0	Negative	-2.860403703881224	0
2025-07-02	110.70999908447266	111.81999969482422	110.37000274658205	111.56999969482422	13843800	BABA	-2.1058186366351777	1.3137600001437684	0.5137156951910392	0.7597899295705594	1.2750378538087748	-2.860403703881224	-0.7708170769058972	1.3137600001437684	49.772805954647744	33.89651984735259	0.0	0.0	0.0	2.613950380541381	-1.9137092314590192	0.0	0.0	0.0	0.0	0.0	0.0	0.0	0	0	Negative	-1.8155560950703344	0
2025-07-03	108.6999969482422	109.08000183105467	107.9499969482422	108.33499908447266	11847200	BABA	-2.1452443497789706	1.0467854699007213	0.3926270206466341	0.7687981783865055	1.0257848892583163	-1.8155560950703344	0.3369159245434097	1.0467854699007213	-14.422340686805644	29.793915431612376	0.0	0.0	0.0	2.6243826488048865	-6.260781470808572	120.5389584898526	109.40474954847748	-0.0632961536779124	0.0	0.0	0.0	0.0	0	0	Negative	-2.235510923089397	0
2025-07-07	106.2699966430664	108.1999969482422	105.94000244140624	107.43000030517578	17446200	BABA	-1.1683502104154917	2.133277756044921	0.4441820670715831	0.7713685873048787	1.3881953031380845	-2.235510923089397	-1.079776281126463	2.133277756044921	47.260112093996895	25.738121582716676	0.0	0.0	0.0	2.6340692100928207	-7.615406614963032	120.9426514505696	107.8314414144206	-0.1190923467055393	0.0	0.0	0.0	0.0	0	0	Medium	1.6185200668445985	2
2025-07-08	107.98999786376952	109.12999725341795	107.91000366210938	108.76499938964844	11319900	BABA	2.3477960152404105	1.1305657954832948	0.4685881199756868	0.8038361374868673	0.8885279975133555	1.6185200668445985	-0.7125468029494424	1.1305657954832948	-35.11538329263679	32.719549999894255	0.0	0.0	0.0	2.6502071672541585	-4.846242050865186	120.87845246640563	106.9550611749518	0.0743307910518155	0.0	0.0	0.0	0.0	0	0	Negative	-3.8522049402785625	0
2025-07-09	103.83000183105467	105.5250015258789	103.70999908447266	105.4800033569336	24609300	BABA	-2.324284245289371	1.7500746865573833	0.4574375838158753	0.62346133583739	1.5562426011554844	-3.8522049402785625	-1.5642789849896792	1.7500746865573833	117.39856359155117	26.28360724300784	0.0	0.0	0.0	2.766620853828637	-8.123175056761408	120.89556012464136	105.37486452745829	-0.0995356610617363	0.0	0.0	0.0	0.0	0	0	High	2.706344514147276	3
2025-07-10	106.63999938964844	106.76000213623048	104.41400146484376	105.13999938964844	13554500	BABA	1.261675368864296	2.24682574987476	0.5551556183925775	0.5089158536520216	0.8603071197086463	2.706344514147276	1.426669211249475	2.24682574987476	-44.92122896628511	35.51117093563819	0.0	0.0	0.0	2.7782908146391496	-5.703419539400167	120.08274099211978	104.8662595571966	0.1165670158398731	0.0	0.0	0.0	0.0	0	0	Low	0.0750204721610803	1
2025-07-11	106.72000122070312	107.41999816894533	106.3000030517578	106.91000366210938	10774600	BABA	0.2531923049571462	1.0536172013487144	0.5532696383550542	0.4536659916595141	0.6933060504861366	0.0750204721610803	-0.177721854735648	1.0536172013487144	-20.509056033051756	35.75773087614881	0.0	0.0	0.0	2.659841121964034	-8.79412078255249	119.3975246060734	104.39047588220788	0.1552287449290841	0.0	0.0	0.0	0.0	0	0	Medium	1.4055472103096338	2
2025-07-14	108.22000122070312	108.8000030517578	107.19000244140624	107.6449966430664	13231300	BABA	0.8667498236345944	1.502006319322219	0.4871665366556416	0.4427236763047439	0.9002158128497093	1.4055472103096338	0.5341674908898386	1.502006319322219	22.800846435134485	40.361767840424825	-2.6968960328750318	0.0	0.0	2.618424029756223	-5.525972642876798	118.81088720718417	104.1371131285092	0.2782438976028314	0.0	0.0	0.0	0.0	0	0	Very High	8.085381538811214	4
2025-07-15	116.97000122070312	117.21499633789062	113.2040023803711	114.65499877929688	34785400	BABA	5.946218338577044	3.543155606850711	0.9547934373258156	0.7622068034034778	1.793892224338895	8.085381538811214	2.0191029314495683	3.543155606850711	162.9023603122898	58.87626609332204	-1.8719191507000232	0.0	0.0	3.0738933931441714	2.668305896062776	119.38050984144937	103.97749034165612	0.8435041505479756	0.0	0.0	0.0	0.0	0	0	Negative	-1.060099043198144	0
2025-07-16	115.7300033569336	116.02999877929688	114.04000091552734	115.5	14439000	BABA	-1.2567335259999484	1.7449998665324276	0.9551535883665606	0.7618699432946601	0.83188530710447	-1.060099043198144	0.199137105570211	1.7449998665324276	-58.49120608071202	56.21295926876368	-1.3031545381205802	0.0	0.0	3.063615315432144	1.446354750521892	119.34405281676293	103.99094779358865	0.7646046546041201	0.0	0.0	0.0	0.0	0	0	Medium	1.3566055899800014	2
2025-07-17	117.3000030517578	118.1999969482422	114.86000061035156	115.04000091552734	14573600	BABA	-0.5962174210590401	2.90788465970949	1.0369724331267554	0.8253899783704034	0.8298947996615185	1.3566055899800014	1.9645359164156737	2.90788465970949	0.93219752060392	58.75683693321056	-0.7174483328017658	0.0	0.0	3.083356817036322	3.430031976048762	119.71583936464458	103.84616167295307	0.8477702975561008	0.0	0.0	0.0	0.0	0	0	High	2.4978689078831087	3
2025-07-18	120.2300033569336	122.16000366210938	119.7699966430664	121.37999725341795	26787700	BABA	3.4782558359012894	1.99549727480211	0.8580513911895253	0.7682104307372354	1.2901403431037306	2.4978689078831087	-0.9474327916513262	1.99549727480211	83.80976560355712	63.0689937748302	-0.0166534372496158	0.0	0.0	3.2102599451302685	5.49267532612197	120.84728405016271	103.38871753675134	0.9646431055633956	0.0	0.0	0.0	0.0	0	0	Low	0.0332639815488336	1
2025-07-21	120.2699966430664	122.30999755859376	118.25	119.51000213623048	17937600	BABA	-0.5988531985361445	3.433401740882676	0.8211627288776204	0.8930046205952842	0.8264400363792844	0.0332639815488336	0.6359254399222577	3.433401740882676	-33.03792412189176	63.125666079673096	0.5357825229713455	0.0	0.0	3.270955488949089	8.63517084062063	121.90465081795132	103.05735021964632	0.9132685253063813	0.0	0.0	0.0	0.0	0	0	Low	0.36584555889868	1
2025-07-22	120.70999908447266	121.83999633789062	119.0	120.44000244140624	11551500	BABA	0.1413534572919025	2.386551544445904	0.6846215972151876	0.8222123529533745	0.6771943524048709	0.36584555889868	0.2241752221798344	2.386551544445904	-35.60175274284185	63.784129037227714	0.9975968458438588	0.0	0.0	3.2401726924449137	11.048760325125906	122.9463275468716	102.77767376538426	0.8891186052064787	0.0	0.0	0.0	0.0	0	0	Medium	1.5491697131679971	2
2025-07-23	122.58000183105467	123.86499786376952	121.4000015258789	122.79499816894533	12874200	BABA	1.727279513119366	2.030474717387171	0.6149334011652073	0.8076792577855886	0.7688421324198622	1.5491697131679971	-0.1750855825534966	2.030474717387171	11.450460979093624	66.52040095846704	1.4972225675272313	0.0	0.0	3.234088841505767	15.347704623318451	123.9492991857936	102.33170209594466	0.9366582072444156	0.0	0.0	0.0	0.0	0	0	Negative	-1.1665853188244022	0
2025-07-24	121.1500015258789	123.98999786376952	120.4499969482422	121.8499984741211	11378400	BABA	-0.5955321798246531	2.9389796639417654	0.6195876315978205	0.8333473101877523	0.706474902333806	-1.1665853188244022	-0.574474318430833	2.9389796639417654	-11.618586009227757	62.623864423568826	1.757530757407281	0.1259344641944391	1.6315962932128418	3.2559397039358777	12.186317179773324	124.8207255694952	102.12027555965516	0.8382973006250914	0.0	0.0	0.0	0.0	0	0	Negative	-0.9244760482671452	0
2025-07-25	120.02999877929688	120.4800033569336	119.33999633789062	120.19000244140624	7060600	BABA	-0.7924053424527647	0.9552598072948112	0.9446405819536946	0.850793971647947	0.5806194831445521	-0.9244760482671452	-0.1331256001823979	0.9552598072948112	-37.94733881740842	59.675458340409946	1.8521021314331705	0.4711679976421855	1.380934133790985	3.152658667082478	15.602423829869297	125.48099847905182	102.07000249751069	0.7671607092644459	0.0	0.0	0.0	0.0	0	0	Medium	1.7662274165978709	2
2025-07-28	122.1500015258789	123.4499969482422	121.52999877929688	122.02999877929688	11207400	BABA	1.6662501210863676	1.5798553346751172	0.7579027477002501	0.8425516110338704	1.036338518385637	1.7662274165978709	0.0983387263643818	1.5798553346751172	58.73155255927258	63.20663142142016	2.07420696401347	0.7917757909164425	1.2824311730970277	3.1717543457869675	14.544263151726938	126.44176295026972	101.91623799577518	0.8250083766869863	0.0	0.0	0.0	0.0	0	0	Negative	-2.284077675542435	0
2025-07-29	119.36000061035156	122.87000274658205	119.0500030517578	122.48999786376952	13599700	BABA	0.278343294018362	3.208735486687452	0.9367357948047422	0.7953151562235368	1.2116560317745986	-2.284077675542435	-2.555308439876914	3.208735486687452	21.34571800774488	56.22822091444138	2.0020188599358875	1.0338244047203315	0.968194455215556	3.218057585003916	11.844077253623892	126.9373028709168	102.01569776995233	0.6959544848789856	0.0	0.0	0.0	0.0	0	0	Negative	-1.658849988948384	0
2025-07-30	117.37999725341795	119.58999633789062	116.83999633789062	119.04499816894533	12794100	BABA	-0.2639095507669736	2.353646085410043	0.9382079718031624	0.7694465976889661	1.1415109153786032	-1.658849988948384	-1.3986315604494777	2.353646085410043	-5.923660080737076	51.85286961915048	1.7646972130549017	1.1799989663872457	0.584698246667656	3.1846249003607787	8.464235750685308	127.16858429073828	102.12541595340234	0.6091314443337874	0.0	0.0	0.0	0.0	0	0	High	2.76878520705994	3
2025-07-31	120.62999725341795	121.33999633789062	117.5199966430664	117.81999969482422	13650400	BABA	0.3748530002572068	3.250510384565771	1.006784762855469	0.8025296885376934	1.1704583260449786	2.76878520705994	2.3849919927619707	3.250510384565771	6.692928771855778	57.67471414545875	1.8179101995378344	1.3075812130173634	0.5103289865204712	3.240008770654485	3.129004013438471	127.78678356065804	102.49921650037712	0.7169839909794553	0.0	0.0	0.0	0.0	0	0	Negative	-2.951171051687034	0
2025-08-01	117.06999969482422	118.37000274658205	116.11000061035156	118.05999755859376	12424300	BABA	-2.130481433589994	1.9464319389806264	0.7474828484757031	0.8055122713874877	0.9755888805654886	-2.951171051687034	-0.838554873998032	1.9464319389806264	-8.982154369102737	50.4749667476391	1.554895951230236	1.357044160659938	0.1978517905702981	3.331436475826764	1.157864252157514	127.87429433874382	103.24870599694952	0.5612574004746654	0.0	0.0	0.0	0.0	0	0	Low	0.367301876054239	1
2025-08-04	117.5	119.48999786376952	116.86000061035156	118.3499984741211	7272100	BABA	1.0933619053844288	2.250553859046435	0.5923802001710426	0.7206469187351233	0.6086396855739648	0.367301876054239	-0.7182074229658381	2.250553859046435	-41.468734657083296	51.26630990800624	1.3654130636388118	1.3587179412557129	0.0066951223830991	3.281333674226135	0.1705003776973087	127.6914453180824	104.55455535330432	0.5595153309888616	0.0	0.0	0.0	0.0	0	0	Negative	-0.3914885825299202	0
2025-08-05	117.04000091552734	118.6500015258789	116.87000274658205	118.0999984741211	5885600	BABA	0.5106369992519947	1.5230587297551152	0.6386039202524662	0.758542099886992	0.5656348207163657	-0.3914885825299202	-0.8975423982126673	1.5230587297551152	-19.06601944417706	50.33964417092666	1.1647024633327447	1.3199148456711192	-0.1552123823383744	3.1740954674454724	-2.653249897977554	127.52762018855906	105.62338078800344	0.5212059601226926	0.0	0.0	0.0	0.0	0	0	High	3.2638411354604075	3
2025-08-06	120.86000061035156	121.29000091552734	117.7699966430664	118.87999725341795	12079600	BABA	1.5721089571920055	2.98888033692423	0.7188363847481902	0.7939371017191406	1.17707358902401	3.2638411354604075	1.6655479497638366	2.98888033692423	105.2399075710208	57.25024381471274	1.2989069263457935	1.3157132618060543	-0.0168063354602607	3.250945791199367	0.4905662124828621	126.8201127123152	108.033888142177	0.6827402930422976	0.0	0.0	0.0	0.0	0	0	Low	0.0827390978124229	1
2025-08-07	120.95999908447266	122.27999877929688	119.5999984741211	121.33999633789062	9480600	BABA	0.3971501945350406	2.24080295933756	0.5358622833190657	0.7614984073569239	1.005532198327613	0.0827390978124229	-0.3131673519750286	2.24080295933756	-21.51561309977152	57.41729665484608	1.3972276012705436	1.3320161296989523	0.0652114715715912	3.2101639707691114	0.2071079462315714	126.230303554116	110.0556972698586	0.6741618078968088	0.0	0.0	0.0	0.0	0	0	Negative	-0.4960304883121598	0
2025-08-08	120.36000061035156	120.6999969482422	118.65499877929688	119.31999969482422	9763600	BABA	-1.3558196114925072	1.7234825249538004	0.5694166181451612	0.6490888670258311	1.0974899677393972	-0.4960304883121598	0.8716065355240327	1.7234825249538004	2.985043140729489	56.00321452690851	1.4104735212814887	1.3477076080154595	0.0627659132660289	3.1455094232267307	-1.8110631322740696	125.02419485739014	112.6258059055493	0.6238064263707369	0.0	0.0	0.0	0.0	0	0	Negative	-1.4290472017122908	0
2025-08-11	118.63999938964844	121.3000030517578	118.12000274658205	120.43000030517578	12072000	BABA	0.0581586029156254	2.6921776424254023	0.6216676014593447	0.6044871892144948	1.2248028668016735	-1.4290472017122908	-1.4863413692530016	2.6921776424254023	23.642918595599983	52.04605971842568	1.2675695319316276	1.331679992798693	-0.0641104608670657	3.1479730576516607	-2.071813540748744	123.20059393455672	115.49140664527724	0.4084208394767726	0.0	0.0	0.0	0.0	0	0	High	3.186108225508556	3
2025-08-12	122.41999816894533	122.79000091552734	118.0999984741211	118.80999755859376	11939800	BABA	0.1432890844739496	3.9712129568180794	0.8457580388792283	0.7466946309913154	1.0788533963668958	3.186108225508556	3.038465351849882	3.9712129568180794	-1.0950960901259112	58.91650730218687	1.4427008442432196	1.3538841630875986	0.088816681155621	3.2581180136341312	1.9911683861990388	123.53279263720844	115.70420763744976	0.8578549676221922	0.0	0.0	0.0	0.0	0	0	High	3.62686040501228	3
2025-08-13	126.86000061035156	127.93000030517578	125.08000183105467	126.69000244140624	19362500	BABA	3.487995700316956	2.2785404800126208	0.8496476100700302	0.748639263601214	1.5460686538323338	3.62686040501228	0.1341843599884295	2.2785404800126208	62.16770800180908	65.21981924042387	1.917659180049753	1.4666391664800296	0.4510200135697237	3.418966879533869	3.8559140611019855	124.81684249667396	115.53315750332604	1.220080508455597	0.0	0.0	0.0	0.0	0	0	Negative	-3.610280473765792	0
2025-08-14	122.27999877929688	123.93000030517578	121.33999633789062	123.7300033569336	15045600	BABA	-2.467284595900093	2.1345014384810725	0.8615426441141336	0.7039519973887771	1.1033167848526404	-3.610280473765792	-1.171910238661982	2.1345014384810725	-22.29515816655907	55.72253503969056	1.902567597021445	1.5538248525883127	0.3487427444331323	3.5690409790286592	2.44637915048073	124.95520058430604	115.89279898844786	0.7048021126947382	0.0	0.0	0.0	0.0	0	0	Negative	-0.834148391600317	0
2025-08-15	121.26000213623048	122.18900299072266	120.68000030517578	120.9800033569336	11141800	BABA	-1.0631300583422825	1.2504165410431776	0.9924081694585748	0.7811999066546643	0.8008573683506872	-0.834148391600317	0.2314421983199936	1.2504165410431776	-25.94645610676876	53.84209467517294	1.787694771589159	1.600598836388482	0.1870959352006769	3.428395085820976	3.3055077301082045	125.02010364198452	115.93089580869906	0.5863114173730055	0.0	0.0	0.0	0.0	0	0	Low	0.1154538901385964	1
2025-08-18	121.4000015258789	123.1500015258789	120.9000015258789	121.91999816894533	8550400	BABA	0.5442817261155629	1.861042160134616	1.014286544782748	0.7938446867881794	0.6473642529311736	0.1154538901385964	-0.4265064393667869	1.861042160134616	-23.25836040855158	54.071195117105496	1.6884901471729847	1.6181770985453827	0.070313048627602	3.344224008262335	0.6383190665613102	125.09304700511876	115.97095293384608	0.5951537607061071	0.0	0.0	0.0	0.0	0	0	Negative	-1.1614527548492806	0
2025-08-19	119.98999786376952	122.58000183105467	119.98999786376952	121.58000183105467	8106100	BABA	0.1482704307358647	2.158516554209555	0.4128837471699706	0.7520632136892018	0.6515487152447337	-1.1614527548492806	-1.3077841284248346	2.158516554209555	-5.196248128742515	51.30901319407487	1.4790447487621634	1.590350628588739	-0.1113058798265755	3.2903511481925363	2.4942326612770924	125.06222182193775	115.92977799495677	0.4445929201138029	0.0	0.0	0.0	0.0	0	0	Negative	-0.4167013992013521	0
2025-08-20	119.48999786376952	120.80999755859376	118.66999816894533	119.91999816894533	7095800	BABA	-0.0583379415538155	1.8033196449550908	0.3665953532227257	0.7297643510882692	0.7104367867648383	-0.4167013992013521	-0.3585726415455894	1.8033196449550908	-12.463453448637448	50.327211837340144	1.2582081004486838	1.523922122960728	-0.2657140225120442	3.208183165439386	1.6936152032080998	124.82354126925615	115.85945815090986	0.4050095994122619	0.0	0.0	0.0	0.0	0	0	Negative	-1.1716474607983782	0
2025-08-21	118.08999633789062	119.2699966430664	117.51000213623048	117.87999725341795	8231200	BABA	-1.3473936221734002	1.4977401709137443	0.3495969413548185	0.7634888908023552	0.9543353901306194	-1.1716474607983782	0.1781464958988888	1.4977401709137443	16.001014684743087	47.581761036770246	0.959168347136412	1.4109713677958649	-0.4518030206594527	3.120455491303647	0.8971252684123838	124.75776401628056	115.61923488508664	0.2703675194698636	0.0	0.0	0.0	0.0	0	0	High	4.107042301566595	3
2025-08-22	122.94000244140624	123.4000015258789	120.27999877929688	120.4749984741211	13855300	BABA	2.0196479043036533	2.5939497657519595	0.4143372678805313	0.760709262122907	1.5113070150178451	4.107042301566595	2.046070967840388	2.5939497657519595	68.32661094372631	56.44592954424954	1.10084232248974	1.34894555873464	-0.2481032362449	3.276851898209692	1.7210010098879007	125.05656532484198	115.61143394273614	0.7759096408710994	0.0	0.0	0.0	0.0	0	0	Medium	1.1468976774966866	2
2025-08-25	124.3499984741211	126.7300033569336	123.5	125.18000030517578	12888400	BABA	1.822025231240042	2.6153873335494686	0.4894038323713871	0.7558316292505718	1.2842987197270452	1.1468976774966866	-0.6630466760115271	2.6153873335494686	-6.9785569421087965	58.635905696082574	1.3117735556755576	1.3415111581228234	-0.0297376024472657	3.3135053994466683	2.802578881702061	125.42599743415964	115.46200152824272	0.8920113004663547	0.0	0.0	0.0	0.0	0	0	Negative	-0.1286658903724516	0
2025-08-26	124.19000244140624	126.0	123.72000122070312	125.29499816894533	8706100	BABA	0.7599515130037579	1.8428699941811373	0.5055087361718831	0.4408289861011424	0.8572911250807456	-0.1286658903724516	-0.8819152749011867	1.8428699941811373	-32.45011017659291	58.27781756829391	1.449320866180912	1.3630730997344411	0.0862477664464709	3.2396834980073974	3.18212181092767	125.89688243640676	115.47411670910104	0.8362354062579739	0.0	0.0	0.0	0.0	0	0	Negative	-1.578226142154546	0
2025-08-27	122.2300033569336	122.51499938964844	120.79000091552734	121.1999969482422	13833100	BABA	-2.40760563200306	1.4280970784390052	0.5777995350218833	0.4633580354892864	1.2025833665136028	-1.578226142154546	0.8498402925960886	1.4280970784390052	58.889743972616905	53.93262358051632	1.3842161726168598	1.367301714310925	0.0169144583059348	3.2511347857125044	3.0259642496242214	125.9494653045532	115.90653445130616	0.6296437761077427	0.0	0.0	0.0	0.0	0	0	Negative	-2.1762280856212413	0
2025-08-28	119.56999969482422	121.25	117.5999984741211	119.52999877929688	14501100	BABA	-2.208954023957784	3.1037428343862783	0.6707547886092685	0.5959440804736271	1.1367349178477362	-2.1762280856212413	0.0334651685232611	3.1037428343862783	4.828997115613999	48.63296724780911	1.1052396542132925	1.3148893022913986	-0.209649648078106	3.3496255069339327	-2.3280497604549684	125.9301904879196	115.8198095120804	0.3709247150731171	0.0	0.0	0.0	0.0	0	0	Very High	12.904575014265635	4
2025-08-29	135.0	136.64999389648438	128.50999450683594	128.8800048828125	82165100	BABA	7.786238363929075	6.334137217020455	1.940616107662976	1.4405675499419242	3.1101043349498614	12.904575014265635	4.748599383397188	6.334137217020455	466.612877643765	68.1711869085029	2.1049561994186803	1.472902681716855	0.6320535177018254	4.330366127985806	6.416521638408558	129.47524074916458	114.067759281353	1.3585764008463956	0.0	0.0	0.0	0.0	0	0	High	2.6296318901909723	3
2025-09-02	138.5500030517578	138.8300018310547	133.05999755859375	134.47000122070312	41625400	BABA	-0.3925916883680556	4.336392889170227	1.9928877800000449	1.524256659584602	1.2940742693563672	2.6296318901909723	3.034135341724476	4.336392889170227	-49.3393180316217	70.91247542660835	3.147412924726438	1.807804730318772	1.339608194407667	4.433197424019744	13.305531922540055	133.19564831862482	112.45235201706852	1.2581245842171804	0.0	0.0	0.0	0.0	0	0	Negative	-1.515702675756081	0
2025-09-03	136.4499969482422	137.77000427246094	135.5800018310547	136.6999969482422	16470500	BABA	-1.3352624054613138	1.6152842689404867	2.039652086777457	1.5578371505189754	0.4884628981133508	-1.515702675756081	-0.1828822279305945	1.6152842689404867	-60.431611467997904	67.22409441469242	3.760762716356908	2.1983963275263987	1.562366388830509	4.3286834094971285	12.52679741416002	135.38096768338656	112.20803225557826	1.0461326649006564	0.0	0.0	0.0	0.0	0	0	Negative	-4.052765777191258	0
2025-09-04	130.9199981689453	134.25	130.05999755859375	133.16000366210938	24730900	BABA	-2.411134745118949	3.221591972980469	1.7515450669704562	1.5297094718518984	0.6889098739226599	-4.052765777191258	-1.6821909218687228	3.221591972980469	50.1526972465924	58.58291068792667	3.757310226364439	2.5101791072940065	1.2471311190704322	4.475920265222222	7.841842276284505	136.19987298040186	112.39512671442236	0.7782007523851547	0.0	0.0	0.0	0.0	0	0	High	3.55942845041587	3
2025-09-05	135.5800018310547	135.61000061035156	132.6999969482422	135.02999877929688	19202500	BABA	3.139322233298404	2.192919162797254	1.874965699638632	1.47582442947207	0.5212563465555956	3.55942845041587	0.4073191562837666	2.192919162797254	-22.35422083304692	62.90959991712615	4.083525117776617	2.824848309390529	1.2586768083860882	4.491211849235367	12.99275293344472	137.78625171956782	112.27074824991462	0.9135329666868176	0.0	0.0	0.0	0.0	0	0	High	4.145150495122826	3
2025-09-08	141.1999969482422	141.22000122070312	138.7689971923828	139.8800048828125	20095300	BABA	3.171561435082452	1.7662475609896895	1.1432904272179305	1.519240074095364	0.8227375975028782	4.145150495122826	0.9436602940752964	1.7662475609896895	4.649394610076813	67.34075214703324	4.74088938543612	3.208056524599647	1.5328328608364727	4.573268102122015	18.168883984100685	140.43579340741377	111.70520619585773	1.026598953067031	0.0	0.0	0.0	0.0	0	0	High	4.178476829171693	3
2025-09-09	147.10000610351562	148.0	144.64999389648438	145.39999389648438	32792300	BABA	2.974502152278179	2.315939332782125	0.6294179620610656	1.5272134904774746	1.4472533243888552	4.178476829171693	1.1691968902292742	2.315939332782125	63.1839285803148	71.22708856194794	5.6725471415964535	3.700954647999009	1.971592493597445	4.732320598524572	24.566018007671648	144.09673778377402	110.89026249088418	1.0904422493881687	0.0	0.0	0.0	0.0	0	0	Negative	-2.155005639839068	0
2025-09-10	143.92999267578125	145.9199981689453	143.22999572753906	145.4199981689453	21079900	BABA	-1.1420855641488386	1.87809992435058	0.574632134978662	1.524758611493081	0.893966882356284	-2.155005639839068	-1.0246221372063362	1.87809992435058	-35.71692135043897	66.63876285891195	6.084955456129649	4.177754809625137	1.907200646504512	4.670727011199714	17.073360840690512	146.45542696973072	110.68257275561106	0.9294036120564102	0.0	0.0	0.0	0.0	0	0	Very High	7.996950150308568	4
2025-09-11	155.44000244140625	156.8489990234375	147.86000061035156	148.1199951171875	50089200	BABA	2.91113920282391	6.079398333545404	1.821060007504366	1.746547203496691	1.748201860683293	7.996950150308568	4.941944076103574	6.079398333545404	137.61592796929776	73.35127093371139	7.2569005789490575	4.7935839634899216	2.463316615459136	5.25988982094661	25.00201395157669	151.3423699341019	108.65362997434538	1.0959886028767134	0.0	0.0	0.0	0.0	0	0	Negative	-0.2444704560241784	0
2025-09-12	155.05999755859375	155.4600067138672	152.05999755859375	154.07000732421875	20903300	BABA	-0.8813658618565227	2.23596554640434	1.817295395472582	1.7777974973506696	0.7210023454746137	-0.2444704560241784	0.6425586988463655	2.23596554640434	-58.26785015532291	72.83025301359052	8.06207770071768	5.447282710935474	2.6147949897822063	5.127041201969954	24.8570694180896	155.27053714420697	108.00346264217	0.9955457453664888	0.0	0.0	0.0	0.0	0	0	Medium	1.9218339832702425	2
2025-09-15	158.0399932861328	159.6999969482422	156.72999572753906	159.08999633789062	23567200	BABA	2.5989931915057767	1.8949794561764703	1.7988301686324946	1.4272505330463572	0.7938724761995232	1.9218339832702425	-0.6600057049015924	1.8949794561764703	12.743920816330435	74.36784559867381	8.838759404576905	6.12557804966376	2.7131813549131447	5.092252501089845	29.297217496286574	159.22291384906148	107.72908505230568	0.9770279159547912	0.0	0.0	0.0	0.0	0	0	High	2.638581121795246	3
2025-09-16	162.2100067138672	163.0	157.58999633789062	158.36000061035156	26017700	BABA	0.2024850277229346	3.432961347692223	1.780397139716948	1.3419813003672774	0.9183324826888556	2.638581121795246	2.431173332076863	3.432961347692223	10.397925930954884	76.3820535702036	9.67919475192602	6.836301390116212	2.842893361809807	5.11494901259124	35.661124971039634	163.4845480028603	107.54845141730571	0.97721433266185	0.0	0.0	0.0	0.0	0	0	High	2.4412744535936137	3
2025-09-17	166.1699981689453	167.32000732421875	163.25999450683594	166.0	29344300	BABA	2.336473170128295	2.486838756577818	1.6943183213587276	1.2937884821184755	0.9786541908209418	2.4412744535936137	0.1024085355092244	2.486838756577818	12.785911129730914	78.13889584040224	10.543248034705186	7.577690719034008	2.9655573156711785	5.114595555288406	23.08888753255208	167.8354771105722	107.81552234011136	0.9722512463063938	0.0	0.0	0.0	0.0	0	0	Negative	-2.2206189336625126	0
2025-09-18	162.47999572753906	164.7899932861328	161.3000030517578	162.5	19529600	BABA	-2.2085804955079915	2.16366408452896	0.5922760276662118	1.294239928426632	0.8180821215444434	-2.2206189336625126	-0.012310321514423	2.16366408452896	-33.44670004055302	72.71127516527324	10.805702713525932	8.223293117932393	2.582409595593539	5.097124095424055	17.271737386279074	170.57643834974192	109.37356088731862	0.8677114057721579	0.0	0.0	0.0	0.0	0	0	Low	0.2031030525185783	1
2025-09-19	162.80999755859375	166.25	162.61000061035156	164.69000244140625	18183200	BABA	1.3601715731043738	2.238484334288059	0.5920570687713244	1.2925517583294774	0.779444796899916	0.2031030525185783	-1.141541596297791	2.238484334288059	-6.894150417827298	72.89261956508368	10.914512619768487	8.761537018299613	2.1529756014688743	5.002329822355262	19.31843253932088	172.62392488899113	111.79807447013972	0.8386553206766871	0.0	0.0	0.0	0.0	0	0	Medium	0.884468068914507	2
2025-09-22	164.25	167.43499755859375	163.02999877929688	163.75999450683594	18667700	BABA	0.5835003761979007	2.70195596655814	0.5094098093968579	1.2548450677905432	0.8352999082712487	0.884468068914507	0.299221732780168	2.70195596655814	2.664547494390426	73.71350976614727	10.990252625742867	9.207280139788264	1.7829724859546054	4.975377692187029	25.458296896738485	174.78469683175908	113.76830228323118	0.82734645483878	0.0	0.0	0.0	0.0	0	0	Negative	-0.7123276523259132	0
2025-09-23	163.0800018310547	167.8300018310547	162.8000030517578	165.00999450683594	18278600	BABA	0.4627059402349695	3.0896797819455357	0.3753894775140766	1.2494411638600218	0.8787501177846109	-0.7123276523259132	-1.1696216835528075	3.0896797819455357	-2.084348902114347	71.810708766467	10.831014854829789	9.532027082796567	1.29898777203322	4.979279198409161	20.283227340760448	176.33029076869988	116.09570868198372	0.7800218997357774	0.0	0.0	0.0	0.0	0	0	Very High	8.192298540805798	4
2025-09-24	176.44000244140625	180.1600036621093	175.0	175.97999572753906	52642300	BABA	7.910224277436745	2.948573521205309	0.4149440543727293	1.204817134087271	2.06762455086904	8.192298540805798	0.261397161629321	2.948573521205309	187.99962798026107	78.6028676107132	11.6485805832327	9.955337782883795	1.693242800348905	5.843616529312407	24.957511511902883	179.89771322158444	117.75328622909916	0.9443600826732812	0.0	0.0	0.0	0.0	0	0	Negative	-0.5497626429841224	0
2025-09-25	175.47000122070312	175.77000427246094	170.43499755859375	173.39999389648438	20712200	BABA	-1.7229701331088043	3.1302295832949856	0.3665991230697541	0.505487835660324	0.8060225397714891	-0.5497626429841224	1.1937758922036033	3.1302295832949856	-60.6548346101899	77.14939553861275	12.078997161005333	10.380069658508102	1.6989275024972308	5.855144268848128	19.2861957444266	182.1087223962314	120.86627684082916	0.8915993455956517	0.0	0.0	0.0	0.0	0	0	Negative	-2.0288354327393243	0
2025-09-26	171.91000366210938	172.75999450683594	169.6999969482422	172.1699981689453	15971100	BABA	-1.880665087365632	1.8031806798010943	0.547036697282876	0.55889950514291	0.6324091108156288	-2.0288354327393243	-0.1510103441952834	1.8031806798010943	-22.89037378936086	71.89492863742568	11.994577327964947	10.70297119239947	1.2916061355654769	5.849062840534757	19.44001418061369	182.2102803300682	125.99871930372085	0.816758750693102	0.0	0.0	0.0	0.0	0	0	High	4.647775035872488	3
2025-09-29	179.89999389648438	181.343994140625	177.58999633789062	178.0800018310547	21576300	BABA	3.5890861715485145	2.113856568582755	0.6148631810803523	0.5323532651460666	0.8351221740123316	4.647775035872488	1.022008112486613	2.113856568582755	35.09589195484343	75.86756261459213	12.429124231567585	11.048201800233096	1.38092243133449	6.105129100390534	15.73596955153061	185.1567889372606	127.5422100861769	0.9087592906933596	0.0	0.0	0.0	0.0	0	0	Negative	-0.6503603160868016	0
2025-09-30	178.72999572753906	182.1499938964844	177.10000610351562	181.6600036621093	18681500	BABA	0.9783267511602228	2.851489338750808	0.5771673540952167	0.4593397160281215	0.7208292111489589	-0.6503603160868016	-1.612907561105246	2.851489338750808	-13.416572813689092	74.21331950268569	12.534605578672966	11.34548255592107	1.1891230227518967	6.029761864146123	15.2650577464384	187.52232113886652	129.19467715214907	0.8492597195708832	0.0	0.0	0.0	0.0	0	0	High	2.2659895644666994	3
2025-10-01	182.77999877929688	183.0800018310547	178.8699951171875	179.97999572753906	14966900	BABA	0.6993789682094183	2.353668490407786	0.5395720986420748	0.4633770424162942	0.8142327109718414	2.2659895644666994	1.5557301468084097	2.353668490407786	-19.88384230388352	76.15176790165309	12.797480318241384	11.635882108385132	1.1615982098562512	5.909779309815373	15.654268883935009	189.87002034907164	131.47997812504946	0.8785748168742056	0.0	0.0	0.0	0.0	0	0	High	3.589012803591733	3
2025-10-02	189.33999633789065	192.6699981689453	188.3000030517578	188.5800018310547	23687800	BABA	3.1732153903563582	2.320762106406512	0.3834970339164882	0.4517370229742962	1.2482557575808677	3.589012803591733	0.4030090674815195	2.320762106406512	58.267911190694136	78.91639571253654	13.380900727782633	11.984885832264634	1.3960148955179967	6.194080744089163	16.725225634124918	191.97706131582817	135.21493697518747	0.9535418202089836	0.0	0.0	0.0	0.0	0	0	Negative	-0.6918757705350299	0
2025-10-03	188.02999877929688	191.07000732421875	187.134994506836	190.72000122070312	13990900	BABA	0.728850168746045	2.1027669505390185	0.3038242296370016	0.4641765378606526	0.7529810534383026	-0.6918757705350299	-1.4104459019446796	2.1027669505390185	-40.93626254865374	76.99682208162098	13.581006363315623	12.304109938474834	1.276896424840789	6.032718749324419	13.155203015725176	193.42878224453264	139.00821574130725	0.9007951623415058	0.0	0.0	0.0	0.0	0	0	Negative	-0.430781026353405	0
2025-10-06	187.22000122070312	189.6100006103516	186.3099975585937	186.5	10973500	BABA	-0.8136992975747102	1.7712431404654283	0.3949473873406938	0.5185751935371029	0.6666719319178718	-0.430781026353405	0.3860596357657507	1.7712431404654283	-21.566875612004942	75.7695797724494	13.518399789747775	12.546967908729425	0.9714318810183524	5.8375247709268105	15.226493195291752	194.6393888876544	142.39960952543157	0.8579743682394535	0.0	0.0	0.0	0.0	0	0	Negative	-3.146031060380696	0
2025-10-07	181.3300018310547	188.6600036621093	180.44000244140625	187.40499877929688	16942200	BABA	0.0988129245740506	4.555531539283977	1.1061954176219282	0.8322491858081674	1.0515098440566375	-3.146031060380696	-3.241640824851524	4.555531539283977	54.39194422927963	67.3616950491037	12.845435716242632	12.606661470232066	0.2387742460105677	6.007701660196541	11.375225446948225	194.96143710911093	145.5005608767289	0.7243996403538895	0.0	0.0	0.0	0.0	0	0	Negative	-0.1158146538060761	0
2025-10-08	181.1199951171875	182.08999633789065	177.3000030517578	180.7899932861328	15883700	BABA	-0.2978043012567778	2.70163181256942	1.09608803447113	0.8242215689782459	0.9747220418738288	-0.1158146538060761	0.1825332392885263	2.70163181256942	-6.247712811795399	67.07589587806513	12.155045257361792	12.51633822765801	-0.3612929702962191	5.920722490620562	10.270925489916284	194.0706962765915	150.11030195338896	0.7054007053670003	0.0	0.0	0.0	0.0	0	0	Negative	-4.1077753102811485	0
2025-10-09	173.67999267578125	178.77999877929688	172.3000030517578	178.52000427246094	21211600	BABA	-1.435507351380132	3.7608796359640886	1.161914349548042	0.8930650077144761	1.3424740417635526	-4.1077753102811485	-2.711187251201698	3.7608796359640886	33.54319207741269	57.73086751861343	10.88211754915369	12.189494091957148	-1.307376542803457	6.1278131745355	6.499871673847411	193.6146209067149	152.39037634670308	0.5164343593509885	0.0	0.0	0.0	0.0	0	0	Negative	-8.446567703587291	0
2025-10-10	159.00999450683594	172.92999267578125	157.25	170.02999877929688	50047000	BABA	-2.1015626729660424	9.971378490162955	3.20749193975461	2.4417924705326284	2.1748596360096646	-8.446567703587291	-6.481211757676464	9.971378490162955	135.94165456636935	44.55094804108483	8.590540515865058	11.469703376738732	-2.8791628608736737	6.863683138910196	-9.878716670477615	193.1868673014305	153.21312964681164	0.1450168335548297	0.0	0.0	0.0	0.0	0	0	High	4.905353953346929	3
2025-10-13	166.80999755859375	168.7899932861328	165.02999877929688	167.77999877929688	25567597	BABA	5.515379268869737	2.278370317304778	3.103918128085014	2.432323512716511	0.9860078468302754	4.905353953346929	-0.5781387696748618	2.278370317304778	-48.91282794173477	50.96144546530903	7.319469972364715	10.639656695863929	-3.320186723499214	7.071991398937817	-4.935318631027404	192.6360529158759	154.6409444596124	0.3202794673685233	-0.0264222222222222	-0.2077804347920593	-7.863553999758357	-0.1533729710211082	0	0	Negative	-2.367961756521644	0
2025-10-14	162.86000061035156	166.5	160.0	160.0500030517578	18583200	BABA	-4.052511603485528	4.0625	3.1156201505514813	2.4284298312546952	0.707699049859415	-2.367961756521644	1.7556997844511368	4.0625	-27.317377538452288	47.93890328677823	5.925104747570316	9.696746306205206	-3.77164155863489	7.053277553198955	-5.264384188802458	192.59230806587595	154.7496886992608	0.2143168746465185	0.0	0.0	0.0	0.0	0	0	Medium	1.8727760286916952	2
2025-10-15	165.91000366210938	168.10000610351562	164.60000610351562	168.07000732421875	15302100	BABA	3.199070793529172	2.1263668713346693	3.2103504407039067	2.4422898160641813	0.5853387173738819	1.8727760286916952	-1.2851809174629103	2.1263668713346693	-17.656270179516984	50.38584931715425	5.0084358861471685	8.759084222193598	-3.7506483360464298	6.92375812033932	-7.776537359097928	192.6002501371705	154.71574717728265	0.2954837891546109	0.0	0.0	0.0	0.0	0	0	Negative	-0.2832868484894525	0
2025-10-16	165.44000244140625	168.27999877929688	164.4600067138672	166.52000427246094	9199032	BABA	0.3676695780164549	2.322748333627295	3.3478730303140143	2.4421774486145904	0.3874943134491129	-0.2832868484894525	-0.6485718252130133	2.322748333627295	-39.88385907816574	49.99588155709412	4.195678864450201	7.846403150644919	-3.650724286194718	6.702060544988632	-7.435793433572529	192.44034408990152	155.1716538959383	0.2755221203650246	0.0	0.0	0.0	0.0	0	0	Medium	0.973162830387273	2
2025-10-17	167.0500030517578	169.10000610351562	161.14999389648438	161.75999450683594	17765700	BABA	-2.2243761365233645	4.933299725805752	1.2752038887799244	2.417736977847408	1.0278979072661203	0.973162830387273	3.270282347035021	4.933299725805752	93.1257549707404	51.383952012627695	3.6395225130694655	7.005027023129829	-3.3655045100603638	6.791199949420248	-8.605972115435186	192.23901261618855	155.79698591896766	0.3087922970444536	0.0	0.0	0.0	0.0	2025-10-22 17:57:48.687890+00:00	2025-10-22 17:57:48.690717+00:00	High	3.8431595639996345	3
2025-10-20	173.47000122070312	174.97000122070312	165.7899932861328	167.2899932861328	20120500	BABA	0.1436637114580852	5.537130289116283	1.5292279114162388	2.350606195442954	1.2424581821939864	3.8431595639996345	3.694188644027277	5.537130289116283	13.254754949143576	56.5620323032096	3.674448045971161	6.338911227698096	-2.6644631817269357	6.961829091216681	-8.381744704835842	192.14627250980163	156.8117261474249	0.471444430117702	0.0	0.0	0.0	0.0	2025-10-22 17:57:48.687890+00:00	2025-10-22 17:57:48.690717+00:00	Negative	-3.919987896412289	0
2025-10-21	166.6699981689453	170.94000244140625	166.4199981689453	170.52000427246094	15608800	BABA	-1.7005804620298317	2.716022306329042	1.5880792400188208	2.393450985311456	1.0006137227420455	-3.919987896412289	-2.25780319437712	2.716022306329042	-22.423399020899083	50.43462423020368	3.117486917523479	5.694626365663173	-2.577139448139694	6.968127231255333	-11.359889777706798	191.9273245819452	157.38967370907045	0.2687016697815851	0.0	0.0	0.0	0.0	2025-10-22 17:57:48.687890+00:00	2025-10-22 17:57:48.690717+00:00	Negative	-1.4309681004606385	0
2025-10-22	164.28500366210938	169.6699981689453	163.5800018310547	167.0	9957646	BABA	0.1979971408652567	3.722946735371949	1.383331916016871	2.351367071360536	0.6853004826674478	-1.4309681004606385	-1.6257463101141467	3.722946735371949	-36.20492286402543	48.45206114963834	2.455338472553052	5.046768787041149	-2.591430314488097	6.905403596014997	-12.25029238812843	191.8727026042785	156.22879580880743	0.226019215557077	0.0	0.0	0.0	0.0	2025-10-22 17:57:48.687890+00:00	2025-10-22 17:57:48.690717+00:00	High	4.963933772110778	3
2025-10-23	172.44000244140625	173.24000549316406	168.3166046142578	168.97000122070312	10560150	BABA	2.851749979705722	2.92508329180566	1.235833913209266	2.381131106439269	0.7134002882420494	4.963933772110778	2.053619693220409	2.92508329180566	6.050666994990584	54.97014540823884	2.5591213488015967	4.549239299393239	-1.9901179505916424	7.051803469946404	-4.902663265801572	191.72188262399808	156.07661591115817	0.4590619748218569	0.125078	0.0	125078000.0	0.062539	2025-10-23 19:17:52.060227+00:00	2025-10-23 19:17:52.063175+00:00	Medium	1.310597584573722	2
2025-10-24	174.6999969482422	176.4346923828125	173.3623046875	174.39999389648438	11769429	BABA	1.1366222612668513	1.772235146995037	1.413619384571505	1.2731471971471495	0.8651889375412813	1.310597584573722	0.1720201045052101	1.772235146995037	11.45134302069573	56.60767716524784	2.7915534051108466	4.197702120536761	-1.406148715425914	6.833438217907822	-3.544610392017442	191.84058139053485	156.23691647323466	0.5185724704996908	0.1135209999999999	0.0	113520999.99999996	0.0567604999999999	2025-10-24 23:31:53.600342+00:00	2025-10-24 23:31:53.603358+00:00	High	2.7189468133804646	3
2025-10-27	179.4499969482422	180.0	177.6204071044922	179.74000549316406	12533676	BABA	2.8849505626580307	1.3397069257407588	0.9485207700807036	1.3818581831193155	1.037046004910731	2.7189468133804646	-0.1613489129068179	1.3397069257407588	6.4934925899973575	59.90772894216376	3.3207630970327955	4.022314315835968	-0.7015512188031723	6.723907134611393	3.3222043504067544	191.789506985747	156.2429911831983	0.6528630230302325	0.092974	0.0	92974000.0	0.046487	2025-10-27 23:31:46.746594+00:00	2025-10-27 23:31:46.749290+00:00	Negative	-1.521312774569988	0
2025-10-28	176.72000122070312	179.36000061035156	175.24000549316406	177.47999572753906	11853390	BABA	-1.0977995286738969	2.3510585414517218	0.9412943678328926	1.3615421737123083	1.045746650805036	-1.521312774569988	-0.4282141791363652	2.3510585414517218	-5.427665435104593	57.21453713359535	3.47976518398238	3.9138044894652495	-0.4340393054828704	6.544341728930445	11.13766890489756	191.60378116840425	156.2277175498575	0.5792697540294466	0.0966699999999999	0.0	96669999.99999996	0.0483349999999999	2025-10-28 23:33:39.535269+00:00	2025-10-28 23:33:39.538010+00:00	Medium	1.8390674386319863	2
2025-10-29	179.97000122070312	182.4900054931641	178.10000610351562	180.2949981689453	11981627	BABA	2.0229724556064395	2.4649069282439564	0.6199807956207295	1.3421773341293644	1.0206115607628108	1.8390674386319863	-0.1802584384163832	2.4649069282439564	1.0818592824499995	59.54611914899476	3.823943284196673	3.8958322484115353	-0.0718889642148621	6.489031910611197	7.889217585706628	191.22240735826412	156.3280916041382	0.6775289644064586	0.127876	0.0	127876000.0	0.063938	2025-10-29 23:33:58.137327+00:00	2025-10-29 23:33:58.140302+00:00	Negative	-3.35611963324644	0
2025-10-30	173.92999267578125	176.3802947998047	173.77999877929688	174.32000732421875	9670528	BABA	-3.139408711541654	1.4963149031956355	0.5036464637901927	1.4126858583914903	0.8364256906189644	-3.35611963324644	-0.2237348738243852	1.4963149031956355	-19.28869092653277	53.69028161052652	3.5681967462032844	3.830305147969885	-0.2621084017666009	6.467672662810843	6.797244273573991	188.92898102233244	157.08051757385897	0.5290514290958641	0.101317	0.0	101317000.0	0.0506585	2025-10-30 23:36:56.750739+00:00	2025-10-30 23:36:56.753595+00:00	Negative	-2.0123038851178854	0
2025-10-31	170.42999267578125	171.4499969482422	168.1199951171875	170.52999877929688	12756356	BABA	-1.9548059792207444	1.980729198054949	0.5006141482118367	1.2451186735394524	1.0848057499291146	-2.0123038851178854	-0.0586442879443485	1.980729198054949	31.90961238104062	50.5858655783406	3.0479600369924924	3.673836125774407	-0.6258760887819146	6.420695869652479	2.724361951601929	186.5003465038797	157.74915148196015	0.4410544043179206	0.0929759999999999	0.0	92976000.0	0.0464879999999999	2025-10-31 23:31:14.830482+00:00	2025-10-31 23:31:14.833368+00:00	Negative	-1.607692514302597	0
2025-11-03	167.69000244140625	168.91000366210938	165.5850067138672	168.30999755859375	8887207	BABA	-1.2439096451881495	2.0080302040799025	0.3792723582578576	0.718578802362051	0.8057434945275996	-1.607692514302597	-0.3683649968396328	2.0080302040799025	-30.331146292875488	48.23456445672142	2.387057866783266	3.416480473976179	-1.0294226071929131	6.308145161956878	1.3600096511101545	183.844849492855	158.45164861505518	0.3638121035157788	0.1648049999999999	0.0	164804999.99999997	0.0824024999999999	2025-11-03 23:20:58.518599+00:00	2025-11-03 23:20:58.521393+00:00	Negative	-2.0215870596298435	0
2025-11-04	164.3000030517578	166.5	162.1999969482422	162.60000610351562	9566840	BABA	-3.035360643917431	2.651050020136522	0.4532911293499874	0.7144571796916696	0.9048786477566976	-2.0215870596298435	1.0455085390094776	2.651050020136522	7.647318218198361	45.42152352795915	1.5716267807866302	3.0475097353382696	-1.4758829545516394	6.249706614185962	-1.646213678396615	182.41902327701823	158.17447495296224	0.2526558967781505	0.152637	0.0	152637000.0	0.0763185	2025-11-04 23:21:30.162300+00:00	2025-11-04 23:21:30.165181+00:00	Low	0.3164968124176636	1
2025-11-05	164.82000732421875	166.8800048828125	163.60000610351562	164.39999389648438	8146371	BABA	0.0608586992509448	2.00488915460156	0.4105020088161262	0.5013585454661245	0.8307994390554063	0.3164968124176636	0.2554826297614338	2.00488915460156	-14.84783899385795	45.94231885321671	0.9563278174153425	2.6292733517536844	-1.672945534338342	6.037584625979599	-4.986449435415133	180.74509932315692	158.21840012752662	0.2930570137844559	0.170421	0.0	170421000.0	0.0852105	2025-11-05 23:21:36.845526+00:00	2025-11-05 23:21:36.848252+00:00	Medium	1.692751584851343	2
2025-11-06	167.61000061035156	170.5500030517578	165.52000427246094	169.0	12320212	BABA	2.536095431399146	3.0389068689347307	0.4839286888134472	0.5230113764994553	1.1920404955505726	1.692751584851343	-0.8224848459458209	3.0389068689347307	51.235586987138205	48.767042868861566	0.6859212242955266	2.240602926262053	-1.5546817019665262	6.015613990376703	0.5639901912361066	180.29896216319293	158.05753808094772	0.4294896987746995	0.141253	0.0	141252999.99999997	0.0706265	2025-11-06 23:21:21.278837+00:00	2025-11-06 23:21:21.281581+00:00	Negative	-0.7577139000275752	0
2025-11-07	166.33999633789062	166.3699951171875	161.21620178222656	162.9600067138672	9975010	BABA	-2.7742938246831508	3.1968209633934705	0.5599137509925369	0.607708632179227	1.020030620317067	-0.7577139000275752	2.074122167875325	3.1968209633934705	-19.035402962221752	47.549043393436925	0.3649365586715021	1.865469652743943	-1.5005330940724408	6.0426271930730096	1.2508705176814705	179.74599521070402	159.34350521654207	0.3429233943185639	0.1162219999999999	0.0	116222000.0	0.0581109999999999	2025-11-07 23:20:49.078462+00:00	2025-11-07 23:20:49.081473+00:00	Negative	-0.2705284105742658	0
2025-11-10	165.88999938964844	167.9947967529297	163.63999938964844	167.6199951171875	9159747	BABA	0.7695075192239281	2.6612059273551467	0.4604915835362983	0.5250441220231097	0.9314710245528712	-0.2705284105742658	-1.0320938897114138	2.6612059273551467	-8.173054463103295	47.10016144047639	0.0733968326541969	1.5070550887259937	-1.4336582560717968	5.922067919516455	-3.798424355731177	179.7570445992771	159.24045601107446	0.3241057035377496	0.124655	0.0	124655000.0	0.0623275	2025-11-10 23:22:18.028947+00:00	2025-11-10 23:22:18.031863+00:00	Negative	-3.0682960736741323	0
2025-11-11	160.8000030517578	165.5800018310547	160.16000366210938	164.58999633789062	10616684	BABA	-0.7836536599800197	3.3841146634711112	0.5456295218579394	0.6119723263514353	1.0570591148707882	-3.0682960736741323	-2.302687508633421	3.3841146634711112	15.90586508557496	42.24244667536659	-0.5618935076487048	1.093265369451054	-1.6551588770997587	5.908348477232356	-7.956493497021916	179.95554243176215	158.83595842273004	0.0929963690661622	0.1231779999999999	0.0	123177999.99999996	0.0615889999999999	2025-11-11 23:21:09.339829+00:00	2025-11-11 23:21:09.342629+00:00	Negative	-1.797263267910644	0
2025-11-12	157.91000366210938	161.19000244140625	156.1999969482422	160.97999572753906	13244631	BABA	0.111935741520673	3.1946258582946903	0.2716632818144535	0.6510770511059747	1.1971728795086811	-1.797263267910644	-1.9070643228402693	3.1946258582946903	24.752992553983898	39.73654143826891	-1.2837660217878977	0.6178590912032637	-1.9016251129911612	5.842752549798907	-12.00334001250804	180.6071068005161	157.38439405397605	0.0226334284831401	0.0552156862745097	0.0	55215686.27450979	0.0276078431372548	2025-11-12 23:22:17.630411+00:00	2025-11-12 23:22:17.633493+00:00	Medium	1.222210519297425	2
2025-11-13	159.83999633789062	164.0	158.50999450683594	164.0	16999108	BABA	3.8566247841535097	3.4635074654092546	0.3129230792171375	0.5875052177005012	1.4167061420600788	1.222210519297425	-2.53658759884718	3.4635074654092546	28.347161955663392	42.20239899303636	-1.6807463134666705	0.1581380102692768	-1.8388843237359476	5.860412820376887	-9.551836105824432	180.91193370484217	156.51956653929847	0.1361257714783232	0.071373	0.0	71373000.0	0.0356865	2025-11-13 23:21:57.790773+00:00	2025-11-13 23:21:57.793677+00:00	Negative	-3.7787746649872833	0
2025-11-14	153.8000030517578	162.6199951171875	151.77999877929688	156.94000244140625	33727857	BABA	-1.8143105373663733	7.1419135756174645	1.8010396121773788	1.4549998829778743	2.0136508409923497	-3.7787746649872833	-2.000764203390885	7.1419135756174645	98.40956949035208	37.08781144194915	-2.454439780616269	-0.3643775479078324	-2.090062232708437	6.2160973573421545	-14.54131132490919	181.87107297725737	154.23542726688328	-0.0157558907683496	0.0866353535353535	0.0	86635353.53535351	0.0433176767676767	2025-11-14 23:20:56.428777+00:00	2025-11-14 23:20:56.431292+00:00	High	2.542265009444476	3
2025-11-17	157.7100067138672	161.02499389648438	156.91000366210938	157.97999572753906	15622219	BABA	2.717810528504717	2.622516180189656	1.808132626982008	1.407779648138481	0.8658758777068731	2.542265009444476	-0.1709007602060661	2.622516180189656	-53.681554686382825	41.98908128092964	-2.72072992820776	-0.8356480239678179	-1.885081904239942	6.288161177869612	-9.325583076490638	181.547293406611	152.983207386846	0.1654805031657747	0.055290625	0.0	55290625.0	0.0276453125	2025-11-17 23:21:26.161944+00:00	2025-11-17 23:21:26.164749+00:00	Medium	1.2744876173156627	2
2025-11-18	159.72000122070312	161.27999877929688	156.6999969482422	157.30999755859375	12403630	BABA	-0.2536358748618741	2.922783612157604	1.8560856185600791	1.3956608809842674	0.6741290478230129	1.2744876173156627	1.5320092171584412	2.922783612157604	-20.60263653966188	44.38762506975689	-2.738014898815777	-1.2161213989374098	-1.5218934998783673	6.166149795954261	-6.2841001674232055	181.57411503519944	152.26138606343335	0.2544497021909453	0.0997676767676767	0.0	99767676.76767676	0.0498838383838383	2025-11-19 01:45:57.100262+00:00	2025-11-19 01:45:57.103065+00:00	Negative	-0.5196605464006856	0
2025-11-19	158.88999938964844	160.97000122070312	158.04080200195312	159.3249969482422	7774811	BABA	-0.247310461709248	1.8534449215929687	2.063269845070087	1.4127538309671832	0.4492675605045209	-0.5196605464006856	-0.2730253048334041	1.8534449215929687	-37.31826086395676	43.586212946764654	-2.7865657779937862	-1.530210274748685	-1.2563555032451013	5.934939040439671	-5.247780382633534	181.68198336528152	151.61401730610518	0.2419845116634592	0.104470707070707	0.0	104470707.07070704	0.0522353535353535	2025-11-20 01:44:34.438717+00:00	2025-11-20 01:44:34.441601+00:00	Negative	-3.530744937945446	0
2025-11-20	153.27999877929688	161.38999938964844	153.0	159.0	13348727	BABA	0.0692306695035011	5.483659731796364	2.2213905761865376	1.55744666278552	0.8053312559476519	-3.530744937945446	-3.5974850444673745	5.483659731796364	71.69198067965897	38.52344875328546	-3.240369896944856	-1.8722421991879192	-1.3681276977569363	6.110300493954583	-6.707245324267835	181.54499380678	149.8350064983958	0.1086406073707328	0.0980769999999999	0.0	98076999.99999996	0.0490384999999999	2025-11-21 01:45:26.046866+00:00	2025-11-21 01:45:26.049671+00:00	Negative	-0.2283442760327705	0
2025-11-21	152.92999267578125	155.8800048828125	148.63999938964844	151.97999572753906	14390939	BABA	-0.8481230833186831	4.8708325638410015	1.550448507020158	1.5995915459539192	1.1324256504444123	-0.2283442760327705	0.6250802572368057	4.8708325638410015	7.807575958366667	38.225127020167776	-3.5869078571220427	-2.215175330774744	-1.3717325263472988	6.190993708183831	-7.213938915224387	180.81782019432285	148.38517968360685	0.1401308348813831	0.1269747474747474	0.0	126974747.47474743	0.0634873737373737	2025-11-22 01:41:37.244136+00:00	2025-11-22 01:41:37.247105+00:00	Very High	5.100374959341157	4
2025-11-24	160.72999572753906	161.48989868164062	158.6999969482422	160.0	21372564	BABA	4.623035155182082	1.7579721405466222	1.718890051775374	1.6913889736272467	1.5422396472390922	5.100374959341157	0.4562473297119141	1.7579721405466222	48.514033726360736	47.90669094436416	-3.195313048492494	-2.411202874318294	-0.7841101741742	6.360201729446371	-4.1047699169255845	178.44273894523232	148.88826081062703	0.4006748101921841	0.0681285714285714	0.0	68128571.42857142	0.0340642857142857	2025-11-25 01:47:35.229888+00:00	2025-11-25 01:47:35.232533+00:00	Negative	-2.314441186826803	0
2025-11-25	157.00999450683594	166.3000030517578	156.14999389648438	165.1999969482422	27063250	BABA	2.781062240728503	6.500166219668331	2.168027272567883	1.906339938079018	1.611861595572075	-2.314441186826803	-4.957628688075709	6.500166219668331	26.62612684187073	44.33774286634855	-3.148846409212126	-2.558731581297061	-0.5901148279150656	6.63090225986259	-5.60899485178683	176.4370740892774	148.92292499519525	0.2939240273790656	0.139077	0.0	139077000.0	0.0695385	2025-11-26 01:46:48.862047+00:00	2025-11-26 01:46:48.864829+00:00	Low	0.3757796429029232	1
2025-11-26	157.60000610351562	161.4499969482422	150.0	159.09500122070312	21382063	BABA	1.327945218020124	7.633331298828125	2.215615252120541	2.1973937606926754	1.095869286088929	0.3757796429029232	-0.939687045926466	7.633331298828125	-20.992257027518868	45.03712676936774	-3.029490180875996	-2.652883301212848	-0.3766068796631483	6.975123309032561	-4.9972833302994815	172.9468134990784	150.1761860736755	0.3260261516359501	0.0836484848484848	0.0	83648484.84848484	0.0418242424242424	2025-11-27 01:45:05.709384+00:00	2025-11-27 01:45:05.712033+00:00	Negative	-0.1903572589716544	0
2025-11-28	157.3000030517578	158.69000244140625	155.67999267578125	156.16000366210938	7185491	BABA	-0.9137070974860372	1.933459601256302	2.6483074116767	2.321543886535491	0.3931038614910664	-0.1903572589716544	0.7300200838334423	1.933459601256302	-66.39477210407621	44.72937718266046	-2.925385229118973	-2.707383686794073	-0.2180015423249002	6.691900913074879	-2.1766168741137597	170.72479647120443	150.73520413914716	0.3284108451818049	0.0622159999999999	0.0	62215999.99999999	0.0311079999999999	2025-11-29 01:44:33.618474+00:00	2025-11-29 01:44:33.621294+00:00	High	4.424660724760455	3
2025-12-01	164.25999450683594	164.8498992919922	159.41000366210938	160.5	14275396	BABA	2.034327327501236	3.412518351993387	2.682726456579684	2.09808430101318	0.7819669863189646	4.424660724760455	2.3426757051937304	3.412518351993387	98.66973599994768	52.789364620102006	-2.255270803501162	-2.616961110135491	0.3616903066343289	6.753186293586272	4.021272052094979	169.54232618396964	151.30067460948737	0.7104247027433084	0.095748	0.0	95748000.0	0.047874	2025-12-02 01:49:20.050537+00:00	2025-12-02 01:49:20.053138+00:00	Negative	-1.9055093928504776	0
2025-12-02	161.1300048828125	161.69000244140625	159.12049865722656	161.1999969482422	9874003	BABA	-1.862898856036674	1.614816322135119	2.716489353491052	2.1884620631771017	0.618825387044954	-1.9055093928504776	-0.0434193962498401	1.614816322135119	-30.832020351659597	49.30705078719342	-1.954237069067432	-2.4844163019218795	0.5301792328544477	6.637922690445065	0.8070624214698346	168.59604711897566	151.590953918622	0.5609525835466818	0.147106	0.0	147105999.99999997	0.073553	2025-12-03 01:48:47.624716+00:00	2025-12-03 01:48:47.627895+00:00	Negative	-1.8928833608464388	0
2025-12-03	158.0800018310547	158.45489501953125	156.52999877929688	157.39999389648438	6911266	BABA	-2.31490775975642	1.2297299273274942	2.631172795148752	2.324953305467288	0.5795298028270809	-1.8928833608464388	0.43202538814425	1.2297299273274942	-30.005429408923614	46.11475284496136	-1.9394190069696435	-2.3754168429314326	0.4359978359617891	6.492357219950105	2.7828340015419517	168.0998508301764	151.46515008535093	0.3976537869346061	0.1508326732673267	0.0	150832673.2673267	0.0754163366336633	2025-12-04 01:49:35.746904+00:00	2025-12-04 01:49:35.749624+00:00	Negative	-0.4048579088026744	0
2025-12-04	157.44000244140625	158.8000030517578	156.4199981689453	158.27000427246094	6594628	BABA	0.12019385071194	1.5215476989341967	0.8593099348259657	2.355287433901774	0.7353381689312122	-0.4048579088026744	-0.5244214371952907	1.5215476989341967	-4.581476100037244	45.44980077187892	-1.9567618554179944	-2.291685845428745	0.3349239900107505	6.19861776729742	-0.1712030061293482	167.45438553814932	151.37261488909678	0.377283551961794	0.16613	0.0	166130000.0	0.083065	2025-12-05 01:50:02.923845+00:00	2025-12-05 01:50:02.926403+00:00	Medium	0.5589461821432629	2
2025-12-05	158.32000732421875	159.47999572753906	157.67999267578125	159.14999389648438	6214909	BABA	1.086122604523285	1.1415544998527152	0.931333436332732	2.3687868036832467	0.7083291980283108	0.5589461821432629	-0.5215121609149866	1.1415544998527152	-5.75800484879511	46.590212087356925	-1.8778504570786367	-2.2089187677587234	0.3310683106800867	5.901573161499948	-0.8765301063013677	166.06204621476374	151.83595488386905	0.45578594214901	0.163177	0.0	163176999.99999997	0.0815885	2025-12-06 01:43:53.852137+00:00	2025-12-06 01:43:53.855220+00:00	Negative	-0.1200116426328541	0
2025-12-08	158.1300048828125	158.74000549316406	156.41290283203125	157.57000732421875	6896888	BABA	-0.4737240811668848	1.4877945610611436	0.2027372691966591	2.3389447781175883	0.9449942225208838	-0.1200116426328541	0.355396035135982	1.4877945610611436	10.97327410586382	46.3648334939417	-1.8097821721434	-2.129091448635659	0.3193092764922589	5.646253840045152	-0.4783148780636539	164.79391192012332	152.28309003300166	0.4673485804980978	0.1786029999999999	0.0	178602999.99999997	0.0893014999999999	2025-12-09 01:56:14.931324+00:00	2025-12-09 01:56:14.934061+00:00	Negative	-1.3722874229678688	0
2025-12-09	155.9600067138672	156.60000610351562	154.30999755859375	154.44000244140625	6433422	BABA	-2.333524522522369	1.4840312236103337	0.1744028759663422	2.3543616999517143	0.9732534574554268	-1.3722874229678688	0.9842037350637955	1.4840312236103337	-6.719929336245564	43.76113086000182	-1.908933288054243	-2.085059816519376	0.176126528465133	5.515807660343266	1.7484394284404796	163.39596616115236	152.6880365243945	0.3055651559607529	0.197894	0.0	197894000.00000003	0.098947	2025-12-10 01:51:46.462884+00:00	2025-12-10 01:51:46.465679+00:00	Medium	1.83380385177764	2
2025-12-10	158.82000732421875	160.73989868164062	157.5	159.63999938964844	10775425	BABA	2.35957458153536	2.057078528025793	0.3287531903880304	1.9646117103554688	1.4594806453004057	1.83380385177764	-0.5136507570563535	2.057078528025793	67.49134441981266	47.91282121376046	-1.7367133639328929	-2.0153905260020792	0.2786771620691866	5.463242253731136	3.851445060175088	163.1608056368224	152.7251974759706	0.5840397372442804	0.189816	0.0	189816000.0	0.094908	2025-12-11 01:53:06.227716+00:00	2025-12-11 01:53:06.230739+00:00	Negative	-1.2089241526193966	0
2025-12-11	156.89999389648438	157.0500030517578	153.36000061035156	155.14999389648438	7265275	BABA	-2.310800439797441	2.40610486875362	0.5070630628237874	0.6758569824822301	0.9664889396478504	-1.2089241526193966	1.1279407469184917	2.40610486875362	-32.57551326281794	45.48519796210084	-1.7351550829855	-1.9593434373987637	0.2241883544132634	5.463011143740855	-2.3828793211362385	163.1301182217419	152.65488391448855	0.4052520313609015	0.156054	0.0	156054000.0	0.078027	2025-12-12 01:52:48.138600+00:00	2025-12-12 01:52:48.141346+00:00	Negative	-0.7775661364958545	0
2025-12-12	155.67999267578125	158.94000244140625	153.8000030517578	157.76499938964844	6372850	BABA	0.5513100871978074	3.342002137619393	0.7708725141125764	0.8294102836280797	0.8442234048133922	-0.7775661364958545	-1.3215901638091678	3.342002137619393	-12.2834304276163	43.96101216503385	-1.8114823951997887	-1.9297712289589688	0.1182888337591796	5.439938875591396	-0.8470809996727829	162.92664436409794	152.44235740592157	0.30880834173799	0.10726	0.0	107260000.0	0.05363	2025-12-13 01:46:23.918513+00:00	2025-12-13 01:46:23.921176+00:00	Negative	-3.590696686074708	0
2025-12-15	150.08999633789062	153.2050018310547	149.5800018310547	153.17999267578125	10465380	BABA	-1.605858246156585	2.423452303533402	0.6760246720471523	0.6845654901660441	1.2666163378933255	-3.590696686074708	-2.017232331660226	2.423452303533402	64.21820692468833	37.723446548062455	-2.296564955709954	-2.0031299743091657	-0.2934349814007881	5.487085444815337	-4.765234438311023	163.48731099025986	151.51069010837296	-0.1186222545151234	0.08184299999999999	0.0	81842999.99999999	0.04092149999999999	2025-12-16 01:52:47.700610+00:00	2025-12-16 01:52:47.703267+00:00			
