timestamp	open	high	low	close	volume	quoteVolume	symbol	gap_apertura_pct	volatilidad_diaria	vol_5d	vol_10d	vol_rel_5d	return_pct	close_open_pct	range_pct	volume_change_pct	rsi_14	macd	macd_signal	macd_diff	atr_14	momentum_12	bb_upper	bb_lower	bb_pctb	vader	finbert	sentiment_ratio	sentiment_combined	download_date	added_date	target_category	target	target_num
2025-07-15 16:00:00	682.71	706.6	682.53	700.09	40370.225254	28022904.24975488	BNBUSDT	0.0	3.5265849120185266	0.0	0.0	0.0	0.0	2.5457368428761837	3.5265849120185266	0.0	0.0	0.0	0.0	0.0	0.0	0.0	0.0	0.0	0.0	0.0	0.0	0.0	0.0	0	0	High	3.0310388664314463	3.0
2025-07-16 16:00:00	700.09	727.86	698.82	721.31	160617.837187	114981488.67832229	BNBUSDT	0.0	4.15557654331587	0.0	0.0	0.0	3.0310388664314463	3.0310388664314463	4.15557654331587	297.8621277845992	0.0	0.0	0.0	0.0	0.0	0.0	0.0	0.0	0.0	0.0	0.0	0.0	0.0	0	0	High	2.295822877819531	3.0
2025-07-17 16:00:00	721.31	766.54	710.38	737.87	140985.07309	104181546.94475512	BNBUSDT	0.0	7.9056279737605175	0.0	0.0	0.0	2.295822877819531	2.295822877819531	7.9056279737605175	-12.223277589115135	0.0	0.0	0.0	0.0	0.0	0.0	0.0	0.0	0.0	0.0	0.0	0.0	0.0	0	0	Negative	-0.9757816417526184	0.0
2025-07-18 16:00:00	737.87	748.53	718.36	730.67	130252.462355	95448983.84950095	BNBUSDT	0.0	4.199844089314544	0.0	0.0	0.0	-0.9757816417526185	-0.9757816417526185	4.199844089314544	-7.612586566627992	0.0	0.0	0.0	0.0	0.0	0.0	0.0	0.0	0.0	0.0	0.0	0.0	0.0	0	0	High	2.81796159689053	3.0
2025-07-19 16:00:00	730.67	751.84	724.71	751.26	72468.976824	53864624.97568165	BNBUSDT	0.0	3.74356639207407	1.8106681825729003	0.0	0.6652257998216992	2.81796159689053	2.81796159689053	3.74356639207407	-44.36268189196491	0.0	0.0	0.0	0.0	0.0	0.0	0.0	0.0	0.0	0.0	0.0	0.0	0.0	0	0	High	3.118760482389594	3.0
2025-07-20 16:00:00	751.26	782.5	744.78	774.69	145116.99359	110500377.46569572	BNBUSDT	0.0	5.064582829828947	1.6865507005905027	0.0	1.1172448069703607	3.118760482389594	3.118760482389594	5.064582829828947	100.24705736143457	0.0	0.0	0.0	0.0	0.0	0.0	0.0	0.0	0.0	0.0	0.0	0.0	0.0	0	0	Negative	-1.3269824058655832	0.0
2025-07-21 16:00:00	774.69	775.48	744.79	764.41	143211.0	108937589.2526	BNBUSDT	0.0	4.12062460559353	1.6910637395159247	0.0	1.1329365617891503	-1.3269824058655832	-1.3269824058655832	4.12062460559353	-1.313418603051421	0.0	0.0	0.0	0.0	0.0	0.0	0.0	0.0	0.0	0.0	0.0	0.0	0.0	0	0	High	2.662183906542304	3.0
2025-07-22 16:00:00	764.41	810.8	764.14	784.76	305947.34	242276638.0616	BNBUSDT	0.0	6.106210903761087	0.9482725905284689	0.0	1.9193762788841002	2.6621839065423036	2.6621839065423036	6.106210903761087	113.63396666457189	0.0	0.0	0.0	0.0	0.0	0.0	0.0	0.0	0.0	0.0	0.0	0.0	0.0	0	0	Negative	-0.7658392374738763	0.0
2025-07-23 16:00:00	784.76	786.43	742.54	778.75	230362.4	177105596.9206	BNBUSDT	0.0	5.91079268456918	1.0498518106689858	0.0	1.283918609268297	-0.7658392374738763	-0.7658392374738763	5.91079268456918	-24.705212341444128	0.0	0.0	0.0	0.0	0.0	0.0	0.0	0.0	0.0	0.0	0.0	0.0	0.0	0	0	Negative	-1.6115569823434934	0.0
2025-07-24 16:00:00	778.75	786.17	752.2	766.2	118024.68	90564831.6232	BNBUSDT	0.0	4.5160861473012375	0.8604795691510976	1.3562250250830106	0.626017746642296	-1.6115569823434934	-1.6115569823434934	4.5160861473012375	-48.765649255260406	0.0	0.0	0.0	0.0	0.0	0.0	0.0	0.0	0.0	0.0	0.0	0.0	0.0	0	0	Medium	1.9681545288436344	2.0
2025-07-25 16:00:00	766.2	786.39	763.61	781.28	44690.86	34831165.6556	BNBUSDT	0.0	2.98319822946268	1.299673756432608	1.4274905977975423	0.26531070354746533	1.9681545288436342	1.9681545288436342	2.98319822946268	-62.13430953593774	0.0	0.0	0.0	0.0	0.0	0.0	0.0	0.0	0.0	0.0	0.0	0.0	0.0	0	0	High	4.414550481261521	3.0
2025-07-26 16:00:00	781.28	817.38	778.52	815.77	82541.24	65834840.1876	BNBUSDT	0.0	4.991522375789962	1.255640236527268	1.4052690267373014	0.5280499988663793	4.414550481261521	4.414550481261521	4.991522375789962	84.6937830240904	0.0	0.0	0.0	0.0	0.0	0.0	0.0	0.0	0.0	0.0	0.0	0.0	0.0	0	0	High	2.525221569805218	3.0
2025-07-27 16:00:00	815.77	861.76	812.76	836.37	398319.28	335226224.257	BNBUSDT	0.0	6.028840001968601	1.2374276833410829	1.0469395177743055	2.278874876384317	2.525221569805218	2.525221569805218	6.028840001968601	382.5700219672009	0.0	0.0	0.0	0.0	0.0	19.46606864831664	0.0	0.0	0.0	0.0	0.0	0.0	0.0	0	0	Negative	-3.635950596028069	0.0
2025-07-28 16:00:00	836.37	841.54	802.38	805.96	229843.88	189472958.124	BNBUSDT	0.0	4.880480570303344	1.1025665509347324	1.0279575604513258	1.315769594177115	-3.6359505960280694	-3.6359505960280694	4.880480570303344	-42.296571735116615	67.99878198511462	0.0	0.0	0.0	36.37857142857142	11.735592186438577	0.0	0.0	0.0	0.0	0.0	0.0	0.0	0	0	Negative	-1.876023624001192	0.0
2025-07-29 16:00:00	805.96	816.08	779.25	790.84	217684.62	173599335.4394	BNBUSDT	0.0	4.726339428938086	1.098753793151064	0.9565604570478937	1.1185341741933867	-1.8760236240011916	-1.8760236240011916	4.726339428938086	-5.290225695807088	61.95752123946972	0.0	0.0	0.0	36.41081632653061	7.178771328282764	0.0	0.0	0.0	0.0	0.0	0.0	0.0	0	0	Medium	1.149410753123251	2.0
2025-07-30 16:00:00	790.84	814.78	765.7	799.93	151773.74	120331036.0942	BNBUSDT	0.0	6.40982107875146	0.7591899433500152	1.0655278699959594	0.7025503267674216	1.149410753123251	1.149410753123251	6.40982107875146	-30.278151942934695	64.02672473502321	0.0	0.0	0.0	37.315758017492705	9.478971355057686	0.0	0.0	0.0	0.0	0.0	0.0	0.0	0	0	Negative	-4.476641706149281	0.0
2025-07-31 16:00:00	799.93	813.69	757.3	764.12	276369.54	216593949.371	BNBUSDT	0.0	7.446190413310459	1.1273982441277393	1.241617404679266	1.0846604370991426	-4.476641706149281	-4.476641706149281	7.446190413310459	82.0931209839067	52.02212675365778	0.0	0.0	0.0	38.678203873386096	1.7117908580251862	0.0	0.0	0.0	0.0	0.0	0.0	0.0	0	0	Negative	-2.7613463853844977	0.0
2025-08-01 16:00:00	764.12	770.14	740.97	743.02	169127.28	127992017.8242	BNBUSDT	0.0	3.936731581575497	1.417707405987485	1.292974853980538	0.8093770681608384	-2.7613463853844977	-2.7613463853844977	3.936731581575497	-38.80393620802061	46.490949592000824	0.0	0.0	0.0	37.99904645385852	-4.088086847642291	0.0	0.0	0.0	0.0	0.0	0.0	0.0	0	0	Medium	0.7227261715700795	2.0
2025-08-02 16:00:00	743.02	753.21	729.7	748.39	124250.2	92078478.9054	BNBUSDT	0.0	3.2218720021926806	1.748485724205077	1.3999749401166657	0.6614644818154684	0.7227261715700795	0.7227261715700795	3.2218720021926806	-26.534501116555532	48.00610890648211	0.0	0.0	0.0	36.9641145642972	-2.0957339647571307	0.0	0.0	0.0	0.0	0.0	0.0	0.0	0	0	Medium	1.5914162401956158	2.0
2025-08-03 16:00:00	748.39	765.54	746.92	760.3	62310.02	47150682.1038	BNBUSDT	0.0	2.4929041932201583	2.1274251782607387	1.5963099529755693	0.39747112252978883	1.5914162401956158	1.5914162401956158	2.4929041932201583	-49.851171265720296	51.29980777566406	0.0	0.0	0.0	35.6538206668474	-3.1168764972730565	832.6495965226728	702.9494034773271	0.44217818937726605	0.0	0.0	0.0	0.0	0	0	Negative	-1.5585952913323569	0.0
2025-08-04 16:00:00	760.3	769.79	745.86	748.45	88145.18	66830619.3472	BNBUSDT	0.0	3.208376907194373	1.9599096240228733	1.570597907170871	0.6119474333194919	-1.5585952913323569	-1.5585952913323569	3.208376907194373	41.46228808785489	48.039059037734006	0.0	0.0	0.0	34.816404904929726	-3.8908507223113906	828.0112148399372	712.4237851600627	0.311679349040928	0.0	0.0	0.0	0.0	0	0	High	2.768388001870521	3.0
2025-08-05 16:00:00	748.45	769.39	744.75	769.17	75655.8	57138497.572	BNBUSDT	0.0	3.3084927828130226	0.5122028284660716	1.6290600740735464	0.7281759164322567	2.768388001870521	2.768388001870521	3.3084927828130226	-14.169101475542952	53.5934559220983	0.0	0.0	0.0	34.08951884029189	0.38762725137038806	825.8931277411314	719.3278722588686	0.4677146178233233	0.0	0.0	0.0	0.0	0	0	Medium	0.7917625492413942	2.0
2025-08-06 16:00:00	769.17	779.24	764.07	775.26	57351.44	44192880.828	BNBUSDT	0.0	1.9854201840145482	0.581321161276048	1.7246299780512522	0.7033316406378768	0.7917625492413942	0.7917625492413942	1.9854201840145482	-24.194258734954886	55.11225361374753	0.0	0.0	0.0	32.73812463741389	-0.770530411632191	825.3236997080264	723.6363002919734	0.5076705668989402	0.0	0.0	0.0	0.0	0	0	Medium	1.1712199778139	2.0
2025-08-07 16:00:00	775.26	796.3	767.64	784.34	95922.76	75325679.2778	BNBUSDT	0.0	3.7335209212651725	0.6979328268537003	1.7095870895415923	1.2641869002797155	1.1712199778139	1.1712199778139	3.7335209212651725	67.25431828738736	57.35334179702366	0.0	0.0	0.0	32.44683002045575	-3.8528016475231928	823.9807811149897	730.3462188850101	0.5766437075059277	0.0	0.0	0.0	0.0	0	0	High	2.7692072315577314	3.0
2025-08-08 16:00:00	784.34	819.0	784.14	806.06	65042.08	52335999.419	BNBUSDT	0.0	4.445634708087844	0.8986687084936611	1.6994672907949602	0.8510748768584805	2.7692072315577314	2.7692072315577314	4.445634708087844	-32.193277174259784	62.213262628582015	0.0	0.0	0.0	32.619199304708914	-3.623994165261793	826.7503856061956	733.0566143938045	0.7791701055634391	0.0	0.0	0.0	0.0	0	0	Negative	-0.5632335061906018	0.0
2025-08-09 16:00:00	806.06	815.22	793.07	801.52	80594.62	64893318.025	BNBUSDT	0.0	2.7929438763286942	0.9320363959436773	1.508198370101221	1.0758380283137823	-0.5632335061906018	-0.5632335061906018	2.7929438763286942	23.91150467512723	60.65726919868416	13.393745461826597	0.0	0.0	31.87139935437256	-0.5508958260955946	828.9466844566307	733.5433155433693	0.7125187006596545	0.0	0.0	0.0	0.0	0	0	Medium	0.6774628206407906	2.0
2025-08-10 16:00:00	801.52	827.41	791.95	806.95	142137.42	115019363.7746	BNBUSDT	0.0	4.477555401224815	1.0836753338201177	0.8101624085138701	1.611358818915805	0.6774628206407906	0.6774628206407906	4.477555401224815	76.3609283101031	61.885126574353315	14.557115300228702	0.0	0.0	32.12772797191737	2.037074503060039	831.6712768475882	735.072723152412	0.7440823293731921	0.0	0.0	0.0	0.0	0	0	Medium	1.6903153850920112	2.0
2025-08-11 16:00:00	806.95	820.76	796.9	820.59	109891.62	88743648.1398	BNBUSDT	0.0	2.994102145815035	0.7877336336367838	0.7902408878352323	1.11319064362318	1.6903153850920112	1.6903153850920112	2.994102145815035	-22.686355218773503	64.8525307649202	16.39078551207956	0.0	0.0	31.537175973923276	2.582725988524006	836.120666826659	734.206333173341	0.8476105738031942	0.0	0.0	0.0	0.0	0	0	High	2.642001486735148	3.0
2025-08-12 16:00:00	820.59	859.59	820.59	842.27	224149.4	189340943.0522	BNBUSDT	0.0	4.752677951230212	0.9225367573694139	0.918573852612087	1.8023797233370675	2.642001486735148	2.642001486735148	4.752677951230212	103.97315100095894	68.98562114588114	19.37009082891916	0.0	0.0	32.070234832928755	10.22745118567764	844.9105952607421	731.768404739258	0.9766612680153062	0.0	0.0	0.0	0.0	0	0	Medium	0.5888847994111195	2.0
2025-08-13 16:00:00	842.27	870.17	820.64	847.23	275673.045	234106625.73045	BNBUSDT	0.0	6.035533242347433	1.3402528621191847	1.1702999507409546	1.6558011584425636	0.5888847994111195	0.5888847994111195	6.035533242347433	22.986296193520925	69.85888842867828	21.87923213608508	0.0	0.0	33.31736091629099	14.025194476595521	853.4665017662559	731.315498233744	0.9489443264001024	0.0	0.0	0.0	0.0	0	0	Negative	-3.327313716464249	0.0
2025-08-14 16:00:00	847.23	853.77	815.81	819.04	119294.955	99961689.50373	BNBUSDT	0.0	4.65304421372624	1.0815802908738557	1.1819080466875451	0.684700926976181	-3.327313716464249	-3.327313716464249	4.65304421372624	-56.725926903734816	59.58935184830294	21.346972680034582	0.0	0.0	33.64897799369878	9.440265102419858	856.1926634031612	732.365336596839	0.6999639388059183	0.0	0.0	0.0	0.0	0	0	Medium	1.575014651299093	2.0
2025-08-15 16:00:00	819.04	837.32	812.84	831.94	54011.04	44750681.57964	BNBUSDT	0.0	3.011662811869497	1.2948217760765648	1.2024619713062759	0.3448892484312599	1.575014651299093	1.575014651299093	3.011662811869497	-54.724791169919975	62.31914207959817	21.71574977082082	0.0	0.0	32.99405099414887	9.422596343548612	858.506618529036	731.6683814709639	0.7905472423361372	0.0	0.0	0.0	0.0	0	0	High	3.3908695338606054	3.0
2025-08-16 16:00:00	831.94	864.32	831.4	860.15	71034.772	60476163.83927	BNBUSDT	0.0	3.959586240076987	1.1125190493091721	1.0004436376059755	0.477279519160106	3.3908695338606054	3.3908695338606054	3.959586240076987	31.5189857480989	67.49088229273755	24.007575129461657	0.0	0.0	32.988761637423956	14.924176631705516	863.5231098104574	729.0298901895425	0.9749198523169796	0.0	0.0	0.0	0.0	0	0	Negative	-2.1391617741091644	0.0
2025-08-17 16:00:00	860.15	861.66	824.96	841.75	114687.258	96290340.45942	BNBUSDT	0.0	4.448700543056624	1.1023226509886308	0.9980360703887146	0.9034745915900221	-2.1391617741091644	-2.1391617741091644	4.448700543056624	61.452278610818944	61.55632878581157	24.061767930340125	20.397913040433302	3.6638548899068226	33.25385009189367	9.436145455490989	868.0953588147137	728.0366411852864	0.8118977578788117	0.0	0.0	0.0	0.0	0	0	Negative	-1.155925155925158	0.0
2025-08-18 16:00:00	841.75	856.15	829.33	832.02	115323.86	97255533.4096	BNBUSDT	0.0	3.2339358277163415	0.7240558683801024	1.0320933031668882	1.2155939888380543	-1.155925155925158	-1.155925155925158	3.2339358277163415	0.5550764846082543	58.62087696947351	23.053836159742673	20.929097664295178	2.1247384954474953	32.794289371044115	7.3214147511802485	871.5902711462002	728.6597288537998	0.7231503462342621	0.0	0.0	0.0	0.0	0	0	Low	0.1274007836350159	1.0
2025-08-19 16:00:00	832.02	837.73	818.28	833.08	203983.44	169566297.0182	BNBUSDT	0.0	2.3769369897834536	0.8120592017739496	1.0942741483341265	1.8244070638404881	0.1274007836350159	0.1274007836350159	2.3769369897834536	76.87878293355772	58.85109442138286	22.085982651043878	21.16047466164492	0.9255079893989588	31.841125844540965	6.214141826248822	874.6762209572944	728.8887790427057	0.7146789846160825	0.0	0.0	0.0	0.0	0	0	Medium	1.0539203917991036	2.0
2025-08-20 16:00:00	833.08	884.34	833.08	841.86	299888.54	258490258.8006	BNBUSDT	0.0	6.153070533442165	1.4189726370406575	1.2876635222660642	1.8628517962956892	1.0539203917991036	1.0539203917991036	6.153070533442165	47.016120524293534	60.796691966227606	21.776399615441733	21.283659652404282	0.49273996303745093	33.22818828421661	4.4413567228246125	878.4060650756198	732.9329349243801	0.7487779011998638	0.0	0.0	0.0	0.0	0	0	High	4.089753640747862	3.0
2025-08-21 16:00:00	841.86	882.33	833.14	876.29	173783.64	148622609.6056	BNBUSDT	0.0	5.9041697673860405	1.642248096218122	1.3227686907571117	0.9573097301269621	4.089753640747862	4.089753640747862	5.9041697673860405	-42.050589862486895	67.32170395139616	24.032237412443465	21.833375204412118	2.198862208031347	34.368317692486855	9.32852580097814	885.3087357208535	739.3572642791464	0.938207298413873	0.0	0.0	0.0	0.0	0	0	Medium	1.4435860274566743	2.0
2025-08-22 16:00:00	876.29	901.23	875.8	888.94	172382.52	153414904.0232	BNBUSDT	0.0	2.9036309659739743	1.776190437099728	1.4030142539707304	0.8928387485730741	1.4435860274566743	1.4435860274566743	2.9036309659739743	-0.8062439019001009	69.34080272415949	26.534876855536595	22.773675534637015	3.7612013208995805	33.7298664287378	10.160480822851477	893.4138592688396	745.3071407311604	0.9697930025524037	0.0	0.0	0.0	0.0	0	0	Negative	-2.4231106711364183	0.0
2025-08-23 16:00:00	888.94	889.97	859.77	867.4	144724.48	126750197.427	BNBUSDT	0.0	3.5125673145143526	1.7457732326538955	1.270439419031684	0.7274322390602092	-2.4231106711364183	-2.4231106711364183	3.5125673145143526	-16.044573428906816	62.28390457564708	26.474951896643347	23.51393080703828	2.9610210896050653	33.477733112399385	5.704432176848359	896.3613379740219	753.0696620259781	0.7978854125167533	0.0	0.0	0.0	0.0	0	0	Negative	-0.4968872492506277	0.0
2025-08-24 16:00:00	867.4	883.31	850.5	863.09	179831.86	155723048.689	BNBUSDT	0.0	3.857730746619629	1.4692312071292761	1.250852584402044	0.9263847854028118	-0.49688724925062777	-0.49688724925062777	3.857730746619629	24.258079904657436	60.94732178477002	25.78247562518402	23.967639770667432	1.8148358545165877	33.43003789008514	2.471891436237792	894.7354300880015	766.1595699119985	0.7538773604572184	0.0	0.0	0.0	0.0	0	0	Negative	-1.6046993940377043	0.0
2025-08-25 16:00:00	863.09	870.12	829.54	849.24	156956.14	132644458.6164	BNBUSDT	0.0	4.891867782144326	1.1887158166418235	1.2376818663959712	0.948170777972475	-1.6046993940377043	-1.6046993940377043	4.891867782144326	-12.720615801894045	56.734036154571186	23.84127654497877	23.942367125529703	-0.10109058055093456	33.940749469364775	0.23724372366417512	892.6615756370761	776.2404243629239	0.6270301816993236	0.0	0.0	0.0	0.0	0	0	Medium	1.8004333286232357	2.0
2025-08-26 16:00:00	849.24	867.72	849.12	864.53	67243.78	57812973.6414	BNBUSDT	0.0	2.19050310910119	1.0163332790930644	1.3818625789795165	0.4662332817547269	1.8004333286232355	1.8004333286232355	2.19050310910119	-57.157598294657355	60.01992085965449	23.268413715245515	23.807576443472865	-0.5391627282273497	32.84498165012444	5.554063293612034	891.7256175700699	786.1033824299303	0.7425199577154682	0.0	0.0	0.0	0.0	0	0	Medium	0.5193573386695672	2.0
2025-08-27 16:00:00	864.53	878.79	850.78	869.02	123508.38	106874114.221	BNBUSDT	0.0	3.2922729730365066	0.9761350397206763	1.3836284577960742	0.9185994075190389	0.5193573386695672	0.5193573386695672	3.2922729730365066	83.67257164900606	60.95762472950615	22.912599091206857	23.628580973019666	-0.7159818818128088	32.49962581797269	4.457052191263784	891.1370416636067	795.1599583363933	0.7695591395687301	0.0	0.0	0.0	0.0	0	0	Negative	-1.2692458171273358	0.0
2025-08-28 16:00:00	869.02	881.29	849.64	857.99	137749.12	119418443.8276	BNBUSDT	0.0	3.7251071041853	0.9787766777309387	1.3686893708580883	1.0352573244529055	-1.2692458171273358	-1.2692458171273358	3.7251071041853	11.530181190944283	57.396236414471616	21.492828669624373	23.201430512340607	-1.7086018427162344	32.43893825954607	-0.2511189908736811	890.9653000874573	800.5246999125425	0.635392732647925	0.0	0.0	0.0	0.0	0	0	Low	0.0687653702257639	1.0
2025-08-29 16:00:00	857.99	863.62	851.21	858.58	57839.12	49587848.1582	BNBUSDT	0.0	1.4579246014496972	1.3380441744721785	1.5049559602400469	0.532297886528046	0.06876537022576391	0.06876537022576391	1.4579246014496972	-58.01125989044431	57.53913938888602	20.1826059328331	22.597665596439107	-2.4150596636060087	31.008299812435634	1.9994059994060045	889.2685596715817	807.9274403284182	0.6227177604710336	0.0	0.0	0.0	0.0	0	0	Low	0.3552377180926593	1.0
2025-08-30 16:00:00	858.58	864.25	855.72	861.63	20811.62	17895082.0516	BNBUSDT	0.0	0.9968213901743529	1.1650752439844196	1.4881600183074981	0.2555755464506844	0.35523771809265936	0.35523771809265936	0.9968213901743529	-64.01809017841211	58.317497751289096	19.169381783690824	21.912008833889452	-2.742627050198628	29.402706968690232	3.5588086824835963	887.5431974946932	815.1208025053068	0.6421935853061637	0.0	0.0	0.0	0.0	0	0	Negative	-1.7037475482515638	0.0
2025-08-31 16:00:00	861.63	868.91	843.71	846.95	120172.38	103085291.4724	BNBUSDT	0.0	2.986808263502854	1.1948531245966232	1.1662307882185587	1.3059926323347417	-1.7037475482515638	-1.7037475482515638	2.986808263502854	477.4292438551156	53.25715785386641	16.986036575289518	20.926814382169468	-3.94077780687995	29.10251361378378	1.6649061314639655	886.1033795004282	819.1966204995717	0.4148068134651842	0.0	0.0	0.0	0.0	0	0	Negative	-0.0909144577602096	0.0
2025-09-01 16:00:00	846.95	856.16	839.36	846.18	108190.98	91672975.7938	BNBUSDT	0.0	2.0015249714067807	1.1154672334536921	1.2070992996967378	1.216276157007767	-0.09091445776020964	-0.09091445776020964	2.0015249714067807	-9.970177839533518	52.997390454544146	15.020440909729587	19.745539687681493	-4.7250987779519065	28.22376264137065	0.5131494547786967	886.0990564864824	819.5919435135177	0.3997776372775404	0.0	0.0	0.0	0.0	0	0	Medium	1.5942234512751434	2.0
2025-09-02 16:00:00	846.18	863.46	845.19	859.67	41091.52	35108059.0066	BNBUSDT	0.0	2.1616441273559768	0.753141094665718	1.2054394494877674	0.5902162682693833	1.5942234512751434	1.5942234512751434	2.1616441273559768	-62.019458553753736	56.95835896262771	14.385396546003335	18.673511059345863	-4.288114513342528	27.512779595558463	-1.8966323933857518	886.7430086362277	820.1919913637722	0.5931991764244168	0.0	0.0	0.0	0.0	0	0	Negative	-1.837914548605855	0.0
2025-09-03 16:00:00	859.67	861.87	842.21	843.87	58368.0	49670599.0538	BNBUSDT	0.0	2.3343346671257725	0.7196823635697177	1.145539547283691	0.8370944355765135	-1.837914548605855	-1.837914548605855	2.3343346671257725	42.04390589591235	51.485728744272166	12.463519662217777	17.431512779920247	-4.96799311770247	26.951866767304285	-5.070083470200469	884.4153298978462	825.002670102154	0.3175641346932939	0.0	0.0	0.0	0.0	0	0	Medium	0.5522177586595054	2.0
2025-09-04 16:00:00	843.87	857.32	840.39	848.53	57047.04	48349383.7864	BNBUSDT	0.0	2.014540867930373	0.40700147520748403	0.8229273200576452	0.7411210520167438	0.5522177586595054	0.5522177586595054	2.014540867930373	-2.2631578947368407	52.9224290865563	11.187479144582767	16.18270605285275	-4.995226908269984	26.236019141068272	-2.1754669126124058	883.532504554541	827.544495445459	0.37482141066410674	0.0	0.0	0.0	0.0	0	0	Medium	1.2527547641214802	2.0
2025-09-05 16:00:00	848.53	864.93	847.85	859.16	59547.72	51076932.6972	BNBUSDT	0.0	2.0145072831279034	0.14394559123536874	0.8277806654149387	0.9182512028086394	1.2527547641214802	1.2527547641214802	2.0145072831279034	4.383540320409263	56.11502922255782	10.908216868434693	15.12780821596914	-4.219591347534447	25.582017773849106	-0.45534069448146347	883.4536983892133	827.524301610787	0.565636323855648	0.0	0.0	0.0	0.0	0	0	Medium	1.7342520601517737	2.0
2025-09-06 16:00:00	859.16	874.75	856.09	874.06	55924.24	48420576.843	BNBUSDT	0.0	2.179677370369934	0.13350347795592185	0.7505437190571967	1.0281003073330937	1.7342520601517735	1.7342520601517735	2.179677370369934	-6.0850020790048776	60.19030513586425	11.753715462695482	14.452989665314409	-2.699274202618927	25.087587932859883	2.9226131600018768	885.4383909964666	828.7706090035334	0.7992088167861301	0.0	0.0	0.0	0.0	0	0	Medium	0.6349678511772726	2.0
2025-09-07 16:00:00	874.06	885.42	869.38	879.61	74264.31074	65183525.40564932	BNBUSDT	0.0	1.8449929835054824	0.1860078274310702	0.5237304482442493	1.2168440397635372	0.6349678511772726	0.6349678511772726	1.8449929835054824	32.79449258496852	61.61998164158709	12.724932703638387	14.107378272979204	-1.3824455693408169	24.441331651941315	1.7443003713000176	886.9724407706157	831.9955592293844	0.8660811496720852	0.0	0.0	0.0	0.0	0	0	Negative	-0.766248678391561	0.0
2025-09-08 16:00:00	879.61	884.35	870.76	872.87	53168.332167	46672216.63941207	BNBUSDT	0.0	1.5607055905186311	0.23450951646869253	0.5128209755028561	0.8862817294767217	-0.766248678391561	-0.766248678391561	1.5607055905186311	-28.406617341211454	58.85565885263459	12.803180596643301	13.846538737712024	-1.0433581410687225	23.66623653394551	0.44302777841707014	886.6962018972915	836.2507981027086	0.725917509678528	0.0	0.0	0.0	0.0	0	0	High	2.5433340589091213	3.0
2025-09-09 16:00:00	872.87	906.97	872.26	895.07	103433.071987	92142530.98344764	BNBUSDT	0.0	3.9793180932290872	0.9576567657494218	0.6937556657739962	1.493240260659726	2.5433340589091213	2.5433340589091213	3.9793180932290872	94.5388688554685	64.50403867893658	14.489520904876372	13.975135171144894	0.5143857337314781	24.455076781520834	4.321728691476595	891.6417940954855	836.6262059045146	1.062313355491439	0.0	0.0	0.0	0.0	0	0	Negative	-0.2580803736020712	0.0
2025-09-10 16:00:00	895.07	904.82	887.53	892.76	88831.476581	79591882.30255526	BNBUSDT	0.0	1.9481031627100016	0.9633240670751371	0.6576154179786743	1.1824601731612363	-0.2580803736020712	-0.2580803736020712	1.9481031627100016	-14.11695033850992	63.526769414788824	15.461331449447925	14.2723744268055	1.188957022642425	23.94328558284078	3.9809918702974616	894.7618962361195	835.1531037638803	0.9664160914339643	0.0	0.0	0.0	0.0	0	0	Medium	1.5312065952775618	2.0
2025-09-11 16:00:00	892.76	909.52	892.73	906.43	54950.629298	49660981.05094613	BNBUSDT	0.0	1.880747818489349	0.9819529391055277	0.6628342966129889	0.7333637919556286	1.5312065952775618	1.5312065952775618	1.880747818489349	-38.140587759009186	66.73830627639269	17.13700829833499	14.845301201111399	2.2917070972235916	23.432336612637865	5.199447558696884	899.2117037733952	832.4522962266047	1.1081240306326194	0.0	0.0	0.0	0.0	0	0	High	3.286519642995055	3.0
2025-09-12 16:00:00	906.43	943.65	906.28	936.22	109484.269732	101602575.98882245	BNBUSDT	0.0	4.123449706492475	1.2447255530672428	0.9005808264810033	1.3356047381276643	3.286519642995055	3.286519642995055	4.123449706492475	99.24115725456272	72.43457037525303	20.630977244917858	16.002436409872693	4.628540835045165	24.427883997449445	10.540173563964812	914.6298636922747	823.9161363077251	1.2380029674693152	0.0	0.0	0.0	0.0	0	0	Negative	-1.3095212663690148	0.0
2025-09-13 16:00:00	936.22	945.0	921.73	923.96	76750.746874	71483087.66511318	BNBUSDT	0.0	2.5246004795330497	1.089412775120258	0.9013297382584743	0.8853467809316895	-1.3095212663690148	-1.3095212663690148	2.5246004795330497	-29.897923179399587	67.3245365038455	22.155300752982384	17.23300927849463	4.9222914744877535	24.345177997631627	9.191897704980038	923.4113256773577	821.2216743226421	1.0053691769701592	0.0	0.0	0.0	0.0	0	0	Negative	-0.8550153686306865	0.0
2025-09-14 16:00:00	923.96	935.26	910.01	916.06	80001.074024	73840627.80457658	BNBUSDT	0.0	2.774694783573807	0.9064677939523578	0.8965893244026549	0.9755795560434835	-0.8550153686306865	-0.8550153686306865	2.774694783573807	4.23491273034253	64.1824682874489	22.46688981767136	18.279785386329976	4.187104431341382	24.409808140657937	6.5594937592331926	928.9700301875607	822.3449698124393	0.8789212391332625	0.0	0.0	0.0	0.0	0	0	High	2.3098923651289307	3.0
2025-09-15 16:00:00	916.06	937.53	912.47	937.22	61879.180415	57277388.73361252	BNBUSDT	0.0	2.746391662191628	0.8178332823512268	0.8838714911050751	0.8076832257790751	2.3098923651289307	2.3098923651289307	2.746391662191628	-22.65206290050994	68.43218530055697	24.14295657983314	19.452419625030608	4.690536954802532	24.456250416325222	11.062130422932444	938.6435925986787	819.940407401321	0.988007123850032	0.0	0.0	0.0	0.0	0	0	Medium	1.4532340325643929	2.0
2025-09-16 16:00:00	937.22	962.71	931.97	950.84	119941.936405	114204697.41635996	BNBUSDT	0.0	3.2983894331362604	0.6419781355628712	0.9015314745870374	1.3384667673087778	1.4532340325643929	1.4532340325643929	3.2983894331362604	93.83245802642391	70.83118029137934	26.267476617653983	20.815431023555284	5.452045594098699	24.90508967230199	12.057322663901108	950.1541530827462	816.6118469172538	1.005135802555363	0.0	0.0	0.0	0.0	0	0	High	4.448697993353241	3.0
2025-09-17 16:00:00	950.84	1007.03	945.78	993.14	253197.875339	247414878.12979403	BNBUSDT	0.0	6.476136099304278	1.6524922924896996	1.4527120784373162	2.1393237867800323	4.448697993353241	4.448697993353241	6.476136099304278	111.10037317060105	76.74262314707931	31.0070011302754	22.853745044899306	8.153256085376093	27.501154695708994	15.594301410680202	971.1101892608556	809.1708107391446	1.13603739214172	0.0	0.0	0.0	0.0	0	0	Negative	-1.0955152345087296	0.0
2025-09-18 16:00:00	993.14	1002.58	973.74	982.26	146602.701835	144899718.740785	BNBUSDT	0.0	2.9617762441719586	1.5942853817228608	1.348214986136656	1.1079024855369817	-1.0955152345087296	-1.0955152345087296	2.9617762441719586	-42.09955291342097	72.66352359312569	33.49902744494716	24.98280152490888	8.51622592003828	27.596786503158352	12.379012882410825	985.2126914485805	807.4363085514196	0.9833909802839866	0.0	0.0	0.0	0.0	0	0	High	3.907315781972186	3.0
2025-09-19 16:00:00	982.26	1027.38	974.4	1020.64	128464.26862	128497911.84627444	BNBUSDT	0.0	5.437192118226615	1.67102012994211	1.5031904992412743	0.9045684282160122	3.907315781972186	3.907315781972186	5.437192118226615	-12.372509502188201	77.25607334310524	38.13136683741129	27.612514587409365	10.518852250001927	29.409873181504192	16.033242004979474	1006.7366797637021	801.8133202362978	1.0678464391192972	0.0	0.0	0.0	0.0	0	0	High	3.4272613262266725	3.0
2025-09-20 16:00:00	1020.64	1082.97	1016.04	1055.62	316102.136962	332236134.0414809	BNBUSDT	0.0	6.587339081138545	1.7268580223506123	1.7021555438889184	1.6390086759594924	3.4272613262266725	3.4272613262266725	6.587339081138545	146.0623022710204	80.4755778821584	44.11657443165063	30.91332655625762	13.203247875393014	32.08988223996818	20.93668014710093	1032.9742803889162	796.4427196110836	1.0957407947447408	0.0	0.0	0.0	0.0	0	0	Negative	-5.500085257952668	0.0
2025-09-21 16:00:00	1055.62	1057.09	992.11	997.56	308413.62466	315716064.032748	BNBUSDT	0.0	6.54967695114452	1.5516959148050613	1.7325725732181871	1.3376943655884377	-5.500085257952668	-5.500085257952668	6.54967695114452	-2.432287353667681	64.22497584806592	43.671519704269485	33.464965185859995	10.20655451840949	34.43917636568474	11.450501078127957	1041.4046543981444	803.1503456018554	0.8159753978022185	0.0	0.0	0.0	0.0	0	0	High	2.4850635550743894	3.0
2025-09-22 16:00:00	997.56	1026.4	962.48	1022.35	262309.318994	261076440.24618164	BNBUSDT	0.0	6.641176959521244	1.5764856482707783	1.873522829922365	1.1288024509342778	2.4850635550743894	2.4850635550743894	6.641176959521244	-14.948855037395353	67.26451863364233	44.80269882436403	35.7325119135608	9.07018691080323	36.54494948242155	14.515659303732251	1053.4789300170412	807.3440699829588	0.8735289669544138	0.0	0.0	0.0	0.0	0	0	Negative	-1.275492737320886	0.0
2025-09-23 16:00:00	1022.35	1034.12	991.01	1009.31	183264.81164	186234995.72402856	BNBUSDT	0.0	4.350107466120413	1.007392498623932	1.732489041370465	0.7645245313989621	-1.275492737320886	-1.275492737320886	4.350107466120413	-30.134082790938898	64.17575238961751	44.138150285129086	37.41363958787446	6.72451069725463	37.01388166224858	11.350021512968459	1059.5925435451347	817.774456454865	0.7920645880952465	0.0	0.0	0.0	0.0	0	0	Negative	-1.457431314462348	0.0
2025-09-24 16:00:00	1009.31	1019.6	979.26	994.6	162265.224445	161886324.0142361	BNBUSDT	0.0	4.1194371259931	1.2944880476229792	1.6069906953072688	0.6583541636901792	-1.4574313144623479	-1.4574313144623479	4.1194371259931	-11.45860299480239	60.78485865651976	41.94104644059871	38.319120958419305	3.6219254821794067	37.25146154351654	6.235713827946422	1061.7688320981285	830.205167901871	0.7099336274053738	0.0	0.0	0.0	0.0	0	0	Negative	-5.253368188216368	0.0
2025-09-25 16:00:00	994.6	996.81	932.2	942.35	325828.527833	311110296.2225659	BNBUSDT	0.0	6.930916112422215	1.363968533928063	1.5215874065685908	1.311622972593498	-5.253368188216368	-5.253368188216368	6.930916112422215	100.79997359103889	50.5648700514181	35.57361697333863	37.770020161403174	-2.1964031880645436	39.205642861836786	1.9903459024200167	1058.917299624712	841.3757003752879	0.46416087761191444	0.0	0.0	0.0	0.0	0	0	High	3.571921260678088	3.0
2025-09-26 16:00:00	942.35	985.78	941.46	976.01	157742.125482	152193788.66109547	BNBUSDT	0.0	4.7075818409704	1.3316535520475554	1.36966084486495	0.722652918100486	3.571921260678088	3.571921260678088	4.7075818409704	-51.58738047552145	55.728890004804384	32.864621043452985	36.78894033781314	-3.924319294360153	39.57095408599129	6.544331157347777	1058.6997966283147	851.788203371685	0.6003617036298412	0.0	0.0	0.0	0.0	0	0	Negative	-0.0430323459800574	0.0
2025-09-27 16:00:00	976.01	979.07	962.54	975.59	107345.187092	104187038.99113634	BNBUSDT	0.0	1.7173312277931396	1.8555296161598036	1.755869811989096	0.5731521158175393	-0.043032345980057486	-0.043032345980057486	1.7173312277931396	-31.948940865356107	55.65077341100021	30.3341584654122	35.49798396333295	-5.163825497920747	37.92517165127764	4.094022748127442	1057.765422217213	862.3205777827868	0.5795467388510027	0.0	0.0	0.0	0.0	0	0	High	3.5629721501860403	3.0
2025-09-28 16:00:00	975.59	1022.92	974.9	1010.35	119431.701187	119584590.33472525	BNBUSDT	0.0	4.9256333982972595	1.8721455992586002	1.6059685296723387	0.6843339098116186	3.5629721501860403	3.5629721501860403	4.9256333982972595	11.259483934422958	60.576126386918894	30.77879139184256	34.55414544903488	-3.7753540571923168	38.64623081904352	6.258676538639518	1058.2788999583483	875.5551000416518	0.7376975523703041	0.0	0.0	0.0	0.0	0	0	Negative	-1.2421438115504595	0.0
2025-09-29 16:00:00	1010.35	1035.89	992.51	997.8	146270.933909	148584341.06059894	BNBUSDT	0.0	4.370736818772618	1.8633926512245798	1.6235328649113872	0.8537694323199765	-1.2421438115504595	-1.2421438115504595	4.370736818772618	22.47245283727185	58.06862327738103	29.775255463640292	33.598367451955966	-3.8231119883156737	38.98435718911185	0.46921884125097857	1058.0756825519395	886.0313174480605	0.6496503531775332	0.0	0.0	0.0	0.0	0	0	High	2.0775706554419746	3.0
2025-09-30 16:00:00	997.8	1035.72	996.53	1018.53	154575.97332	157072565.23534757	BNBUSDT	0.0	3.9326462826006297	1.2928723193574732	1.56756715717363	1.1276893742886829	2.0775706554419746	2.0775706554419746	3.9326462826006297	5.6778467116145	60.94445175605299	30.303365429138353	32.939367047392444	-2.6360016182540917	38.999045961318146	3.6925050393989354	1058.4429122544757	898.2410877455244	0.7508585662066191	0.0	0.0	0.0	0.0	0	0	High	3.606177530362386	3.0
2025-10-01 16:00:00	1018.53	1063.66	1017.01	1055.26	156699.356961	162828258.9036474	BNBUSDT	0.0	4.586975545963176	1.27576830594613	1.4457008932645314	1.144922222751323	3.6061775303623866	3.6061775303623866	4.586975545963176	1.3736828534174823	65.46406604616966	33.30181779037889	33.011857195989734	0.2899605943891572	39.54554267836686	3.3919893400219476	1065.4306032178772	906.1363967821229	0.9361520833340592	0.0	0.0	0.0	0.0	0	0	Very High	10.384170725697924	4.0
2025-10-02 16:00:00	1055.26	1168.2	1055.18	1164.84	294127.117632	325647819.321642	BNBUSDT	0.0	10.710968744669154	2.8212855766342217	2.359418400560443	1.6882413119208095	10.384170725697924	10.384170725697924	10.710968744669154	87.7015473045008	74.82443412170522	44.01294920969394	35.21207559873058	8.800873610963365	44.79371820134065	10.346526212083898	1105.5746769055365	888.8543230944636	1.2734644995371696	0.0	0.0	0.0	0.0	0	0	Negative	-1.8165584973043385	0.0
2025-10-03 16:00:00	1164.84	1192.0	1114.46	1143.68	491986.088179	566711733.1613886	BNBUSDT	0.0	6.957629704071924	2.827228438355032	2.4186311369289863	1.9779774932224994	-1.8165584973043385	-1.8165584973043385	6.957629704071924	67.26988389916266	70.83215213082947	50.215312011611104	38.21272288130669	12.002589130304415	47.13273832981632	14.647740486787775	1128.5181767520019	887.8828232479985	1.0630074634804065	0.3182	0.9998569488525392	3.142218122672585	0.7953598641967773	0	0	Medium	1.2381085618354657	2.0
2025-10-04 16:00:00	1143.68	1188.79	1136.6	1157.84	149872.458703	173991792.70786983	BNBUSDT	0.0	4.591764912898123	2.794741550889781	2.397622438620959	0.6008063241311937	1.2381085618354657	1.2381085618354657	4.591764912898123	-69.53725678347398	71.9121635074134	55.63203144887814	41.69658459482098	13.935446854057155	47.49397130625801	13.2527999217489	1149.4103321650657	891.1686678349339	1.0326425554017413	0.0	0.0	0.0	0.0	0	0	Very High	5.495577972776905	4.0
2025-10-05 16:00:00	1157.84	1239.01	1147.04	1221.47	287455.130867	345606832.3854012	BNBUSDT	0.0	8.01802901380946	2.5704146275483266	2.5000663645268157	1.0413983332750991	5.495577972776905	5.495577972776905	8.01802901380946	91.79983657747654	76.18034404972585	64.31781412538226	46.22083050093324	18.096983624449017	50.67083049866816	21.020300997711317	1184.7645003918112	884.2394996081886	1.1221379236751643	0.2202	0.9999932050704956	4.541274585812488	0.7660552435493468	0	0	High	4.8400697520200975	3.0
2025-10-06 16:00:00	1221.47	1357.48	1203.46	1280.59	679438.498355	869558073.5015483	BNBUSDT	0.0	12.798098815083176	3.208623982835795	3.3849255053684213	1.7852905872474731	4.8400697520200975	4.8400697520200975	12.798098815083176	136.36332261863964	79.32408289318893	75.10607332634277	51.997879066015145	23.108194260327622	58.052914034477574	28.754273074602843	1230.4427337379273	871.5362662620731	1.1397223811951687	0.5803	0.999899685382843	1.723070760489544	0.8740197797679901	0	0	Medium	0.9292591696015188	2.0
2025-10-07 16:00:00	1280.59	1333.89	1263.27	1292.49	505830.172675	658088305.0622853	BNBUSDT	0.0	5.590253864969493	3.189662437643307	3.007853632966817	1.196052196707014	0.9292591696015189	0.9292591696015189	5.590253864969493	-25.55173516077262	79.8991552675085	83.65179123790608	58.32866150039334	25.323129737512744	58.9505630320149	37.15604605507507	1271.6328231878483	860.2811768121514	1.0507040071333575	0.754	0.4816463431343436	0.6387874062956729	0.5633524401940405	0	0	Negative	-4.048000371376176	0.0
2025-10-08 16:00:00	1292.49	1324.09	1227.56	1240.17	524604.806535	672843778.2795148	BNBUSDT	0.0	7.863566750301409	3.170350724455156	2.9640616575480436	1.2216014945330145	-4.048000371376176	-4.048000371376176	7.863566750301409	3.7116476782540326	70.60143059820595	85.22018229411196	63.70696565913707	21.513216634974896	61.63480852972812	27.06529646212642	1294.0416374465706	863.6633625534294	0.8748272378294506	0.0193	0.8577500432729721	44.44070479627854	0.6062150302910804	0	0	Negative	-1.965859519259465	0.0
2025-10-09 16:00:00	1240.17	1278.22	1204.75	1215.79	284285.868007	354371881.76586926	BNBUSDT	0.0	6.098360655737707	2.8476599879809945	2.845514726204107	0.6229927775762877	-1.965859519259465	-1.965859519259465	6.098360655737707	-45.80951900065495	66.70604601011928	83.53296523223207	67.67216557375608	15.860799658475997	62.48017934903326	24.62099857522114	1309.9652944928112	867.2547055071891	0.787275712766225	0.47635	0.9996215999126434	2.098497956155532	0.8426401199388505	0	0	Negative	-6.041339376043564	0.0
2025-10-10 16:00:00	1215.79	1247.7	833.0	1142.34	779829.655568	865512768.3913139	BNBUSDT	0.0	49.783913565426175	18.863329854589228	13.634772405029237	1.4056105760468423	-6.041339376043564	-6.041339376043564	49.783913565426175	174.31179081641798	56.577969374042674	75.3998696397939	69.21770638696364	6.182163252830264	87.63873796695945	13.06378977582025	1314.943021097129	870.9489789028713	0.6112492405436123	0.0317	0.886035144329071	27.949753772091444	0.6297346010303497	0	0	Very High	13.967820438748548	4.0
2025-10-11 16:00:00	1142.34	1307.55	1105.66	1301.9	479241.520134	574166712.6466786	BNBUSDT	0.0	18.259681999891455	18.758508974021577	13.527356589140608	0.9310028080483375	13.967820438748548	13.967820438748548	18.259681999891455	-38.545358372536164	67.95906112505821	80.896961473185	71.55355740420792	9.34340406897708	95.79954239789092	30.47704950891964	1343.2568239171737	873.0691760828263	0.9120418749670256	-0.5994	0.998875617980957	1.666456375583219	0.5193929325866699	0	0	Negative	-2.1791228204931343	0.0
2025-10-12 16:00:00	1301.9	1374.22	1250.81	1273.53	626359.617527	818993561.2520307	BNBUSDT	0.0	9.86640656854359	18.16683387694315	13.54632527545666	1.1623698675518188	-2.1791228204931343	-2.1791228204931343	9.86640656854359	30.698111747885402	64.71137240296545	82.01876320620431	73.6465985646072	8.37216464159711	97.77171794089871	25.03608141144591	1362.867961899015	878.5760381009856	0.8155286976532923	-0.29824	0.8430165916681289	2.826628772261792	0.5006396141676902	0	0	Negative	-4.780413496344797	0.0
2025-10-13 16:00:00	1273.53	1317.54	1143.38	1212.65	506361.664551	617752491.8292913	BNBUSDT	0.0	15.232031345659347	17.38299191150003	13.3892022635856	0.9460890207727489	-4.780413496344797	-4.780413496344797	15.232031345659347	-19.15799639986008	58.275425247338674	77.10645672117721	74.3385701959212	2.767886525256003	103.22802380226308	14.91480772511041	1370.532109635973	891.2458903640266	0.6705890900101369	0.0	0.0	0.0	0.0	0	0	Negative	-3.6086257370222232	0.0
2025-10-14 16:00:00	1212.65	1249.68	1164.18	1168.89	365494.314319	439132662.1319283	BNBUSDT	0.0	7.344225119826831	17.143911479513978	13.205673267787565	0.6627789282156629	-3.6086257370222232	-3.6086257370222232	7.344225119826831	-27.819513224191173	54.10966690725492	68.88825127882069	73.24850641250111	-4.360255133680425	101.96173638781572	0.34768723601526236	1371.333789023682	907.8732109763184	0.5631909193299435	0.0	0.0	0.0	0.0	0	0	Negative	-2.87879954486736	0.0
2025-10-15 16:00:00	1168.89	1195.44	1131.95	1135.24	236592.732829	277732873.552624	BNBUSDT	0.0	5.60890498696939	5.338136992636197	13.349848608362604	0.5342985680683526	-2.87879954486736	-2.87879954486736	5.60890498696939	-35.26773917952002	51.08554633844894	58.98010455015037	70.39482604003098	-11.414721489880606	99.21375521725746	-0.7379686625629595	1362.6698374581174	935.8261625418826	0.46718236482536857	0.0	0.0	0.0	0.0	0	0	Negative	-5.398858391177193	0.0
2025-10-16 16:00:00	1135.24	1164.73	1020.84	1073.95	317667.490396	346831957.5438415	BNBUSDT	0.0	14.095254888131342	4.170617391725165	13.344851969869957	0.7738641482619371	-5.398858391177193	-5.398858391177193	14.095254888131342	34.26764490927863	46.038527744438504	45.65594281629001	65.44704939528279	-19.791106578992782	102.40491555888194	-7.2453879637946415	1355.6012858289587	952.6887141710413	0.3009617826765469	0.0	0.0	0.0	0.0	2025-10-22 17:57:37.865441+00:00	2025-10-22 17:57:37.889103+00:00	Medium	1.594115182271045	2.0
2025-10-17 16:00:00	1073.95	1130.99	1062.73	1091.07	147802.23	161708804.2444	BNBUSDT	0.0	6.423080180290383	4.553523124205666	13.289198056033197	0.46953586344136167	1.5941151822710453	1.5941151822710453	6.423080180290383	-53.472661047011215	47.59592966398087	36.06218712376358	59.57007694097895	-23.50788981721537	99.96599301896181	-10.675661293359648	1346.6556924736515	973.1823075263486	0.3156521916288233	0.0	0.0	0.0	0.0	2025-10-22 17:57:37.865441+00:00	2025-10-22 17:57:37.889103+00:00	High	2.505797061600094	3.0
2025-10-18 16:00:00	1091.07	1122.19	1067.99	1118.41	91815.9	100456538.2048	BNBUSDT	0.0	5.07495388533601	3.6714949130870043	13.46175236985339	0.3959723330139463	2.505797061600094	2.505797061600094	5.07495388533601	-37.87921873709214	50.07405160104613	30.315715431627268	53.71920463910862	-23.40348920748135	96.69699351760741	-12.664474968569165	1340.319842683843	990.3241573161567	0.36596406195488773	0.0	0.0	0.0	0.0	2025-10-22 17:57:37.865441+00:00	2025-10-22 17:57:37.889103+00:00	Negative	-0.7528544987974064	0.0
2025-10-19 16:00:00	1118.41	1142.47	1087.29	1109.99	78350.04	87485941.0921	BNBUSDT	0.0	5.0750029890829556	3.8631526431569974	13.530340213736983	0.4491371790266223	-0.7528544987974064	-0.7528544987974064	5.0750029890829556	-14.666152594485272	49.30081918673443	24.79633487019146	47.93463068532519	-23.13829581513373	93.73149398063546	-14.120031876455524	1330.612372151298	1011.2506278487024	0.3091772070788228	0.0	0.0	0.0	0.0	2025-10-22 17:57:37.865441+00:00	2025-10-22 17:57:37.889103+00:00	Low	0.1576590780097118	1.0
2025-10-20 16:00:00	1109.99	1114.46	1061.72	1111.74	90239.86	98067736.5636	BNBUSDT	0.0	4.967411370229439	3.941366743877405	4.931397555058155	0.6215932171866728	0.1576590780097118	0.1576590780097118	4.967411370229439	15.175257089849614	49.47544580742707	20.3290556853608	42.413515685332314	-22.084459999971514	90.80353012487579	-10.355838312489421	1322.1067882774946	1029.0772117225056	0.28209708128893324	0.0	0.0	0.0	0.0	2025-10-22 17:57:37.865441+00:00	2025-10-22 17:57:37.889103+00:00	Negative	-2.8360947703599737	0.0
2025-10-21 16:00:00	1111.74	1113.25	1051.62	1080.21	88182.48	94833156.1522	BNBUSDT	0.0	5.8604819231281375	0.6373771615771964	3.8360442032184476	0.8882369648847638	-2.8360947703599737	-2.8360947703599737	5.8604819231281375	-2.2799015867267576	46.37607122297331	14.082166800546247	36.747245908375106	-22.66507910782886	88.71970654452753	-11.1515969040706	1319.6118548135248	1034.0671451864748	0.16159590164984114	0.0	0.0	0.0	0.0	2025-10-22 17:57:37.865441+00:00	2025-10-22 17:57:37.889103+00:00	High	4.578739319206454	3.0
2025-10-22 16:00:00	1080.21	1159.33	1052.0	1129.67	145437.48	160794185.7586	BNBUSDT	0.0	10.202471482889727	2.2460615018995598	3.8560720689029844	1.4719625146672515	4.578739319206454	4.578739319206454	10.202471482889727	64.92786322181007	51.50787873787645	12.972927169417517	31.99238216058359	-19.01945499116607	90.04901321991841	-1.1091268799131473	1319.2606475096227	1030.9013524903771	0.3425193819503234	0.2535929999999999	0.0	253593000.0	0.1267964999999999	2025-10-23 19:17:41.116964+00:00	2025-10-23 19:17:41.121051+00:00	Negative	-2.2944753777651945	0.0
2025-10-23 16:00:00	1129.67	1143.79	1101.87	1103.75	95975.62	107956736.7225	BNBUSDT	0.0	3.804441540290604	2.470877409167823	3.0876014257337743	0.9632518796011478	-2.2944753777651945	-2.2944753777651945	3.804441540290604	-34.00901885813754	48.86847352088111	9.888332846801859	27.571572297827245	-17.683239451025386	86.61122656135282	-15.220062984868276	1320.0274973118799	1026.1415026881205	0.26407688264027684	0.235084	0.0	235084000.0	0.117542	2025-10-24 23:31:44.148408+00:00	2025-10-24 23:31:44.152823+00:00	Low	0.3932049830124501	1.0
2025-10-24 16:00:00	1103.75	1118.35	1096.56	1108.09	43689.5	48505330.0497	BNBUSDT	0.0	1.9871233676223794	3.0679838969104236	3.436505040053146	0.4712745337931547	0.3932049830124501	0.3932049830124501	1.9871233676223794	-54.47854361347183	49.336603146825325	7.705151165586585	23.598288071379116	-15.893136905792531	81.98113894982761	-12.990663745651855	1320.1492379772337	1021.0447620227667	0.2910195098199875	0.244023	0.0	244023000.0	0.1220115	2025-10-25 23:30:36.891345+00:00	2025-10-25 23:30:36.895335+00:00	High	2.276890866265377	3.0
2025-10-25 16:00:00	1108.09	1138.65	1107.19	1133.32	41021.21	46164097.4572	BNBUSDT	0.0	2.841427397285022	3.2769601073978363	3.6064631344236435	0.4950589816051308	2.2768908662653775	2.2768908662653775	2.841427397285022	-6.107394225157076	52.08309509781017	7.919522769585001	20.462535011020297	-12.543012241435296	78.37248616769706	-6.541871108728829	1314.6767727845693	1017.7022272154306	0.3893187968786784	0.253245	0.0	253245000.00000003	0.1266225	2025-10-26 23:32:10.402181+00:00	2025-10-26 23:32:10.406072+00:00	Medium	0.8417746091130452	2.0
2025-10-26 16:00:00	1133.32	1181.9	1122.49	1142.86	83546.49	95955076.2788	BNBUSDT	0.0	5.2926974850555535	3.2467515345576983	2.2326288051629377	1.019679605770787	0.8417746091130452	0.8417746091130452	5.2926974850555535	103.66656663711287	53.11801286935575	8.758252399275307	18.1216784886713	-9.363426089395993	77.01802287000442	-2.2268990238602604	1298.407755073287	1020.1982449267132	0.44089705994832	0.172518	0.0	172518000.00000003	0.086259	2025-10-27 23:31:36.485452+00:00	2025-10-27 23:31:36.489067+00:00	Negative	-0.6693733265666717	0.0
2025-10-27 16:00:00	1142.86	1153.19	1120.1	1135.21	57831.74	65774744.8322	BNBUSDT	0.0	2.9542005178109227	1.249995237088102	2.2822833379140235	0.8978283732926094	-0.6693733265666717	-0.6693733265666717	2.9542005178109227	-30.77897108543998	52.14542017757654	8.7053111986138	16.2384050306598	-7.533093832045999	73.88030695071839	-0.00264261301574757	1276.6232723188466	1026.254727681153	0.43517955690686033	0.209054	0.0	209054000.0	0.104527	2025-10-28 23:33:29.073904+00:00	2025-10-28 23:33:29.077712+00:00	Negative	-3.168576739105542	0.0
2025-10-28 16:00:00	1135.21	1148.6	1071.45	1099.24	79999.16	88808450.0123	BNBUSDT	0.0	7.200522656213529	2.143993900720942	2.4057538274085415	1.3067995782913484	-3.168576739105542	-3.168576739105542	7.200522656213529	38.330888885584294	47.72094369092896	5.695225514920139	14.129769127511867	-8.434543612591728	74.1138564542385	2.3548582336235357	1264.5706945071536	1024.2143054928467	0.31214354157520435	0.176527	0.0	176527000.0	0.0882635	2025-10-29 23:33:48.855193+00:00	2025-10-29 23:33:48.859485+00:00	Negative	-2.083257523379798	0.0
2025-10-29 16:00:00	1099.24	1129.38	1074.47	1076.34	91470.16	100842398.8317	BNBUSDT	0.0	5.110426535873508	1.8215675004236316	2.405872218575739	1.2924305609797258	-2.083257523379798	-2.083257523379798	5.110426535873508	14.338900558455864	45.097464787454605	1.4452127939077855	11.592857860791051	-10.147645066883266	72.7421524217929	-1.350050867497046	1256.3949694683688	1018.4450305316315	0.24330735165164605	0.1806978260869565	0.0	180697826.0869565	0.0903489130434782	2025-10-30 23:36:43.211070+00:00	2025-10-30 23:36:43.215247+00:00	Medium	0.7339688202612642	2.0
2025-10-30 16:00:00	1076.34	1103.7	1040.89	1084.24	95890.82	103568344.6983	BNBUSDT	0.0	6.034259143617476	1.5562930939342734	2.426740050888815	1.1730097666142771	0.7339688202612642	0.7339688202612642	6.034259143617476	4.832898510290136	46.19636055050195	-1.270839483739337	9.020118391884974	-10.290957875624311	72.0327129630934	-3.055230192863089	1255.6845855402635	1013.3454144597363	0.2925428242746035	0.137636	0.0	137636000.0	0.068818	2025-10-31 23:31:04.085871+00:00	2025-10-31 23:31:04.089878+00:00	Medium	0.6898841584888971	2.0
2025-10-31 16:00:00	1084.24	1094.62	1071.2	1091.72	30897.58	33533593.5589	BNBUSDT	0.0	2.1863330843913222	2.0956864921836336	2.577131477328222	0.4338457532553758	0.6898841584888971	0.6898841584888971	2.1863330843913222	-67.77837544824415	47.27248037393765	-2.7876230119954926	6.658570111108881	-9.446193123104374	68.56037632287243	-1.6459607744213895	1218.890386998069	1029.121613001931	0.3298666354842071	0.1367629999999999	0.0	136762999.99999997	0.0683814999999999	2025-11-01 23:19:37.640433+00:00	2025-11-01 23:19:37.644305+00:00	Negative	-1.0561316088374284	0.0
2025-11-01 16:00:00	1091.72	1096.5	1078.65	1080.19	22615.84	24608885.4626	BNBUSDT	0.0	1.6548463356973908	2.4211401102646186	1.9006876422721826	0.3524104634859912	-1.0561316088374284	-1.0561316088374284	1.6548463356973908	-26.80384677376028	45.753386490109676	-4.8639904713190845	4.354057994623288	-9.218048465942372	64.9382065855244	-2.837893752136287	1181.7313318783326	1046.9466681216672	0.24664031464550695	0.1867423913043478	0.0	186742391.3043477	0.0933711956521739	2025-11-02 23:19:55.007334+00:00	2025-11-02 23:19:55.011570+00:00	Negative	-9.327062831538896	0.0
2025-11-02 16:00:00	1080.19	1087.2	956.0	979.44	104948.37	106823237.9396	BNBUSDT	0.0	13.723849372384942	4.835850807384623	3.6368706586596447	1.5173721788186474	-9.327062831538896	-9.327062831538896	13.723849372384942	364.04807427006915	35.130153561800284	-14.472381039491893	0.588770187800252	-15.061151227292145	69.67119182941552	-9.328741633571248	1178.2059443563357	1027.1510556436642	-0.315852443110382	0.161198	0.0	161198000.0	0.080599	2025-11-03 23:20:48.738026+00:00	2025-11-03 23:20:48.741739+00:00	Negative	-3.086457567589645	0.0
2025-11-03 16:00:00	979.44	1009.42	934.28	949.21	124993.14	121018899.2353	BNBUSDT	0.0	8.04255683521	4.917223456898132	3.6022026448387945	1.6474830678872772	-3.086457567589645	-3.086457567589645	8.04255683521	19.099648712981445	32.678425180516896	-24.246904920089037	-4.378364833777606	-19.86854008631143	70.06182098445727	-15.974576646277233	1186.855024268204	996.533975731796	-0.24865339958834323	0.146795652173913	0.0	146795652.17391303	0.0733978260869565	2025-11-04 23:21:20.580310+00:00	2025-11-04 23:21:20.584337+00:00	Medium	1.642418432169901	2.0
2025-11-04 16:00:00	949.21	964.9	879.94	964.8	169265.72	156420298.9218	BNBUSDT	0.0	9.655203763892983	5.125315292289937	3.6860351270256393	1.8694278690402126	1.642418432169901	1.642418432169901	9.655203763892983	35.420007850030814	35.190450209476396	-30.38504294710833	-9.579700456443751	-20.80534249066458	71.1259766284246	-12.588901472253685	1190.9047057464688	975.4402942535313	-0.049383070641715314	0.2246879999999999	0.0	224688000.0	0.1123439999999999	2025-11-05 23:21:27.175543+00:00	2025-11-05 23:21:27.179571+00:00	Negative	-3.2690713101160824	0.0
2025-11-05 16:00:00	964.8	967.46	927.3	933.26	42892.52	40820904.644	BNBUSDT	0.0	4.330853014127045	4.687301138674124	3.724271430518951	0.4614921569556124	-3.2690713101160824	-3.2690713101160824	4.330853014127045	-74.65965347265826	32.54469219054771	-37.36386854722787	-15.136534074600576	-22.22733447262729	68.9141211549657	-15.777599292476237	1202.17780333212	950.0981966678797	-0.06679713956515147	0.181308	0.0	181308000.0	0.090654	2025-11-06 23:21:10.988230+00:00	2025-11-06 23:21:10.992285+00:00	Medium	1.1829500889355553	2.0
2025-11-06 16:00:00	933.26	975.8	924.58	944.3	63538.36	60296106.1858	BNBUSDT	0.0	5.539812671699574	3.6974696834914464	3.568944774424568	0.6282987649012453	1.1829500889355553	1.1829500889355553	5.539812671699574	48.13389374184591	34.403764500155944	-41.52512656957538	-20.414252573595537	-21.11087399597984	67.65025535818242	-16.67843151095895	1207.0104851603685	930.5885148396317	0.049603456427354996	0.169504	0.0	169503999.99999997	0.084752	2025-11-07 23:20:35.754193+00:00	2025-11-07 23:20:35.758235+00:00	High	4.839563697977343	3.0
2025-11-07 16:00:00	944.3	1006.73	939.3	990.0	49052.21	48318474.1395	BNBUSDT	0.0	7.178750133077831	2.0864258976603773	3.5683734063736656	0.5453372761869334	4.839563697977343	4.839563697977343	7.178750133077831	-22.799061858064956	41.5811307833588	-40.66656659768705	-24.464715378413842	-16.20185121927321	67.63452283259797	-13.375216561958588	1202.689430959354	922.0685690406463	0.24207548396395634	0.0	0.0	0.0	0.0	2025-11-09 23:19:55.692299+00:00	2025-11-09 23:19:55.696169+00:00	Low	0.3898989898989913	1.0
2025-11-08 16:00:00	990.0	1005.6	975.04	993.86	43927.94	43481046.2582	BNBUSDT	0.0	3.1342303905480864	2.5473138821916788	3.6967952665044614	0.5957514272326638	0.3898989898989913	0.3898989898989913	3.1342303905480864	-10.446562958121554	42.15682793802759	-39.222548766746854	-27.416282056080448	-11.806266710666407	64.98634263026955	-12.451440702601282	1198.127310850778	915.0176891492215	0.27848686447644333	0.1636652173913043	0.0	163665217.3913043	0.0818326086956521	2025-11-09 23:19:55.692299+00:00	2025-11-09 23:19:55.696169+00:00	Negative	-1.4790815607832135	0.0
2025-11-09 16:00:00	993.86	1018.52	975.77	979.16	47816.99	47859408.2536	BNBUSDT	0.0	4.381155395226334	1.525802485855478	3.739168275815072	0.9670625117654544	-1.4790815607832135	-1.4790815607832135	4.381155395226334	8.853249207679657	40.51919538440362	-38.81686472522097	-29.69639858990855	-9.120466135312416	63.39803244239315	-10.923911065827301	1192.9534238899162	906.9335761100835	0.25252241916272056	0.2183039999999999	0.0	218304000.0	0.1091519999999999	2025-11-10 23:22:06.849090+00:00	2025-11-10 23:22:06.853005+00:00	Negative	-0.3737897789942367	0.0
2025-11-10 16:00:00	979.16	1008.45	971.23	975.5	38613.43	38101255.0914	BNBUSDT	0.0	3.832253946027205	1.5883678768910028	3.5866005404682717	0.7946820346152584	-0.3737897789942367	-0.3737897789942367	3.832253946027205	-19.24746831617799	40.10150198644184	-38.348629482142655	-31.426844768355373	-6.921784713787282	61.528172982222216	-9.368786814575312	1190.5412994346618	898.8747005653383	0.2627153734150834	0.153997	0.0	153997000.0	0.0769985	2025-11-11 23:20:59.663021+00:00	2025-11-11 23:20:59.666892+00:00	Negative	-2.712455151204514	0.0
2025-11-11 16:00:00	975.5	978.53	945.83	949.04	36680.82	35320232.3882	BNBUSDT	0.0	3.4572809067168446	1.622881824665901	3.3747811809221266	0.8487339546476146	-2.712455151204514	-2.712455151204514	3.4572809067168446	-5.005020274034192	37.122140203472185	-39.65552632039021	-33.07258107876234	-6.582945241627868	59.46901776920634	-12.469563934184318	1181.7170567333942	889.6359432666058	0.20338205380112276	0.143056	0.0	143056000.0	0.071528	2025-11-12 23:22:03.416020+00:00	2025-11-12 23:22:03.419999+00:00	Medium	0.8513866644187854	2.0
2025-11-12 16:00:00	949.04	970.9	937.11	957.12	36878.74	35250639.4588	BNBUSDT	0.0	3.6057666655995524	0.4657671515072283	2.2352861094581025	0.9042545157384894	0.8513866644187854	0.8513866644187854	3.6057666655995524	0.5395735427942948	38.62176699007643	-39.58297511023784	-34.37465988505744	-5.2083152251803995	57.634802214263026	-12.329168651302535	1174.7016366790374	881.9883633209622	0.25667314576175543	0.1371579999999999	0.0	137157999.99999997	0.0685789999999999	2025-11-13 23:21:48.147581+00:00	2025-11-13 23:21:48.151668+00:00	Negative	-3.3193329989969893	0.0
2025-11-13 16:00:00	957.12	959.1	887.52	925.35	88900.81	81497466.6671	BNBUSDT	0.0	8.065170362358035	1.9310423101818246	2.238360509898534	1.7859401306090918	-3.3193329989969893	-3.3193329989969893	8.065170362358035	141.0624929159727	35.07914380593593	-41.60940393293629	-35.82160869463321	-5.787795238303076	58.6308877703871	-14.334515224173527	1167.3162949196292	871.0997050803708	0.18314401279505688	0.105564	0.0	105564000.0	0.052782	2025-11-14 23:20:42.560312+00:00	2025-11-14 23:20:42.564024+00:00	Medium	1.1476738531366515	2.0
2025-11-14 16:00:00	925.35	938.85	907.44	935.97	40680.43	37678248.9285	BNBUSDT	0.0	3.461385876752178	2.007531999998918	1.6961476829269357	0.8413592184095392	1.1476738531366515	1.1476738531366515	3.461385876752178	-54.24065315040436	37.15434432804965	-41.875701113877426	-37.03242717848205	-4.8432739353953735	56.686538643930874	-4.438250428816469	1151.9167954316035	866.7642045683965	0.24269741061129907	0.122428	0.0	122428000.0	0.061214	2025-11-15 23:20:41.156639+00:00	2025-11-15 23:20:41.160669+00:00	Negative	-1.401754329732791	0.0
2025-11-15 16:00:00	935.97	949.52	920.84	922.85	33208.26	31034544.293	BNBUSDT	0.0	3.11454758698579	2.0897893890828763	1.7675613259888132	0.7025257472993547	-1.401754329732791	-1.401754329732791	3.11454758698579	-18.36797201996144	35.63871879264194	-42.65373222585265	-38.15668818795617	-4.4970440378964796	54.6860715979358	-2.7770461752404647	1131.6613634793762	865.0186365206237	0.21688708384805264	0.1241099999999999	0.0	124109999.99999996	0.0620549999999999	2025-11-16 23:20:33.980386+00:00	2025-11-16 23:20:33.984231+00:00	Negative	-1.252641274313275	0.0
2025-11-16 16:00:00	922.85	939.36	900.51	911.29	75026.79	69105590.3948	BNBUSDT	0.0	4.314221940900159	2.0335964253573566	1.735587666395187	1.365637922171362	-1.252641274313275	-1.252641274313275	4.314221940900159	125.92809740709086	34.310651859087926	-43.69938358451304	-39.26522726726755	-4.434156317245495	53.55492362665467	-5.5462271973465995	1109.7900167147716	864.4979832852284	0.19076044199459055	0.0993588235294117	0.0	99358823.52941176	0.0496794117647058	2025-11-17 23:21:15.648024+00:00	2025-11-17 23:21:15.652003+00:00	Medium	1.6087085340561271	2.0
2025-11-17 16:00:00	911.29	927.31	883.6	925.95	79764.15	72364008.948	BNBUSDT	0.0	4.946808510638289	1.9716485883830397	1.4694272417161713	1.2558101815086595	1.6087085340561273	1.6087085340561273	4.946808510638289	6.314224558987531	37.49188224550378	-42.85116873919549	-39.98241556165314	-2.868753177542345	52.85171479617934	-0.7832758288151153	1092.3987242731669	864.5602757268332	0.26944409367623706	0.1210759615384615	0.0	121075961.53846154	0.0605379807692307	2025-11-19 01:45:47.989182+00:00	2025-11-19 01:45:47.993237+00:00	Negative	-3.424590960635028	0.0
2025-11-18 16:00:00	925.95	940.74	891.98	894.24	41101.63	37953793.5869	BNBUSDT	0.0	5.466490280051121	0.9848995008446486	1.4610202170840196	0.7617584334805168	-3.4245909606350273	-3.4245909606350273	5.466490280051121	-48.47104871047958	33.691183936230814	-44.227853190992846	-40.831503087521085	-3.396350103471761	52.5594494535951	-5.301281372445192	1079.6011244561635	859.1478755438363	0.15918170691201558	0.125117	0.0	125117000.0	0.0625585	2025-11-20 01:44:21.738420+00:00	2025-11-20 01:44:21.742428+00:00	Negative	-0.4674360350688923	0.0
2025-11-19 16:00:00	894.24	915.55	871.53	890.06	56439.03	50454056.9923	BNBUSDT	0.0	5.050887519649351	0.9165597885201762	1.4720831667318686	0.9882863639423233	-0.46743603506889236	-0.46743603506889236	5.050887519649351	37.315795018348425	33.21321269873114	-45.135878294925305	-41.69237812900194	-3.4435001659233677	51.949488778338306	-10.094949494949502	1061.60759816852	857.72340183148	0.15860276936356765	0.151065	0.0	151065000.0	0.0755325	2025-11-21 01:45:15.391823+00:00	2025-11-21 01:45:15.395839+00:00	Negative	-8.607284902141418	0.0
2025-11-20 16:00:00	890.06	890.71	790.54	813.45	152549.69	127799881.0485	BNBUSDT	0.0	12.671085587067077	3.4799384332426846	2.9336174706057525	1.8838816928290265	-8.607284902141418	-8.607284902141418	12.671085587067077	170.2911265484187	25.947543731451162	-51.44426402256556	-43.642755307714665	-7.801508714850897	55.39381100845701	-18.15245608033324	1047.761635544885	843.7423644551153	-0.14847795648572065	0.0864303921568627	0.0	86430392.15686274	0.0432151960784313	2025-11-22 01:41:28.198273+00:00	2025-11-22 01:41:28.202597+00:00	Medium	1.1457372917819086	2.0
2025-11-21 16:00:00	813.45	842.46	807.6	822.77	51827.35	42672094.059	BNBUSDT	0.0	4.316493313521547	3.479583544707271	2.8820248488422653	0.6789339079130957	1.1457372917819086	1.1457372917819086	4.316493313521547	-66.02592243878044	28.010772417685757	-55.05699627045965	-45.92560350026366	-9.131392770195987	53.92711022213865	-15.971853425385024	1028.5550010452175	837.2069989547825	-0.07544891400517122	0.110664	0.0	110664000.0	0.055332	2025-11-23 01:58:01.056008+00:00	2025-11-23 01:58:01.059968+00:00	High	3.246350742005668	3.0
2025-11-22 16:00:00	822.77	854.15	822.53	849.48	21390.83	17993934.3282	BNBUSDT	0.0	3.8442366843762543	3.6333963350484293	2.8655373215124365	0.3308114079142917	3.246350742005668	3.246350742005668	3.8442366843762543	-58.72675334548264	33.71099794978069	-55.12934209122625	-47.76635121845619	-7.362990872770062	52.33374520627161	-12.918503331624805	1026.093660031916	826.6723399680843	0.11436921601268774	0.112286	0.0	112286000.0	0.056143	2025-11-24 01:52:54.808716+00:00	2025-11-24 01:52:54.812522+00:00	Negative	-0.6239110985544177	0.0
2025-11-23 16:00:00	849.48	858.25	829.5	844.18	38799.5	32794022.7699	BNBUSDT	0.0	3.4659433393610604	3.847801271995405	2.7803860334274173	0.6043415333775276	-0.6239110985544177	-0.6239110985544177	3.4659433393610604	81.38379857163092	33.15008453020043	-54.980560701898185	-49.209193115144586	-5.771367586753598	50.64919197725221	-11.049060102840768	1026.3890649110328	815.8739350889668	0.1344609526876205	-0.015293	0.0	-15292999.999999998	-0.0076465	2025-11-25 01:47:22.587041+00:00	2025-11-25 01:47:22.590909+00:00	Low	0.1907176194650446	1.0
2025-11-24 16:00:00	844.18	875.99	837.0	845.79	41744.36	35768124.6521	BNBUSDT	0.0	4.658303464755079	3.872612966438153	2.728959472842106	0.6814032227887584	0.19071761946504465	0.19071761946504465	4.658303464755079	7.589943169370741	33.5119958834436	-54.10900194157682	-50.18915488043104	-3.9198470611457807	49.81639255030562	-11.631770310932803	1023.307786302009	807.0542136979908	0.17912206413781764	-0.044170652173913	0.0	-44170652.17391304	-0.0220853260869565	2025-11-26 01:46:38.703518+00:00	2025-11-26 01:46:38.707475+00:00	High	2.223956301209528	3.0
2025-11-25 16:00:00	845.79	869.4	845.0	864.6	28175.5	24186984.767	BNBUSDT	0.0	2.887573964497039	0.6970594368746605	2.7489629390806622	0.7743179335061912	2.2239563012095274	2.2239563012095274	2.887573964497039	-32.504654520993974	37.752073779448686	-51.309017135723025	-50.41312733148944	-0.8958898042335832	48.0009359395695	-6.565083481925757	1021.7051617676648	801.7908382323355	0.2856074163699218	0.0877880434782608	0.0	87788043.47826087	0.0438940217391304	2025-11-27 01:44:56.337264+00:00	2025-11-27 01:44:56.341021+00:00	High	3.283599352301641	3.0
2025-11-26 16:00:00	864.6	903.84	864.57	892.99	31364.96	27869888.4271	BNBUSDT	0.0	4.5421423366529	0.7419264582818672	2.7420872641345913	0.9712008318307802	3.283599352301641	3.283599352301641	4.5421423366529	11.319976575393513	43.59840242267484	-46.26584935751032	-49.583671736693624	3.317822379183305	47.37729765817168	-4.592027522249646	1018.3735996143932	799.9914003856065	0.4258524730624408	0.016269	0.0	16269000.000000007	0.0081345	2025-11-28 01:44:58.707262+00:00	2025-11-28 01:44:58.710938+00:00	Medium	0.9462591966315462	2.0
2025-11-27 16:00:00	892.99	906.08	881.21	901.44	24704.75	22093852.4787	BNBUSDT	0.0	2.822255761963664	0.8817225219616377	2.843038689620559	0.7495870326836604	0.9462591966315462	0.9462591966315462	2.822255761963664	-21.23455601409981	45.2467332201691	-41.11332931067682	-47.889603251490264	6.7762739408134465	45.76963353973084	-2.3199869968033773	1007.467513289458	802.041486710542	0.4838652382310152	-0.0507529999999999	0.0	-50752999.99999999	-0.0253764999999999	2025-11-29 01:44:23.508659+00:00	2025-11-29 01:44:23.512655+00:00	Negative	-2.3240592829251026	0.0
2025-11-28 16:00:00	901.44	901.53	874.61	880.49	17285.94	15260657.4454	BNBUSDT	0.0	3.0779433118761457	0.9209493455607752	2.8967572068421874	0.6032412657264314	-2.3240592829251026	-2.3240592829251026	3.0779433118761457	-30.02989303676419	41.97165929009603	-38.279151731981756	-45.96751294758856	7.688361215606804	44.423231144035775	-3.379824205247502	993.6969438490094	804.4750561509907	0.4017238427000709	0.012016	0.0	12016000.0	0.006008	2025-11-30 01:57:31.862397+00:00	2025-11-30 01:57:31.866385+00:00	Medium	1.4821292689297954	2.0
2025-11-29 16:00:00	880.49	897.35	867.9	893.54	13588.45	11959798.0686	BNBUSDT	0.0	3.393248070054159	0.7052120898906883	2.9238901555540724	0.5901883779999236	1.4821292689297954	1.4821292689297954	3.393248070054159	-21.390158707018525	44.65881894364968	-34.581386942611175	-43.690287746593086	9.10890080398191	43.35371463374751	-3.5001889950861362	981.992759347287	807.6172406527131	0.49274554129231984	0.0	0.0	0.0	0.0	2025-12-01 02:05:37.734018+00:00	2025-12-01 02:05:37.737998+00:00	Negative	-9.199364326163344	0.0
2025-11-30 16:00:00	893.54	899.46	801.4	811.34	63631.95	53598453.9423	BNBUSDT	0.0	12.23608684801598	3.9799312847184347	2.7901169412083804	2.1129505655115803	-9.199364326163343	-9.199364326163343	12.23608684801598	368.27967869771754	33.98375152001033	-37.84745285472707	-42.52172076821988	4.6742679134928125	47.26130644562269	-9.270441939524062	972.7547910812508	800.4392089187494	0.06326062300605353	0.0973299999999999	0.0	97330000.0	0.0486649999999999	2025-12-02 01:49:08.405022+00:00	2025-12-02 01:49:08.408818+00:00	Very High	7.333546971676485	4.0
2025-12-01 16:00:00	811.34	874.62	807.9	870.84	33182.94	27862384.5108	BNBUSDT	0.0	8.25844782770145	4.165693363053241	3.0259724115832207	1.0887217826052635	7.333546971676485	7.333546971676485	8.25844782770145	-47.85176314728685	44.352752436272254	-35.22858765362446	-41.063094145300795	5.834506491676336	48.65121312807821	-2.1594049839336575	964.123131563333	801.2508684366672	0.42726201642580064	0.0655630434782608	0.0	65563043.478260845	0.0327815217391304	2025-12-03 01:48:38.875834+00:00	2025-12-03 01:48:38.880405+00:00	High	2.98906802627348	3.0
2025-12-02 16:00:00	870.84	910.42	865.24	896.87	59279.16	52797784.3391	BNBUSDT	0.0	5.221672599509956	3.8396545301830134	3.0028948031030334	1.5852718244854587	2.98906802627348	2.98906802627348	5.221672599509956	78.6434836696206	48.18688940685061	-30.698837565539748	-38.99024282934859	8.29140526380884	48.403269333215476	10.255086360563029	954.0231388510273	805.3258611489729	0.6156409872846136	0.0296851063829787	0.0	29685106.38297872	0.0148425531914893	2025-12-04 01:49:23.380853+00:00	2025-12-04 01:49:23.384933+00:00	Medium	1.504119883595171	2.0
2025-12-03 16:00:00	896.87	928.02	892.5	910.36	41043.4	37449224.9471	BNBUSDT	0.0	3.979831932773107	3.659325579107803	2.9769386281483827	0.9738575087352812	1.504119883595171	1.504119883595171	3.979831932773107	-30.76251417867595	50.105552060329714	-25.72391840746161	-36.336977944971196	10.613059537509585	47.483035809414375	10.645745469572303	951.7023510097782	806.1476489902217	0.7159669152823143	-0.011333	0.0	-11333000.000000004	-0.0056665	2025-12-05 01:49:49.502551+00:00	2025-12-05 01:49:49.506460+00:00	Negative	-2.394657058745998	0.0
2025-12-04 16:00:00	910.36	911.81	884.05	888.56	34014.64	30485415.9713	BNBUSDT	0.0	3.140093886092415	3.716401859444445	3.040443070445089	0.7357631938348469	-2.394657058745998	-2.394657058745998	3.140093886092415	-17.125189433623923	47.072004054544024	-23.272070994067462	-33.72399655479045	10.45192556072299	46.07424753731335	4.600461458774771	944.6853005163632	808.4236994836367	0.5881062596432914	0.056387	0.0	56386999.99999999	0.0281935	2025-12-06 01:43:44.332095+00:00	2025-12-06 01:43:44.336315+00:00	Low	0.1159178896191688	1.0
2025-12-05 16:00:00	888.56	896.44	869.44	889.59	29629.04	26101517.6432	BNBUSDT	0.0	3.1054471843945524	2.145972713280293	3.0247146756093395	0.7514370589824417	0.11591788961916882	0.11591788961916882	3.1054471843945524	-12.893271838243765	47.23455147024817	-21.00373389247295	-31.179944022326954	10.176210129854002	44.71180128464811	5.379184534104111	939.9766280324507	809.8063719675495	0.6129175008511275	0.072352	0.0	72352000.0	0.036176	2025-12-07 01:58:00.299948+00:00	2025-12-07 01:58:00.304286+00:00	Low	0.0337234006677182	1.0
2025-12-06 16:00:00	889.59	897.69	869.49	889.89	33805.09	29839207.49	BNBUSDT	0.0	3.2432805437670407	0.9030682658200873	3.0729994412748622	0.8546509243781694	0.03372340066771822	0.03372340066771822	3.2432805437670407	14.094449229539652	47.28533171739614	-18.963256289884953	-28.736606475838556	9.773350185953603	43.53238690717325	5.214060227716103	937.1580228837239	810.4849771162761	0.626850190604079	0.156804	0.0	156804000.0	0.078402	2025-12-08 01:50:40.516693+00:00	2025-12-08 01:50:40.520699+00:00	Medium	0.7068289339131761	2.0
2025-12-07 16:00:00	889.89	912.53	880.46	896.18	45518.97	40972737.1619	BNBUSDT	0.0	3.6424141925811435	0.37794709936102155	3.0234773776385224	1.2368536491866742	0.7068289339131761	0.7068289339131761	3.6424141925811435	34.65123151572738	48.40645815255844	-16.64671963498131	-26.31862910766711	9.671909472685801	42.7136449852323	3.6525560953041785	931.9916708199277	812.6743291800723	0.6998619787556045	0.1260589999999999	0.0	126058999.99999996	0.0630294999999999	2025-12-09 01:56:02.154032+00:00	2025-12-09 01:56:02.157880+00:00	Medium	1.2263161418465052	2.0
2025-12-08 16:00:00	896.18	908.37	881.05	907.17	35656.27	31813219.6667	BNBUSDT	0.0	3.100845581976057	0.22868742045409882	3.0219270077217097	0.9980816688641128	1.2263161418465052	1.2263161418465052	3.100845581976057	-21.667230167993704	50.39168140268532	-13.7653679009685	-23.80797686632739	10.042608965358891	41.614098914858566	1.587923716950912	933.8418458223596	812.1171541776405	0.7808838497598548	0.0757829999999999	0.0	75782999.99999999	0.0378914999999999	2025-12-10 01:51:38.009994+00:00	2025-12-10 01:51:38.014023+00:00	0	0.0	0.0
2025-12-09 16:00:00	907.17	927.66	883.76	890.22	42655.95	38550076.1574	BNBUSDT	0.0	4.967411967049875	0.7892868906286883	2.9734688303735113	1.1389174995135245	-1.8684480306888382	-1.8684480306888382	4.967411967049875	19.63099337087138	47.36459687120312	-12.703165056360604	-21.587014504334032	8.883849447973429	41.77737756379724	-1.24467518636848	933.8588656410013	812.1161343589986	0.6415484917952351	0.0	0.0	0.0	0.0	2025-12-11 01:52:56.011500+00:00	2025-12-11 01:52:56.015861+00:00	0	0.0	0.0
