timestamp	open	high	low	close	volume	quoteVolume	symbol	gap_apertura_pct	volatilidad_diaria	vol_5d	vol_10d	vol_rel_5d	return_pct	close_open_pct	range_pct	volume_change_pct	rsi_14	macd	macd_signal	macd_diff	atr_14	momentum_12	bb_upper	bb_lower	bb_pctb	vader	finbert	sentiment_ratio	sentiment_combined	download_date	added_date	target_category	target	target_num
2025-07-15 16:00:00	116391.9	119755.1	116045.2	119059.4	79364.04733493	9364861417.916723	BTCUSDT	0.0	3.1969439494266103	0.0	0.0	0.0	0.0	2.2918261494141774	3.1969439494266103	0.0	0.0	0.0	0.0	0.0	0.0	0.0	0.0	0.0	0.0	0.0	0.0	0.0	0.0	0	0	Negative	-0.1593322324822711	0.0
2025-07-16 16:00:00	119059.4	120043.1	117422.0	118869.7	61112.52854222	7249272180.335354	BTCUSDT	0.0	2.232205208563988	0.0	0.0	0.0	-0.1593322324822711	-0.1593322324822711	2.232205208563988	-22.997212724907328	0.0	0.0	0.0	0.0	0.0	0.0	0.0	0.0	0.0	0.0	0.0	0.0	0.0	0	0	Negative	-0.8757488241326427	0.0
2025-07-17 16:00:00	118869.7	120945.0	117300.8	117828.7	86245.75505881	10284376629.921732	BTCUSDT	0.0	3.1067136797020964	0.0	0.0	0.0	-0.8757488241326427	-0.8757488241326427	3.1067136797020964	41.126144042995264	0.0	0.0	0.0	0.0	0.0	0.0	0.0	0.0	0.0	0.0	0.0	0.0	0.0	0	0	Low	0.1657490916898878	1.0
2025-07-18 16:00:00	117828.7	118445.6	116781.7	118024.0	42562.55682237	5014192944.644435	BTCUSDT	0.0	1.4247951519801552	0.0	0.0	0.0	0.16574909168988788	0.16574909168988788	1.4247951519801552	-50.649679171633345	0.0	0.0	0.0	0.0	0.0	0.0	0.0	0.0	0.0	0.0	0.0	0.0	0.0	0	0	Medium	0.5388734494679048	2.0
2025-07-19 16:00:00	118024.0	118769.0	117262.2	118660.0	31130.67808935	3673957378.998912	BTCUSDT	0.0	1.2849835667418852	0.9004434720450524	0.0	0.5181269153199308	0.5388734494679048	0.5388734494679048	1.2849835667418852	-26.859003750008842	0.0	0.0	0.0	0.0	0.0	0.0	0.0	0.0	0.0	0.0	0.0	0.0	0.0	0	0	Negative	-0.2894825551997303	0.0
2025-07-20 16:00:00	118660.0	119672.9	116415.2	118316.5	69591.53054733	8228811542.792624	BTCUSDT	0.0	2.798345920463992	0.8085021963452669	0.0	1.1971992926096857	-0.2894825551997303	-0.2894825551997303	2.798345920463992	123.54646547560331	0.0	0.0	0.0	0.0	0.0	0.0	0.0	0.0	0.0	0.0	0.0	0.0	0.0	0	0	Low	0.4910557699052964	1.0
2025-07-21 16:00:00	118316.5	119576.2	116023.6	118897.5	109856.8834	12949239117.60852	BTCUSDT	0.0	3.0619632557514085	0.9041174905673691	0.0	1.618458465632803	0.4910557699052964	0.4910557699052964	3.0619632557514085	57.859559253816215	0.0	0.0	0.0	0.0	0.0	0.0	0.0	0.0	0.0	0.0	0.0	0.0	0.0	0	0	Negative	-0.3167434134443582	0.0
2025-07-22 16:00:00	118897.5	120291.1	117265.9	118520.9	70812.6462	8402553746.04298	BTCUSDT	0.0	2.579778094058044	0.8183727088133781	0.0	1.092941925451125	-0.31674341344435825	-0.31674341344435825	2.579778094058044	-35.54100206705846	0.0	0.0	0.0	0.0	0.0	0.0	0.0	0.0	0.0	0.0	0.0	0.0	0.0	0	0	Low	0.4668374944840976	1.0
2025-07-23 16:00:00	118520.9	119430.4	117052.1	119074.2	76507.264	9047516850.15272	BTCUSDT	0.0	2.031830270452207	0.7064322630831802	0.0	1.0688387439175568	0.46683749448409767	0.46683749448409767	2.031830270452207	8.041809063195258	0.0	0.0	0.0	0.0	0.0	0.0	0.0	0.0	0.0	0.0	0.0	0.0	0.0	0	0	Negative	-2.842177398630436	0.0
2025-07-24 16:00:00	119074.2	119357.1	114675.3	115689.9	117999.3094	13717737372.45992	BTCUSDT	0.0	4.0826577301302045	0.7567876206451559	0.8582286686411297	1.3265276123947436	-2.842177398630436	-2.842177398630436	4.0826577301302045	54.23281820664768	0.0	0.0	0.0	0.0	0.0	0.0	0.0	0.0	0.0	0.0	0.0	0.0	0.0	0	0	High	2.0890328369200795	3.0
2025-07-25 16:00:00	115689.9	118218.2	115411.8	118106.7	47738.3398	5598296293.40738	BTCUSDT	0.0	2.4316404388459363	0.7875671044471142	0.8307869758483366	0.5643971329512609	2.0890328369200795	2.0890328369200795	2.4316404388459363	-59.54354305737996	0.0	0.0	0.0	0.0	0.0	0.0	0.0	0.0	0.0	0.0	0.0	0.0	0.0	0	0	Low	0.3941351337392375	1.0
2025-07-26 16:00:00	118106.7	118580.0	117801.0	118572.2	22449.275	2653001440.99716	BTCUSDT	0.0	0.661284708958328	1.2262015145194751	1.0157215799461417	0.3345576408323681	0.39413513373923753	0.39413513373923753	0.661284708958328	-52.97432819396036	0.0	0.0	0.0	0.0	0.0	0.0	0.0	0.0	0.0	0.0	0.0	0.0	0.0	0	0	Negative	-0.3549735941476958	0.0
2025-07-27 16:00:00	118572.2	119811.3	117893.2	118151.3	58952.2346	7010622568.33148	BTCUSDT	0.0	1.6269810302884355	1.2566671107126337	1.0003186557303858	0.9107505976735301	-0.3549735941476958	-0.3549735941476958	1.6269810302884355	162.6019530697539	0.0	0.0	0.0	0.0	0.0	-0.7627285203856153	0.0	0.0	0.0	0.0	0.0	0.0	0.0	0	0	Negative	-0.6781135713276089	0.0
2025-07-28 16:00:00	118151.3	119242.3	117224.5	117350.1	58171.0778	6875521550.47294	BTCUSDT	0.0	1.7213125242590097	1.2725816159862366	0.9790061304765607	0.952655214705631	-0.6781135713276089	-0.6781135713276089	1.7213125242590097	-1.3250673283214343	42.68328928932199	0.0	0.0	0.0	2683.0571428571443	-1.2783745563419369	0.0	0.0	0.0	0.0	0.0	0.0	0.0	0	0	Medium	0.5112053590069323	2.0
2025-07-29 16:00:00	117350.1	118759.6	116930.0	117950.0	60714.0274	7150350001.65954	BTCUSDT	0.0	1.5646968271615547	0.6303761252243401	0.9527096263259135	1.2239499750723875	0.5112053590069323	0.5112053590069323	1.5646968271615547	4.371501605562481	46.887394963083786	0.0	0.0	0.0	2622.0959183673485	0.10294605643616786	0.0	0.0	0.0	0.0	0.0	0.0	0.0	0	0	Low	0.2602797795676134	1.0
2025-07-30 16:00:00	117950.0	118900.0	115729.8	118257.0	65618.2152	7712407546.26756	BTCUSDT	0.0	2.739311741660313	0.7376044537197144	0.9491522019618931	1.233866552931739	0.2602797795676134	0.2602797795676134	2.739311741660313	8.077520154757527	48.950987310415414	0.0	0.0	0.0	2661.246209912538	0.19741747441198398	0.0	0.0	0.0	0.0	0.0	0.0	0.0	0	0	Negative	-2.4970192039371826	0.0
2025-07-31 16:00:00	118257.0	118835.9	113914.9	115304.1	119496.5374	13813192590.97874	BTCUSDT	0.0	4.319891427723678	1.1786504274350003	1.1340473497184405	1.6461750724432522	-2.4970192039371826	-2.4970192039371826	4.319891427723678	82.10878951184883	34.90369180266198	0.0	0.0	0.0	2822.657194918785	-2.828164503623794	0.0	0.0	0.0	0.0	0.0	0.0	0.0	0	0	Negative	-2.171735436987935	0.0
2025-08-01 16:00:00	115304.1	115644.2	112669.5	112800.0	65274.2748	7420904706.15422	BTCUSDT	0.0	2.6401998766303185	1.0980610291198094	1.1354142142367454	0.8838186734122735	-2.171735436987935	-2.171735436987935	2.6401998766303185	-45.37559311739522	27.65588728685988	0.0	0.0	0.0	2833.5173952817286	-4.662494242138671	0.0	0.0	0.0	0.0	0.0	0.0	0.0	0	0	Medium	0.9715425531914842	2.0
2025-08-02 16:00:00	112800.0	114199.0	111865.0	113895.9	53788.3984	6075488990.0723	BTCUSDT	0.0	2.0864434809815404	1.0356238631725612	1.133672871191678	0.7370465645096671	0.9715425531914842	0.9715425531914842	2.0864434809815404	-17.596329388863623	34.10488561470271	0.0	0.0	0.0	2797.837581333034	-4.206648583864258	0.0	0.0	0.0	0.0	0.0	0.0	0.0	0	0	Medium	0.7694745816135689	2.0
2025-08-03 16:00:00	113895.9	115416.7	113721.4	114772.3	44220.6142	5067233830.8772	BTCUSDT	0.0	1.4907484431250433	1.0556903752710298	0.9902542371272	0.6346277694329164	0.7694745816135689	0.7694745816135689	1.4907484431250433	-17.78782132319447	38.8031179627232	0.0	0.0	0.0	2719.084896952103	-3.162817697131891	121020.37211098448	113789.6678890155	0.13589715203658587	0.0	0.0	0.0	0.0	0	0	Negative	-1.6525764491954915	0.0
2025-08-04 16:00:00	114772.3	115684.5	112600.0	112875.6	69475.398	7926092457.48184	BTCUSDT	0.0	2.739342806394316	1.0556909932546896	1.0053938435661895	0.9861514252046456	-1.6525764491954915	-1.6525764491954915	2.739342806394316	57.11088427170692	33.27387565393542	0.0	0.0	0.0	2745.1859757412385	-5.205661679860114	121126.22843345543	113065.43156654458	-0.023549975229349644	0.0	0.0	0.0	0.0	0	0	High	2.205879747261582	3.0
2025-08-05 16:00:00	112875.6	115488.0	112758.2	115365.5	59635.0156	6801126003.61832	BTCUSDT	0.0	2.420932579626141	0.5051940597645137	0.8571981251758709	1.0197725771117072	2.205879747261582	2.205879747261582	2.420932579626141	-14.163837391762769	44.46199773717575	0.0	0.0	0.0	2744.086977474007	-0.2804047717216405	120931.95428953509	112909.2857104649	0.30615926176272	0.0	0.0	0.0	0.0	0	0	Medium	1.0999822303895013	2.0
2025-08-06 16:00:00	115365.5	116761.0	114227.0	116634.5	56750.5204	6560666174.73236	BTCUSDT	0.0	2.218389697707197	0.4624886976243293	0.8226275506876536	0.9995866254902802	1.0999822303895013	1.0999822303895013	2.218389697707197	-4.836915310541141	49.142383988568575	0.0	0.0	0.0	2729.080764797292	-1.2464999868762714	120851.89894004982	112869.92105995018	0.47163484998317523	0.0	0.0	0.0	0.0	0	0	Negative	-0.3981669231659536	0.0
2025-08-07 16:00:00	116634.5	117578.0	115576.4	116170.1	54493.048	6361345229.64448	BTCUSDT	0.0	1.7318414486002385	0.5075555954251191	0.8216769122151745	0.9574475151271427	-0.39816692316595365	-0.39816692316595365	1.7318414486002385	-3.977888456508319	47.56268944738493	0.0	0.0	0.0	2677.117853026057	-2.025854289622687	120732.8727770471	112803.55722295292	0.42456915153399616	0.0	0.0	0.0	0.0	0	0	Medium	0.5819053267579178	2.0
2025-08-08 16:00:00	116170.1	117888.0	115955.1	116846.1	51447.2292	6010114591.60742	BTCUSDT	0.0	1.6669383235407447	0.4564704454435499	0.8107585524522348	0.8815458474011981	0.5819053267579178	0.5819053267579178	1.6669383235407447	-5.589371326779153	50.07831115474456	0.0	0.0	0.0	2623.9594349527674	-1.1046852637254072	120546.76438028927	112808.27561971077	0.5217846152156697	0.0	0.0	0.0	0.0	0	0	Medium	1.6454977958186	2.0
2025-08-09 16:00:00	116846.1	119092.4	116347.3	118768.8	64682.0102	7628972650.65768	BTCUSDT	0.0	2.3594015503582733	0.3554170218539013	0.8022297766042922	1.1268335725791927	1.6454977958186	1.6454977958186	2.3594015503582733	25.724963629333793	56.47420376040404	-495.2171397748316	0.0	0.0	2632.612332456141	1.208946562465645	120612.48028653851	112787.7897134615	0.7643765885283441	0.0	0.0	0.0	0.0	0	0	Medium	1.2645576952869728	2.0
2025-08-10 16:00:00	118768.8	122326.7	118040.7	120270.7	121683.1822	14675861030.30368	BTCUSDT	0.0	3.6309510194365164	0.7910244038101282	0.6261918331485598	1.743032431559189	1.2645576952869728	1.2645576952869728	3.6309510194365164	88.12523269414407	60.70888232929413	-152.29593690372712	0.0	0.0	2750.7114515664166	1.9675286138194126	120876.3116650788	112661.27833492123	0.9262800720654913	0.0	0.0	0.0	0.0	0	0	Negative	-0.3147067407107467	0.0
2025-08-11 16:00:00	120270.7	120760.3	118050.8	119892.2	97786.1428	11635756460.41202	BTCUSDT	0.0	2.2951983383424763	0.7892651458905389	0.6146732151617775	1.2533740753663023	-0.3147067407107467	-0.3147067407107467	2.2951983383424763	-19.638736403788755	59.147113217437706	87.91635522496654	0.0	0.0	2747.7677764545297	1.3827511267831902	121102.33900224607	112572.3809977539	0.8581307197985302	0.0	0.0	0.0	0.0	0	0	Medium	0.8355005580012688	2.0
2025-08-12 16:00:00	119892.2	122200.0	118881.0	120893.9	98089.7636	11817691434.5681	BTCUSDT	0.0	2.7918674977498505	0.7259473472312514	0.632256755720402	1.130878528047451	0.8355005580012688	0.8355005580012688	2.7918674977498505	0.31049470948147906	61.93782308906336	355.0226655226579	0.0	0.0	2788.570078136349	4.847876181332657	121450.21911654725	112406.47088345276	0.9384857802087556	0.0	0.0	0.0	0.0	0	0	Negative	-2.2204594276468823	0.0
2025-08-13 16:00:00	120893.9	124539.4	117470.1	118209.5	174145.02945	21074980788.33045	BTCUSDT	0.0	6.017956909885995	1.5474555284819855	1.265067413679799	1.564965593208964	-2.2204594276468823	-2.2204594276468823	6.017956909885995	77.53639427672144	51.73793770786628	346.1079779721622	0.0	0.0	3094.336501126609	4.795656028368795	121571.55690765096	112537.09309234904	0.6278631497802284	0.0	0.0	0.0	0.0	0	0	Negative	-0.8382575004546964	0.0
2025-08-14 16:00:00	118209.5	119191.5	116753.8	117218.6	57000.72408	6727679943.455022	BTCUSDT	0.0	2.0878977814854824	1.597878014174213	1.284435117064188	0.5194115278692519	-0.8382575004546964	-0.8382575004546964	2.0878977814854824	-67.26824517471177	48.559038798158156	256.13313185171864	0.0	0.0	3047.4338939032796	2.9173130902868425	121502.2908126556	112517.5491873444	0.5232260435193961	0.0	0.0	0.0	0.0	0	0	Low	0.3399631116563412	1.0
2025-08-15 16:00:00	117218.6	117845.3	116650.0	117617.1	34104.10891	4003527523.719473	BTCUSDT	0.0	1.0246892413201911	1.888086636405464	1.3921852850570946	0.36979183570451624	0.33996311165634124	0.33996311165634124	1.0246892413201911	-40.16899002522285	49.89241965581272	214.51029649408883	0.0	0.0	2915.138615767331	2.4786468512001614	121407.14678951274	112517.18321048724	0.5736712804476759	0.0	0.0	0.0	0.0	0	0	Low	0.4942308558874418	1.0
2025-08-16 16:00:00	117617.1	118535.4	117125.8	118198.4	16916.88649	1994103622.988592	BTCUSDT	0.0	1.2034923133929425	2.025472698616322	1.4571558973710046	0.2224404570673245	0.49423085588744187	0.49423085588744187	1.2034923133929425	-50.39633923688406	51.85294104646453	225.826761139906	0.0	0.0	2807.600143212521	4.715633848236455	121412.06852816693	112516.97147183305	0.638714619096978	0.0	0.0	0.0	0.0	0	0	Negative	-1.7851341473319435	0.0
2025-08-17 16:00:00	118198.4	118272.0	114605.0	116088.4	74646.36947	8650107655.10485	BTCUSDT	0.0	3.1996858775795127	2.0420068018936948	1.4471994062207263	1.0460149251900377	-1.7851341473319435	-1.7851341473319435	3.1996858775795127	341.253593054049	44.974344853964666	63.80032448188285	69.33557351717612	-5.535249035293262	2868.9858472687692	0.6266171429066698	121361.0932722334	112441.77672776657	0.4088455941723066	0.0	0.0	0.0	0.0	0	0	Negative	-2.0300047205405463	0.0
2025-08-18 16:00:00	116088.4	116937.2	113509.0	113731.8	70775.1628	8154349169.48848	BTCUSDT	0.0	3.020201041327117	1.0019962568639085	1.4101633147386454	1.396272386644834	-2.0300047205405463	-2.0300047205405463	3.020201041327117	-5.186061555955266	38.78581557139311	-251.86141733829572	5.0961753460817505	-256.95759268437746	2908.9297153209995	-2.488714745637009	121327.33848422598	112053.711515774	0.18095276960510706	0.0	0.0	0.0	0.0	0	0	Negative	-0.3847648590807547	0.0
2025-08-19 16:00:00	113731.8	114271.6	112320.0	113294.2	71821.7334	8137998313.4082	BTCUSDT	0.0	1.7375356125356178	1.0158382892637134	1.4432688900355768	1.3386377505809295	-0.38476485908075475	-0.38476485908075475	1.7375356125356178	1.4787258108574661	37.74713333779701	-531.2127943502419	-102.16561859318298	-429.0471757570589	2840.5490213695	-2.475593978140682	121245.50704353584	111639.26295646412	0.17227722182940594	0.0	0.0	0.0	0.0	0	0	Negative	-0.4768999648702254	0.0
2025-08-20 16:00:00	113294.2	114760.0	112561.2	112753.9	46847.723	5325090767.33792	BTCUSDT	0.0	1.9534262250224792	0.8569110705932661	1.4204732614983713	0.8335660161361294	-0.47689996487022546	-0.47689996487022546	1.9534262250224792	-34.77221896178852	36.44923542064357	-787.1249809624424	-239.15749106703487	-547.9674898954074	2794.709805557393	-3.502213595490146	121361.33830963579	111268.41169036421	0.14718112651283613	0.0	0.0	0.0	0.0	0	0	High	3.1505783835415087	3.0
2025-08-21 16:00:00	112753.9	117247.6	111631.0	116306.3	101862.5468	11595353917.63984	BTCUSDT	0.0	5.031398088344641	1.3091339346878605	1.6191697280194612	1.3917415317381248	3.1505783835415087	3.1505783835415087	5.031398088344641	117.43329296922286	48.892003211279565	-695.2735604339832	-330.38070494042455	-364.89285549355867	2996.2733908747223	-2.0733559655397715	121272.76211044434	111707.61788955564	0.4807749892993355	0.0	0.0	0.0	0.0	0	0	Negative	-1.3146321394455844	0.0
2025-08-22 16:00:00	116306.3	117381.4	114515.4	114777.3	50628.5426	5871045988.855	BTCUSDT	0.0	2.5027201581621337	1.3180939265325375	1.6220455238803433	0.7403225420253755	-1.3146321394455844	-1.3146321394455844	2.5027201581621337	-50.297195396649954	44.824035671175395	-737.3583613255469	-411.7762362174491	-325.5821251080978	2986.968148669385	-4.567529747477976	121235.9573149704	111832.56268502957	0.3131568365315927	0.0	0.0	0.0	0.0	0	0	Negative	-0.3455387084379976	0.0
2025-08-23 16:00:00	114777.3	115620.0	114325.4	114380.7	27769.0258	3190827736.30252	BTCUSDT	0.0	1.132381780426752	1.512811512141698	1.224843087712432	0.46447438524345713	-0.3455387084379976	-0.3455387084379976	1.132381780426752	-45.15144151117635	43.80590799832718	-793.5654462254897	-488.1340782190573	-305.4313680064324	2866.0847094787146	-4.597046346634727	121248.7150296972	111780.64497030282	0.27461299012224355	0.0	0.0	0.0	0.0	0	0	Negative	-1.966677944793134	0.0
2025-08-24 16:00:00	114380.7	114904.0	110533.7	112131.2	143226.558	16079709050.03778	BTCUSDT	0.0	3.953816799763333	1.5676899729618463	1.3284867532960385	1.9337463582865544	-1.966677944793134	-1.966677944793134	3.953816799763333	415.77811562982515	38.46867151246085	-1008.00614868298	-592.1084923118419	-415.89765637113805	2973.528658801664	-7.248256529072185	121335.4374682063	111619.4825317937	0.052667748209547664	0.0	0.0	0.0	0.0	0	0	Negative	-2.225072058445821	0.0
2025-08-25 16:00:00	112131.2	112890.0	108615.7	109636.2	106526.0818	11730557725.48258	BTCUSDT	0.0	3.9352506129408575	1.5134699727096756	1.2935844346240875	1.2386386282890607	-2.2250720584458206	-2.2250720584458206	3.9352506129408575	-25.62407189873263	33.581544148503426	-1363.5593355236488	-746.3986609542034	-617.1606745694454	3066.440897458688	-7.252631979663228	121881.77464482022	110500.21535517977	-0.07591361896837814	0.0	0.0	0.0	0.0	0	0	High	2.1202850883193745	3.0
2025-08-26 16:00:00	109636.2	112573.4	109413.7	111960.8	64087.8462	7131658728.0181	BTCUSDT	0.0	2.887846768731884	1.1686721728482108	1.1712585675396294	0.8169508985816549	2.1202850883193745	2.1202850883193745	2.887846768731884	-39.83835215086265	41.09072422684918	-1441.149332786008	-885.3487953205644	-555.8005374654437	3073.1022619259243	-4.485465617231397	121932.76888276378	109981.85111723625	0.16558969960215447	0.0	0.0	0.0	0.0	0	0	Medium	0.6096776728997928	2.0
2025-08-27 16:00:00	111960.8	113431.7	110814.7	112643.4	64322.8966	7225126943.48314	BTCUSDT	0.0	2.361600040427849	1.1817648178010527	1.180198869645335	0.7922858001598279	0.6096776728997928	0.6096776728997928	2.361600040427849	0.3667628324822688	43.12417737164338	-1431.0634408088226	-994.4917244182161	-436.5717163906065	3040.5235289312154	-4.228721844017589	121926.63010840793	109635.31989159208	0.24473225842860372	0.0	0.0	0.0	0.0	0	0	Negative	-3.824014545015509	0.0
2025-08-28 16:00:00	112643.4	113149.7	108043.7	108335.9	87392.5234	9646548388.12106	BTCUSDT	0.0	4.72586555254957	0.9410460481886664	1.3220052038467787	0.9385824803605866	-3.824014545015509	-3.824014545015509	4.72586555254957	35.86534192242829	34.93019260732545	-1750.4712070282985	-1145.6876209402326	-604.7835860880659	3188.0575625789857	-8.344021577280234	122276.72007181325	108434.20992818674	-0.007102030424157706	0.0	0.0	0.0	0.0	0	0	Low	0.4486970616388527	1.0
2025-08-29 16:00:00	108335.9	108873.0	107301.1	108822.0	50001.6498	5411845738.83272	BTCUSDT	0.0	1.4649430434543487	1.2846825849272787	1.353863901201499	0.6714677275790331	0.4486970616388527	0.4486970616388527	1.4649430434543487	-42.784979933420715	36.398862624843204	-1941.9938591144746	-1304.9488685750812	-637.0449905393934	3072.6177366804864	-6.25936786104382	122146.57101293725	107569.67898706275	0.08591138705797725	0.0	0.0	0.0	0.0	0	0	Negative	-0.0608332873867389	0.0
2025-08-30 16:00:00	108822.0	109428.4	108151.6	108755.8	30921.996	3361104623.93226	BTCUSDT	0.0	1.1805650586768834	1.408313625727016	1.439289094702401	0.5210514238762407	-0.060833287386738974	-0.060833287386738974	1.1805650586768834	-38.15804853703047	36.27877055769325	-2075.1971465425013	-1458.9985241685654	-616.1986223739359	2944.345041203308	-4.375205527389877	121588.81528120251	106975.94471879744	0.12180052328538665	0.0	0.0	0.0	0.0	0	0	Negative	-0.0173783834977157	0.0
2025-08-31 16:00:00	108755.8	109868.2	107212.0	108736.9	74213.5104	8060773447.93146	BTCUSDT	0.0	2.4775211730030193	1.3937024546060293	1.234570294138415	1.2092697952718052	-0.017378383497715737	-0.017378383497715737	2.4775211730030193	140.00232843960006	36.24200617862384	-2157.417418498444	-1598.682303034541	-558.735115463903	2923.763252545929	-4.022536016848173	120935.44317276224	106513.7868272378	0.15415102950030485	0.0	0.0	0.0	0.0	0	0	Medium	1.8852845722105376	2.0
2025-09-01 16:00:00	108736.9	111726.4	107410.0	110786.9	102573.4158	11258548021.57648	BTCUSDT	0.0	4.018620240201093	1.5571947666507404	1.3039242531396202	1.4861271481948	1.8852845722105376	1.8852845722105376	4.018620240201093	38.21393873857233	42.990385958769146	-2033.7162934668013	-1685.6891011209932	-348.0271923458081	3023.237305935505	-1.744507285335585	119732.39273167407	106706.13726832595	0.3132721251441792	0.0	0.0	0.0	0.0	0	0	Medium	1.2433780528203244	2.0
2025-09-02 16:00:00	110786.9	112450.9	110137.3	112164.4	69492.0542	7732074978.498	BTCUSDT	0.0	2.1006507332211624	1.113786593474044	1.196733827601588	1.0619116204391883	1.2433780528203244	1.2433780528203244	2.1006507332211624	-32.25139900235242	47.046255503465034	-1803.7371636731405	-1709.2987136314227	-94.43845004171772	2972.548926940111	-3.561200038175068	119024.17460164633	106809.84539835369	0.4383830264049922	0.0	0.0	0.0	0.0	0	0	Negative	-2.4012966681050263	0.0
2025-09-03 16:00:00	112164.4	112527.2	109302.5	109471.0	60087.6878	6659345007.7282	BTCUSDT	0.0	2.9502527389583926	1.048745370011854	1.1402845718133838	0.8907457347035265	-2.4012966681050263	-2.4012966681050263	2.9502527389583926	-13.533009648749164	40.91668249102805	-1817.8567951604782	-1731.010329937234	-86.8464652232442	2990.55971787296	-4.623126698397682	118477.02170497472	106582.2382950253	0.2428595465267904	0.0	0.0	0.0	0.0	0	0	Medium	1.1042193823021649	2.0
2025-09-04 16:00:00	109471.0	113341.3	109330.0	110679.8	122859.6328	13731336729.77308	BTCUSDT	0.0	3.6689838104820294	0.8000126360320522	1.113901078873226	1.431175495464338	1.1042193823021649	1.1042193823021649	3.6689838104820294	104.46723330232722	44.41683305373614	-1711.7743777199357	-1727.1631394937745	15.388761773838723	3063.4697380248913	-3.2355983133518103	117696.2131756068	106669.31682439317	0.3637000882089034	0.0	0.0	0.0	0.0	0	0	Negative	-0.3146915697354014	0.0
2025-09-05 16:00:00	110679.8	111643.2	110176.1	110331.5	37937.4384	4204667626.6442	BTCUSDT	0.0	1.331595509370899	1.1075944989356745	1.2028901620031947	0.4827257448932547	-0.31469156973540147	-0.31469156973540147	1.331595509370899	-69.12131549199943	43.61507708010096	-1636.9385876714368	-1709.118229129307	72.17964145787028	2949.44332816597	-1.6049948631602955	116608.86946631898	106969.97053368101	0.3487462094800702	0.0	0.0	0.0	0.0	0	0	Medium	0.8566909722064842	2.0
2025-09-06 16:00:00	110331.5	111367.7	109919.5	111276.7	39507.1382	4370993581.86486	BTCUSDT	0.0	1.3175096320489057	1.0291194551226455	1.271920294364454	0.5988035797488025	0.8566909722064842	0.8566909722064842	1.3175096320489057	4.137600919307198	46.44051598469652	-1484.2514178309211	-1664.14486686963	179.89344903870892	2842.2116618684004	1.4963123493882495	115947.9143515351	107149.75564846491	0.46906909625248683	0.0	0.0	0.0	0.0	0	0	Medium	1.1599013989451494	2.0
2025-09-07 16:00:00	111276.7	112850.0	110568.6	112567.4	55723.95568129	6218180618.024417	BTCUSDT	0.0	2.0633344367207274	1.0308229578968864	1.0117786862800002	0.8813850234555595	1.1599013989451494	1.1599013989451494	2.0633344367207274	41.04781621790564	50.11644098182915	-1244.7483483794495	-1580.265563171594	335.5172147921446	2802.153686020657	0.5417967717272396	115802.54827419411	107178.68172580587	0.6248610462555512	0.0	0.0	0.0	0.0	0	0	Negative	-1.5372123723209332	0.0
2025-09-08 16:00:00	112567.4	113237.1	110730.1	110837.0	59914.89534074	6716142115.010562	BTCUSDT	0.0	2.2640637008365383	0.9602701179268301	0.9730516578832121	0.9481913491106112	-1.5372123723209332	-1.5372123723209332	2.2640637008365383	7.520894035986679	45.59806326095506	-1180.955933870413	-1500.403637311358	319.4477034409449	2781.0712798763243	-1.6036447763472998	115606.53418579188	107128.97581420813	0.43739294066330914	0.0	0.0	0.0	0.0	0	0	High	2.675911473605379	3.0
2025-09-09 16:00:00	110837.0	114274.7	110745.1	113802.9	65594.6164222	7376414767.260739	BTCUSDT	0.0	3.187138753768782	0.7730202507271162	0.9130524630629453	1.2678814057173	2.675911473605379	2.675911473605379	3.187138753768782	9.4796478390875	53.35977683767272	-880.921923256552	-1376.5072945003967	495.58537124384475	2834.5376170280147	5.046341978974652	115751.25009534389	107089.15990465609	0.7750715990652612	0.0	0.0	0.0	0.0	0	0	Low	0.2821544969416472	1.0
2025-09-10 16:00:00	113802.9	114665.9	113104.9	114124.0	72590.04355234	8268178522.790216	BTCUSDT	0.0	1.380134724490274	0.7622435954820422	0.9842921619753077	1.237341610076606	0.2821544969416472	0.2821544969416472	1.380134724490274	10.664636080976383	54.12292256986229	-610.1987306302472	-1223.245581726367	613.0468510961198	2743.5706443831564	4.872176581941152	115235.07316708959	107387.1068329104	0.8584253397914459	0.0	0.0	0.0	0.0	0	0	Medium	0.8220882548806535	2.0
2025-09-11 16:00:00	114124.0	116265.9	114034.9	115062.2	57336.44405413	6605373389.302689	BTCUSDT	0.0	1.9564186051813963	0.6565631528222207	0.8156436024132538	0.9213339172257509	0.8220882548806535	0.8220882548806535	1.9564186051813963	-21.0133494233429	56.36928091465355	-316.2976682520093	-1041.8559990314955	725.5583307794861	2706.9584554986454	5.798679242854169	115301.27201020307	107349.39798979694	0.9699351360962751	0.0	0.0	0.0	0.0	0	0	Medium	0.5782090034781213	2.0
2025-09-12 16:00:00	115062.2	116589.4	114981.5	115727.5	35384.42745417	4101288426.1418567	BTCUSDT	0.0	1.398398872862151	0.7450089867670874	0.8564629710805006	0.6083552630853405	0.5782090034781213	0.5782090034781213	1.398398872862151	-38.28632375463608	57.94195647516022	-29.356406636550673	-839.3560805525066	809.9996739159559	2628.4542801058847	6.428912356339023	115611.52516177425	107173.82483822576	1.0137448396812676	0.0	0.0	0.0	0.0	0	0	Negative	-0.4751679592145291	0.0
2025-09-13 16:00:00	115727.5	116118.1	115091.0	115177.6	26632.48313592	3078378965.203166	BTCUSDT	0.0	0.8924242555890607	0.8807672546806156	0.8898641860698381	0.5170592616267686	-0.4751679592145291	-0.4751679592145291	0.8924242555890607	-24.733887045609375	56.140700341053076	151.92300239705946	-641.1002639625934	793.0232663596529	2514.071831526893	3.9631942043689388	116068.48245702941	107021.50754297058	0.9015270335673206	0.0	0.0	0.0	0.0	0	0	Negative	-0.3333113383157912	0.0
2025-09-14 16:00:00	115177.6	116711.7	114320.0	114793.7	58676.85512313	6767599448.437114	BTCUSDT	0.0	2.0921098670398854	0.48557078446922985	0.6608703765446319	1.1706327470725617	-0.3333113383157912	-0.3333113383157912	2.0921098670398854	120.32063185272736	54.85853048352082	261.5952117265406	-460.56116882476664	722.1563805513072	2505.330986417829	2.3441484107256874	116448.08881900113	107157.65118099886	0.8219256311205508	0.0	0.0	0.0	0.0	0	0	Medium	0.9287966151452538	2.0
2025-09-15 16:00:00	114793.7	115950.0	114544.0	115859.9	43216.11578775	4983325333.294219	BTCUSDT	0.0	1.2274759044559296	0.502931235756365	0.6696276037580234	0.9766516049322433	0.9287966151452538	0.9287966151452538	1.2274759044559296	-26.348957017100744	57.74490118746719	429.5925812955102	-282.5304188007113	712.1230000962214	2426.807344530841	5.836157521169985	116969.03593653269	107026.61406346728	0.8884440883023275	0.0	0.0	0.0	0.0	0	0	Negative	-0.0205420512187463	0.0
2025-09-16 16:00:00	115859.9	117236.5	115425.0	115836.1	55741.79286611	6487977166.50226	BTCUSDT	0.0	1.5694173705869612	0.4440301452214358	0.654961379135725	1.2688679252441026	-0.020542051218746398	-0.020542051218746398	1.5694173705869612	28.9838104374723	57.65627828232219	554.4202345897502	-115.140288122619	669.5605227123692	2382.8568199214956	4.658754352646104	117399.03632984603	106915.88367015395	0.8509097043053142	0.0	0.0	0.0	0.0	0	0	Medium	1.4593032741951724	2.0
2025-09-17 16:00:00	115836.1	117830.0	114669.0	117526.5	91381.78465123	10637433034.863562	BTCUSDT	0.0	2.7566299522974824	0.7352613070330739	0.7191208207345083	1.6575749265777238	1.4593032741951724	1.4593032741951724	2.7566299522974824	63.93764884944788	62.104782020970944	780.7482223890693	64.03741397971866	716.7108084093506	2438.438475641389	6.521256395499019	118045.97748162142	107188.00251837856	0.9521570565984919	0.0	0.0	0.0	0.0	0	0	Negative	-1.4469928058778283	0.0
2025-09-18 16:00:00	117526.5	117855.5	115423.0	115825.9	45103.66475682	5263223460.014582	BTCUSDT	0.0	2.1074655831160167	0.5836361859523195	0.7113072870952329	0.7667556110542445	-1.4469928058778283	-1.4469928058778283	2.1074655831160167	-50.642608995913385	55.75831604201671	813.5129054524587	213.93251227426668	599.580393178192	2438.0142988098605	4.088187374355995	118274.00983045199	107660.36016954797	0.7693432599843812	0.0	0.0	0.0	0.0	0	0	Low	0.0897899347209907	1.0
2025-09-19 16:00:00	115825.9	116084.1	115059.3	115929.9	20222.479318	2337854940.6337366	BTCUSDT	0.0	0.8906711582636109	0.7377847458919106	0.5953218148667841	0.39548653674738216	0.08978993472099074	0.08978993472099074	0.8906711582636109	-55.16444300694609	56.05407734403803	838.20873514087	338.7877568475874	499.4209782932826	2337.0704203234422	2.9870992845175426	118410.77898439308	108241.00101560695	0.7560537710845221	0.0	0.0	0.0	0.0	0	0	Negative	-0.3952388469238713	0.0
2025-09-20 16:00:00	115929.9	116026.8	115271.9	115471.7	11049.62169861	1277418848.8680885	BTCUSDT	0.0	0.6548864033645743	0.8649492714922594	0.6684395349228379	0.2471958426346375	-0.39523884692387135	-0.39523884692387135	0.6548864033645743	-45.35970824915248	54.330772882110836	811.4535164051194	433.32090875909387	378.1326076460256	2224.058247443197	4.181545873670342	118364.93315275415	108960.3268472458	0.6923599926708719	0.0	0.0	0.0	0.0	0	0	Negative	-2.337369242853444	0.0
2025-09-21 16:00:00	115471.7	115622.9	111549.3	112772.7	87285.27443484	9880227570.900112	BTCUSDT	0.0	3.6518382455111693	1.2601381030983747	0.9410893565858365	1.7111885912282456	-2.337369242853444	-2.337369242853444	3.6518382455111693	689.9390297300417	45.46418202080976	565.9392736189184	459.8445817310588	106.0946918878596	2356.1683726258248	-0.9052493389887226	118298.06940212531	109225.77059787468	0.3909625860717327	0.0	0.0	0.0	0.0	0	0	Low	0.0508988434257659	1.0
2025-09-22 16:00:00	112772.7	113240.0	111434.8	112830.1	45473.49890488	5119098552.783848	BTCUSDT	0.0	1.6199607304001953	1.1930305800608398	0.9351579377662802	1.0871828990494259	0.05089884342576593	0.05089884342576593	1.6199607304001953	-47.90243921518885	45.6672615144853	371.7142768648191	442.21852075781084	-70.50424389299172	2316.813488866837	-1.133766779993686	118293.58954402264	109296.82045597736	0.39272760136942864	0.0	0.0	0.0	0.0	0	0	Low	0.4119468120652099	1.0
2025-09-23 16:00:00	112830.1	113852.5	111013.0	113294.9	57264.50200665	6439132437.992286	BTCUSDT	0.0	2.5578085449451864	1.2395570923436396	0.9142583704325222	1.2938476833045491	0.4119468120652099	0.4119468120652099	2.5578085449451864	25.929394890932063	47.37611968494754	252.3856979051925	404.2519561872872	-151.8662582820947	2354.148239662063	-1.5359518590814387	118036.03611155394	109936.76388844605	0.41462195849806194	0.0	0.0	0.0	0.0	0	0	Negative	-1.552232271708604	0.0
2025-09-24 16:00:00	113294.9	113888.5	110574.8	111536.3	63303.53239596	7087467637.817141	BTCUSDT	0.0	2.9967949297669967	1.1777348167836887	0.976604950284455	1.1972234538802107	-1.5522322717086041	-1.5522322717086041	2.9967949297669967	10.545853325693288	41.99439599560513	15.73127623705659	326.5478201972411	-310.8165439601845	2422.6876511147725	-3.621611112311246	117954.2847452143	110104.16525478571	0.18243477019177246	0.0	0.0	0.0	0.0	0	0	Negative	-2.29297547076602	0.0
2025-09-25 16:00:00	111536.3	111628.0	108577.6	108978.8	74849.11515573	8186093448.331613	BTCUSDT	0.0	2.8094192540634477	0.7397752320449177	0.9650274607839765	1.1403809654095205	-2.2929754707660193	-2.2929754707660193	2.8094192540634477	18.238449455795042	35.651681238493296	-373.87810001276375	186.46263615524012	-560.3407361680039	2467.5242474637166	-5.381949267913208	118175.20134083364	109747.97865916639	-0.09127309058056232	0.0	0.0	0.0	0.0	0	0	Low	0.3395155755064287	1.0
2025-09-26 16:00:00	108978.8	110244.9	108972.5	109348.8	27343.65054959	2992744791.2590146	BTCUSDT	0.0	1.1676340361100224	0.7956017230471609	1.0001421046404226	0.5096971313926589	0.33951557550642875	0.33951557550642875	1.1676340361100224	-63.46830487882297	37.131097824786764	-645.3512227154715	20.099864381097802	-665.4510870965694	2382.158229787736	-4.743204548681674	118396.33084015109	109334.0591598489	0.0016266164457579041	0.0	0.0	0.0	0.0	0	0	Medium	0.5679989172263357	2.0
2025-09-27 16:00:00	109348.8	109973.5	109136.2	109969.9	18112.91849538	1982573986.7678545	BTCUSDT	0.0	0.7672064814424572	1.019149049809511	1.0560274567272108	0.3759837021740382	0.5679989172263357	0.5679989172263357	0.7672064814424572	-33.758228578401756	39.63979629089731	-801.1429715826671	-144.14870281165517	-656.9942687710119	2271.8112133743266	-5.083726120944347	118547.96295313934	108922.67704686064	0.10879915291204344	0.0	0.0	0.0	0.0	0	0	High	3.428847348228935	3.0
2025-09-28 16:00:00	109969.9	114158.2	109944.1	113740.6	55674.39160573	6238191991.506285	BTCUSDT	0.0	3.832947834399473	1.296685542565895	1.218152943349423	1.1633557355637936	3.428847348228935	3.428847348228935	3.832947834399473	207.37394208410245	52.1288967529894	-613.2756184548634	-237.97408594029685	-375.3015325145666	2410.5461267047313	-1.809021539917176	118506.20827830741	109254.79172169259	0.48487799147904925	0.0	0.0	0.0	0.0	0	0	Negative	-0.6053247477154156	0.0
2025-09-29 16:00:00	113740.6	114742.4	112630.0	113052.1	50306.56768295	5718970035.522033	BTCUSDT	0.0	1.87552161946195	1.245187974425894	1.1477515726273837	1.1115673224723706	-0.6053247477154156	-0.6053247477154156	1.87552161946195	-9.641459507619558	50.0908889234692	-514.020277759817	-293.1833243042009	-220.83695345561608	2389.24997479725	-3.807141368116973	118482.74286448858	109203.17713551143	0.4147740289687916	0.0	0.0	0.0	0.0	0	0	High	3.805767429353369	3.0
2025-09-30 16:00:00	113052.1	117622.7	112744.3	117354.6	78317.53808814	9026965002.5287	BTCUSDT	0.0	4.326959322999029	1.5989178418919692	1.1875572088866246	1.7043702084106112	3.805767429353369	3.805767429353369	4.326959322999029	55.68054370499925	60.48696258272681	-87.17896778210707	-251.9824529997821	164.80348521767505	2567.046405168875	1.3198257039228807	118890.56651061687	109118.41348938317	0.8428220979266904	0.0	0.0	0.0	0.0	0	0	High	2.1518542945909136	3.0
2025-10-01 16:00:00	117354.6	119883.3	116693.0	119879.9	73778.79117718	8743491849.274368	BTCUSDT	0.0	2.7339257710402536	1.4445506598665856	1.1278115686097854	1.3356518314928723	2.1518542945909136	2.1518542945909136	2.7339257710402536	-5.795313568018464	65.08411918850405	449.68278753128834	-111.64940489356802	561.3321924248563	2611.564519085384	3.4072314389989122	119751.91472831412	108738.83527168588	1.0116212066016508	0.0	0.0	0.0	0.0	0	0	Medium	1.95912742669956	2.0
2025-10-02 16:00:00	119879.9	122358.5	119208.6	122228.5	67380.99452141	8110923307.466232	BTCUSDT	0.0	2.6423429182122713	0.9853793547120503	1.0879469150438967	1.0351709885011215	1.9591274266995602	1.9591274266995602	2.6423429182122713	-8.67159322305196	68.72815885183428	1052.5290882750414	121.18629374015387	931.3427945348876	2650.0170534364274	5.85147702857064	121067.04472255586	108073.80527744415	1.0893891998489338	0.0	0.0	0.0	0.0	0	0	Negative	-0.3945888233922554	0.0
2025-10-03 16:00:00	122228.5	123864.5	121437.1	121746.2	62585.74748573	7663878200.483445	BTCUSDT	0.0	1.99889490114635	0.9774429856302406	1.102956172750402	0.9415081907364946	-0.3945888233922554	-0.3945888233922554	1.99889490114635	-7.11661659157663	67.17763764949788	1474.3758585070318	391.8242066935295	1082.5516518135023	2634.115835333825	7.957156297579113	122109.90345593909	107687.80654406088	0.9747815135232146	0.0	0.0	0.0	0.0	0	0	Medium	0.8331266191470477	2.0
2025-10-04 16:00:00	121746.2	125798.3	121465.3	122760.5	87894.71828823	10884074408.060713	BTCUSDT	0.0	3.56727394572771	0.9040231389840613	1.1446024258423295	1.1879019819071988	0.8331266191470477	0.8331266191470477	3.56727394572771	40.43887277733741	68.77316696308061	1868.993403748551	687.2580461045338	1181.735357644017	2755.464704238552	8.801197552780678	123279.88888852546	107314.50111147453	0.9674678187728055	0.0	0.0	0.0	0.0	0	0	Medium	1.7738604844392176	2.0
2025-10-05 16:00:00	122760.5	125377.6	122261.5	124938.1	77668.90788253	9616825423.3529	BTCUSDT	0.0	2.548717298577235	0.5637061650269565	1.1415642730290008	1.0515432113593155	1.7738604844392176	1.7738604844392176	2.548717298577235	-11.634158007272823	71.92818476739814	2330.5793049634376	1015.9222978763146	1314.657007087123	2781.2243682215126	10.276896841781944	124774.70444954906	106727.50555045097	1.0090537900847936	0.0	0.0	0.0	0.0	0	0	Negative	-2.5138048361548733	0.0
2025-10-06 16:00:00	124938.1	126173.6	121131.9	121797.4	87176.77095299	10813368839.09446	BTCUSDT	0.0	4.1621571196357126	0.8667316866308685	1.1325007845356765	1.1389488467730753	-2.5138048361548733	-2.5138048361548733	4.1621571196357126	12.241530529616991	62.17157814946219	2415.121201300295	1295.7620785611107	1119.3591227391844	2942.6869133485484	9.199785182043865	125450.23737899489	106648.1026210051	0.8057221998452777	0.0	0.0	0.0	0.0	0	0	Low	0.2777563396262998	1.0
2025-10-07 16:00:00	121797.4	123317.2	120530.6	122135.7	72802.59303422	8877577370.067822	BTCUSDT	0.0	2.311944020854448	0.9107567095539358	0.898732825879292	0.9378665629888552	0.27775633962629986	0.27775633962629986	2.311944020854448	-16.4885413415017	62.75757844204604	2480.821875623471	1532.7740379735828	948.0478376498882	2931.5378481093658	12.072898582109543	126033.61838016541	106525.6416198346	0.8001884855588011	0.0	0.0	0.0	0.0	0	0	Negative	-0.8488918473468469	0.0
2025-10-08 16:00:00	122135.7	124140.6	120611.2	121098.9	84723.56357004	10373644785.949108	BTCUSDT	0.0	2.9262622376694774	0.7585510605140942	0.8497736749284611	1.0325429016839656	-0.8488918473468469	-0.8488918473468469	2.9262622376694774	16.374376294834292	59.70499228779432	2421.31759623994	1710.4827496268545	710.8348466130856	2974.2422875301263	10.745522584609974	126516.5514048301	106570.0085951699	0.7283914582828704	0.0	0.0	0.0	0.0	0	0	Negative	-1.7564156239239168	0.0
2025-10-09 16:00:00	121098.9	122455.0	118435.5	118971.9	92484.34772832	11169398000.350395	BTCUSDT	0.0	3.3938303971359938	0.7356473877045676	0.7770514135283463	1.11465552980375	-1.7564156239239168	-1.7564156239239168	3.3938303971359938	9.160124800303343	53.91150096897955	2177.428857734427	1803.8719712483692	373.5568864860577	3048.9035527065457	8.185876317064942	126719.25135244668	106671.50864755327	0.6135549290267153	0.0	0.0	0.0	0.0	0	0	Negative	-6.0857227631062365	0.0
2025-10-10 16:00:00	118971.9	119394.7	101668.1	111731.6	234036.10740403	26307996272.636303	BTCUSDT	0.0	17.43575418444919	6.402837373832693	4.634113649319032	2.048551534270824	-6.0857227631062365	-6.0857227631062365	17.43575418444919	153.0548283602857	39.7660710115807	1383.960144002369	1719.8896057991692	-335.9294617968003	4097.310441798935	-1.7662998085116484	126753.68891610339	106263.06108389661	0.26688000782035826	0.0	0.0	0.0	0.0	0	0	Medium	1.2214986628670743	2.0
2025-10-11 16:00:00	111731.6	113640.0	109470.5	113096.4	64619.60791021	7202358274.690704	BTCUSDT	0.0	3.8087886690935	6.43071875990761	4.6042641294226785	0.5888790451853047	1.2214986628670745	1.2214986628670745	3.8087886690935	-72.38904345701945	42.812113198083054	855.3979307478876	1546.991270788913	-691.5933400410254	4102.466838813297	0.039185472892576394	126747.21477073355	106301.90522926641	0.33232535594303425	-0.7085	0.9993466436862946	1.410508444852293	0.4869926505804061	0	0	Medium	1.0338083263481523	2.0
2025-10-12 16:00:00	113096.4	115867.6	113096.4	114265.6	76897.59488883	8812014582.944593	BTCUSDT	0.0	2.4502990369277997	6.411282964694661	4.613170673584722	0.6955769679352504	1.0338083263481523	1.0338083263481523	2.4502990369277997	19.000404638295656	45.36128818907008	524.8036277052161	1342.5537421721738	-817.7501144669577	4007.3763503266337	-2.6321933694972333	126734.02887371219	106458.6411262878	0.3850460948498476	0.1838285714285714	0.956897224698748	5.2053498099491495	0.724976628717695	0	0	Negative	-1.2568086983309112	0.0
2025-10-13 16:00:00	114265.6	115832.0	109796.7	112829.5	96088.87258927	10812731280.880093	BTCUSDT	0.0	5.496795441028741	6.202553182822676	4.537788558461388	0.8516606416346424	-1.2568086983309112	-1.2568086983309112	5.496795441028741	24.95692840352759	42.83559296899559	145.2496452335472	1103.0929227844485	-957.8432775509013	4152.2280395890175	-5.881219453803343	126743.04954655176	106403.08045344822	0.31595031030458753	0.0	0.0	0.0	0.0	0	0	Negative	-1.837374090995711	0.0
2025-10-14 16:00:00	112829.5	113568.7	110333.3	110756.4	76723.62098266	8614139502.529942	BTCUSDT	0.0	2.9323875928663368	6.263773266246562	4.561489871695754	0.6995660602328556	-1.837374090995711	-1.837374090995711	2.9323875928663368	-20.153479882510844	39.42313744353022	-319.1524737426371	818.6438434790315	-1137.7963172216687	4086.7403224755158	-9.385781548493195	126786.65119930789	106281.4888006921	0.21823339470893333	0.0	0.0	0.0	0.0	0	0	Negative	-2.0499041138931875	0.0
2025-10-15 16:00:00	110756.4	111947.2	108271.0	108486.0	86718.82875449	9599249663.509476	BTCUSDT	0.0	3.395369027717484	1.1671995327244353	4.523862717849496	1.0811513236130434	-2.0499041138931875	-2.0499041138931875	3.395369027717484	13.027549591395038	36.03719190015136	-860.477752442006	482.819524294824	-1343.29727673683	4057.4160137272643	-10.891674647750811	126836.62022388962	106182.23977611033	0.1115385779648191	0.0	0.0	0.0	0.0	0	0	Negative	-1.6084103017900877	0.0
2025-10-16 16:00:00	108486.0	109208.0	103469.3	106741.1	109325.76872954	11667923558.600552	BTCUSDT	0.0	5.546282810456819	1.460473933861241	4.522286910942444	1.2262997134603402	-1.6084103017900875	-1.6084103017900875	5.546282810456819	26.069240440334585	33.64548258680273	-1413.9812870077003	103.45936203431916	-1517.4406490420195	4177.507727032459	-13.049311464192467	127122.04210164263	105636.04789835737	0.05143127616936947	0.0	0.0	0.0	0.0	2025-10-22 17:57:37.121579+00:00	2025-10-22 17:57:37.268214+00:00	Low	0.1369669227692024	1.0
2025-10-17 16:00:00	106741.1	107507.6	106019.8	106887.3	26158.22475	2794716158.37115	BTCUSDT	0.0	1.4033227755570212	1.7733412460715265	4.5902391634002395	0.3311039306998603	0.1369669227692024	0.1369669227692024	1.4033227755570212	-76.07313897356389	34.04048198963757	-1819.8614774850284	-281.20480586955034	-1538.656671615478	3985.3857465301408	-14.447794547860102	127410.62817355769	105039.20182644232	0.08260976054376513	0.0	0.0	0.0	0.0	2025-10-22 17:57:37.121579+00:00	2025-10-22 17:57:37.268214+00:00	Medium	1.442640987282867	2.0
2025-10-18 16:00:00	106887.3	108566.0	106063.2	108429.3	21667.2558	2325057965.20792	BTCUSDT	0.0	2.359725145007885	1.5429353718464323	4.620413905583723	0.3379239184434503	1.442640987282867	1.442640987282867	2.359725145007885	-17.1684775741519	38.21792126127417	-1994.1110685714084	-623.786058409922	-1370.3250101614863	3879.486764635131	-10.975685852078938	127610.87516051019	104307.82483948983	0.17686419175743823	0.0	0.0	0.0	0.0	2025-10-22 17:57:37.121579+00:00	2025-10-22 17:57:37.268214+00:00	High	2.437348576445668	3.0
2025-10-19 16:00:00	108429.3	111648.7	107376.5	111072.1	30618.7518	3365616895.7725	BTCUSDT	0.0	3.978710425465532	1.5803720286023137	4.60399564960628	0.5577413080618556	2.437348576445668	2.437348576445668	3.978710425465532	41.313473577950745	44.68409409606409	-1897.0848385841236	-878.4458144447624	-1018.6390241393613	3907.5377100183355	-9.05844892197776	127641.92275434828	104078.77724565173	0.2967907129278314	0.0	0.0	0.0	0.0	2025-10-22 17:57:37.121579+00:00	2025-10-22 17:57:37.268214+00:00	High	2.0494795722778214	3.0
2025-10-20 16:00:00	111072.1	113464.6	107403.4	113348.5	51570.8045	5661344809.37306	BTCUSDT	0.0	5.643396763975826	1.8905730562477474	1.4839272628027134	1.0773508590632177	2.0494795722778214	2.0494795722778214	5.643396763975826	68.42882700397996	49.57921432535149	-1617.8547741942893	-1026.3276063946678	-591.5271677996216	4061.3707307313125	-6.400058134301793	127469.37561887513	103850.71438112487	0.40213056630384275	0.0	0.0	0.0	0.0	2025-10-22 17:57:37.121579+00:00	2025-10-22 17:57:37.268214+00:00	Negative	-4.396705734967825	0.0
2025-10-21 16:00:00	113348.5	113935.7	106674.9	108364.9	66846.4835	7299616476.24169	BTCUSDT	0.0	6.8064746252398685	2.2362578009209693	1.7810439813147925	1.6978047152423104	-4.396705734967825	-4.396705734967825	6.8064746252398685	29.62078863826917	41.0207439805704	-1778.19982603479	-1176.7020503226922	-601.4977757120978	4289.901392821934	-8.915550646833411	127134.88545382846	103033.70454617153	0.22120059072021422	0.0	0.0	0.0	0.0	2025-10-22 17:57:37.121579+00:00	2025-10-22 17:57:37.268214+00:00	Medium	1.361880092170069	2.0
2025-10-22 16:00:00	108364.9	110251.4	106621.5	109840.7	38879.5631	4217222363.30169	BTCUSDT	0.0	3.404472831464568	1.7791151984786004	1.7129784974302549	0.9275463494763372	1.361880092170069	1.361880092170069	3.404472831464568	-41.83753420626831	44.098196367478266	-1765.8342703424714	-1294.5284943266481	-471.3057760158233	4242.758436191795	-1.6923591893430405	126253.5978489083	102676.21215109169	0.30387117302711697	0.0381923809523809	0.0	38192380.95238096	0.0190961904761904	2025-10-23 19:17:40.593952+00:00	2025-10-23 19:17:40.598835+00:00	Low	0.15240252474721	1.0
2025-10-23 16:00:00	109840.7	112105.7	109281.8	110008.1	39608.3178	4385367636.7931	BTCUSDT	0.0	2.5840533373352144	1.7152682990686332	1.696009944114074	0.8704209578962305	0.15240252474721003	0.15240252474721003	2.5840533373352144	1.8743901471464777	44.452251702149994	-1722.6688432861993	-1380.1565641185584	-342.5122791676408	4141.411405035238	-2.7306793142840875	125321.97745349062	102434.02254650938	0.33091979970566937	0.0370067307692307	0.0	37006730.76923077	0.0185033653846153	2025-10-24 23:31:43.626601+00:00	2025-10-24 23:31:43.631436+00:00	Medium	1.2018205932108557	2.0
2025-10-24 16:00:00	110008.1	111896.8	109764.2	111330.2	14849.0419	1650518878.31424	BTCUSDT	0.0	1.9428921269412118	2.069977460177191	1.779418163892935	0.35061975494845743	1.2018205932108557	1.2018205932108557	1.9428921269412118	-62.51029398678476	47.29160012550834	-1563.7515560679021	-1416.8755625084273	-146.87599355947486	3997.92487610415	-2.5689271311750943	124038.52106465715	102574.44893534288	0.40792590576040166	0.0849153846153846	0.0	84915384.6153846	0.0424576923076923	2025-10-25 23:30:35.989009+00:00	2025-10-25 23:30:35.993770+00:00	High	2.080567536930683	3.0
2025-10-25 16:00:00	111330.2	113991.3	111092.7	113646.5	17866.4602	2011614785.23014	BTCUSDT	0.0	2.6091723398567197	1.9361262366940206	1.8117649103738118	0.5017263014909366	2.080567536930683	2.080567536930683	2.6091723398567197	20.320626208213483	51.927792819496915	-1236.6471110271523	-1380.8298722121724	144.18276118502013	3919.4016706681396	0.7241014096490723	122062.08870666058	103421.72129333942	0.5485288181258455	0.0534962264150943	0.0	53496226.41509433	0.0267481132075471	2025-10-26 23:32:09.848247+00:00	2025-10-26 23:32:09.853006+00:00	Medium	1.1289392986145637	2.0
2025-10-26 16:00:00	113646.5	116350.6	112854.6	114929.5	31084.9305	3571154132.1038	BTCUSDT	0.0	3.097791317323352	0.5580312745063124	1.6846858286630488	1.0923219811724032	1.1289392986145637	1.1289392986145637	3.097791317323352	73.98483052619453	54.3243244117945	-863.9282767527475	-1277.4495531202874	413.52127636753994	3889.158694191844	3.7678183834071945	120821.74336134062	103975.2766386594	0.6502386252063405	0.0851135922330097	0.0	85113592.23300971	0.0425567961165048	2025-10-27 23:31:35.859079+00:00	2025-10-27 23:31:35.863683+00:00	Negative	-0.3018372132481166	0.0
2025-10-27 16:00:00	114929.5	116050.5	113416.3	114582.6	29593.8312	3392596195.87162	BTCUSDT	0.0	2.3225938423313024	0.4235391458866917	1.5869022338991405	1.1125284503500192	-0.30183721324811663	-0.30183721324811663	2.3225938423313024	-4.796855826973775	53.547027768823504	-589.7396940391627	-1139.9075813040627	550.1678872649	3799.518787463855	5.619711299153813	119257.69430109696	104784.01569890307	0.6769933594913246	0.0023401960784313	0.0	2340196.078431367	0.0011700980392156	2025-10-28 23:33:28.571246+00:00	2025-10-28 23:33:28.575919+00:00	Negative	-2.7236247039253803	0.0
2025-10-28 16:00:00	114582.6	115549.6	111355.1	111461.8	38733.9696	4376201681.71919	BTCUSDT	0.0	3.766778531023725	0.7086440833144105	1.5386807814879455	1.4657718718882076	-2.7236247039253803	-2.7236247039253803	3.766778531023725	30.88528260578845	47.02783577063374	-617.1516056562687	-1035.356386174504	418.20478051823534	3827.731731216437	4.422570125284446	117457.06001997288	105620.93998002712	0.4934775923411173	-0.069757	0.0	-69757000.00000001	-0.0348785	2025-10-29 23:33:48.394494+00:00	2025-10-29 23:33:48.399332+00:00	Negative	-3.397756002504891	0.0
2025-10-29 16:00:00	111461.8	111983.6	107266.0	107674.6	76332.2095	8391144326.7595	BTCUSDT	0.0	4.398038521059801	0.8482840638947093	1.555299041920689	1.9712736209165702	-3.397756002504891	-3.397756002504891	4.398038521059801	97.0678716596091	40.57239329302347	-933.7079283687635	-1015.026694613356	81.31876624459244	3891.293750415263	0.7365702005757493	116042.09923794618	105906.17076205384	0.17447136117349926	-0.058642156862745	0.0	-58642156.86274509	-0.0293210784313725	2025-10-30 23:36:42.601019+00:00	2025-10-30 23:36:42.605989+00:00	High	2.315680764079917	3.0
2025-10-30 16:00:00	107674.6	111167.3	106237.6	110168.0	49592.5176	5407045837.04793	BTCUSDT	0.0	4.640259192602239	0.951398080581354	1.441146550766953	1.1004055418067147	2.315680764079917	2.315680764079917	4.640259192602239	-35.030679807585024	45.84325890324039	-972.1778914242022	-1006.4569339755253	34.27904255132307	3965.465625385601	1.6035333622922927	115963.00869518633	105828.90130481367	0.42816782258578057	-0.0125683168316831	0.0	-12568316.831683172	-0.0062841584158415	2025-10-31 23:31:03.565300+00:00	2025-10-31 23:31:03.570139+00:00	Low	0.0773364316316871	1.0
2025-10-31 16:00:00	110168.0	110531.5	108600.0	110253.2	17754.4159	1947393664.49908	BTCUSDT	0.0	1.7785451197053406	1.2705324754898364	0.9871665465625925	0.4187225093143388	0.07733643163168713	0.07733643163168713	1.7785451197053406	-64.19940596038624	46.019441658734614	-984.4426443431439	-1002.0540760490491	17.611431705905147	3820.1823664294866	-0.7372688550950317	115724.55253239902	105783.03746760101	0.44964600498644547	0.006201	0.0	6201000.000000003	0.0031005	2025-11-01 23:19:36.886339+00:00	2025-11-01 23:19:36.891040+00:00	Negative	-0.1657094760061359	0.0
2025-11-01 16:00:00	110253.2	111198.0	109792.4	110070.5	14344.2887	1584648951.12539	BTCUSDT	0.0	1.2802343331596777	1.5437946658414747	1.122725242141192	0.36451713138173064	-0.16570947600613595	-0.16570947600613595	1.2802343331596777	-19.20720579717861	45.67629060347574	-997.407420626143	-1001.1247449644678	3.717324338324829	3647.7121973988096	-2.8919659280890353	115251.4028865429	105836.67711345712	0.44970219936158584	-0.086080808080808	0.0	-86080808.08080807	-0.043040404040404	2025-11-02 23:19:54.479429+00:00	2025-11-02 23:19:54.484824+00:00	Negative	-3.959825748043305	0.0
2025-11-02 16:00:00	110070.5	110715.5	105469.8	105711.9	49676.5419	5344647793.15874	BTCUSDT	0.0	4.973651225279651	1.741567099141075	1.3017432317064954	1.195872609874997	-3.9598257480433046	-3.9598257480433046	4.973651225279651	246.31582603325603	38.33272700575237	-1343.8931294447102	-1069.6784218605164	-274.2147075841938	3761.8541832988944	-2.448209706279432	115215.87448688182	105160.44551311819	0.05484146805876168	-0.1289519999999999	0.0	-128951999.99999996	-0.0644759999999999	2025-11-03 23:20:48.144650+00:00	2025-11-03 23:20:48.149385+00:00	Negative	-2.4141085346115245	0.0
2025-11-03 16:00:00	105711.9	107716.7	102888.0	103159.9	56630.9561	5952165836.16807	BTCUSDT	0.0	4.693161495995643	1.7876409500387043	1.3248991521409732	1.5061527025224932	-2.4141085346115245	-2.4141085346115245	4.693161495995643	13.99939273953368	34.804402254481914	-1803.6196177846723	-1216.4666610453478	-587.1529567393245	3838.057455920402	-6.082262767808293	115683.3288914948	103933.3411085052	-0.06582484363302228	-0.0890861386138613	0.0	-89086138.61386138	-0.0445430693069306	2025-11-04 23:21:20.088865+00:00	2025-11-04 23:21:20.093678+00:00	Low	0.4800314851022652	1.0
2025-11-04 16:00:00	103159.9	103723.8	98888.0	103655.1	73971.2484	7483078059.80415	BTCUSDT	0.0	4.890178788123941	1.8313905433902684	1.3773473201987707	1.7415042899257698	0.4800314851022652	0.4800314851022652	4.890178788123941	30.619812014793073	36.034749188939294	-2103.7469847999164	-1393.9227257962616	-709.8242590036548	3909.3247804975167	-5.775029293297494	116009.22148970954	103124.35851029045	0.04119108527248668	-0.06781	0.0	-67809999.99999999	-0.033905	2025-11-05 23:21:26.516330+00:00	2025-11-05 23:21:26.521153+00:00	Negative	-1.6255833046323818	0.0
2025-11-05 16:00:00	103655.1	104485.8	101580.0	101970.1	30102.7114	3104078105.18611	BTCUSDT	0.0	2.8606024808033106	1.6261234283590498	1.3886487620105794	0.6697655223942042	-1.6255833046323818	-1.6255833046323818	2.8606024808033106	-59.3048487741894	33.7040041315901	-2449.331138617563	-1605.004408360522	-844.3267302570409	3837.6444390334086	-8.407512067704893	116485.21799951914	102171.26200048084	-0.014053557276154188	-0.0754679611650485	0.0	-75467961.16504852	-0.0377339805825242	2025-11-06 23:21:10.410623+00:00	2025-11-06 23:21:10.415310+00:00	Negative	-1.2053533339675118	0.0
2025-11-06 16:00:00	101970.1	102480.0	99188.9	100741.0	40685.3875	4106276894.58833	BTCUSDT	0.0	3.3180123985647647	0.9843777585700054	1.3242440882392081	0.810250103939152	-1.2053533339675118	-1.2053533339675118	3.3180123985647647	35.15522558542683	32.074322549288325	-2790.2232119662367	-1842.048169081665	-948.1750428845717	3798.6055505310223	-11.355827060226229	117045.95238908105	100995.89761091895	-0.015881416882500006	0.0160339622641509	0.0	16033962.264150944	0.0080169811320754	2025-11-07 23:20:35.250640+00:00	2025-11-07 23:20:35.255587+00:00	Medium	0.9269314380440964	2.0
2025-11-07 16:00:00	100741.0	104025.2	100460.0	101674.8	23716.5934	2429605628.16258	BTCUSDT	0.0	3.5488751741986833	0.886671807009686	1.3240836281670116	0.5267851349101802	0.9269314380440963	0.9269314380440963	3.5488751741986833	-41.707342961892635	34.659297802284925	-2951.015312601623	-2063.8415977856566	-887.1737148159664	3781.933725493092	-11.532896253790364	117324.26118297984	100042.13881702015	0.09447110420857079	0.0	0.0	0.0	0.0	2025-11-09 23:19:55.082833+00:00	2025-11-09 23:19:55.087505+00:00	Medium	1.9768910290455453	2.0
2025-11-08 16:00:00	101674.8	104116.1	101333.3	103684.8	19693.4782	2017060237.51266	BTCUSDT	0.0	2.746185113876685	0.8575348759222493	1.3217877337437176	0.5232911467528586	1.9768910290455453	1.9768910290455453	2.746185113876685	-16.96329288168342	39.95614954233111	-2883.020345149547	-2227.677347258435	-655.3429978911122	3710.5670308150143	-9.510868142283385	117144.33035559025	99483.33964440976	0.23789494169941783	0.029039	0.0	29039000.0	0.0145195	2025-11-09 23:19:55.082833+00:00	2025-11-09 23:19:55.087505+00:00	Medium	1.3036626390753483	2.0
2025-11-09 16:00:00	103684.8	106620.4	103264.3	105036.5	33369.7397	3515024067.43526	BTCUSDT	0.0	3.250009925986029	0.3331705447176076	1.2568909892911384	1.1306570532432736	1.3036626390753485	1.3036626390753485	3.250009925986029	69.4456375918399	43.28577194310331	-2689.0650818164286	-2319.954894170034	-369.1101876463945	3685.2479571853696	-5.764575845715755	116521.77078256049	99274.69921743954	0.3340741505481225	-0.0206990384615384	0.0	-20699038.46153846	-0.0103495192307692	2025-11-10 23:22:06.136198+00:00	2025-11-10 23:22:06.140932+00:00	Negative	-1.5083328176395854	0.0
2025-11-10 16:00:00	105036.5	107468.7	103167.0	103452.2	31469.5598	3313243937.71088	BTCUSDT	0.0	4.169647270929655	0.5174455006314536	1.1511040247881952	1.056488092363954	-1.5083328176395854	-1.5083328176395854	4.169647270929655	-5.694320414492173	40.45417405030529	-2632.844119583184	-2382.532739252664	-250.31138033051957	3729.280245957843	-3.921444797566008	116486.28062474533	98818.91937525469	0.26225085678139354	-0.0902019801980198	0.0	-90201980.1980198	-0.0451009900990099	2025-11-11 23:20:59.092705+00:00	2025-11-11 23:20:59.097380+00:00	Negative	-1.2723750679057602	0.0
2025-11-11 16:00:00	103452.2	105291.8	101914.8	102135.9	30364.5382	3148397474.76267	BTCUSDT	0.0	3.3135521043067344	0.5176400949248753	0.838135362458742	1.0952918921824246	-1.2723750679057602	-1.2723750679057602	3.3135521043067344	-3.51139833865741	38.21726581222245	-2663.7964241630543	-2438.7854762347424	-225.0109479283119	3704.1173712465684	-7.290774090479999	116354.13684361188	98180.58315638815	0.21764135466760626	-0.0596377358490566	0.0	-59637735.8490566	-0.0298188679245283	2025-11-12 23:22:02.794293+00:00	2025-11-12 23:22:02.799009+00:00	Negative	-0.7810182315914357	0.0
2025-11-12 16:00:00	102135.9	104000.0	100769.4	101338.2	42287.9331	4324887628.93063	BTCUSDT	0.0	3.2059335472871786	0.516637972316158	0.7379952591995935	1.3451622645582983	-0.7810182315914357	-0.7810182315914357	3.2059335472871786	39.26749954655989	36.88614494133913	-2721.3243388718984	-2495.293248762174	-226.03109010972457	3670.294701871814	-8.085933106703479	116179.79985196106	97487.93014803893	0.20598634127827065	-0.0912186274509804	0.0	-91218627.4509804	-0.0456093137254902	2025-11-13 23:21:47.651293+00:00	2025-11-13 23:21:47.656135+00:00	0	0.0	0.0
2025-11-13 16:00:00	101338.2	101510.9	94506.9	96757.1	76648.6698	7486103350.31203	BTCUSDT	0.0	7.411099083770603	1.80027663545371	1.3942173041380637	1.7896822661155953	-4.520605260405248	-4.520605260405248	7.411099083770603	81.25423538375773	30.348640655336595	-3100.8276983859832	-2616.400138686936	-484.4275596990474	3908.4165088809705	-12.095338896434553	116179.31436255257	96031.10563744744	0.03603270010042915	0.0	0.0	0.0	0.0	2025-11-14 23:20:41.892761+00:00	2025-11-14 23:20:41.897246+00:00	0	0.0	0.0
