timestamp	close	high	low	open	volume	symbol	gap_apertura_pct	volatilidad_diaria	vol_5d	vol_10d	vol_rel_5d	return_pct	close_open_pct	range_pct	volume_change_pct	rsi_14	macd	macd_signal	macd_diff	atr_14	momentum_12	bb_upper	bb_lower	bb_pctb	vader	finbert	sentiment_ratio	sentiment_combined	download_date	added_date	target_category	target	target_num
2025-06-05	266.2534484863281	267.85809072770155	262.7650640489441	262.83480862130494	8642900	CRM	0.0	1.9382434636777983	0.0	0.0	0.0	0.0	1.3006800290097007	1.9382434636777983	0.0	0.0	0.0	0.0	0.0	0.0	0.0	0.0	0.0	0.0	0.0	0.0	0.0	0.0	0	0	High	2.758845025779426	3
2025-06-06	273.5989685058594	273.9876583610231	267.3198586373146	269.07402729894693	7507000	CRM	1.0593586031106896	2.4943151465432227	0.0	0.0	0.0	2.758845025779426	1.681671491052215	2.4943151465432227	-13.14257945828368	0.0	0.0	0.0	0.0	0.0	0.0	0.0	0.0	0.0	0.0	0.0	0.0	0.0	0	0	Negative	-0.8232861599249818	0
2025-06-09	271.3464660644531	273.2900066380453	268.76506531732184	271.94448088835054	5728300	CRM	-0.6047126663320744	1.6836047182624123	0.0	0.0	0.0	-0.8232861599249818	-0.2199032765599446	1.6836047182624123	-23.69388570667377	0.0	0.0	0.0	0.0	0.0	0.0	0.0	0.0	0.0	0.0	0.0	0.0	0.0	0	0	Negative	-1.4802595878009523	0
2025-06-10	267.329833984375	272.8414798306025	265.95440905505984	271.1670627063478	6309700	CRM	-0.0661159736875728	2.5895681895301297	0.0	0.0	0.0	-1.4802595878009523	-1.415079207509875	2.5895681895301297	10.149608086168673	0.0	0.0	0.0	0.0	0.0	0.0	0.0	0.0	0.0	0.0	0.0	0.0	0.0	0	0	Negative	-0.8612348319562951	0
2025-06-11	265.0274963378906	268.615554670695	264.52915574767604	267.60889694524684	6568100	CRM	0.104389007658663	1.5447820530289036	0.4718394662598434	0.0	0.9448872137184946	-0.8612348319562951	-0.9646168856203512	1.5447820530289036	4.095281867600678	0.0	0.0	0.0	0.0	0.0	0.0	0.0	0.0	0.0	0.0	0.0	0.0	0.0	0	0	Low	0.3760757337766098	1
2025-06-12	266.0242004394531	268.12718331153366	262.5258394615067	263.8215433574824	8054000	CRM	-0.4550293826383574	2.133635249587797	0.4683373597682769	0.0	1.1786191980004157	0.3760757337766098	0.83490417573142	2.133635249587797	22.622980770694724	0.0	0.0	0.0	0.0	0.0	0.0	0.0	0.0	0.0	0.0	0.0	0.0	0.0	0	0	Negative	-3.188349402741604	0
2025-06-13	257.5424194335937	264.8182105404656	257.1437530315329	262.6055770302866	7659300	CRM	-1.2850798549602591	2.984500855438466	0.6055507867296736	0.0	1.1158848930925367	-3.188349402741604	-1.9280464847511516	2.984500855438466	-4.900670474298485	0.0	0.0	0.0	0.0	0.0	0.0	0.0	0.0	0.0	0.0	0.0	0.0	0.0	0	0	High	2.120746757671115	3
2025-06-16	263.0042419433594	263.1039161473845	259.09723822617013	259.52583426184844	7177000	CRM	0.7701313176356828	1.5463993165827834	0.6364008687053683	0.0	1.0032682753626836	2.120746757671115	1.3402934206547594	1.5463993165827834	-6.296920084080791	0.0	0.0	0.0	0.0	0.0	0.0	0.0	0.0	0.0	0.0	0.0	0.0	0.0	0	0	Negative	-0.4244311667401358	0
2025-06-17	261.8879699707031	269.60227296483674	261.23015670833786	262.9743488624542	9110100	CRM	-0.0113660071352136	3.2048812288721744	0.7829151382204822	0.0	1.1810285595758196	-0.4244311667401358	-0.4131121139572711	3.2048812288721744	26.93465236171102	0.0	0.0	0.0	0.0	0.0	0.0	0.0	0.0	0.0	0.0	0.0	0.0	0.0	0	0	Negative	-1.0840705257619694	0
2025-06-18	259.0489196777344	264.6192067427119	257.0224495786054	264.33969467609177	7628000	CRM	0.936173091747174	2.9556784539878094	0.7003002048289902	0.6249496372990305	0.9624410776110064	-1.0840705257619694	-2.001506056379628	2.9556784539878094	-16.268756654701924	0.0	0.0	0.0	0.0	0.0	0.0	0.0	0.0	0.0	0.0	0.0	0.0	0.0	0	0	Low	0.4354471895260832	1
2025-06-20	260.17694091796875	262.4130372842634	258.8093273202072	260.2368341803139	12859200	CRM	0.4585676342743821	1.392418890528452	0.871880192017991	0.6820195084601157	1.4470130711893705	0.4354471895260832	-0.0230149058390623	1.392418890528452	68.57891976927111	0.0	0.0	0.0	0.0	0.0	0.0	0.0	0.0	0.0	0.0	0.0	0.0	0.0	0	0	Medium	1.0666498699545055	2
2025-06-23	262.9521179199219	264.2797925758583	258.3002147445281	260.1869439795492	9283800	CRM	0.0038447148871668	2.314972071256052	0.8122651523355695	0.6773099478518416	1.007835755274317	1.0666498699545055	1.062764294810281	2.314972071256052	-27.804217991787983	0.0	0.0	0.0	0.0	0.0	0.0	0.0	0.0	0.0	0.0	0.0	0.0	0.0	0	0	High	2.945981594433416	3
2025-06-24	270.6986389160156	272.9047887455767	264.9785884009678	265.2481080930584	9713900	CRM	0.8731590341614036	2.9912606873031224	0.7384108198367945	0.6852023710712605	0.9994752546558288	2.945981594433416	2.0548801882669663	2.9912606873031224	4.632801223636872	0.0	0.0	0.0	0.0	0.0	1.66953346706259	0.0	0.0	0.0	0.0	0.0	0.0	0.0	0	0	Negative	-1.2575176829792791	0
2025-06-25	267.2945556640625	273.5236987631583	266.5159127766755	271.52717541452205	6074300	CRM	0.3060733891475077	2.6294062194908667	0.6552371972803523	0.686761899586573	0.666638132364045	-1.2575176829792791	-1.5588199391084503	2.6294062194908667	-37.46795828657903	53.23285270151509	0.0	0.0	0.0	6.51360824574421	-2.304253146941912	0.0	0.0	0.0	0.0	0.0	0.0	0.0	0	0	Medium	1.1129267010613892	2
2025-06-26	270.26934814453125	270.53889828610454	264.6990615672291	268.31276384948774	6708000	CRM	0.3809311352771913	2.2062173867557293	0.5955748585103788	0.6277951491958697	0.7513575512105952	1.1129267010613892	0.729217748336816	2.2062173867557293	10.432477816373902	57.37268698483004	0.0	0.0	0.0	6.465481708110729	-0.3969529935451698	0.0	0.0	0.0	0.0	0.0	0.0	0.0	0	0	Medium	0.989895650339774	2
2025-06-27	272.9447326660156	273.69342895541	268.961647690557	271.38741635670766	21741400	CRM	0.4136866499483708	1.75927731908341	0.4624847316134322	0.6582475353869145	2.031094104414309	0.989895650339774	0.5738351211026861	1.75927731908341	224.1115086463924	60.73873697997309	0.0	0.0	0.0	6.341645962163748	2.100363658613878	0.0	0.0	0.0	0.0	0.0	0.0	0.0	0	0	Negative	-0.2669990215626308	0
2025-06-30	272.2159729003906	275.89956084127255	269.92994518237754	273.98288506096105	8541900	CRM	0.3803526028163899	2.2115425744489565	0.4684082490169435	0.6264024184031164	0.8092062259021021	-0.2669990215626308	-0.6448987352539524	2.2115425744489565	-60.71136173383499	59.36363177042908	0.0	0.0	0.0	6.315072369073123	2.7123512321661973	0.0	0.0	0.0	0.0	0.0	0.0	0.0	0	0	Negative	-0.286032255927232	0
2025-07-01	271.4373474121094	273.5237107471009	270.1695659974102	271.60703484404195	6256800	CRM	-0.2236966662391629	1.2414961460621572	0.5282622275338728	0.6739247344123483	0.6342757043452873	-0.286032255927232	-0.062475344951948	1.2414961460621572	-26.75165946686334	57.856499947715	0.0	0.0	0.0	6.103577539117237	2.0348325316697182	0.0	0.0	0.0	0.0	0.0	0.0	0.0	0	0	Negative	-0.9929777628971024	0
2025-07-02	268.7420349121094	271.2376892659797	265.1882255493604	271.04801709792315	6115200	CRM	-0.1434328466211853	2.2811961971868517	0.4420379560816014	0.5931687430261702	0.6194075355577929	-0.9929777628971024	-0.8507651930103142	2.2811961971868517	-2.263137706175681	52.85413955483397	0.0	0.0	0.0	6.113973562233788	4.348648856816172	0.0	0.0	0.0	0.0	0.0	0.0	0.0	0	0	Medium	1.092079059846773	2
2025-07-03	271.6769104003906	274.2524425975935	268.8518432474582	269.2311875605756	5031800	CRM	0.1820156822977915	2.008764115172694	0.4206031714731241	0.5311797889923321	0.5275850282361477	1.092079059846773	0.9084099290186172	2.008764115172694	-17.716509680795394	57.19415371451226	0.0	0.0	0.0	6.070861713894524	3.2975393829955784	276.5364419766704	257.41081449305614	0.7459151821061482	0.0	0.0	0.0	0.0	0	0	Negative	-0.8634950775130571	0
2025-07-07	269.3309936523437	273.52370496536173	267.7437612099306	271.038043088596	6283500	CRM	-0.2351570145777498	2.1587594531845085	0.42500022153911	0.4687832215554012	0.9748147642510518	-0.8634950775130571	-0.629819126791109	2.1587594531845085	24.8757899757542	52.99474643513487	0.0	0.0	0.0	6.050081859718567	2.842063987312286	276.7379371372825	257.51707384904563	0.6146404365993371	0.0	0.0	0.0	0.0	0	0	Medium	1.426988666171604	2
2025-07-08	273.17431640625	276.3188347638184	269.2611474835743	270.3193024805398	6661200	CRM	0.3669495347690463	2.621130952684016	0.5113944313938592	0.4881538939870827	1.0974512743628186	1.426988666171604	1.0561635441907495	2.621130952684016	6.010981141083791	58.385615445387344	0.0	0.0	0.0	6.122053675470393	5.452791212597257	276.6611360913384	257.5514096850288	0.8175369123057084	0.0	0.0	0.0	0.0	0	0	Negative	-0.9976231587188384	0
2025-07-09	270.4490661621094	275.08098448855907	268.90174228847684	273.88305829378095	6373600	CRM	0.2594467506516775	2.29795543438806	0.2262493326173444	0.407595077628932	1.046042546766321	-0.9976231587188384	-1.2538169221069884	2.29795543438806	-4.317540383114154	53.68405617808365	0.0	0.0	0.0	6.126138570085524	3.9481305329742216	276.54435408482	257.57845170131293	0.6786186177984815	0.0	0.0	0.0	0.0	0	0	Negative	-2.56533599636654	0
2025-07-10	263.5111389160156	271.0180558401543	262.752450284728	270.42908510016537	7244600	CRM	-0.0073881053566041	3.1457767744770404	0.451651632763677	0.4987742987479771	1.1464897593583734	-2.56533599636654	-2.5581368888584506	3.1457767744770404	13.665746203087735	43.975495820436095	0.0	0.0	0.0	6.278957640467008	0.2125942169684259	276.47708059129445	257.2638556880024	0.3251553687347292	0.0	0.0	0.0	0.0	0	0	Negative	-2.2351009579566616	0
2025-07-11	257.62139892578125	262.492920795796	256.81280940259336	262.1235383841973	7011200	CRM	-0.5265813572535908	2.211771058622784	0.4096366056016346	0.4987934807690519	1.0441381898546795	-2.2351009579566616	-1.717563972380531	2.211771058622784	-3.2217099632829966	37.73640753630899	0.0	0.0	0.0	6.308912774249526	-4.830921959046715	276.9005597643459	256.09976677374	0.0731526030151092	0.0	0.0	0.0	0.0	0	0	Medium	0.623852576329661	2
2025-07-14	259.22857666015625	261.7741621336037	257.05237358555934	258.1504674879566	6533900	CRM	0.2053666987220056	1.836897470418692	0.4912819183509691	0.4918363003703222	0.9658531537790654	0.623852576329661	0.417628208343249	1.836897470418692	-6.807679141944317	40.22846065227761	-0.6763457541344451	0.0	0.0	6.195546758092013	-3.0176368478090603	277.0340350298964	255.2867291302599	0.1812568208718778	0.0	0.0	0.0	0.0	0	0	Negative	-0.8086855319538679	0
2025-07-15	257.1322326660156	261.35489058129264	256.782865446193	260.5463010496801	5201500	CRM	0.5083252805308413	1.7805024206561288	0.5470726577339754	0.5094343355252587	0.8035736355546766	-0.8086855319538679	-1.3103499723120184	1.7805024206561288	-20.392108847701984	38.0871255224776	-1.3202593642855618	0.0	0.0	6.079580927878273	-4.860749311272369	277.0798126992371	255.1999327841613	0.088314007634152	0.0	0.0	0.0	0.0	0	0	Low	0.1436555665523221	1
2025-07-16	257.5016174316406	258.5298257629847	254.0775718834422	258.4798943993192	5649500	CRM	0.5241123290264622	1.7523206973911631	0.5890658253188478	0.4260644300211706	0.8927583776591542	0.1436555665523221	-0.378473138095329	1.7523206973911631	8.612900124963954	38.706236677662346	-1.780237802738327	0.0	0.0	5.963343281568572	-5.657964190601075	277.36852143268925	254.3609615995373	0.1365053858331333	0.0	0.0	0.0	0.0	0	0	Medium	0.7482033555377442	2
2025-07-17	259.4282531738281	259.7477042264874	256.20385694414034	257.5415239545556	5837400	CRM	0.0154975814571609	1.3832138690713345	0.2945470413858979	0.4978579314686422	0.9653860783567896	0.7482033555377442	0.7325922400014401	1.3832138690713345	3.325958049384901	41.96592476992835	-1.966640419781868	0.0	0.0	5.790522138767033	-4.697637537692098	277.4634954939333	254.0200158586057	0.230692601923846	0.0	0.0	0.0	0.0	0	0	Medium	0.9619871673090462	2
2025-07-18	261.9239196777344	262.5228828134107	258.6695766633665	259.8475182026605	6381200	CRM	0.1616111675205526	1.489663453951104	0.1995637497346017	0.5362902391534797	1.0777779654432753	0.9619871673090462	0.7990845898533547	1.489663453951104	9.315791276938365	45.97398564606915	-1.8911859921421976	0.0	0.0	5.652149568143974	-3.5048337397474087	277.3429439460003	254.4280674065388	0.3271172881201019	0.0	0.0	0.0	0.0	0	0	Negative	-0.0381230991609539	0
2025-07-21	261.8240661621094	263.8505361071046	261.18519454322615	263.1617331266578	6714700	CRM	0.4725851119082204	1.0204795752453395	0.3102189334349453	0.6278270649783393	1.1272213884496194	-0.0381230991609539	-0.508306032436946	1.0204795752453395	5.226289726070331	45.83757935234966	-1.8184828208260344	0.0	0.0	5.438806139267864	-2.5742042000472627	277.2827758733894	254.6529480035637	0.3168878791211453	0.0	0.0	0.0	0.0	0	0	Low	0.4994725186961263	1
2025-07-22	263.1318054199219	265.42782567471664	261.54457292698646	262.5428346557154	5001400	CRM	0.2745234630803597	1.484738415434161	0.2647007119571811	0.5956732713398154	0.8452822790543602	0.4994725186961263	0.2243332083234378	1.484738415434161	-25.515659672062785	48.01307811929369	-1.6364771153731112	0.0	0.0	5.327695182729458	-3.14531881560166	277.2824491455553	254.67124348139788	0.3741756217774543	0.0	0.0	0.0	0.0	0	0	Medium	1.3771378714016431	2
2025-07-23	266.7554931640625	268.01331265693506	262.0436967131534	263.4612417340518	5620700	CRM	0.1251982114454665	2.278099423363086	0.4594774074267588	0.5940091184803369	0.95087530535875	1.3771378714016431	1.2503742138041185	2.278099423363086	12.38253289079058	53.577311682776575	-1.186161633045458	0.0	0.0	5.373546665661758	-0.956258488247248	276.88479436170536	254.67458369005243	0.5439349339188858	0.0	0.0	0.0	0.0	0	0	Low	0.1796352929924617	1
2025-07-24	267.23468017578125	268.8318745893041	265.1782634270665	267.5141922446008	5877100	CRM	0.2844174159411481	1.377794361807669	0.4599200731008058	0.3895551612148309	0.9929177465188496	0.1796352929924617	-0.1044849495551142	1.377794361807669	4.561709395626879	54.27427639321434	-0.7816071017052764	-1.2877841073925622	0.5061770056872859	5.25069412970289	-2.174302587669203	276.8801975967622	254.67319290616751	0.5656542809185746	0.0	0.0	0.0	0.0	0	0	Medium	0.526691079083486	2
2025-07-25	268.6421813964844	270.62874282091667	266.5458562766691	267.54411793925857	4015400	CRM	0.1157925173760299	1.5317764084877088	0.4593784535024608	0.3388928203911748	0.7373307429864153	0.526691079083486	0.4104233222107699	1.5317764084877088	-31.67718772864168	56.34737195870922	-0.3434619202093927	-1.0989196699559285	0.7554577497465356	5.1672793021703685	-0.6681053816403043	276.6892763254704	254.70139750265463	0.6340213172070082	0.0	0.0	0.0	0.0	0	0	Low	0.4236233490747746	1
2025-07-28	269.7802124023437	269.8700522955965	266.1265710874234	269.0315161607091	4533700	CRM	0.1449268920468231	1.406654432466795	0.3752553065920209	0.3318023092165911	0.9049915563132028	0.4236233490747746	0.2782931354359844	1.406654432466795	12.907804950938887	58.005217515781695	0.094511415278589	-0.8602334529090249	0.954744868187614	5.065579438313423	2.3790544536814067	276.1951152025285	254.87910659922932	0.6990570364476237	0.0	0.0	0.0	0.0	0	0	Negative	-1.058272940370502	0
2025-07-29	266.9252014160156	273.5236964033565	266.84532342262327	271.1278744985686	5137100	CRM	0.499540749940186	2.502713142982904	0.53042996372695	0.4462746746654608	1.0199134371029226	-1.058272940370502	-1.5500704567265549	2.502713142982904	13.309217636808787	52.60739225107866	0.2088257001244073	-0.6464216223023385	0.8552473224267458	5.180778977057694	3.611424566836829	275.5086385925125	255.03650606080785	0.5807257908669784	0.0	0.0	0.0	0.0	0	0	Negative	-0.9648886625153418	0
2025-07-30	264.34967041015625	267.3045164234517	262.87223217124426	266.4060870133077	3928200	CRM	-0.1944793522507742	1.6860983054764276	0.4644092606399587	0.444626566999763	0.8360896494476726	-0.9648886625153418	-0.7719105168376689	1.6860983054764276	-23.532732475521208	48.245708874911365	0.0905529290931781	-0.4990267120232352	0.5895796411164134	5.127315068139817	1.9755128142039895	274.75913152917394	255.077245423951	0.4711146552029197	0.0	0.0	0.0	0.0	0	0	Negative	-2.447042960168364	0
2025-07-31	257.88092041015625	264.57927806209267	257.41173621285475	264.5393390657507	7340300	CRM	0.0717491553139355	2.784465834654506	0.6197528997071281	0.5670255997144338	1.470724953615952	-2.447042960168364	-2.516986199145044	2.784465834654506	86.86166692123619	39.40816068518711	-0.519168506091944	-0.503055070836977	-0.016113435254967	5.273045552503967	0.2911683752666986	274.5065092688814	254.24375623404828	0.1795000003136506	0.0	0.0	0.0	0.0	0	0	Negative	-2.938093370580415	0
2025-08-01	250.3041381835937	255.5450119838445	249.69519795179784	254.54675030760632	7646900	CRM	-1.292910734631697	2.3427819517682207	0.5770045155082144	0.5863100567283246	1.3375160042258152	-2.938093370580415	-1.6667319928011852	2.3427819517682207	4.176940996961977	32.011603030944	-1.5953697112067289	-0.7215179989109274	-0.8738517122958015	5.481093902922141	-2.795120015103462	274.576464081769	252.03652419948097	-0.0768585020605394	0.0	0.0	0.0	0.0	0	0	Medium	0.6301355065358949	2
2025-08-04	251.8813934326172	253.05933489896373	250.20430589594127	250.56368070863863	4403500	CRM	0.1036908646130993	1.1410790844702106	0.6671002437192685	0.5685147632079054	0.7737384031487208	0.6301355065358949	0.5258993323580788	1.1410790844702106	-42.41457322575161	34.75684297384723	-2.294545510605815	-1.036123501249905	-1.2584220093559098	5.293517838643592	-2.9090354072400184	274.384537271338	250.48349098793935	0.0584870816157022	0.0	0.0	0.0	0.0	0	0	Negative	-1.9142380591761252	0
2025-08-05	247.05978393554688	252.84968938285687	246.58060737109287	252.57017733639083	6761000	CRM	0.2734556508469936	2.542406752340142	0.6734244978215194	0.5902323809472143	1.1238401723409983	-1.9142380591761252	-2.181727652471345	2.542406752340142	53.5369592369706	30.678743525128358	-3.200813968469845	-1.4690615946938932	-1.7317523737759517	5.363200993866479	-5.674982170576867	273.78521792039606	248.47135709181092	-0.0557628552129069	0.0	0.0	0.0	0.0	0	0	Medium	0.6788147469228865	2
2025-08-06	248.7368621826172	249.82496376334453	246.59060565312643	248.93651147313145	5834700	CRM	0.7596248598979481	1.3116307093903636	0.7476118663102652	0.6110076139703059	0.9120595002876224	0.6788147469228865	-0.0802008870988005	1.3116307093903636	-13.70063600059163	33.597178356604914	-3.740592826363752	-1.923367841027865	-1.817224985335887	5.211140787891594	-4.998472512984805	273.03566737310024	247.0496872411576	0.0649263538605461	0.0	0.0	0.0	0.0	0	0	Negative	-3.3270456644991127	0
2025-08-07	240.4612731933593	252.5701767540096	236.5580664525636	250.25421762687853	10010200	CRM	0.6100243570441648	6.7687864301414	2.290832477909406	1.6427555249507124	1.4442107207059034	-3.3270456644991127	-3.913198557204827	6.7687864301414	71.56323375666273	27.4548512625921	-4.781029596490782	-2.494900192120449	-2.286129404370333	5.982638610288338	-8.615656397136622	274.3104648220383	243.46990321995392	-0.097554320359435	0.0	0.0	0.0	0.0	0	0	Negative	-0.1536023839272385	0
2025-08-08	240.0919189453125	242.527679960524	237.4165848677949	240.8705618623372	8812000	CRM	0.1702098069857617	2.152796147571244	2.3023013908877004	1.6177576364034745	1.229991010959929	-0.1536023839272385	-0.3232619673423285	2.152796147571244	-11.969790813370365	27.21569681502079	-5.571166098896185	-3.110153373475596	-2.461012725420589	5.920385501891249	-9.995510833717344	275.4798264806105	240.54759356333489	-0.013044531653658	0.0	0.0	0.0	0.0	0	0	Negative	-3.255582705801649	0
2025-08-11	232.2755279541016	241.449555529182	231.16747207619568	238.5046865237461	10740100	CRM	-0.6610936463579741	4.447893711273189	2.184552670719179	1.6815190246745868	1.2737914512073627	-3.255582705801649	-2.6117552071767447	4.447893711273189	21.880390376758964	22.70772793396388	-6.750259607499601	-3.838174620280397	-2.9120849872192034	6.231935355540896	-13.081817149886488	277.4024068035222	235.9297083698177	-0.088110505313692	0.0	0.0	0.0	0.0	0	0	Negative	-0.438366883980083	0
2025-08-12	231.2573089599609	233.2638094923237	226.0863054358169	232.59497598153607	13178000	CRM	0.1375297820860403	3.174674398199848	2.1370485635910765	1.6831624400617868	1.3564590838908903	-0.438366883980083	-0.5751057244165689	3.174674398199848	22.699043770542172	22.19205008436711	-7.678350229356795	-4.606209742095677	-3.0721404872611178	6.29947597703846	-13.916233199933622	278.8750452761623	231.86957752657204	-0.0130254754590006	0.0	0.0	0.0	0.0	0	0	High	2.318048567800901	3
2025-08-13	236.6179656982422	236.93741674855283	229.2108658321392	232.6049494642353	10209200	CRM	0.5827450428854148	3.3709357051476383	1.757440704309277	1.639099544842191	0.9640506520363744	2.318048567800901	1.7252497177081474	3.3709357051476383	-22.528456518439825	31.06749881727572	-7.890353452779692	-5.26303848423248	-2.6273149685472124	6.401409901279544	-12.292319888400169	279.17678145842376	229.4794761709708	0.1436393680901178	0.0	0.0	0.0	0.0	0	0	Negative	-1.5441096098889566	0
2025-08-14	232.96432495117188	236.58801974822248	232.4651941078212	236.58801974822248	7544800	CRM	-0.0126558226174164	1.7735238413751753	1.0589160888184967	1.6846689877009065	0.7472451722423495	-1.5441096098889566	-1.5316476298787014	1.7735238413751753	-26.09802922853897	28.6673079163034	-8.257992807617711	-5.862029348909526	-2.3959634587081853	6.240792879075362	-12.72299366439893	279.3968310212644	226.6130337858645	0.1203265300710087	0.0	0.0	0.0	0.0	0	0	High	3.886537132676809	3
2025-08-15	242.01856994628903	244.07498661929336	234.22214847548955	235.7394952982848	12942800	CRM	1.1912426281125148	4.206621025353146	1.054232052835803	1.7186067264731868	1.1849147393843071	3.886537132676809	2.6635649830586217	4.206621025353146	71.54596543314601	40.86075163596549	-7.729645205015686	-6.235552520130758	-1.4940926848849276	6.588640649721513	-8.447561303639613	278.482300758117	225.5370290758674	0.3112939143902293	0.0	0.0	0.0	0.0	0	0	Medium	0.6310790496571914	2
2025-08-18	243.5458984375	244.0949453970176	239.0736904652066	239.3532025114584	8809200	CRM	-1.101306992856856	2.10029590543413	0.9886584821712272	1.6218489175036286	0.8360413028623491	0.6310790496571914	1.751677388081279	2.10029590543413	-31.937447847451867	42.64188933554797	-7.105772358037001	-6.409596487712006	-0.6961758703249945	6.476684527013619	-5.558775713168925	277.4115713284638	224.7799417330596	0.3565528342690538	0.0	0.0	0.0	0.0	0	0	Medium	0.8320706741622592	2
2025-08-19	245.57237243652344	248.0680266279515	243.0268021148139	244.5741107599522	8642200	CRM	0.4221842080071228	2.074349194931986	1.040357063206811	1.6489800142319528	0.8974582642757154	0.8320706741622592	0.4081632653061278	2.074349194931986	-1.8957453571266405	45.0084148961749	-6.374349582185317	-6.4025471066066695	0.0281975244213521	6.374151668879618	-1.8904065196075936	276.035744355532	224.3998254076516	0.4100352518223356	0.0	0.0	0.0	0.0	0	0	Low	0.1829272346652577	1
2025-08-20	246.02159118652344	247.1396546405921	244.0250678005792	245.2728949167944	8195100	CRM	-0.1219508191241863	1.276338889313701	1.1236229698814495	1.653355482968949	0.8881824940770493	0.1829272346652577	0.3052503090416996	1.276338889313701	-5.173451204554396	45.54477619274408	-5.692820275382019	-6.260601740361739	0.5677814649797206	6.141325609674853	-2.3264133035937617	273.90133520512035	224.46084436030932	0.436094918513071	0.0	0.0	0.0	0.0	0	0	Negative	-0.2515680596077904	0
2025-08-21	245.4026794433593	245.8618713025972	239.60278131124227	244.6140441577436	5646800	CRM	-0.5721233742093397	2.612277686052573	1.0900526700101023	1.0509409123300142	0.6382569892011276	-0.2515680596077904	0.3223998394414069	2.612277686052573	-31.095410672230965	44.89507240095068	-5.143354999986457	-6.037152392286683	0.8937973923002263	6.161145914361019	-0.6707301632789786	271.41314775478827	224.76583173739925	0.442401609950444	0.0	0.0	0.0	0.0	0	0	Medium	1.0006833425461492	2
2025-08-22	247.8583831787109	249.0962331323101	243.68565671234853	245.35275187227785	6694300	CRM	-0.0203451613465222	2.220309760105541	0.4864694949183968	1.0471094879577727	0.8811164695848119	1.0006833425461492	1.0212362760607652	2.220309760105541	18.550329390097044	48.06100938016738	-4.458351936386521	-5.7213923011066505	1.2630403647201298	6.107533807618201	-0.3531760416199663	268.38574957166145	225.71485009874863	0.5189375746348825	0.0	0.0	0.0	0.0	0	0	Negative	-0.1691553627088564	0
2025-08-25	247.43911743164065	248.9365099497305	246.36099299074417	248.9365099497305	4957700	CRM	0.434976923997052	1.04542400471778	0.6604672608250797	0.9756929467547544	0.7261667267203927	-0.1691553627088564	-0.6015158316440679	1.04542400471778	-25.94147259608921	47.558621466375136	-3.9043068955957674	-5.357975220004474	1.4536683244087074	5.8552468898587815	2.9018578108710056	264.5587818836233	227.3077082897166	0.5404249381208984	0.0	0.0	0.0	0.0	0	0	Negative	-1.6661887486379563	0
2025-08-26	243.3163146972656	248.3974631458032	242.4278623845896	246.27116082901887	8862300	CRM	-0.4720177693587408	2.4624235442638085	0.7146300043180647	0.9369066036738708	1.2897672035906182	-1.6661887486379563	-1.1998344109015515	2.4624235442638085	78.7582951771991	42.81873456436	-3.754617045916774	-5.037303585186934	1.28268653927016	5.863415023526983	1.34298387305886	260.70817741440413	228.7974240870608	0.4549842638081512	0.0	0.0	0.0	0.0	0	0	High	2.633949451077896	3
2025-08-27	249.7251434326172	249.93476985359308	245.18304978021305	245.3228058049517	6506900	CRM	0.8246430619264453	1.938029597739144	0.6198393027941078	0.8640846698080585	0.995913432104812	2.633949451077896	1.794508102587752	1.938029597739144	-26.57775069677172	50.99491814826396	-3.083305417896156	-4.6465039517287785	1.5631985338326224	5.917346461584161	7.512464025897596	257.45930690574164	230.5838418979693	0.712222152402284	0.0	0.0	0.0	0.0	0	0	Medium	1.7468790608229243	2
2025-08-28	254.0875396728516	255.2055878602424	249.85490474131413	252.0411002187948	8461200	CRM	0.9274023249495228	2.141516142926255	0.5454490767951017	0.853043631724723	1.1923094266453227	1.7468790608229243	0.811946723086149	2.141516142926255	30.034271311991883	55.64412772919184	-2.174214209623159	-4.152046003307655	1.977831793684496	5.886139173444236	9.872220175684664	256.5707119999791	231.09309873000137	0.9025351275720312	0.0	0.0	0.0	0.0	0	0	Medium	0.6757614950527099	2
2025-08-29	255.8045654296875	257.1921638417244	252.4304359459877	254.956036875844	7363200	CRM	0.3418102296990408	1.8863525223858235	0.5259384635157219	0.4851846271338211	1.0183866140360098	0.6757614950527099	0.3328136741695203	1.8863525223858235	-12.976882711672102	57.35888609118922	-1.300215177415282	-3.581679838129181	2.2814646607138984	5.80582408217941	8.108682565513178	257.6075047059616	230.60634874862828	0.93322733000309	0.0	0.0	0.0	0.0	0	0	Negative	-1.3229277168630114	0
2025-09-02	252.4204559326172	254.54675824362107	248.31759970607249	254.37705558124145	9312500	CRM	-0.5580470567631158	2.5085449218750053	0.2888306237377195	0.5131973893164697	1.149518220712436	-1.3229277168630114	-0.7691730074292707	2.5085449218750053	26.473544111255976	53.00922388548511	-0.8705982866777902	-3.039463527838903	2.1688652411611127	5.925905627996239	8.351549528247821	257.69843612713805	230.56932357745177	0.8054495817047322	0.0	0.0	0.0	0.0	0	0	Medium	1.4197563663860644	2
2025-09-03	256.00421142578125	257.5515047920152	250.1144585721869	254.61661311419977	17417900	CRM	0.8700393054391895	2.97345713729774	0.4537996710374197	0.5964546309589543	1.775101555796069	1.4197563663860644	0.5449755593752729	2.97345713729774	87.03785234899328	56.7496659841653	-0.2381988795321206	-2.4792105981775467	2.241011718645426	6.033844241698529	5.778747260012336	259.06094689221794	230.10125556139536	0.8944486171652207	0.0	0.0	0.0	0.0	0	0	Negative	-4.850850174746022	0
2025-09-04	243.58583068847656	244.79373404149973	234.21215398267373	239.6427000400819	30967500	CRM	-6.391110245638575	4.517946604773037	1.0409817386140403	0.8992057952465026	2.105993691709862	-4.850850174746022	1.6454207233248253	4.517946604773037	77.79123774967131	43.75305814840512	-0.7306548002196962	-2.129499438585977	1.3988446383662807	7.159430898942029	0.0163961911215721	258.6812877087755	229.96581159542373	0.4743093598479445	0.0	0.0	0.0	0.0	0	0	High	2.766279948289992	3
2025-09-05	250.3240966796875	250.6934638640768	243.93522793671383	244.4044121510549	13029400	CRM	0.3360546302158436	2.770504278749073	0.976693017921506	0.9041358802726204	0.8342500048021206	2.766279948289992	2.422085786640344	2.770504278749073	-57.92556712682652	50.39183041450287	-0.5706300459015097	-1.817725560049084	1.247095514147574	7.155731061560472	1.9349588050228688	259.2869971904916	230.34638446234044	0.6903002505511676	0.0	0.0	0.0	0.0	0	0	Medium	0.6021734518970541	2
2025-09-08	251.8314819335937	252.5003154410292	246.8701200934058	250.3640360241148	12602200	CRM	0.0159550538510089	2.280630537828209	0.8826144850809182	0.9026595232087944	0.7561667836720489	0.6021734518970541	0.5861248815055667	2.280630537828209	-3.278738852134404	51.76342608356643	-0.3185043629086692	-1.517881320621001	1.1993769577123317	7.046764224850679	2.3615369362705385	260.0114873573826	230.7958505942775	0.7200127626819691	0.0	0.0	0.0	0.0	0	0	Negative	-0.0832463444681166	0
2025-09-09	251.6218414306641	254.8961385850357	250.77332812581253	250.88313752200096	10901900	CRM	-0.3765789742851931	1.6440386583515587	1.0702017289913692	0.8145265363140111	0.6419006840644427	-0.0832463444681166	0.2944414343504239	1.6440386583515587	-13.492088682928378	51.54995610043979	-0.1340637754652789	-1.2411178115898565	1.1070540361245775	6.837910384448713	2.53426816749172	259.89537283602084	232.8465964632955	0.6941254831142982	0.0	0.0	0.0	0.0	0	0	Negative	-3.764973433758521	0
2025-09-10	242.1483459472656	253.54849264237936	241.30979454943912	252.3106426606466	11363600	CRM	0.2737446105895063	5.07177842316417	1.472669919425258	1.146900096007986	0.7204499864324424	-3.764973433758521	-4.027692453325927	5.07177842316417	4.235041598253515	42.93348083641061	-0.7437516868224066	-1.1416445866363665	0.3978928998139599	7.22368093505525	-2.303749890649557	258.73096818391576	235.10010481413104	0.2982642243256626	0.0	0.0	0.0	0.0	0	0	Medium	1.529449632545193	2
2025-09-11	245.8518829345703	246.74033521181664	243.0767167098116	243.27636599741192	6944900	CRM	0.4658384288084196	1.507186106343015	1.4434187801414726	1.189080236169416	0.6331734801794245	1.529449632545193	1.0586794679372171	1.507186106343015	-38.88468443099018	46.68528010947478	-0.917512750159716	-1.0968182193410363	0.1793054691813205	7.035702958590663	-0.64146466150763	258.22942350026875	236.52504122141085	0.4297215923184638	0.0	0.0	0.0	0.0	0	0	Negative	-1.429269304796027	0
2025-09-12	242.33799743652344	247.15960312872315	240.8306277989925	245.6722029896189	8386400	CRM	-0.0730846324244836	2.627977756638608	1.441969846936338	1.172151243152907	0.8353154445307676	-1.429269304796027	-1.3571765598716767	2.627977756638608	20.756238390761567	43.74656318440147	-1.323504303898858	-1.1421554362526007	-0.1813488676462571	6.985222413672091	-0.4020763104025237	256.8138473459415	238.87798462427324	0.1929103085780294	0.0	0.0	0.0	0.0	0	0	Negative	-0.0988549013424936	0
2025-09-15	242.0984344482422	244.2846300327789	240.4213468527663	242.8271612323328	7244600	CRM	0.2018518767109519	1.6068802669084357	1.512124294826544	1.1988231740068114	0.8078026109800318	-0.0988549013424936	-0.3001010185155432	1.6068802669084357	-13.614900314795385	43.545313131726594	-1.6456166222308752	-1.2428476734482556	-0.4027689487826196	6.762226754124983	-3.054041286969127	256.80752304098274	238.89229537942728	0.178961670450608	0.0	0.0	0.0	0.0	0	0	Negative	-1.323609243142151	0
2025-09-16	238.8939971923828	242.2581341372533	236.8276034616072	242.0984238469874	8779800	CRM	-4.378902660062846e-06	2.293031131620799	1.4476659389065183	1.2055821063448693	1.027615152870014	-1.323609243142151	-1.3236049221988622	2.293031131620799	21.190956022416696	40.83896580313005	-2.134854981821917	-1.421249135122988	-0.713605846698929	6.667105605662207	-5.979648785623689	257.22768427387456	238.0069440220238	0.0461508328366078	0.0	0.0	0.0	0.0	0	0	Medium	1.388067327122486	2
2025-09-17	242.2100067138672	243.0	239.3800048828125	239.97000122070312	10124000	CRM	0.4504106595251951	1.5122378825915948	0.5183046330434976	1.2600304750952989	1.2203559813595566	1.388067327122486	0.9334522989412763	1.5122378825915948	15.310143739037334	44.671117506962055	-2.2293075811343783	-1.5828608243252662	-0.6464467568091121	6.484169691516135	-5.314431622041172	257.31112246575435	237.5872692578784	0.2343729395705955	0.0	0.0	0.0	0.0	0	0	Medium	0.854626979914606	2
2025-09-18	244.27999877929688	247.2899932861328	242.9499969482422	244.1600036621093	9344400	CRM	0.8050852129101813	1.7863743125772558	0.4775703855706465	1.0767618555457887	1.0647869605644589	0.854626979914606	0.0491460990284245	1.7863743125772558	-7.700513630975898	46.9799104588025	-2.11277611861118	-1.6888438831824488	-0.4239322354287309	6.383870897283956	-3.224959373139466	257.30336444820034	237.4208680347097	0.3449833764301911	0.0	0.0	0.0	0.0	0	0	Medium	1.1503183120336296	2
2025-09-19	247.08999633789065	247.1999969482422	243.3500061035156	246.0200042724609	11813900	CRM	0.7122996159567291	1.5820796170799734	0.3167135640833802	1.0858414751549184	1.248649768426037	1.1503183120336296	0.4349207571936936	1.5820796170799734	26.42759299687513	50.02835752772784	-1.7732399695828178	-1.7057231004625228	-0.0675168691202949	6.202879464958429	-3.482057985782369	257.34834437871666	237.5446197936465	0.481999055442344	0.0	0.0	0.0	0.0	0	0	Medium	1.0522506544377217	2
2025-09-22	249.69000244140625	250.47999572753903	243.1600036621093	245.27999877929688	7523800	CRM	-0.7325256325305225	3.010360238191751	0.6241239851583751	1.116602444923961	0.7905493013686827	1.0522506544377217	1.7979467074596245	3.010360238191751	-36.31400299647026	52.73617965560114	-1.2796058620057238	-1.620499652771163	0.3408937907654392	6.282673222134952	2.5059633951928637	257.4872375268271	237.5888885718057	0.6081466305045778	0.0	0.0	0.0	0.0	0	0	Negative	-2.054549574533484	0
2025-09-23	244.5599975585937	251.3600006103516	244.1300048828125	249.7400054931641	7669800	CRM	0.0200260528130576	2.9615350767758515	0.7513657260042874	1.1130199294783432	0.8251373292394553	-2.054549574533484	-2.074160254918464	2.9615350767758515	1.9405087854541587	47.29110245464046	-1.2875042485784718	-1.5539005719326249	0.2663963233541531	6.350339115378105	-2.3026545177029027	257.4278001064739	237.3604140048541	0.3587703708535528	0.0	0.0	0.0	0.0	0	0	Medium	0.5438345781534004	2
2025-09-24	245.88999938964844	248.83999633789065	243.009994506836	245.6699981689453	6707100	CRM	0.4538766034644224	2.399079034953296	0.6557081713224507	0.603223606137309	0.7788267261199749	0.5438345781534004	0.0895515212858152	2.399079034953296	-12.551826644762576	48.768018053340455	-1.1729230179335843	-1.4777050611328169	0.3047820431992325	6.313172166497859	-2.3593088911385536	257.4089203395858	237.63666224098063	0.4174200593330322	0.0	0.0	0.0	0.0	0	0	Negative	-2.00902942521794	0
2025-09-25	240.9499969482422	244.6600036621093	239.4900054931641	244.5	8145500	CRM	-0.5652931770705247	2.158753204877591	0.5942549350253556	0.5624462318698765	0.972943208449096	-2.00902942521794	-1.451943988449003	2.158753204877591	21.445930431930343	43.85294357637076	-1.463859023233567	-1.4749358535529669	0.0110768303193995	6.319373718639751	-4.241223425496071	257.3131966748117	236.85487125731723	0.2001691539925894	0.0	0.0	0.0	0.0	0	0	Medium	1.0292574222658253	2
2025-09-26	243.42999267578125	244.52999877929688	240.3500061035156	240.69000244140625	4974600	CRM	-0.1079039261792504	1.739127343304918	0.5404530979347294	0.5564149245521506	0.7102350603070176	1.0292574222658253	1.138389715643476	1.739127343304918	-38.92824258793199	46.75421704714692	-1.4772837668047316	-1.47540543620332	-0.0018783306014116	6.166560787007002	0.5292816366355717	256.3674961455515	236.7348170868703	0.341022005651871	0.0	0.0	0.0	0.0	0	0	Medium	0.6860343745557264	2
2025-09-29	245.1000061035156	245.82000732421875	242.8699951171875	244.72000122070312	6373500	CRM	0.5299299937292474	1.2146466283773902	0.6612636171871805	0.6069556765749835	0.9408629928699016	0.6860343745557264	0.1552814975960058	1.2146466283773902	28.120853938005062	48.67741466926999	-1.3377461412727882	-1.4478735772172138	0.1101274359444255	5.936807317008735	-0.3058251261206799	254.8765549528141	237.15530234699048	0.4483150222639622	0.0	0.0	0.0	0.0	0	0	Negative	-3.304775969729939	0
2025-09-30	237.0	245.2100067138672	235.8099975585937	245.0500030517578	10801100	CRM	-0.0204010814004899	3.986264048426443	1.0447275870385293	0.8605982269116248	1.4595371036003657	-3.304775969729939	-3.2850450730488445	3.986264048426443	69.46889464187652	40.951370256599056	-1.859331153557804	-1.5301650924853318	-0.329166061072472	6.184178876884789	-2.202707579079356	254.42023112320987	236.069580583333	0.0507022579196938	0.0	0.0	0.0	0.0	0	0	Negative	-0.5527415859045358	0
2025-10-01	235.69000244140625	242.47000122070312	233.509994506836	236.4900054931641	10016600	CRM	-0.2151875556269658	3.83709773656169	1.2556194891598955	0.9527320858305196	1.2424059754957046	-0.5527415859045358	-0.338281970982053	3.83709773656169	-7.263149123700365	39.84976676546417	-2.3512926504375287	-1.6943906040757712	-0.6569020463617574	6.382452293812099	-2.64703570737298	252.89906434793227	235.5593264601732	0.0075362143348934	0.0	0.0	0.0	0.0	0	0	Medium	1.3534738038790173	2
2025-10-02	238.8800048828125	239.3999938964844	233.6000061035156	235.42999267578125	7679200	CRM	-0.1103185383052638	2.4828714218434773	1.2361879786588208	0.9223782612268048	0.9636340820680136	1.3534738038790173	1.4654089599290692	2.4828714218434773	-23.335263462652	43.81341167412243	-2.4554640825765546	-1.846605299775928	-0.6088587828006264	6.340847686609007	-0.0058571206203412	252.9708280721179	235.01698015542115	0.2151641667744553	0.0	0.0	0.0	0.0	0	0	Medium	0.6195561358369586	2
2025-10-03	240.3600006103516	242.8099975585937	238.5	238.75	8849800	CRM	-0.0544226725364797	1.8071268589491376	1.2239477143009605	0.8989333485580296	1.0120950956308523	0.6195561358369586	0.6743458053828654	1.8071268589491376	15.24377539327013	45.604330416187885	-2.391035043080393	-1.9554912484368208	-0.4355437946435718	6.195786963179343	-0.763802507012473	252.11075096419827	234.8806476564072	0.3180104527560635	0.0	0.0	0.0	0.0	0	0	High	2.254950139450058	3
2025-10-06	245.77999877929688	250.47000122070312	235.4100036621093	239.3300018310547	13922600	CRM	-0.428523371892746	6.397348168861116	1.76357433990387	1.5147461957129518	1.3577911147606851	2.254950139450058	2.6950223118267056	6.397348168861116	57.32106940269836	51.67874942673337	-1.8809436619856683	-1.9405817311465907	0.0596380691609224	6.828944862851806	0.6140494545176522	251.00334031863025	235.3829099865456	0.6656083457185871	0.0	0.0	0.0	0.0	0	0	Negative	-2.4574795817931947	0
2025-10-07	239.7400054931641	247.3600006103516	237.5500030517578	246.47999572753903	8387400	CRM	0.2848063112209287	4.129655833536806	1.7705019351430047	1.564384641937904	0.8583867560729987	-2.4574795817931947	-2.7344978704987413	4.129655833536806	-39.75694195049776	45.57137494220059	-1.94168698837521	-1.9408027825923144	-0.0008842057828952	7.041877198261948	-2.9746209695497328	249.5101719120304	235.68789479939545	0.2931579696130268	0.0	0.0	0.0	0.0	0	0	Low	0.2878064431498619	1
2025-10-08	240.42999267578125	241.32000732421875	235.6499938964844	239.7400054931641	7120200	CRM	0.0	2.406116517968192	1.8623044413516	1.564078234229317	0.774621838500235	0.2878064431498619	0.2878064431498619	2.406116517968192	-15.108376850990773	46.35136750500384	-1.912108713988744	-1.9350639688716005	0.0229552548828568	6.943886928938547	-3.708602537179281	249.4869691772052	235.53926220707217	0.3506476354272329	0.0	0.0	0.0	0.0	0	0	High	2.0380190926849453	3
2025-10-09	245.3300018310547	245.9600067138672	237.1499938964844	239.2700042724609	7929100	CRM	-0.4824641012590222	3.714953845298576	1.7830603399752851	1.546640218737832	0.8579587137598439	2.0380190926849453	2.5327025746583574	3.714953845298576	11.360635937192775	51.65039947779147	-1.4762605183765345	-1.8433032787725876	0.3670427603960529	7.077181635255992	0.3148529114114463	249.41446019651784	235.55958307740792	0.7051970702916238	0.0	0.0	0.0	0.0	0	0	Negative	-1.4877956744104206	0
2025-10-10	241.67999267578125	249.0500030517578	240.72000122070312	246.5200042724609	7973500	CRM	0.4850619298595656	3.4604527205104825	1.47263033240131	1.463037103336742	0.8794404934175696	-1.4877956744104206	-1.9633342174253496	3.4604527205104825	0.5599626691553896	47.85832285193032	-1.4091293516551104	-1.7564684933490922	0.3473391416939817	7.166668792098756	-1.7121504430100143	249.3903230107686	235.51791978708297	0.444196494964708	0.0	0.0	0.0	0.0	0	0	High	2.9253589616345743	3
2025-10-13	248.75	249.3498992919922	242.3650054931641	242.88999938964844	7891988	CRM	0.5006648256111281	2.881972908842694	0.681597287116156	1.2765743880774651	1.004013822334777	2.9253589616345743	2.4126150212347137	2.881972908842694	-1.022286323446416	54.7832243891503	-0.7764860658057273	-1.5604720078404193	0.783985942034692	7.202614350963912	3.237187445755938	250.2412804419058	235.3321189111216	0.8999755661090255	0.5361	0.4728906650388219	0.8820924882416222	0.4918534655271753	0	0	Negative	-3.610048533684056	0
2025-10-14	239.7700042724609	248.27999877929688	239.5500030517578	248.1100006103516	9123900	CRM	-0.2572861867933303	3.6443312946453337	0.5611395215958815	1.2669547542122246	1.139385486357595	-3.610048533684056	-3.3614107925413155	3.6443312946453337	15.60965373997021	46.36107314074994	-0.9883294632395804	-1.4460434989202515	0.4577140356806712	7.345284536483788	-1.5035075847021837	250.20291918639077	235.4580808746444	0.292436126232828	0.0	0.0	0.0	0.0	0	0	Negative	-1.330442667791458	0
2025-10-15	236.5800018310547	241.32000732421875	235.8999938964844	240.8699951171875	8149700	CRM	0.4587691642515151	2.2975894734921907	0.6012339962403033	1.3109968127952154	0.992215677984137	-1.330442667791458	-1.781040965291528	2.2975894734921907	-10.677451528403424	43.785883972172	-1.3975137504211546	-1.4363375492204322	0.0388237987992776	7.207765171573114	-3.476133847529391	250.4085378018825	234.68946177087145	0.1202704317005359	0.0	0.0	0.0	0.0	0	0	High	4.142363249602196	3
2025-10-16	246.3800048828125	256.739990234375	244.1999969482422	253.19000244140625	19579317	CRM	7.020881089608332	5.135132449977322	1.0633091586361396	1.3883240998324888	1.8569716781074843	4.142363249602196	-2.68967869699742	5.135132449977322	140.2458618108642	52.512652344058	-0.9204070225694352	-1.3331514438902328	0.4127444213207976	8.132923973840771	3.9578079674314335	250.65801696234416	234.64998322076133	0.7327584293866772	0.0	0.0	0.0	0.0	0	0	Negative	-1.3393956434603598	0
2025-10-17	243.0800018310547	250.77999877929688	242.1600036621093	246.57000732421875	10851200	CRM	0.0771176384612145	3.5596279265073174	1.063687466566355	1.2414609996250856	0.9758957034849832	-1.3393956434603598	-1.4154217420998003	3.5596279265073174	-44.578250610069794	49.71393513341867	-0.7993645929389572	-1.2263940736999777	0.4270294807610204	8.167714769794115	3.135474272603324	250.1997361272352	234.70726460518665	0.5404390909450524	0.0	0.0	0.0	0.0	2025-10-22 17:57:47.598620+00:00	2025-10-22 17:57:47.601446+00:00	High	4.6075353232992	3
2025-10-20	254.27999877929688	255.3999938964844	244.3000030517578	245.0	9963900	CRM	0.7898626602281124	4.543590137563334	1.080307163996793	0.8941707784636055	0.8639017360350711	4.6075353232992	3.787754603794643	4.543590137563334	-8.176975818342672	57.91247791908674	0.1980258374625236	-0.9415100914674774	1.139535928930001	8.464306005196658	6.446748820203331	251.47466147592365	233.8913388902873	1.1595453470019883	0.0	0.0	0.0	0.0	2025-10-22 17:57:47.598620+00:00	2025-10-22 17:57:47.601446+00:00	High	3.590532061759571	3
2025-10-21	263.4100036621094	267.1300048828125	254.0	254.5	13346200	CRM	0.0865192786531652	5.169293260949804	1.21900789821805	1.0174611885412448	1.0782138989528849	3.590532061759571	3.5009837572139	5.169293260949804	33.945543411716294	63.18216738801014	1.7055198594833314	-0.4121041012773156	2.117623960760647	8.797570210740647	9.589783238985849	256.2333231314193	231.01767784514325	1.2846122099677566	0.0	0.0	0.0	0.0	2025-10-22 17:57:47.598620+00:00	2025-10-22 17:57:47.601446+00:00	Negative	-2.469536005609275	0
2025-10-22	256.9049987792969	262.3999938964844	256.6499938964844	262.20001220703125	5362580	CRM	-0.4593566828351166	2.240405274398397	1.24070245165217	1.0416005906390269	0.4536624304773226	-2.469536005609275	-2.0194558280773345	2.240405274398397	-59.81942425559336	57.644221062635246	2.348251027286864	0.1399669244355202	2.208284102851344	8.652030178946672	4.526405751181535	258.03219912981945	230.32030178570787	0.9593243170424024	0.0	0.0	0.0	0.0	2025-10-22 17:57:47.598620+00:00	2025-10-22 17:57:47.601446+00:00	Negative	-0.7220551318009428	0
2025-10-23	255.0500030517578	258.4599914550781	254.1199951171875	257.6000061035156	3948906	CRM	0.2705308684226188	1.7078531486234425	1.4715596453110602	1.2105281288580685	0.4541813814279122	-0.7220551318009428	-0.9899079935320744	1.7078531486234425	-26.361825837563263	56.13325598564864	2.677077769924267	0.6473890935332696	2.0296886763909976	8.344027761728382	6.38608376065557	259.4265307064467	230.33597081943225	0.8495550559464303	0.0833609999999999	0.0	83360999.99999997	0.0416804999999999	2025-10-23 19:17:50.674596+00:00	2025-10-23 19:17:50.677496+00:00	Negative	-0.0862580741308517	0
2025-10-24	254.8300018310547	258.5	254.0	257.4200134277344	5479169	CRM	0.929233619924957	1.7716535433070866	1.643662377860294	1.323602357314025	0.7190368012392405	-0.0862580741308517	-1.0061422817098806	1.7716535433070866	38.751568155838605	55.94595751852616	2.8866475960379603	1.0952407940342077	1.7914068020037526	8.069454350176354	5.989273216296182	260.60512419442006	230.29737824698617	0.8094506145926585	0.0408249999999999	0.0	40824999.99999999	0.0204124999999999	2025-10-24 23:31:52.377043+00:00	2025-10-24 23:31:52.379995+00:00	Low	0.2511475827217313	1
2025-10-27	255.47000122070312	258.1000061035156	254.9199981689453	257.0799865722656	3943096	CRM	0.8829355747140855	1.247453301981745	1.572654678837643	1.4728080998603292	0.6145732579204999	0.2511475827217313	-0.6262585326181859	1.247453301981745	-28.03478045667144	56.40170330711037	3.06899829320966	1.4899922938692982	1.5790059993403616	7.726636487482396	4.133208051998181	261.7372775359908	230.20222441713423	0.80126000448878	0.060997	0.0	60997000.0	0.0304985	2025-10-27 23:31:45.770256+00:00	2025-10-27 23:31:45.772767+00:00	Negative	-0.4736394520238772	0
2025-10-28	254.259994506836	258.8399963378906	254.1499938964844	255.47000122070312	5373010	CRM	0.0	1.845367914239048	0.3548252029145017	1.5125651686237498	1.1144197264825415	-0.4736394520238772	-0.4736394520238772	1.845367914239048	36.26373793587577	55.23819554575856	3.080366556916488	1.808067146478736	1.2722994104377516	7.509734055619812	5.205230971655597	262.43051210347915	231.23498930032943	0.7380868514946572	0.1190725490196078	0.0	119072549.01960784	0.0595362745098039	2025-10-28 23:33:38.341363+00:00	2025-10-28 23:33:38.344158+00:00	Negative	-1.1012301791320642	0
2025-10-29	251.4600067138672	253.57000732421875	249.0399932861328	252.0	7797760	CRM	-0.8888517878007083	1.8189905879419168	0.2464359312020441	1.542834237244325	1.468950594080516	-1.1012301791320642	-0.2142830500527033	1.8189905879419168	45.12833588621648	52.53735875063326	2.830808574262903	2.01261543203557	0.8181931422273334	7.346181710268624	1.08944993522299	262.4621862726269	232.7803155584278	0.629329981769089	0.0978549999999999	0.0	97854999.99999996	0.0489274999999999	2025-10-29 23:33:57.120736+00:00	2025-10-29 23:33:57.123688+00:00	High	2.063941399843674	3
2025-10-30	256.6499938964844	259.2807922363281	250.0	250.5	6709021	CRM	-0.3817731202717916	3.71231689453125	0.9454951820161814	1.3701517013113402	1.144803798067958	2.063941399843674	2.455087383826098	3.71231689453125	-13.96220196569271	56.75783197354164	3.0170420830563103	2.2135007622397183	0.803541320816592	7.484368176415731	7.040075623822408	263.2785485807068	233.74095215171508	0.7755892325173632	0.087732	0.0	87732000.0	0.043866	2025-10-30 23:36:55.091595+00:00	2025-10-30 23:36:55.094513+00:00	Medium	1.465034036642736	2
2025-10-31	260.4100036621094	261.82000732421875	252.72000122070312	254.7949981689453	6873405	CRM	-0.72277255860261	3.600825443004209	1.1322090224019332	1.3728768522298531	1.1195822935226185	1.465034036642736	2.203734584083537	3.600825443004209	2.450193552829839	59.56322147211976	3.428513080274172	2.456503225846609	0.9720098544275628	7.599770885494294	10.072703375863547	264.6495189633177	234.37498207428	0.8599643219400187	0.043438	0.0	43437999.99999999	0.021719	2025-10-31 23:31:13.454847+00:00	2025-10-31 23:31:13.457652+00:00	Low	0.3571263249118288	1
2025-11-03	261.3399963378906	261.5599975585937	255.1000061035156	260.0	7041868	CRM	-0.1574454346390503	2.532336848497265	0.9180056013192556	1.2225869744999376	1.0418485965879514	0.3571263249118288	0.5153832068810096	2.532336848497265	2.450939527061187	60.25012650208794	3.786006717982701	2.722403924273828	1.0636027937088737	7.518358069035995	6.071917833670656	266.1618897053822	234.41861108807487	0.8480971853719443	0.073049	0.0	73049000.0	0.0365245	2025-11-03 23:20:57.597506+00:00	2025-11-03 23:20:57.600370+00:00	Negative	-2.640236470946936	0
2025-11-04	254.44000244140625	259.260009765625	253.45669555664065	258.1499938964844	6725551	CRM	-1.2206330780237118	2.289666957205108	0.8318181384942056	0.8106713545363148	0.9567580778263556	-2.640236470946936	-1.437145668330248	2.289666957205108	-4.491947307163383	53.04971869404044	3.472522086633262	2.872427556745715	0.6000945298875471	7.544425405622708	4.673358780969148	266.22165080949304	235.82884967878823	0.6123539808844994	0.074152	0.0	74151999.99999999	0.037076	2025-11-04 23:21:29.114209+00:00	2025-11-04 23:21:29.117012+00:00	Negative	-0.691718970577476	0
2025-11-05	252.67999267578125	256.8299865722656	252.009994506836	254.6999969482422	4414577	CRM	0.1021830311040852	1.9126194081556092	0.8050954739428126	0.8188865672596017	0.6948933306578032	-0.691718970577476	-0.7930915966486738	1.9126194081556092	-34.361110338766295	51.36353422629073	3.0469419287838946	2.907330431153351	0.1396114976305433	7.3498230241803455	-0.6292300264262449	266.04350267355863	237.2319978147226	0.5361745225300507	0.0431	0.0	43100000.0	0.02155	2025-11-05 23:21:35.922867+00:00	2025-11-05 23:21:35.925630+00:00	Negative	-5.307103368697246	0
2025-11-06	239.2700042724609	250.5350036621093	234.47999572753903	250.5350036621093	11021836	CRM	-0.8488954708908191	6.847069356494635	2.007108322774048	1.6430242467027651	1.5275332753447832	-5.307103368697246	-4.496377442267996	6.847069356494635	149.66913024736007	40.73860277008252	1.609044531585397	2.6476732512397607	-1.0386287196543638	8.124835447327623	-9.164420126053445	266.49368032280825	236.17582040961364	0.1020581225622939	0.069195	0.0	69195000.0	0.0345975	2025-11-06 23:21:20.298808+00:00	2025-11-06 23:21:20.301464+00:00	Low	0.25494236613837	1
2025-11-07	239.8800048828125	240.97000122070312	235.8099975585937	236.1499938964844	4854252	CRM	-1.3039705438479017	2.188203941958518	2.0764203423245937	1.6203681500342113	0.712643142227261	0.25494236613837	1.5795092452821045	2.188203941958518	-55.9578640074122	41.33310148204149	0.5128110692888015	2.220700814849569	-1.7078897455607676	7.913061748383467	-6.626960930063601	266.65124725164657	235.83825470147843	0.1311703228679751	0.059878	0.0	59878000.0	0.029939	2025-11-07 23:20:47.101196+00:00	2025-11-07 23:20:47.104261+00:00	Medium	0.7628821885128317	2
2025-11-10	241.7100067138672	241.884994506836	235.0800018310547	240.0	5264133	CRM	0.0500229759650541	2.894756092724494	2.055515357657018	1.5260424415371494	0.8153773368435391	0.7628821885128317	0.7125027974446615	2.894756092724494	8.44375199309801	43.174830410900014	-0.2059222501960391	1.7353762018404475	-1.9412984520364869	7.833913957483313	-5.230345492363516	266.8239165415628	234.9615860829489	0.211799342163117	0.1056789999999999	0.0	105678999.99999996	0.0528394999999999	2025-11-10 23:22:16.959016+00:00	2025-11-10 23:22:16.961944+00:00	Medium	1.154272975316064	2
2025-11-11	244.5	245.6999969482422	241.1600036621093	241.8999938964844	5545508	CRM	0.0786012897025484	1.882564777405589	2.1092595167135992	1.5230546724259624	0.8915519995205191	1.154272975316064	1.0748268578411828	1.882564777405589	5.345134706892854	45.96019878677307	-0.5441221414947108	1.279476533173416	-1.8235986746681268	7.598633909529711	-4.053683536800818	266.52433636937656	235.7341658278891	0.284695862931308	0.0916379999999999	0.0	91638000.0	0.0458189999999999	2025-11-11 23:21:08.461231+00:00	2025-11-11 23:21:08.463929+00:00	Medium	0.6216786390433165	2
2025-11-12	246.0200042724609	248.4315948486328	243.67999267578125	245.7400054931641	4183245	CRM	0.5071597109055587	1.94993529040918	2.1038678005881666	1.5126061139613758	0.6775808292170644	0.6216786390433165	0.1139410649620934	1.94993529040918	-24.56516156860652	47.470864888425645	-0.6816388420994031	0.8872534581188521	-1.568892300218255	7.395274499766987	-3.6990632571682136	265.70806743871134	237.4944350026949	0.3021790720886614	0.110761	0.0	110761000.0	0.0553805	2025-11-12 23:22:15.761818+00:00	2025-11-12 23:22:15.764838+00:00	Negative	-2.2721776683203627	0
2025-11-13	240.42999267578125	245.8950042724609	239.9100036621093	245.25	5484593	CRM	-0.3129844155307586	2.4946857233935646	0.4181262999268847	1.496116519348979	1.0825539320625186	-2.2721776683203627	-1.965344474706932	2.4946857233935646	31.108577193064235	42.73900641820519	-1.2275387338513326	0.4642950197248152	-1.6918337535761478	7.303469221951603	-5.439314925605771	266.0738338256666	236.53366739503653	0.1318992325210678	0.120391	0.0	120391000.0	0.0601955	2025-11-13 23:21:56.767778+00:00	2025-11-13 23:21:56.770606+00:00	Medium	1.343430971477712	2
2025-11-14	243.6600036621093	245.1600036621093	237.4199981689453	238.3099975585937	5369502	CRM	-0.8817515209287389	3.2600478278397924	0.595244882301388	1.4811551327184649	1.0387097046266254	1.343430971477712	2.24497761668609	3.2600478278397924	-2.0984419445526767	46.083296257463374	-1.3835843397749557	0.094719147824861	-1.478303487599817	7.334650384181058	-3.101886122445472	266.04027798730635	236.62522341650225	0.2391557774837312	0.1134169999999999	0.0	113417000.0	0.0567084999999999	2025-11-14 23:20:54.055686+00:00	2025-11-14 23:20:54.058210+00:00	Negative	-2.7210066416999825	0
2025-11-17	237.02999877929688	242.8300018310547	235.5894012451172	242.07000732421875	4541821	CRM	-0.6525471205752077	3.0733982715988453	0.6295084268679905	1.4791497507658389	0.903856882651867	-2.7210066416999825	-2.082045851376991	3.0733982715988453	-15.414483503311851	40.81404185085403	-2.018964228631461	-0.3280175274664033	-1.6909467011650574	7.387218386524704	-7.64465052942916	266.3608838584791	234.57961754532948	0.0771014348460223	0.085904	0.0	85904000.0	0.042952	2025-11-17 23:21:25.164812+00:00	2025-11-17 23:21:25.167634+00:00	Negative	-1.4892624551644722	0
2025-11-18	233.5	237.7899932861328	230.2700042724609	236.2400054931641	8011048	CRM	-0.3332883138004661	3.2657267008924338	0.5741809856433868	1.4680809580421308	1.4517918294855976	-1.4892624551644722	-1.1598397517152854	3.2657267008924338	76.38405388499459	38.30283796278597	-2.7753561897178827	-0.8174852599166993	-1.9578709298011836	7.396702002749504	-10.33370580380084	265.335575050864	232.61392598673368	0.0270791368592007	0.0813459999999999	0.0	81345999.99999999	0.0406729999999999	2025-11-19 01:45:56.076295+00:00	2025-11-19 01:45:56.079108+00:00	Negative	-2.4068501572537477	0
2025-11-19	227.8800048828125	232.27999877929688	225.0599975585937	232.0	9442348	CRM	-0.6423982869379015	3.208033990502233	0.3255824396072292	1.420104582565722	1.437221577121615	-2.4068501572537477	-1.7758599643049569	3.208033990502233	17.866576258187443	34.64778319230236	-3.784661682085812	-1.410920544350522	-2.3737411377352897	7.471223462653562	-12.803241724935654	265.84485360855024	229.202148039399	-0.0360820287708115	0.068031	0.0	68031000.0	0.0340155	2025-11-20 01:44:33.241465+00:00	2025-11-20 01:44:33.244224+00:00	Negative	-1.1014611689673146	0
2025-11-20	225.3699951171875	231.0699005126953	223.3099975585937	229.2449951171875	6607022	CRM	0.5989951751479676	3.474946504383674	0.1446476471883126	0.5922326735167481	0.9724291139509158	-1.1014611689673146	-1.6903313409390437	3.474946504383674	-30.027764280664087	33.12732842183988	-4.732526745078218	-2.075241784496061	-2.6572849605821567	7.491843426328423	-11.42509316353003	266.3788429684905	225.70015788600165	-0.0081163579438381	0.1057452631578947	0.0	105745263.15789472	0.0528726315789473	2025-11-21 01:45:24.866793+00:00	2025-11-21 01:45:24.869517+00:00	Medium	0.7720661715679258	2
2025-11-21	227.1100006103516	228.67999267578125	221.9575042724609	224.8600006103516	7382682	CRM	-0.2262921053757502	3.0287276951304345	0.1766532779583846	0.559340460787245	1.0258021686361352	0.7720661715679258	1.000622606907713	3.0287276951304345	11.739933664516329	35.24865123794258	-5.282420282212144	-2.716677484039278	-2.5657427981728658	7.43688949611356	-10.119515912064722	266.1526975607762	223.1543031716457	0.0919963988168324	0.077730303030303	0.0	77730303.03030303	0.0388651515151515	2025-11-22 01:41:36.203755+00:00	2025-11-22 01:41:36.206926+00:00	Negative	-0.1276884705004149	0
2025-11-24	226.82000732421875	228.83999633789065	225.06500244140625	227.33999633789065	8449738	CRM	0.1012706296160255	1.6772904963165878	0.7186803536264071	0.6707185308023706	1.0590545099849753	-0.1276884705004149	-0.2287274663711416	1.6772904963165878	14.453500773838018	35.04909883910034	-5.676183397866566	-3.308578666804736	-2.3676047310618307	7.175325524711477	-5.203325417282616	265.4519389146733	220.99006242810012	0.1311223312376202	0.0828745098039215	0.0	82874509.80392158	0.0414372549019607	2025-11-25 01:47:33.495062+00:00	2025-11-25 01:47:33.497828+00:00	High	3.218405589121631	3
2025-11-25	234.1199951171875	234.6300048828125	226.5200042724609	226.8000030517578	10230600	CRM	-0.0088194479388862	3.580258015798369	0.7674223689823552	0.6463686377208275	1.2146781505395443	3.218405589121631	3.227509685596962	3.580258015798369	21.075943419784146	43.6910317923978	-5.337666204163895	-3.714396174276568	-1.6232700298873275	7.2420880308286275	-2.401204622469018	264.1765188376364	220.25148256617211	0.3157313852925599	0.0571010101010101	0.0	57101010.1010101	0.028550505050505	2025-11-26 01:46:47.846140+00:00	2025-11-26 01:46:47.848868+00:00	Negative	-2.549974946699809	0
2025-11-26	228.1499938964844	232.81900024414065	226.0	230.509994506836	7914682	CRM	-1.5419445949264348	3.017256745194979	0.7588054400785778	0.5532283641760097	0.975081412405318	-2.549974946699809	-1.0238170433350138	3.017256745194979	-22.637166930580808	39.108232197776616	-5.48785748933426	-4.069088437288107	-1.4187690520461531	7.304795679854261	-5.610033693571872	263.3953156716948	218.7016844503755	0.2114016961235849	0.0315169999999999	0.0	31517000.0	0.0157584999999999	2025-11-27 01:45:04.845983+00:00	2025-11-27 01:45:04.848853+00:00	Medium	1.04755619267419	2
2025-11-28	230.5399932861328	232.5599975585937	228.625	229.0	3685337	CRM	0.3725645962108853	1.7211580354701776	0.857678626198216	0.6738981409225435	0.4892511461966731	1.04755619267419	0.6724861511496998	1.7211580354701776	-53.43670156299394	41.742723657411815	-5.35233381569995	-4.325737512970475	-1.0265963027294749	7.098024821443906	-5.70961419790069	261.3292750117693	218.15672504926587	0.2868319857785132	0.070936	0.0	70936000.0	0.035468	2025-11-29 01:44:32.618931+00:00	2025-11-29 01:44:32.621672+00:00	Medium	0.9933237666401984	2
2025-12-01	232.8300018310547	234.25	228.6000061035156	228.6699981689453	5630200	CRM	-0.8111369704373033	2.4715633182992787	0.8244021159268327	0.6771992568729273	0.7839198929718634	0.9933237666401984	1.8192170793808695	2.4715633182992787	52.77300284885751	44.23240697350977	-5.002480297836598	-4.4610860699437005	-0.5413942278928978	6.994594041089656	-5.361353634803871	257.921443625595	218.8065562523347	0.358519390453536	0.0806237623762376	0.0	80623762.37623762	0.0403118811881188	2025-12-02 01:49:18.935791+00:00	2025-12-02 01:49:18.938476+00:00	Medium	0.8074581746456638	2
2025-12-02	234.7100067138672	236.6499938964844	231.6199951171875	233.0200042724609	7609700	CRM	0.0816056521547813	2.171659997122437	0.7257845626595821	0.7039275391906504	1.0849140841057985	0.8074581746456638	0.7252606687922925	2.171659997122437	35.158608930411	46.26277932541269	-4.521398316860768	-4.473148519327114	-0.0482497975336544	6.85426580810446	-2.379065065159087	253.53986521641207	220.5251356991152	0.4296528011026205	0.074779	0.0	74779000.0	0.0373895	2025-12-03 01:48:46.547547+00:00	2025-12-03 01:48:46.550771+00:00	Medium	1.7084889404500272	2
2025-12-03	238.72000122070312	239.259994506836	233.1600036621093	235.3600006103516	9205380	CRM	0.2769348889656865	2.61622523113642	0.486272867133623	0.6818692798920176	1.3519311432688548	1.7084889404500272	1.4276005275485009	2.61622523113642	20.96902637423289	50.410002094937205	-3.7730707264698538	-4.333132960755663	0.5600622342858088	6.800389025006049	-2.027416222260513	250.73743596328728	221.75556483016976	0.5853464847943561	0.091329	0.0	91329000.0	0.0456645	2025-12-04 01:49:34.756055+00:00	2025-12-04 01:49:34.758777+00:00	High	3.661195311859809	3
2025-12-04	247.4600067138672	248.97000122070312	237.65499877929688	243.6849975585937	19919657	CRM	2.079840948601661	4.761104331709915	1.1761103809421096	0.9394782356537542	2.162816338508648	3.661195311859809	1.549134822863192	4.761104331709915	116.3914689018813	58.015442314676015	-2.446567808885902	-3.955819930381711	1.5092521214958086	7.122861411891777	4.400290253674553	249.43359918525812	222.5374030120075	0.9266218740122896	0.1674419999999999	0.0	167441999.99999997	0.0837209999999999	2025-12-05 01:50:01.091631+00:00	2025-12-05 01:50:01.094209+00:00	Very High	5.297826014168981	4
2025-12-05	260.57000732421875	261.8800048828125	249.5	250.8300018310547	14355897	CRM	1.3618342462441435	4.961925804734469	1.3488210171191066	1.1443645200226535	1.2654871224213662	5.297826014168981	3.883110242818718	4.961925804734469	-27.931003028817216	66.35166851581403	-0.3335917671167578	-3.2313742977287205	2.8977825306119627	7.64408546596703	11.59315088831638	254.2271260040308	219.87387649841065	1.1846370113881153	0.145941	0.0	145941000.0	0.0729705	2025-12-06 01:43:52.906641+00:00	2025-12-06 01:43:52.909647+00:00	Negative	-0.3991282633030847	0
2025-12-08	259.5299987792969	264.2799987792969	256.3420104980469	261.8800048828125	10697101	CRM	0.5027430332623672	3.096639628372768	1.268221409437524	1.1447506640300162	0.8656330418973928	-0.3991282633030847	-0.897359882274028	3.096639628372768	-25.48636285144704	65.24492866495802	1.242711763644451	-2.3365570854540865	3.579268849098537	7.665078524201528	13.888885912899823	257.79760463446354	218.2683972576263	1.0438256737181242	0.131461	0.0	131461000.0	0.0657305	2025-12-09 01:56:13.630488+00:00	2025-12-09 01:56:13.633178+00:00	Medium	0.5741109857755137	2
2025-12-09	261.0199890136719	262.25	259.0	260.0	7246971	CRM	0.1810970688990801	1.2548262548262548	1.5476746551451617	1.2054807233787543	0.5899039716821518	0.5741109857755137	0.392303466796875	1.2548262548262548	-32.25294404530723	66.1169114054364	2.5824050698189183	-1.3527646543994856	3.935169724218404	7.349715772472847	15.818429546465204	261.1318923585794	216.86510776349087	0.9974720697260682	0.16046	0.0	160460000.0	0.08023	2025-12-10 01:51:45.461410+00:00	2025-12-10 01:51:45.464229+00:00	Medium	1.2183063854135745	2
2025-12-10	264.20001220703125	265.92999267578125	259.25	260.75	7010969	CRM	-0.1034361447535473	2.57666062710945	1.552382404506242	1.1902718455266903	0.5918367863770404	1.2183063854135745	1.323111105285235	2.57666062710945	-3.2565605685465	67.96428879311077	3.856270278744177	-0.3109576677707532	4.16722794651493	7.301878408423447	16.33129826824064	264.62038546554635	215.34661587722707	0.9914686198757006	0.1700882352941176	0.0	170088235.29411766	0.0850441176470588	2025-12-11 01:53:05.079462+00:00	2025-12-11 01:53:05.082345+00:00	Negative	-0.7002293785156722	0
2025-12-11	262.3500061035156	267.2099914550781	260.7699890136719	263.5	5593521	CRM	-0.2649554029856401	2.469610274466288	1.349318954846764	1.1950720809331534	0.6228246731577369	-0.7002293785156722	-0.4364303212464421	2.469610274466288	-20.21757620095025	65.71940526258766	4.662787886838316	0.6837914431510608	3.978996443687256	7.2403158393507905	15.664402447756713	267.2021529605655	214.3978485653134	0.9081107702748912	0.1092882352941176	0.0	109288235.29411764	0.0546441176470588	2025-12-12 01:52:47.211350+00:00	2025-12-12 01:52:47.214195+00:00	Negative	-0.0457385608522354	0
2025-12-12	262.2300109863281	264.4700012207031	260.9100036621094	263.5199890136719	5761723	CRM	0.4459626007001536	1.364454221235654	0.8060249817364434	1.2358162173719591	0.7934009606369105	-0.0457385608522354	-0.4895180939298019	1.364454221235654	3.007086234234215	65.56812547664265	5.231965457770741	1.5934262460749968	3.638539211695744	6.97743596215386	12.006670278235015	269.8925536893319	213.8874496676017	0.8631813503992298	0.0916429999999999	0.0	91643000.0	0.0458214999999999	2025-12-13 01:46:22.630804+00:00	2025-12-13 01:46:22.633562+00:00	Negative	-2.9172897207681867	0
2025-12-15	254.5800018310547	262.2799987792969	253.0874938964844	261.2099914550781	10236310	CRM	-0.3889789453973598	3.632145050427623	0.9797152517309204	1.2584974101577333	1.4276784492411525	-2.9172897207681867	-2.5381837758543924	3.632145050427623	77.66057132562604	56.619855164551225	5.008021622521966	2.276345321364391	2.731676301157574	7.135655170772332	11.58448767987346	270.9759927377752	213.89601043605305	0.7127540996762752	0.0802779999999999	0.0	80277999.99999999	0.0401389999999999	2025-12-16 01:52:46.753535+00:00	2025-12-16 01:52:46.756214+00:00	Low	0.1296259834555266	1
2025-12-16	254.9100036621093	255.85499572753903	252.1100006103516	254.0	4691720	CRM	-0.2278269411906086	1.485460754480548	0.9244564269799344	1.319288254199356	0.7045842730228167	0.1296259834555266	0.3582691583107439	1.485460754480548	-54.16590548742663	56.89315016803232	4.801820511655961	2.7814403594227053	2.020380152233256	6.89346516694484	10.570838503378388	272.2542014125183	214.4058022495911	0.7001784318774334	0.077893	0.0	77893000.0	0.0389465	2025-12-17 01:48:27.580459+00:00	2025-12-17 01:48:27.583137+00:00	Medium	1.267118175012733	2
2025-12-17	258.1400146484375	261.9700012207031	256.3699951171875	256.3299865722656	6256234	CRM	0.5570526420134395	2.184345364189692	0.9122742519068364	1.3337590889884157	0.9613289174501348	1.267118175012733	0.7061320060037471	2.184345364189692	33.34627812401422	59.57748309535622	4.843210027560275	3.1937942930502192	1.6494157345100555	6.905360337776911	10.870597697176578	273.8037454482653	215.32025967868785	0.7321683105288513	0.109954	0.0	109954000.0	0.054977	2025-12-18 01:48:46.617505+00:00	2025-12-18 01:48:46.620226+00:00	Negative	-0.112345443737903	0
2025-12-18	257.8500061035156	260.07000732421875	256.1600036621094	256.3299865722656	4543628	CRM	-0.7011807443479708	1.5263911641986496	0.9464962992637288	1.1833260469756588	0.7214486426715602	-0.112345443737903	0.5929932551303239	1.5263911641986496	-27.37439168675596	59.22090340912467	4.797309849513624	3.5144974043429005	1.2828124451707237	6.691406289514944	9.858974363141746	274.79643684459387	217.3245684044296	0.7051352043874877	0.114095	0.0	114095000.0	0.0570475	2025-12-19 01:52:12.086185+00:00	2025-12-19 01:52:12.089126+00:00	Medium	0.7989131316005282	2
2025-12-19	259.9100036621094	262.0400085449219	255.5	260.67999267578125	20521791	CRM	1.0975320943484903	2.559690232846135	0.8824487122874765	0.7994953804218647	2.218587206316636	0.7989131316005282	-0.295377104229684	2.559690232846135	351.66089741501725	61.00620088558919	4.8710082634160585	3.785799576157532	1.0852086872585265	6.680592164901154	8.876509020212142	275.4744333477299	220.1005727557857	0.7189209941434919	0.095557	0.0	95557000.0	0.0477785	2025-12-20 01:46:41.208488+00:00	2025-12-20 01:46:41.211078+00:00	Medium	1.8160136794270008	2
2025-12-22	264.6300048828125	264.6300048828125	258.4800109863281	260.6199951171875	4198025	CRM	0.2731681909408668	2.379291873679806	0.4940900642966143	0.7416956886428981	0.5219944106394908	1.8160136794270008	1.53864240685827	2.379291873679806	-79.54357395024635	64.80790411492671	5.249763434211445	4.078592347768315	1.1711710864431302	6.64269228858567	6.9384941821320725	276.56537595393013	222.7616305768316	0.7781683972469712	0.114843	0.0	114843000.0	0.0574215	2025-12-23 01:53:10.080027+00:00	2025-12-23 01:53:10.082829+00:00	Negative	-0.4534679306538416	0
2025-12-23	263.42999267578125	264.239990234375	260.5199890136719	262.7149963378906	4660283	CRM	-0.7236551069747016	1.427913932741607	0.5102649140567183	0.7203712349118965	0.579926272203201	-0.4534679306538416	0.2721566518308049	1.427913932741607	11.011320799661746	63.12291180808919	5.390955104966452	4.341064899207942	1.049890205758509	6.461786830053882	1.097588084266319	276.8681237719508	226.11988129396715	0.7352000692043772	0.122863	0.0	122863000.0	0.0614315	2025-12-24 01:51:41.778293+00:00	2025-12-24 01:51:41.780986+00:00	Medium	0.6946882058703389	2
2025-12-24	265.260009765625	266.2900085449219	262.6700134277344	263.2300109863281	2076637	CRM	-0.0759145484619339	1.3781531701879746	0.5677228491531346	0.7428083555897853	0.2884188893201191	0.6946882058703389	0.7711881983708578	1.3781531701879746	-55.43968037992543	64.63306676745022	5.58612424329516	4.590076768025386	0.9960474752697736	6.258801707706283	2.207841487796908	277.78313596390325	228.3188705668585	0.7468247815315489	0.1411059999999999	0.0	141105999.99999997	0.0705529999999999	2025-12-25 01:53:13.396302+00:00	2025-12-25 01:53:13.399061+00:00	Low	0.3091219092410987	1
2025-12-26	266.0799865722656	267.88238525390625	264.79998779296875	264.79998779296875	2136937	CRM	-0.1734230399307872	1.1640474331696125	0.6387280519214141	0.7731683460287896	0.3180564685498963	0.3091219092410987	0.4833832470935117	1.1640474331696125	2.9037332957083977	65.31838967980926	5.740786256552042	4.820218665730717	0.9205675908213244	6.031915690079941	1.9385479164696136	277.4692784077243	232.4257273906156	0.7471493348485622	0.086973	0.0	86973000.0	0.0434865	2025-12-27 01:50:38.959214+00:00	2025-12-27 01:50:38.961949+00:00	Low	0.0563832011550986	1
2025-12-29	266.2300109863281	269.1099853515625	265.0	264.7099914550781	4146818	CRM	-0.514880932924062	1.550937868514151	0.4681348458306755	0.7606912656054068	1.2041611736077638	0.0563832011550986	0.5742206869089603	1.550937868514151	94.054293598735	65.45030254462273	5.808505892487034	5.017876111081981	0.7906297814050527	5.894634951614409	0.768356807533429	276.752150913224	236.71185665513545	0.7372112237968809	0.1026739999999999	0.0	102674000.0	0.0513369999999999	2025-12-30 01:53:51.198002+00:00	2025-12-30 01:53:51.201021+00:00	Negative	-0.1164397497657277	0
2025-12-30	265.9200134277344	268.2799987792969	265.3500061035156	266.6600036621094	2882919	CRM	0.161511722209008	1.1041992117528845	0.1864960868756838	0.510727414295211	0.9063734272894542	-0.1164397497657277	-0.277503271661489	1.1041992117528845	-30.47876709322666	64.90098909680272	5.770639637989973	5.16842881646358	0.602210821526393	5.682874789054898	1.360780347308294	275.48853837060113	241.28447035742624	0.7202518443367292	0.10497941176470586	0.0	104979411.76470585	0.05248970588235293	2025-12-31 01:54:15.109087+00:00	2025-12-31 01:54:15.111956+00:00			
