timestamp	close	high	low	open	volume	symbol	gap_apertura_pct	volatilidad_diaria	vol_5d	vol_10d	vol_rel_5d	return_pct	close_open_pct	range_pct	volume_change_pct	rsi_14	macd	macd_signal	macd_diff	atr_14	momentum_12	bb_upper	bb_lower	bb_pctb	vader	finbert	sentiment_ratio	sentiment_combined	download_date	added_date	target_category	target	target_num
2025-06-05	462.9400024414063	468.6000061035156	452.7099914550781	462.3250122070313	6178300	CRWD	0.0	3.509976574045693	0.0	0.0	0.0	0.0	0.13302119031786333	3.509976574045693	0.0	0.0	0.0	0.0	0.0	0.0	0.0	0.0	0.0	0.0	0.0	0.0	0.0	0.0	0	0	Medium	1.1815788637525224	2.0
2025-06-06	468.4100036621094	478.4660034179688	463.1199951171875	463.1199951171875	4343000	CRWD	0.038880346228877594	3.31361385009908	0.0	0.0	0.0	1.1815788637525224	1.1422544050561443	3.31361385009908	-29.70558244177201	0.0	0.0	0.0	0.0	0.0	0.0	0.0	0.0	0.0	0.0	0.0	0.0	0.0	0	0	Negative	-0.8582201452238241	0.0
2025-06-09	464.3900146484375	471.7699890136719	458.12799072265625	470.30999755859375	2724600	CRWD	0.4056262423154712	2.9777700920427463	0.0	0.0	0.0	-0.8582201452238241	-1.258740605321431	2.9777700920427463	-37.264563665668895	0.0	0.0	0.0	0.0	0.0	0.0	0.0	0.0	0.0	0.0	0.0	0.0	0.0	0	0	Medium	0.7019916762238771	2.0
2025-06-10	467.6499938964844	470.010009765625	457.2300109863281	465.489990234375	2472500	CRWD	0.23686460760148498	2.7950918514137113	0.0	0.0	0.0	0.7019916762238771	0.4640279506379524	2.7950918514137113	-9.252734346326067	0.0	0.0	0.0	0.0	0.0	0.0	0.0	0.0	0.0	0.0	0.0	0.0	0.0	0	0	Medium	1.9950854723862088	2.0
2025-06-11	476.9800109863281	479.9400024414063	465.552001953125	466.0199890136719	2756500	CRWD	-0.34855231563914146	3.0905248882873435	0.2804988754843753	0.0	0.7460121570346795	1.9950854723862086	2.351835163949311	3.0905248882873435	11.486349848331647	0.0	0.0	0.0	0.0	0.0	0.0	0.0	0.0	0.0	0.0	0.0	0.0	0.0	0	0	Medium	0.995848859615241	2.0
2025-06-12	481.7300109863281	488.7359924316406	473.0	474.0199890136719	3520200	CRWD	-0.620575685453849	3.326848294215777	0.2264326444193419	0.0	1.1128041070254413	0.995848859615241	1.6265183222967154	3.326848294215777	27.705423544349717	0.0	0.0	0.0	0.0	0.0	0.0	0.0	0.0	0.0	0.0	0.0	0.0	0.0	0	0	Negative	-0.2304228185551279	0.0
2025-06-13	480.6199951171875	485.4949951171875	473.05999755859375	475.0	2610700	CRWD	-1.397050387736613	2.628630115158604	0.2687283536343555	0.0	0.9267989633994816	-0.23042281855512797	1.1831568667763157	2.628630115158604	-25.836600193170845	0.0	0.0	0.0	0.0	0.0	0.0	0.0	0.0	0.0	0.0	0.0	0.0	0.0	0	0	Negative	-0.2559153762319229	0.0
2025-06-16	479.3900146484375	487.4599914550781	477.2799987792969	481.8399963378906	2710300	CRWD	0.25383904812484076	2.132918350196499	0.4572276323249966	0.0	0.9631348523830507	-0.2559153762319229	-0.5084637448268353	2.132918350196499	3.815068755506186	0.0	0.0	0.0	0.0	0.0	0.0	0.0	0.0	0.0	0.0	0.0	0.0	0.0	0	0	High	2.636680728556467	3.0
2025-06-17	492.0299987792969	493.2000122070313	474.0	479.4500122070313	3398700	CRWD	0.012515395974154006	4.050635486715466	0.724235177957302	0.0	1.133171961270705	2.636680728556467	2.6238369489984295	4.050635486715466	25.399402280190387	0.0	0.0	0.0	0.0	0.0	0.0	0.0	0.0	0.0	0.0	0.0	0.0	0.0	0	0	Negative	-1.39625533691678	0.0
2025-06-18	485.1600036621094	490.7099914550781	478.8200073242188	490.7099914550781	2830300	CRWD	-0.26827781385151833	2.4831844845631874	0.7646837825985483	0.5544822533616416	0.9390386325330785	-1.39625533691678	-1.1310117767342875	2.4831844845631874	-16.724041545296732	0.0	0.0	0.0	0.0	0.0	0.0	0.0	0.0	0.0	0.0	0.0	0.0	0.0	0	0	Negative	-1.826204922553992	0.0
2025-06-20	476.2999877929688	490.0	474.2900085449219	484.5400085449219	5183100	CRWD	-0.12779188566815514	3.3123176056933885	0.7627974207291537	0.5388091179731022	1.5487566559693065	-1.8262049225539918	-1.700586248119722	3.3123176056933885	83.1289969261209	0.0	0.0	0.0	0.0	0.0	0.0	0.0	0.0	0.0	0.0	0.0	0.0	0.0	0	0	High	3.256353173027292	3.0
2025-06-23	491.80999755859375	494.2999877929688	461.510009765625	470.7550048828125	4431700	CRWD	-1.1641786798798994	7.104933226474544	1.9833676783184901	1.4080316166234497	1.1942643404961706	3.256353173027292	4.4726009192451555	7.104933226474544	-14.497115625783795	0.0	0.0	0.0	0.0	0.0	0.0	0.0	0.0	0.0	0.0	0.0	0.0	0.0	0	0	Negative	-1.3074139825746809	0.0
2025-06-24	485.3800048828125	493.5	481.1199951171875	490.8999938964844	3633500	CRWD	-0.18503155011625358	2.573163661551226	1.897854185952412	1.4268896146838164	0.9327524862275572	-1.3074139825746807	-1.1244630438589638	2.573163661551226	-18.01114696391904	0.0	0.0	0.0	0.0	0.0	4.847280926915879	0.0	0.0	0.0	0.0	0.0	0.0	0.0	0	0	Medium	1.7944685334083794	2.0
2025-06-25	494.0899963378906	500.4100036621094	487.5450134277344	488.0799865722656	2957600	CRWD	0.5562614162701229	2.6387287081302278	1.9742407932078943	1.4344805415078876	0.7768357130099495	1.7944685334083794	1.231357550190219	2.6387287081302278	-18.601898995458924	66.25911606058374	0.0	0.0	0.0	15.635498046875009	5.4823749439616325	0.0	0.0	0.0	0.0	0.0	0.0	0.0	0	0	High	2.252627044729941	3.0
2025-06-26	505.2200012207031	506.3500061035156	494.0899963378906	497.0799865722656	3017000	CRWD	0.6051509353632515	2.4813313073517107	1.9745083036699225	1.4587091533782648	0.7847411160646937	2.252627044729941	1.6375663612146054	2.4813313073517107	2.0083851771706787	71.62197051216333	0.0	0.0	0.0	15.394391741071436	8.79217581867595	0.0	0.0	0.0	0.0	0.0	0.0	0.0	0	0	Negative	-1.165831644472934	0.0
2025-06-27	499.3299865722656	505.3699951171875	495.5700073242188	504.5899963378906	3466300	CRWD	-0.12469911747165473	1.977518342137523	2.112289305336958	1.51454143322577	0.9900263336779751	-1.165831644472934	-1.0424324310430282	1.977518342137523	14.89227709645343	65.67312186855128	0.0	0.0	0.0	14.994791459064098	6.774295539239055	0.0	0.0	0.0	0.0	0.0	0.0	0.0	0	0	Medium	1.9986804827880624	2.0
2025-06-30	509.30999755859375	510.0199890136719	499.7200012207031	502.625	2702800	CRWD	0.6598869517838388	2.0611517985688397	0.3051739262998255	1.546064698717661	0.8565524934715919	1.9986804827880622	1.3300169228736634	2.0611517985688397	-22.02636817355682	70.19098985539057	0.0	0.0	0.0	14.687306529231394	6.778059001971953	0.0	0.0	0.0	0.0	0.0	0.0	0.0	0	0	Negative	-3.3849699234289155	0.0
2025-07-01	492.0700073242188	516.6199951171875	481.5	509.3699951171875	4089100	CRWD	0.011780165102069797	7.293872298481309	2.255092425071598	1.9914445272966177	1.259517766497462	-3.3849699234289155	-3.3963499928943786	7.293872298481309	51.29125351487347	56.38535897350338	0.0	0.0	0.0	16.146784285513974	2.1464297639916268	0.0	0.0	0.0	0.0	0.0	0.0	0.0	0	0	Medium	0.8189889079424225	2.0
2025-07-02	496.1000061035156	496.5	489.1440124511719	491.0	2113200	CRWD	-0.2174502221822661	1.5038490427320577	2.390164186157704	2.087609686766734	0.686621091211562	0.8189889079424225	1.0386977807567466	1.5038490427320577	-48.32114646254677	58.44300925799457	0.0	0.0	0.0	15.518870232893557	3.2208420672456004	0.0	0.0	0.0	0.0	0.0	0.0	0.0	0	0	High	3.628294549681183	3.0
2025-07-03	514.0999755859375	517.97998046875	499.989990234375	499.989990234375	2654000	CRWD	0.7841128971983314	3.598070078551377	2.374282181721419	2.0662498939769076	0.8831711634964793	3.628294549681183	2.822053566502064	3.598070078551377	25.591519969714177	66.12927351544428	0.0	0.0	0.0	15.973234813775045	7.240443037378383	514.6682982500993	457.63270272646315	0.9900356495107296	0.0	0.0	0.0	0.0	0	0	Negative	-1.6806038788490674	0.0
2025-07-07	505.4599914550781	508.1549987792969	498.9100036621094	507.7000122070313	3269400	CRWD	-1.244886925274006	1.853038634087751	2.3920305522164935	2.1280139964650755	1.1024041541625924	-1.6806038788490674	-0.44120951311691914	1.853038634087751	23.187641296156745	60.35848195473884	0.0	0.0	0.0	15.917287464493123	2.7295068815113765	515.881049181604	460.67195069632567	0.8112438345772902	0.0	0.0	0.0	0.0	0	0	Low	0.4451390887581187	1.0
2025-07-08	507.7099914550781	509.385009765625	497.739990234375	507.6400146484375	2143300	CRWD	0.43129490567269174	2.3395788483393933	2.360114548374767	1.6670553248009647	0.7510337094400449	0.44513908875811875	0.013784730246114846	2.3395788483393933	-34.44362880039151	61.305472069718384	0.0	0.0	0.0	15.612125469261471	4.647948640192057	517.5025123714502	462.98048628577635	0.8203933048822425	0.0	0.0	0.0	0.0	0	0	Medium	1.142388057781616	2.0
2025-07-09	513.510009765625	513.9199829101562	507.0400085449219	512.0	1869300	CRWD	0.8449722513096244	1.356889840897996	0.9035519603020271	1.7311767440512345	0.7756946519270989	1.142388057781616	0.2949237823486328	1.356889840897996	-12.784024634908786	63.71199389313467	0.0	0.0	0.0	14.988400390402392	7.812307983688235	519.0349241005252	466.36007406842015	0.8951128606624825	0.0	0.0	0.0	0.0	0	0	Negative	-5.141092464022646	0.0
2025-07-10	487.1099853515625	514.5	486.5700073242188	512.989990234375	4178700	CRWD	-0.10126765230678678	5.740179677201199	1.7546538301717602	1.9772390023943214	1.480265255372059	-5.141092464022646	-5.044933697631885	5.740179677201199	123.54357246027925	48.82670372151889	0.0	0.0	0.0	15.91279983935802	-0.9556560928738125	517.5586045368584	469.7823927775947	0.3626824299356055	0.0	0.0	0.0	0.0	0	0	Negative	-1.7778270626665598	0.0
2025-07-11	478.4500122070313	489.3259887695313	477.4700012207031	488.0	3384400	CRWD	0.18271328348876867	2.4830853286106103	1.7267060662586662	1.9771859303115404	1.1399047497153942	-1.7778270626665598	-1.9569647116739124	2.4830853286106103	-19.00830401799603	45.10408240004973	0.0	0.0	0.0	15.623027532891602	-1.4277458086585855	517.434464296174	470.05353314034943	0.17721220039065622	0.0	0.0	0.0	0.0	0	0	Negative	-0.474452810812707	0.0
2025-07-14	476.1799926757813	480.7170104980469	463.5	466.8200073242188	3340500	CRWD	-2.4307669737878594	3.714565371746899	1.6838860667085755	1.9514890188505545	1.1197557018543598	-0.474452810812707	2.0050523123919457	3.714565371746899	-1.2971279990544853	44.1537901755008	4.3810580247757684	0.0	0.0	15.736883458974122	-3.6248464439383836	517.8337260750106	469.09926953045806	0.1452919278755087	0.0	0.0	0.0	0.0	0	0	Negative	-0.6090121258956303	0.0
2025-07-15	473.2799987792969	480.7200012207031	470.5199890136719	479.0899963378906	2529100	CRWD	0.6111142229553237	2.1678169780657006	1.7055747240043755	1.9448868002538247	0.826395242451967	-0.6090121258956303	-1.2127152733316726	2.1678169780657006	-24.28977697949409	42.90998639067609	2.5119230909640464	0.0	0.0	15.341392655263917	-6.321998805319151	518.4316017383021	467.7673942333775	0.10880668656237331	0.0	0.0	0.0	0.0	0	0	Negative	-0.5979518634983065	0.0
2025-07-16	470.4500122070313	476.6499938964844	464.8349914550781	475.8200073242188	1980400	CRWD	0.5366819961699683	2.541762702592939	1.4702131762172572	1.3126272917499124	0.6424405213746748	-0.5979518634983065	-1.1285769901492269	2.541762702592939	-21.69546478984619	41.676188971399924	0.7931213155068235	0.0	0.0	15.08950763998837	-5.783745247003037	519.2217676810261	466.083228046513	0.08217734605717526	0.0	0.0	0.0	0.0	0	0	Negative	-0.1317941585030349	0.0
2025-07-17	469.8299865722656	474.30999755859375	466.9400024414063	470.3500061035156	2256600	CRWD	-0.02125754084828721	1.5783601915991903	0.780532389118758	1.3050842411837902	0.8363353346675562	-0.1317941585030349	-0.1105601200174223	1.5783601915991903	13.946677438901231	41.39535666695019	-0.612017406106304	0.0	0.0	14.538113888359732	-7.751666210280142	519.9166685454644	463.16832596137164	0.11738951848721184	0.0	0.0	0.0	0.0	0	0	Medium	1.3047283183295986	2.0
2025-07-18	475.9599914550781	477.260009765625	465.760009765625	472.30999755859375	2903400	CRWD	0.5278528525651414	2.4690827376499995	0.7806204408384034	1.2707319202486835	1.1158339738662568	1.3047283183295986	0.7727962387735747	2.4690827376499995	28.662589736772137	45.31850983860346	-1.2169317710648215	0.0	0.0	14.321105753476894	-3.2739276178899464	520.145580560069	462.0194127260638	0.23983309494658858	0.0	0.0	0.0	0.0	0	0	Medium	1.1807704887140549	2.0
2025-07-21	481.5799865722656	490.0400085449219	474.1099853515625	478.7149963378906	3416200	CRWD	0.5788311900733619	3.3599847473254396	0.6466650194805834	1.2583819341305962	1.3053180189061342	1.1807704887140549	0.5984751378778217	3.3599847473254396	17.66205138802783	48.708573225195224	-1.2286806599482816	0.0	0.0	14.436028427754215	-2.926833169242145	519.9601137746221	462.73287938944037	0.3293380745253257	0.0	0.0	0.0	0.0	0	0	Negative	-2.149170620566141	0.0
2025-07-22	471.2300109863281	485.45599365234375	470.0	481.5	1975600	CRWD	-0.016609197744064115	3.2885092877327127	0.7253620543618835	1.2576667638309127	0.7882095721421618	-2.149170620566141	-2.1329156830055815	3.2885092877327127	-42.1696621977636	43.37525400359287	-2.0495226491487983	0.0	0.0	14.508883086653467	-8.338838092872694	520.2406548789821	460.3943396278538	0.18105828759891818	0.0	0.0	0.0	0.0	0	0	Negative	-2.060569519401422	0.0
2025-07-23	461.5199890136719	472.0	454.0400085449219	471.2300109863281	3024000	CRWD	0.0	3.9555966692528144	0.9225831594340463	1.176109317888946	1.1137465195421263	-2.060569519401422	-2.060569519401422	3.9555966692528144	53.06742255517312	39.05477515836997	-3.4438647336728536	0.0	0.0	14.755390827255228	-8.693072287465375	521.5387817165156	456.7102112034063	0.0741922546216406	0.0	0.0	0.0	0.0	0	0	Low	0.1105065387774334	1.0
2025-07-24	462.0299987792969	468.5	460.1199951171875	463.9800109863281	2486100	CRWD	0.5330260944739655	1.8212650986137224	0.8359204634063893	0.8036189104913783	0.9004150579849768	0.11050653877743347	-0.4202793570537482	1.8212650986137224	-17.787698412698415	39.39622935958939	-4.456367129319403	-1.088288147923863	-3.3680789813955405	14.30000611693789	-8.99726092544763	521.9060654664114	453.1369276976511	0.12931776331919648	0.0	0.0	0.0	0.0	0	0	Medium	1.2748121689066017	2.0
2025-07-25	467.9200134277344	470.80999755859375	460.2999877929688	462.0	1794700	CRWD	-0.006492820677473988	2.2832956863670564	0.8677695361802402	0.8130883699429928	0.7067640155632217	1.2748121689066017	1.2813881878212932	2.2832956863670564	-27.810627086601503	43.34407936969931	-4.728994708035259	-1.8164294599461424	-2.9125652480891167	14.029292091844109	-8.878112494574099	520.0451857621981	451.26780862256743	0.24211747376408257	0.0	0.0	0.0	0.0	0	0	Medium	0.9104075751837538	2.0
2025-07-28	472.1799926757813	476.5700073242188	468.0	471.0	1825800	CRWD	0.658229287886892	1.8311981462005997	0.9490789025024059	0.7737837952042486	0.8219733122039942	0.9104075751837538	0.2505292305268167	1.8311981462005997	1.7328801470997939	46.07989915551969	-4.548872731879726	-2.3629181143328593	-2.1859546175468667	13.645056506461275	-3.065014704021259	518.5647391690708	450.0332558260465	0.32316149847337405	0.0	0.0	0.0	0.0	0	0	Negative	-1.412593293578239	0.0
2025-07-29	465.510009765625	480.7200012207031	458.0	473.8699951171875	2749900	CRWD	0.35791487729693366	4.960698956485398	1.4161838365653179	1.0743225900032052	1.1573166112537352	-1.412593293578239	-1.7641938585909172	4.960698956485398	50.61342972943367	42.61045221963553	-4.887990928785882	-2.8679326772234637	-2.0200582515624186	14.293266843192836	-2.704567271660348	515.2820572098334	448.93593900598694	0.2498122152183	0.0	0.0	0.0	0.0	0	0	Negative	-0.5069742475202297	0.0
2025-07-30	463.1499938964844	466.6799926757813	453.4200134277344	463.5199890136719	2117500	CRWD	-0.42749258022508707	2.9244362523403025	1.3077816108280929	1.0705557179744822	0.9647803900127574	-0.5069742475202297	-0.07982290428829526	2.9244362523403025	-22.997199898178117	41.42207194750381	-5.286241597646267	-3.351594461308024	-1.934647136338243	14.219460586396698	-2.736359985659608	514.488026714107	446.8379681589399	0.2411236011605577	0.0	0.0	0.0	0.0	0	0	Negative	-1.852528702436564	0.0
2025-07-31	454.5700073242188	467.8999938964844	453.760009765625	465.760009765625	2832800	CRWD	0.5635357667140491	3.116181202958569	1.1979804666531317	0.9741424389128321	1.251159380603673	-1.8525287024365642	-2.4025253793336856	3.116181202958569	33.78040141676505	37.34432498941338	-6.2224626562487515	-3.92576810029617	-2.2966945559525813	14.213783696715462	-3.9532605441463073	513.4489956427935	443.72399935232363	0.1555540846027642	0.0	0.0	0.0	0.0	0	0	Negative	-1.740106811857404	0.0
2025-08-01	446.6600036621094	454.0	438.0899963378906	448.9500122070313	3014400	CRWD	-1.2363321439241104	3.6316747232544166	1.1401632590366673	0.9729780284497668	1.2018755382603425	-1.7401068118574041	-0.5100809628368836	3.6316747232544166	6.410618469358938	34.01934412740252	-7.51605537143314	-4.6438255545235645	-2.8722298169095755	14.375657074544943	-5.056862137874203	508.7037666648446	441.72523113788975	0.0736769247848615	0.0	0.0	0.0	0.0	0	0	Medium	1.83584418175402	2.0
2025-08-04	454.8599853515625	457.489990234375	448.0	452.8999938964844	1882800	CRWD	1.397033578832692	2.1183013916015625	1.0519682313550738	1.0168066149310093	0.7472970612983632	1.8358441817540194	0.43276473426628137	2.1183013916015625	-37.539808917197455	39.98483795351668	-7.789771291334262	-5.273014701885704	-2.5167565894485575	14.122394895810706	-3.186259210468797	504.2412843888486	441.1277128035342	0.2175803429134975	0.0	0.0	0.0	0.0	0	0	Negative	-2.882202386175992	0.0
2025-08-05	441.75	457.7999877929688	438.5	454.6300048828125	3104600	CRWD	-0.05056071673841512	4.4013655172106745	0.8478333214093513	1.109410574956834	1.1984929084858826	-2.8822023861759916	-2.833074092004224	4.4013655172106745	64.89271298066708	34.59884929514877	-8.961259560995927	-6.010663673707749	-2.950595887288178	14.492222959893427	-7.18757712186969	499.35907207804996	439.4139259688251	0.03897019496655162	0.0	0.0	0.0	0.0	0	0	High	2.2501420354060686	3.0
2025-08-06	451.6900024414063	451.8999938964844	442.010009765625	445.0	2035700	CRWD	0.7357102433503113	2.2375022991229363	0.9597032670853085	1.09589750790239	0.790851806096206	2.2501420354060686	1.5033713351474847	2.2375022991229363	-34.42955614249823	41.079323507546526	-8.98403496713155	-6.60533793239251	-2.378697034739039	14.182063741078494	-6.206649978045556	489.3908306676307	443.2001666468224	0.18379982133963957	0.0	0.0	0.0	0.0	0	0	Negative	-5.908920342966537	0.0
2025-08-07	425.0	451.9849853515625	422.0	451.6900024414063	5710100	CRWD	0.0	7.105446765773104	2.033260732269473	1.6395912337082097	1.8130064263760828	-5.908920342966537	-5.908920342966537	7.105446765773104	180.49810875865796	31.930357990986977	-11.028613785302866	-7.489993102974582	-3.5386206823282844	15.310843856113065	-9.810498038858864	490.562118936135	435.8178798431619	-0.19760763913057064	0.0	0.0	0.0	0.0	0	0	Negative	-0.1200022977941176	0.0
2025-08-08	424.489990234375	434.5	420.4200134277344	431.0	3632100	CRWD	1.411764705882353	3.3490286196106176	2.0464325410662423	1.5883703975652839	1.1096955142893805	-0.12000229779411764	-1.5104431010730859	3.3490286196106176	-36.39165688867095	31.78468428415384	-12.54549410807607	-8.50109330399488	-4.0444008040811905	15.222925478695391	-8.023487532671075	491.68623866068276	429.29775792134853	-0.0770617849641331	0.0	0.0	0.0	0.0	0	0	Low	0.4570195967012478	1.0
2025-08-11	426.4299926757813	434.0	419.739990234375	423.8200073242188	2525400	CRWD	-0.1578324402387612	3.3973436168573015	1.8473018014456555	1.4710144416797668	0.7424196990810152	0.4570195967012478	0.6158240069978298	3.3973436168573015	-30.469976046915008	33.03617067821358	-13.436206484061643	-9.488115940008232	-3.948090544053411	15.154145784904648	-7.705128714060194	491.637092882925	424.37190369910627	0.030596642953769168	0.0	0.0	0.0	0.0	0	0	High	2.197311464513143	3.0
2025-08-12	435.7999877929688	438.2999877929688	427.489990234375	428.010009765625	2311000	CRWD	0.37052203573424414	2.5287136086314286	1.9570305540732056	1.4446739005966904	0.7126425439272741	2.197311464513143	1.8200457581843794	2.5287136086314286	-8.489744198938782	38.86959151045801	-13.233474900524755	-10.237187732111536	-2.996287168413218	14.919563594353422	-6.864426550057404	490.32177997864466	421.9392155047538	0.20269453763330542	0.0	0.0	0.0	0.0	0	0	Negative	-0.8444223907435088	0.0
2025-08-13	432.1199951171875	442.4249877929688	427.8599853515625	440.0	2461100	CRWD	0.9637476651390938	3.40415157763318	1.79869430959007	1.4320488229952246	0.7395265539643142	-0.8444223907435088	-1.7909102006392046	3.40415157763318	6.495023799221117	37.48834385049335	-13.217391452795766	-10.833228476248383	-2.3841629765473833	14.894237797714341	-8.484052306320546	489.2660014983152	419.1619922760989	0.184839682991799	0.0	0.0	0.0	0.0	0	0	Negative	-1.680091143122443	0.0
2025-08-14	424.8599853515625	435.0	419.80999755859375	432.3399963378906	2911600	CRWD	0.05091206683075668	3.6183041208508024	0.4215238611138418	1.4247513154727687	1.0517874172759587	-1.680091143122443	-1.730122368896493	3.6183041208508024	18.304823046605176	34.8567244132535	-13.633310995533293	-11.393244980105367	-2.240066015427926	14.915363843692335	-8.732363120296592	488.4617951184292	415.46919853391455	0.1286539629642412	0.0	0.0	0.0	0.0	0	0	Medium	0.7155318574909645	2.0
2025-08-15	427.8999938964844	428.9320068359375	423.0	425.2799987792969	2264400	CRWD	0.09885925768858249	1.4023656822547281	0.9211127771040956	1.581421448192999	0.9076842906962761	0.7155318574909645	0.6160635639361849	1.4023656822547281	-22.228328067042177	36.85559192821978	-13.56130071351862	-11.82685612678802	-1.7344445867306	14.27369548599556	-7.6109252865235915	485.75040497200814	413.37458892447626	0.2006941788741801	0.0	0.0	0.0	0.0	0	0	Negative	-0.3645705961311926	0.0
2025-08-18	426.3399963378906	428.9700012207031	421.6990051269531	426.0	2252700	CRWD	-0.4440275586785853	1.7242146662312035	0.9835196547271833	1.6201350471383247	0.9231771687102485	-0.36457059613119264	0.07981134692268192	1.7242146662312035	-0.5166931637519873	36.241053522398765	-13.47478191361131	-12.156441284152677	-1.318340629458632	13.773502672263735	-6.210266962508445	481.17902417168574	412.4219707013611	0.20242324145749666	0.0	0.0	0.0	0.0	0	0	Negative	-1.815450180808456	0.0
2025-08-19	418.6000061035156	436.0	415.8999938964844	431.0	2786800	CRWD	1.0930252151187207	4.832894060709803	1.4217188055523677	1.6575462996681323	1.0991906347127778	-1.815450180808456	-2.877028746284078	4.832894060709803	23.70932658587473	33.27634228779121	-13.870872879233957	-12.499327603168934	-1.3715452760650226	14.225395774496013	-6.282182718070422	478.72152593007746	409.6164684546881	0.1299982660751979	0.0	0.0	0.0	0.0	0	0	Low	0.1361699273548966	1.0
2025-08-20	419.1700134277344	420.9400024414063	409.30999755859375	417.4249877929688	2212600	CRWD	-0.280701933448192	2.8413683887962433	1.403526823972243	1.6227430165227226	0.8901602014789066	0.1361699273548966	0.4180453221049269	2.8413683887962433	-20.60427730730587	33.7064503324508	-13.97765726371017	-12.794993535277182	-1.1826637284329884	14.040010710804337	-7.846364391944315	477.2753609534784	406.82763587269346	0.17519909324094515	0.0	0.0	0.0	0.0	0	0	Negative	-1.219079539434087	0.0
2025-08-21	414.05999755859375	417.9299926757813	413.6600036621094	417.7900085449219	1800400	CRWD	-0.3292231883496636	1.0322460416453012	1.5354900388841612	1.1611671281076719	0.7954475165460506	-1.219079539434087	-0.8927956413603568	1.0322460416453012	-18.629666455753412	31.731677055730515	-14.309667295083557	-13.097928287238458	-1.2117390078450985	13.430724929005814	-6.268251826011602	475.6333542526556	403.67264245144594	0.14434758699778735	0.0	0.0	0.0	0.0	0	0	Medium	1.5674033407336474	2.0
2025-08-22	420.5499877929688	423.9930114746094	412.5509948730469	415.0	2202300	CRWD	0.22702082957753728	2.7734793380109335	1.4396772519506138	1.1458118888674391	0.9783825567757757	1.5674033407336474	1.3373464561370618	2.7734793380109335	22.322817151744058	36.79636570223529	-13.888995964271146	-13.256141822644995	-0.6328541416261508	13.288674334188434	-6.894111997193699	471.71307519480234	402.8559189458227	0.2569677548571187	0.0	0.0	0.0	0.0	0	0	Negative	-0.4089885318341552	0.0
2025-08-25	418.8299865722656	426.0	418.5249938964844	422.6099853515625	2413300	CRWD	0.4898341739122348	1.7860357714656465	1.4300704697874214	1.1587472384054596	1.057036985125357	-0.4089885318341552	-0.89444142597633	1.7860357714656465	9.58089270308314	36.03339459746335	-13.538339082075083	-13.312581274531013	-0.2257578075440705	12.873412317711805	-1.4517678653492647	465.94493045052195	403.2890630797515	0.24803620386498906	0.0	0.0	0.0	0.0	0	0	Negative	-0.2936705842903579	0.0
2025-08-26	417.6000061035156	425.0	416.7000122070313	419.3200073242188	3146700	CRWD	0.11699753304760876	1.9918376649446714	0.7504076668169604	1.1744585137027892	1.3361443020559987	-0.2936705842903579	-0.4101882072546265	1.9918376649446714	30.38992251274189	35.46704792982324	-13.207442940174246	-13.291553607659662	0.08411066748541529	12.546739137373011	-1.6231205185910713	460.95345941565495	403.48953374840755	0.2455535745472153	0.0	0.0	0.0	0.0	0	0	Medium	1.1997076568061615	2.0
2025-08-27	422.6099853515625	427.4150085449219	419.9800109863281	421.6000061035156	8119600	CRWD	0.9578543921305573	1.770321768679554	0.6224816649561695	1.154466478837135	2.2959682846688496	1.1997076568061615	0.23955864170431118	1.770321768679554	158.03540216734993	39.62927669404656	-12.398025191659315	-13.112847924459594	0.714822732800279	12.3516150876611	-0.895811127226033	455.41854431809884	404.9704479914715	0.34965714555180505	0.0	0.0	0.0	0.0	0	0	High	4.588158188526297	3.0
2025-08-28	442.0	442.1700134277344	409.25	410.0	9981800	CRWD	-2.9838351644891814	8.043986176599725	2.698254589282629	2.124137752835333	1.929692967363525	4.588158188526297	7.804878048780488	8.043986176599725	22.934627321542933	52.4200148751259	-10.075796155293233	-12.505437570626322	2.429641415333089	13.820786397666335	1.422673790889726	452.88365926838065	406.24833230876783	0.7666220014323877	0.0	0.0	0.0	0.0	0	0	Negative	-4.14026873144088	0.0
2025-08-29	423.7000122070313	448.0	420.3900146484375	444.864990234375	5485100	CRWD	0.648187835831448	6.5677072217455255	3.035113271544447	2.356468392576711	0.9409534592489665	-4.14026873144088	-4.757618264407147	6.5677072217455255	-45.048989160271695	43.131942447241414	-9.601390139855312	-11.924628084472122	2.3232379446168103	14.805729180087491	-1.948528882092753	450.48341598796645	406.3525764436742	0.39309099809774123	0.0	0.0	0.0	0.0	0	0	Negative	-2.4073665124293897	0.0
2025-09-02	413.5	418.0199890136719	407.6950073242188	417.1090087890625	3762800	CRWD	-1.5555825414393105	2.5325259088204	2.912915261221356	2.3083955499975675	0.6169333683105981	-2.4073665124293897	-0.8652435485726042	2.5325259088204	-31.3996098521449	38.98558202322047	-9.933963151228511	-11.5264950978234	1.5925319465948888	14.891391730282136	-2.6738186092442566	445.70070314120335	406.999290755281	0.16797085284369753	0.0	0.0	0.0	0.0	0	0	Negative	-0.0725484384446658	0.0
2025-09-03	413.2000122070313	414.4800109863281	404.2799987792969	412.9849853515625	3036500	CRWD	-0.1245500963573156	2.523006885779577	2.821351166892454	2.266182050787252	0.4996577348629952	-0.07254843844466582	0.052066506797035374	2.523006885779577	-19.30211544594451	38.86723991293125	-10.10524914474945	-11.24224590720861	1.1369967624591588	14.556293192907074	-3.4353778684580263	443.72279577634833	406.1221993408392	0.1882367179555693	0.0	0.0	0.0	0.0	0	0	Negative	-0.1790950460045967	0.0
2025-09-04	412.4599914550781	415.489990234375	402.6600036621094	413.2000122070313	2763400	CRWD	0.0	3.186307667903331	2.5649316537279674	2.2629721632903084	0.552026400741522	-0.1790950460045967	-0.1790950460045967	3.186307667903331	-8.993907459245843	38.55631479791784	-10.183321032766457	-11.03046093232018	0.8471398995537225	14.432985577146969	-3.25561875546203	437.9884460144274	407.93354800412726	0.1506058496488528	0.0	0.0	0.0	0.0	0	0	Medium	1.2534581619651348	2.0
2025-09-05	417.6300048828125	418.1119995117188	407.05999755859375	414.0700073242188	2169300	CRWD	0.3903447370642813	2.715079354250276	1.733185741764491	2.1414523334766415	0.6299841436711177	1.2534581619651348	0.8597574071106768	2.715079354250276	-21.49887819352971	42.044497576173356	-9.716016500279409	-10.767572045912026	1.0515555456326169	14.19148674685969	-0.2317250851791085	437.7626470250373	407.42234748179857	0.33643891308544044	0.0	0.0	0.0	0.0	0	0	High	2.497424168243831	3.0
2025-09-08	428.05999755859375	428.8450012207031	416.4200134277344	419.0	2545800	CRWD	0.32804039488779607	2.983763362066407	0.2905933504557174	2.1357611153636262	0.8915239042429506	2.497424168243831	2.1622905867765514	2.983763362066407	17.355829069285022	48.40780622536847	-8.407148673051665	-10.295487371339954	1.8883386982882886	14.065308250153194	2.120854032033955	438.10933555322777	407.4326596860301	0.6724111165714766	0.0	0.0	0.0	0.0	0	0	Negative	-1.0629322569077335	0.0
2025-09-09	423.510009765625	431.0069885253906	420.6300048828125	428.1700134277344	2126800	CRWD	0.025701039519714943	2.467009847637748	0.306065793901159	2.0885614412787175	0.8411776803936148	-1.0629322569077335	-1.0883535782441898	2.467009847637748	-16.458480634770993	46.03331028358428	-7.648836453744821	-9.766157187820928	2.1173207340761078	13.801856492469259	2.28228089232261	437.8765861419515	407.3734108062906	0.5290137430534739	0.0	0.0	0.0	0.0	0	0	Low	0.3211223631562169	1.0
2025-09-10	424.8699951171875	433.8070068359375	422.1700134277344	427.5650024414063	2278800	CRWD	0.9574726883138804	2.7564708619919793	0.27414922401366304	2.041568652376202	0.9587600238974765	0.3211223631562169	-0.630315228989803	2.7564708619919793	7.146887342486365	46.87216515296283	-6.859062106257284	-9.184738171508199	2.3256760652509154	13.64722341502168	1.0272280227351656	436.1393740714731	408.01762360919093	0.5992646699073557	0.0	0.0	0.0	0.0	0	0	High	2.002967934527307	3.0
2025-09-11	433.3800048828125	438.260009765625	427.1000061035156	428.25	2411900	CRWD	0.7955386169080327	2.6129720212189693	0.19075318955415801	1.9760792096108795	1.0456878761077293	2.002967934527307	1.1978995639959136	2.6129720212189693	5.840793400035106	51.90950035019636	-5.483265902776907	-8.444443717761942	2.961177814985035	13.628851360265667	3.4739676663615366	436.39179105508845	407.89120760213814	0.8943254555736411	0.0	0.0	0.0	0.0	0	0	Medium	0.6276249919371852	2.0
2025-09-12	436.1000061035156	443.0	435.0	435.3900146484375	2764700	CRWD	0.4637984546999379	1.839080459770115	0.43168127176717525	1.2965025696088022	1.1398004617414248	0.6276249919371852	0.1630702200764569	1.839080459770115	14.627472117417803	53.42939788485734	-4.1258953792786315	-7.5807340500652804	3.454838670786649	13.342504485760085	4.430076563603827	438.17274025219785	407.23426048022407	0.9330046542700571	0.0	0.0	0.0	0.0	0	0	Medium	1.988072182713587	2.0
2025-09-15	444.7699890136719	448.8699951171875	436.75	441.5750122070313	2879400	CRWD	1.2554473806212463	2.7750418127504295	0.3845784712326088	0.3576812082960769	1.155309109584644	1.988072182713587	0.7235411240033237	2.7750418127504295	4.148732231345173	57.98734209319445	-2.3237871258213545	-6.529344665216495	4.205557539395141	13.301610523468069	5.243606263509089	441.6698224889462	405.4241777551944	1.085532111443967	0.0	0.0	0.0	0.0	0	0	Low	0.0472203561040612	1.0
2025-09-16	444.9800109863281	448.3200073242188	434.7999877929688	444.7999877929688	2908000	CRWD	0.00674478495355713	3.109480200281789	0.4722626847755627	0.3841302874332078	1.0979551152324283	0.04722035610406126	0.04047284134439085	3.109480200281789	0.9932624852399806	58.09433649341149	-0.8686431559113998	-5.397204363355477	4.528561207444077	13.317211166881064	0.6742106303909785	444.85734265282207	404.1006590561623	1.0030097722061986	0.0	0.0	0.0	0.0	0	0	Low	0.1168567128485804	1.0
2025-09-17	445.5	454.0	434.3399963378906	445.0	3872800	CRWD	0.004492114966595467	4.52640876453272	0.9856832572467517	0.686684614766638	1.3051331823573817	0.11685671284858042	0.11235955056179776	4.52640876453272	33.17744154057772	58.376973266920885	0.32280657836702176	-4.253202175010977	4.576008753377999	13.770267773683086	5.145146840901347	447.9487532686562	403.69924782997657	0.944660324575838	0.0	0.0	0.0	0.0	0	0	Very High	12.823794586489898	4.0
2025-09-18	502.6300048828125	504.2200012207031	462.1199951171875	468.9249877929688	10120500	CRWD	5.25813418472925	9.110189247024385	2.871595052832024	2.0883990037881035	2.2444711559786032	12.823794586489898	7.187720417391047	9.110189247024385	161.32255732286717	76.85055970644363	5.809979191848015	-2.2405659016391786	8.050545093487194	16.9809630198988	21.555019318697095	469.88216443873927	390.1118358054013	1.41052658306822	0.0	0.0	0.0	0.0	0	0	Negative	-0.0159196802949217	0.0
2025-09-19	502.5499877929688	507.1960144042969	495.80999755859375	499.0	7092800	CRWD	-0.7222021860113248	2.2964476113367502	2.7805605873936416	2.109735542291134	1.3196643533592574	-0.015919680294921718	0.7114203993925465	2.2964476113367502	-29.916506101477196	76.79914621166243	10.036452335506851	0.21483774579002723	9.821614589716823	16.581324007456253	21.623904391650704	484.5664010964895	384.27659817108855	1.1793162033617326	0.0	0.0	0.0	0.0	0	0	Negative	-1.87244520407945	0.0
2025-09-22	493.1400146484375	500.2999877929688	486.3299865722656	496.0	3875400	CRWD	-1.3033505028493104	2.872535440219524	2.7669451109229004	2.112744224047246	0.695276197994223	-1.8724452040794501	-0.5766099499117944	2.872535440219524	-45.36149334536431	70.80045566680302	12.48276303954475	2.668422804540972	9.814340235003778	16.555515236973893	19.560690700869202	493.8444329884961	382.25756896462883	0.9936872646595037	0.0	0.0	0.0	0.0	0	0	Negative	-1.8331525076841613	0.0
2025-09-23	484.1000061035156	495.05999755859375	481.1000061035156	493.1400146484375	2734500	CRWD	0.0	2.9016818287203328	2.792300167033371	2.094977152896574	0.49366334488734837	-1.8331525076841617	-1.8331525076841617	2.9016818287203328	-29.43954172472519	65.50684620386303	13.535994242377853	4.841937092108349	8.694057150269504	16.370120681124195	15.916002309114424	499.79969663404023	382.82930727220975	0.8657806422960604	0.0	0.0	0.0	0.0	0	0	Negative	-1.605044295245997	0.0
2025-09-24	476.3299865722656	486.9599914550781	474.4800109863281	482.3900146484375	2218200	CRWD	-0.35323103357128977	2.630243673027904	2.888022662970288	2.100194945809626	0.4258987612033147	-1.6050442952459967	-1.256250729109387	2.630243673027904	-18.880965441579814	61.26672323935711	13.587088421678686	6.590967358022417	6.996121063656269	16.092253523097465	11.276454069283728	503.57019905566995	384.9318028974551	0.7703929472623933	0.0	0.0	0.0	0.0	0	0	Negative	-0.6801986701887915	0.0
2025-09-25	473.0899963378906	481.5499877929688	469.0	476.8999938964844	2714800	CRWD	0.11966647918192155	2.675903580590364	0.24274992331278378	2.097442666314922	0.728386913290083	-0.6801986701887915	-0.7989091229514139	2.675903580590364	22.387521413758904	59.53619337773366	13.213820099907991	7.915537906399532	5.298282193508459	15.839234542373989	11.706922015775666	506.4906256529901	387.0593773987677	0.7203359271268553	0.0	0.0	0.0	0.0	0	0	Medium	1.7607679626128216	2.0
2025-09-26	481.4200134277344	483.7000122070313	470.2900085449219	472.1000061035156	2359700	CRWD	-0.20926044558928458	2.8514328219729794	0.12402895929037823	2.033227832249415	0.8486542085653044	1.7607679626128216	1.9741595432589736	2.8514328219729794	-13.080153234124062	62.47118064094238	13.435291352412548	9.019488595602136	4.415802756810413	15.66571805092652	13.30995809552267	510.2757643642488	387.21624003028245	0.7655138755598961	0.0	0.0	0.0	0.0	0	0	Medium	1.4602630931861331	2.0
2025-09-29	488.4500122070313	490.5	482.6499938964844	486.4200134277344	2197900	CRWD	1.0385941299780523	1.6264386621331322	0.5217689322996595	2.114264309917925	0.8989292521124571	1.4602630931861331	0.417334551058418	1.6264386621331322	-6.8568038309954655	64.7921681659354	14.016497605544714	10.018890397590653	3.9976072079540614	15.195308659593598	12.707094629137295	514.7035736782393	389.26343071629196	0.79070845383864	0.0	0.0	0.0	0.0	0	0	Low	0.3951259345988426	1.0
2025-09-30	490.3800048828125	490.8810119628906	479.2539978027344	486.4200134277344	2288200	CRWD	-0.41560010821261056	2.42606513737253	0.4804102453684645	2.1377708492277896	0.9713213570142969	0.3951259345988426	0.814109482702534	2.42606513737253	4.108467173210792	65.42438050678433	14.466085993325521	10.908329516737627	3.557756476587894	14.940430481062359	12.446686085671049	518.0638608703301	393.59114401248235	0.7775909718502122	0.0	0.0	0.0	0.0	0	0	Medium	1.9535842564696293	2.0
2025-10-01	499.9599914550781	500.8370056152344	485.3599853515625	487.75	2512400	CRWD	-0.5363197635762086	3.1887713719253865	0.5880047704311475	2.100406290652947	1.0405036030812558	1.9535842564696295	2.503329872901717	3.1887713719253865	9.798094572152785	68.45256076115244	15.417687379906226	11.810201089371347	3.6074862905348795	14.978758322677324	12.408661511491898	522.0056671787667	398.32533562885055	0.821752776311154	0.0	0.0	0.0	0.0	0	0	Negative	-0.632051307328108	0.0
2025-10-02	496.7999877929688	502.2699890136719	492.3450012207031	501.2250061035156	2588800	CRWD	0.2530231758656958	2.0158603760292233	0.626544937990948	0.4674741303562904	1.0834519126140454	-0.632051307328108	-0.8828406916379866	2.0158603760292233	3.040917051424932	66.38716516786683	15.735463816518745	12.595253634800828	3.140210181717917	14.617774713412427	11.645461712263932	524.1012397870642	404.6637626543421	0.7714180452442285	0.0	0.0	0.0	0.0	0	0	Negative	-1.392911248025245	0.0
2025-10-03	489.8800048828125	501.8699951171875	486.2999877929688	499.8399963378906	1983500	CRWD	0.6119179991181238	3.201728915289891	0.7016868955023707	0.4997714873011432	0.8571144605385972	-1.392911248025245	-1.992635949113843	3.201728915289891	-23.38148949320148	61.97708189318331	15.253091005458941	13.126821108932452	2.1262698965264892	14.685791328470017	9.961841724537036	524.6253152476652	411.3646871937411	0.6932269318839533	0.0	0.0	0.0	0.0	0	0	Medium	1.2390804408665044	2.0
2025-10-06	495.9500122070313	503.5	494.3800048828125	495.510009765625	1949400	CRWD	1.1492620288021944	1.844733813486105	0.6383149070331314	0.5496223200022635	0.8608674915873983	1.2390804408665044	0.08879789161361784	1.844733813486105	-1.7191832619107636	64.22222910023604	15.18555629894854	13.53856814693567	1.6469881520128702	14.609663027664125	-1.329007940411083	526.1456664485796	416.6333374576703	0.7242716457609548	0.0	0.0	0.0	0.0	0	0	Negative	-2.284507875990163	0.0
2025-10-07	484.6199951171875	497.8559875488281	476.5199890136719	497.0	2857500	CRWD	0.21171242405986315	4.477461392400078	1.0662616623149352	0.8236168111165139	1.2014783544687007	-2.284507875990163	-2.4909466565015093	4.477461392400078	46.583564173591874	57.40826512309843	14.055770692105853	13.642008655969708	0.41376203613614493	15.090115563913562	-3.5678028278388436	524.8177446699426	424.0722577714637	0.6009970194172338	0.0	0.0	0.0	0.0	0	0	Very High	5.2267791971147775	4.0
2025-10-08	509.9500122070313	510.0	490.3299865722656	491.7699890136719	3617500	CRWD	1.4753815295539783	4.011586883608918	1.1714588581808931	0.9217517790771038	1.391699431394123	5.2267791971147775	3.6968549524184167	4.011586883608918	26.596675415573053	66.07449778714329	15.031059449557347	13.919818814687236	1.1112406348701107	15.82510765812063	3.4087677047618525	525.8753955842158	431.5226085661748	0.8312144889356643	0.0	0.0	0.0	0.0	0	0	Negative	-0.1608015108519886	0.0
2025-10-09	509.1300048828125	511.4599914550781	501.8999938964844	509.9500122070313	2203800	CRWD	0.0	1.9047614414925609	1.1981563170909701	0.9673890222652815	0.87371250505483	-0.16080151085198863	-0.16080151085198863	1.9047614414925609	-39.07947477539737	65.6090875370343	15.558466758454188	14.247548403440627	1.3109183550135608	15.37759979386871	5.170419017500421	526.5623272471504	438.4106769032402	0.802246216646786	0.0	0.0	0.0	0.0	0	0	Negative	-3.038516895947605	0.0
2025-10-10	493.6600036621094	517.4099731445312	493.2869873046875	509.0	3133900	CRWD	-0.025534712463553096	4.890253840193793	1.4497492526057532	1.1812129790049497	1.1385980337303174	-3.038516895947605	-3.013751736324288	4.890253840193793	42.20437426263726	57.39542841974733	14.560298977067077	14.310098518165919	0.2502004589011584	16.002270225724068	3.6382376878165648	524.1481951402845	446.58080876596546	0.6069457422344043	0.2581	-0.5456618566057614	-2.1141408076906383	-0.3045332996240329	0	0	High	3.0283963818316124	3.0
2025-10-13	508.6099853515625	511.0700073242188	497.5	500.6131896972656	2337238	CRWD	1.408496937887524	2.727639663159559	1.2488911246094956	1.0910970725686027	0.8258827706524227	3.0283963818316124	1.5974001122768569	2.727639663159559	-25.420785602603786	62.306478734217535	14.804920491354721	14.40906291280368	0.3958575785510412	16.102822614037308	7.508082878231644	523.7972028050249	453.3158007350142	0.7845216325524201	0.496275	0.0001329912453533	0.0002679783937836	0.1489755938717473	0	0	Negative	-3.867400066194112	0.0
2025-10-14	488.9400024414063	500.5400085449219	487.5899963378906	500.0950012207031	2768500	CRWD	-1.67416770730005	2.655922456222243	1.1942766019446918	1.0783975794328813	0.9844649055418635	-3.867400066194112	-2.2305759409848345	2.655922456222243	18.451779408002096	53.55872728993092	13.258743035455382	14.178998937334022	-0.9202559018786403	16.454048785439777	1.5620432894198222	519.786027408416	461.7229752771309	0.4687495087708375	0.0	0.0	0.0	0.0	0	0	Low	0.0163591794220505	1.0
2025-10-15	489.0199890136719	495.5	484.7799987792969	494.0	1728200	CRWD	1.034891302271811	2.211312605242932	1.1739631122179368	1.1124010507490039	0.7099290991072853	0.016359179422050583	-1.0080993899449646	2.211312605242932	-37.57630485822648	53.58726362447432	11.902634350296637	13.723726019926545	-1.821091669629908	16.044473959387158	0.11669091870121225	513.2995297224445	472.5614718644696	0.4040083895649031	0.0	0.0	0.0	0.0	0	0	Negative	-2.034677909490299	0.0
2025-10-16	479.0700073242188	498.30999755859375	475.3880004882813	489.7300109863281	1486235	CRWD	0.145192832319253	4.821744984469268	1.2886115173113895	1.1894355700969237	0.6487801326218193	-2.034677909490299	-2.1767103144526128	4.821744984469268	-14.000983682444163	49.51166432391062	9.91078274595327	12.96113736513189	-3.05035461917862	16.535725610167535	-2.306374127406862	512.4636859271724	471.0413159038822	0.19382501329166782	0.0	0.0	0.0	0.0	0	0	Medium	1.1647538954550367	2.0
2025-10-17	484.6499938964844	486.0	475.4200134277344	478.0150146484375	1926800	CRWD	-0.22021680749204625	2.2253978110818053	1.0848652409640853	1.2352790664761988	0.9401800902568983	1.1647538954550367	1.388027372513949	2.2253978110818053	29.64302415163147	51.72890386385867	8.682398990526451	12.105389690210803	-3.4229906996843518	16.110315678888828	-3.06224454361552	511.16811577046644	470.5468866709398	0.3471856351512743	0.0	0.0	0.0	0.0	2025-10-22 17:57:51.971051+00:00	2025-10-22 17:57:51.974077+00:00	High	3.912099802714072	3.0
2025-10-20	503.6099853515625	504.4450073242188	486.4500122070313	486.5299987792969	2820100	CRWD	0.3879098125427909	3.6992485693532884	1.1261462589081663	1.1492420198427336	1.3141394998152347	3.9120998027140717	3.5105721363778777	3.6992485693532884	46.36184347104007	58.41202059933512	9.133523298326224	11.511016411833888	-2.377493113507663	16.37350837523494	1.3707724891152009	512.4263806579913	470.3356188537274	0.7905384714244896	0.0	0.0	0.0	0.0	2025-10-22 17:57:51.971051+00:00	2025-10-22 17:57:51.974077+00:00	Low	0.0675178938780253	1.0
2025-10-21	503.9500122070313	507.6000061035156	498.3500061035156	501.239990234375	1440100	CRWD	-0.47060129586847693	1.8561251904707754	1.2580994964126844	1.1655172250349004	0.7658937172889032	0.06751789387802531	0.5406635594636268	1.8561251904707754	-48.93443494911528	58.52292780011989	9.4100071826702	11.09081456600115	-1.6808073833309507	15.864686348432445	2.8721334171588793	513.8202077566041	470.9267923654662	0.7698901927121421	0.0	0.0	0.0	0.0	2025-10-22 17:57:51.971051+00:00	2025-10-22 17:57:51.974077+00:00	Negative	-2.1728551432730576	0.0
2025-10-22	492.9999084472656	505.3599853515625	491.6700134277344	502.6799926757813	969906	CRWD	-0.25201299741773875	2.7843821160430147	1.1971543798344266	1.1227384488062389	0.561084216953073	-2.1728551432730576	-1.9256951479187168	2.7843821160430147	-32.65009374349003	53.568525015898885	8.645876510848211	10.601826954970562	-1.955950444122351	15.70934960381785	-0.5948389327862702	513.3510280378614	473.06296427170895	0.49485982476791224	0.0	0.0	0.0	0.0	2025-10-22 17:57:51.971051+00:00	2025-10-22 17:57:51.974077+00:00	Very High	5.4269982564122055	4.0
2025-10-23	519.7550048828125	521.5	499.9800109863281	500.0	2382606	CRWD	1.4198971303628851	4.3041698749553285	1.0175143194352863	1.1243558711701478	1.2488091634037466	5.4269982564122055	3.9510009765625	4.3041698749553285	145.6532901126501	62.027335706463575	10.082979813984593	10.49805752677337	-0.4150777127887757	16.62297402874046	7.250012405519687	516.6121806992288	474.4683124648338	1.0745736999295836	0.1333229999999999	0.0	133322999.99999996	0.0666614999999999	2025-10-23 19:17:55.381767+00:00	2025-10-23 19:17:55.384555+00:00	Medium	1.4554939096953778	2.0
2025-10-24	527.3200073242188	535.52001953125	521.8699951171875	528.2100219726562	2548358	CRWD	1.6267312503801816	2.615598624518994	0.9590414633155409	0.9675228363230595	1.2539811260034623	1.4554939096953778	-0.1684963577770914	2.615598624518994	6.956752396325704	64.02309369259592	11.697485675710993	10.737943156560895	0.9595425191500979	16.56169121586168	3.406215256670199	522.023523494184	473.6469690595269	1.1094845197623318	0.137492	0.0	137492000.0	0.068746	2025-10-24 23:31:56.285754+00:00	2025-10-24 23:31:56.288743+00:00	Low	0.4513397651815573	1.0
2025-10-27	529.7000122070312	534.3400268554688	525.3803100585938	532.510009765625	1756063	CRWD	0.9842225535385795	1.7053773476732987	1.0341687661120422	1.0489221760112415	0.9651844727835988	0.45133976518155733	-0.5276891527035372	1.7053773476732987	-31.0904119436908	64.65252545611878	13.018965179957831	11.194147561240284	1.8248176187175478	16.018693043076915	4.040226882513709	527.3479424071245	472.4475501465864	1.0428424953458375	0.1379	0.0	137900000.0	0.06895	2025-10-27 23:31:49.668226+00:00	2025-10-27 23:31:49.670686+00:00	High	3.2546705374884555	3.0
2025-10-28	546.9400024414062	553.6400146484375	536.0	536.8099975585938	3361566	CRWD	1.342266412631984	3.291047509036847	0.9536692307821414	1.052535563835742	1.5254192063728464	3.2546705374884555	1.8870745568979073	3.291047509036847	91.4262757087872	68.89740452970796	15.281217970586226	12.011561643109474	3.2696563274767527	16.584500857243295	10.792853053528905	536.5783712688501	468.87312104072015	1.1530402906368866	0.13371	0.0	133710000.0	0.066855	2025-10-28 23:33:42.569385+00:00	2025-10-28 23:33:42.572201+00:00	Negative	-0.2632834378503002	0.0
2025-10-29	545.5	549.0	533.2999877929688	541.0	1700974	CRWD	-1.0860427862090052	2.943936352221729	0.9498171320779034	1.020298068007637	0.7238453978772155	-0.2632834378503002	0.8317929759704251	2.943936352221729	-49.399357323342755	68.16110512076874	16.76462132437854	12.962173579363288	3.8024477450152503	16.521323096513864	7.253104679598121	543.5988445962333	466.40664856782917	1.0246288550084404	0.0782289999999999	0.0	78228999.99999999	0.0391144999999999	2025-10-29 23:34:01.042706+00:00	2025-10-29 23:34:01.045680+00:00	Negative	-1.250230490232585	0.0
2025-10-30	538.6799926757812	549.9799194335938	534.10498046875	543.1099853515625	1949440	CRWD	-0.4381328411434464	2.9722506895388476	0.608112075568994	0.8028007338997214	0.861333917028921	-1.250230490232585	-0.8156713732511576	2.9722506895388476	14.60727794781108	64.63784463951633	17.191735945225332	13.808086052535698	3.3836498926896343	16.475152801394568	10.173025317218894	548.1515122544816	466.041981397862	0.8846477445445445	0.134074	0.0	134074000.0	0.067037	2025-10-30 23:37:02.451094+00:00	2025-10-30 23:37:02.453979+00:00	Medium	0.8038199206796761	2.0
2025-10-31	543.010009765625	549.4998779296875	537.2999877929688	542.4099731445312	1872164	CRWD	0.692429739263583	2.2705919251611046	0.6396397602585095	0.7990764744651627	0.8797592001734553	0.8038199206796761	0.11062418664891757	2.2705919251611046	-3.964010177281681	65.84496967560361	17.675867157383664	14.581642273505292	3.094224883878372	16.169776896774867	11.04045273504018	552.8338116040774	466.6726825365476	0.8859833669223061	0.079592	0.0	79591999.99999999	0.039796	2025-10-31 23:31:19.037356+00:00	2025-10-31 23:31:19.040165+00:00	Medium	1.640848784422407	2.0
2025-11-03	551.9199829101562	555.8099975585938	545.1500244140625	549.013671875	1872893	CRWD	1.1056264159782823	1.955420098529536	0.552463089327106	0.7818561080284565	0.8705431616531579	1.640848784422407	0.5293695192016934	1.955420098529536	0.03893889637873605	68.2469551375055	18.56450494302726	15.378214807409687	3.186290135617572	15.92907767507443	15.206540687619164	558.8346747271444	466.2688164837932	0.9252997601036688	0.089042	0.0	89041999.99999999	0.044521	2025-11-03 23:21:01.301904+00:00	2025-11-03 23:21:01.304672+00:00	Negative	-3.261342324495997	0.0
2025-11-04	533.9199829101562	549.47998046875	531.0999755859375	539.7899780273438	2433170	CRWD	-2.1977832400366397	3.4607429349878447	0.6018775432642618	0.7606609873542534	1.237795744091172	-3.261342324495997	-1.0874590778138062	3.4607429349878447	29.915056546209527	59.19067613527143	17.613272382571154	15.825226322441981	1.7880460601291723	16.27842979287045	10.166097108049357	560.3277637008597	469.70572628937464	0.7085942719341617	0.147933	0.0	147933000.0	0.0739665	2025-11-04 23:21:33.204041+00:00	2025-11-04 23:21:33.206905+00:00	Low	0.0412106205656429	1.0
2025-11-05	534.1400146484375	535.1699829101562	526.0	533.489990234375	1549545	CRWD	-0.08053504074478622	1.7433427585848384	0.7186560458663547	0.835234184009841	0.8006154045194008	0.04121062056564292	0.12184378825494525	1.7433427585848384	-36.3157937998578	59.26184096604422	16.684836043585847	15.997148266670756	0.6876877769150909	15.770683586962294	6.062236688091569	562.2180094472124	470.23448078716274	0.6947497534852702	0.17992	0.0	179920000.0	0.08996	2025-11-05 23:21:39.395425+00:00	2025-11-05 23:21:39.398145+00:00	Negative	-0.303290349488936	0.0
2025-11-06	532.52001953125	540.0	517.0999755859375	526.6799926757812	2957613	CRWD	-1.3966416610008743	4.4285487324020805	1.1396127281026145	0.8618448336877929	1.3839524734017539	-0.303290349488936	1.108837802210537	4.4285487324020805	90.86977144903827	58.45361930172331	15.638057694079976	15.9253301521526	-0.2872724580726249	16.27992221746945	5.669214531635261	563.7939952796739	470.99749641954486	0.6629832360856331	0.169336	0.0	169335999.99999997	0.084668	2025-11-06 23:21:25.504016+00:00	2025-11-06 23:21:25.506752+00:00	Medium	1.3689584916940292	2.0
2025-11-07	539.8099975585938	542.260009765625	519.0999755859375	526.6599731445312	2403238	CRWD	-1.100436823366199	4.461574892879828	1.3075957814511203	1.0163891736458883	1.071299774732828	1.3689584916940292	2.496871811910745	4.461574892879828	-18.744000651877037	61.02929293078474	15.221257431616095	15.7845156080453	-0.5632581764292048	16.77135878619931	9.494948844668036	565.7391225894567	473.66736849941054	0.7183813289197875	0.170653	0.0	170653000.0	0.0853265	2025-11-07 23:20:55.366879+00:00	2025-11-07 23:20:55.369779+00:00	High	3.282642377581721	3.0
2025-11-10	557.530029296875	558.97998046875	544.260009765625	547.8200073242188	2142871	CRWD	1.4838572464111415	2.704584286738956	1.1628158581030068	0.9286857752016514	0.9327831598258015	3.282642377581721	1.7724839989112566	2.704584286738956	-10.834008117381632	66.47063386351624	16.134806681666987	15.85457382276964	0.2802328588973477	16.942689080767664	7.267851980103495	570.6974845560039	473.60101092739455	0.8643879147507046	0.1428589999999999	0.0	142858999.99999997	0.0714294999999999	2025-11-10 23:22:20.919916+00:00	2025-11-10 23:22:20.922823+00:00	Negative	-0.1434987868068695	0.0
2025-11-11	556.72998046875	558.5	551.2100219726562	555.219970703125	1333963	CRWD	-0.4143379678872749	1.3225409075935457	1.469203858023641	1.064327042313756	0.6421168107378001	-0.14349878680686956	0.2719660396424031	1.3225409075935457	-37.748795891119904	66.02240924935016	16.60285639633878	16.004230337483467	0.598626058855313	16.25320971980881	5.577253420321818	573.8043773451848	477.27311594094795	0.8231205453233064	0.1224	0.0	122400000.0	0.0612	2025-11-11 23:21:11.687798+00:00	2025-11-11 23:21:11.690482+00:00	Negative	-1.952471664636291	0.0
2025-11-12	545.8599853515625	566.9000244140625	545.0	563.0079956054688	1968165	CRWD	1.1276588933530844	4.018353103497707	1.3570025959016465	1.1297359069215118	0.9106942073043768	-1.952471664636291	-3.045784498222796	4.018353103497707	47.54269796088797	60.09329972830048	15.913233554937506	15.986030980974276	-0.07279742603676986	16.656553626541218	3.0507783220920874	574.3495388305139	482.411954089408	0.690120710053703	0.1056809999999999	0.0	105680999.99999996	0.0528404999999999	2025-11-12 23:22:23.825418+00:00	2025-11-12 23:22:23.828354+00:00	Negative	-2.9458023094202748	0.0
2025-11-13	529.780029296875	543.8499755859375	526.1599731445312	540.989990234375	2398687	CRWD	-0.8921692829436778	3.3620958157809113	1.230285845032356	1.1379071322809189	1.1704424664416364	-2.9458023094202748	-2.0721198432236183	3.3620958157809113	21.874283914204348	52.57200152256993	13.908851830902336	15.570595150959889	-1.6617433200575533	16.87394352514765	-3.1374507382772023	570.934950790848	490.89754432633964	0.48580390954793534	0.154779	0.0	154779000.0	0.0773895	2025-11-13 23:22:00.432630+00:00	2025-11-13 23:22:00.435448+00:00	Medium	1.4666386172400747	2.0
2025-11-14	537.5499877929688	544.0399780273438	509.0499877929688	522.469970703125	1937452	CRWD	-1.379829021386843	6.873586302609914	2.0567428121863007	1.641745817126531	0.9904021393011733	1.4666386172400747	2.886293554737605	6.873586302609914	-19.228644671022106	55.47212977588404	12.79978760428503	15.016433641624918	-2.2166460373398884	18.167946861521028	-1.4573807895565993	567.5347747588575	499.5877197479785	0.5587036559408225	0.143166	0.0	143165999.99999997	0.071583	2025-11-14 23:21:05.432431+00:00	2025-11-14 23:21:05.434907+00:00	Negative	-1.445439247054036	0.0
2025-11-17	529.780029296875	540.5999755859375	526.5800170898438	536.5499877929688	1392905	CRWD	-0.18602921080990492	2.6624554751574823	2.061696354507257	1.5852920818002458	0.7711651378137855	-1.445439247054036	-1.2617572733420659	2.6624554751574823	-28.10634792500666	52.04488484806807	11.165170366029997	14.246180986505934	-3.0810106204759364	17.871661978276222	-1.6521800512206748	566.0273450431891	503.71215385817794	0.4183229633574039	0.146918	0.0	146917999.99999997	0.073459	2025-11-17 23:21:28.662477+00:00	2025-11-17 23:21:28.665222+00:00	Negative	-3.0408934833009904	0.0
2025-11-18	513.6699829101562	531.3300170898438	513.0	525.0	2561822	CRWD	-0.9022667961302852	3.5731027465582357	1.6269667402967845	1.5853513202141774	1.2485691874797922	-3.0408934833009904	-2.1580984933035716	3.5731027465582357	83.9193627706125	45.735506508848694	8.472117030382151	13.091368195281177	-4.619251164899026	17.904401629102473	-5.403220258892198	564.8265975635616	505.88489840811803	0.13208110070778692	0.163575	0.0	163575000.00000003	0.0817875	2025-11-19 01:45:59.785287+00:00	2025-11-19 01:45:59.788028+00:00	Medium	1.3471770155046912	2.0
2025-11-19	520.5900268554688	525.9783935546875	509.5	513.3699951171875	1492282	CRWD	-0.05840088051655134	3.234228371871933	1.6736743304960067	1.46582488882111	0.7626798654175527	1.3471770155046912	1.40639924556423	3.234228371871933	-41.74919256685281	48.61704446487435	6.817652913698566	11.836625138964656	-5.01897222526609	17.802543909501402	-5.676539539208443	560.095919650004	513.374588162496	0.15443563920908238	0.145657	0.0	145657000.0	0.0728285	2025-11-20 01:44:39.887634+00:00	2025-11-20 01:44:39.890381+00:00	Negative	-3.7034957072329218	0.0
2025-11-20	501.30999755859375	539.3200073242188	500.1300048828125	532.5900268554688	2415669	CRWD	2.305076813031525	7.83596306136222	2.3471479419089927	1.9719349663310097	1.2324678346103572	-3.7034957072329218	-5.87319095732215	7.83596306136222	61.877513767505064	41.93553883010144	3.90571825827044	10.250443762825812	-6.344725504555372	19.330219518923176	-6.107654029695652	562.9357339910712	508.690273089007	-0.13605332884419127	0.1220184782608695	0.0	122018478.26086956	0.0610092391304347	2025-11-21 01:45:28.956661+00:00	2025-11-21 01:45:28.959372+00:00	Negative	-2.12243605407366	0.0
2025-11-21	490.6700134277344	501.0	478.5700073242188	496.8125	3055444	CRWD	-0.8971489857566777	4.686878060159222	2.0585172966748138	1.9790075171332493	1.3992534613553504	-2.1224360540736593	-1.2363792320574916	4.686878060159222	26.484381759255925	38.7689761342766	0.7310047000372606	8.346555950268101	-7.6155512502308405	19.573774570026874	-8.138315802704724	567.3775396553696	500.58346803506004	-0.14841818093795256	0.047527	0.0	47527000.00000001	0.0237635	2025-11-22 01:41:39.838280+00:00	2025-11-22 01:41:39.841229+00:00	High	3.291416523227783	3.0
2025-11-24	506.8200073242188	509.1900024414063	494.0299987792969	498.1600036621094	2614287	CRWD	1.5264821630429881	3.0686403051572615	1.9793706124023822	1.9551748221064813	1.07676845775577	3.291416523227783	1.7383980244193422	3.0686403051572615	-14.438392587133	45.49637692281256	-0.47631842877387953	6.581981074459706	-7.058299503233585	19.49850417314438	-4.826111932778338	568.2483808061996	497.42462639594885	0.1326586115986828	0.09959	0.0	99590000.0	0.049795	2025-11-25 01:47:39.104527+00:00	2025-11-25 01:47:39.107172+00:00	Medium	1.0891479127655512	2.0
2025-11-25	512.3400268554688	513.7100219726562	493.010009765625	504.0	1651349	CRWD	-0.5564119970533867	4.198700188029033	1.9268057606194473	1.702316537460618	0.7353034291204645	1.0891479127655512	1.6547672332279266	4.198700188029033	-36.833675874148476	47.61491544219031	-0.9764552943948956	5.070293800688786	-6.0467490950836815	19.584326175564872	-5.088822146192887	566.9710951578481	495.24191448570645	0.23837038440344127	0.1021259999999999	0.0	102125999.99999996	0.0510629999999999	2025-11-26 01:46:51.516688+00:00	2025-11-26 01:46:51.519551+00:00	Negative	-2.10797863614774	0.0
2025-11-26	501.5400085449219	514.9998779296875	497.0	513.0	2150938	CRWD	0.1288154565205245	3.621705820862676	1.8646875096736943	1.7155088350637708	0.9046915518552937	-2.10797863614774	-2.233916462978192	3.621705820862676	30.25338677650818	44.01049222180778	-2.218712643578783	3.6124925118352724	-5.831205155414056	19.471151300859344	-10.042512117699658	566.3296895062813	491.4873209917655	0.13431813760953654	0.091366	0.0	91366000.0	0.045683	2025-11-27 01:45:08.010895+00:00	2025-11-27 01:45:08.013616+00:00	Medium	1.5193194934327945	2.0
2025-11-28	509.1600036621094	510.6900024414063	501.9400024414063	505.7449951171875	999946	CRWD	0.8384149819802449	1.743236234896705	1.1376976009605813	1.883260699216217	0.4774395710298469	1.5193194934327943	0.6752431715375798	1.743236234896705	-53.51116582625812	47.055765816859136	-2.558843860587217	2.3782252373507746	-4.937069097937991	18.733925771975425	-8.544532982863277	565.5183956183425	489.3466159783372	0.2601145434360604	0.11324	0.0	113240000.0	0.05662	2025-11-29 01:44:36.186983+00:00	2025-11-29 01:44:36.189711+00:00	Negative	-0.9879013950661572	0.0
2025-12-01	504.1300048828125	506.739990234375	495.010009765625	503.4800109863281	2029784	CRWD	-1.1155614413795605	2.3696451056219767	0.9753093702692479	1.6879269352085566	1.0743799903115547	-0.9879013950661572	0.1291002387981646	2.3696451056219767	102.98936142551698	45.304085284042145	-3.1974212823971584	1.2630959334011882	-4.460517215798347	18.406502066583208	-7.644813979517788	564.1600459863826	486.816965122016	0.2238472991676877	0.124908	0.0	124908000.0	0.062454	2025-12-02 01:49:24.249896+00:00	2025-12-02 01:49:24.252577+00:00	High	2.463646835114156	3.0
2025-12-02	516.5499877929688	520.9998779296875	507.0400085449219	512.0	5047933	CRWD	1.5611042867835092	2.753208652079934	0.9799810891810906	1.6819653343130145	2.124559867676211	2.463646835114156	0.888669490814209	2.753208652079934	148.69311217351208	50.23062560209651	-2.6705255114106876	0.47637164443881297	-3.1468971558495005	18.296742850889764	-2.497270710914714	560.5877762050509	486.8522353916287	0.40276035238537394	0.1200159999999999	0.0	120015999.99999996	0.0600079999999999	2025-12-03 01:48:50.595333+00:00	2025-12-03 01:48:50.598530+00:00	Medium	1.475170902577112	2.0
2025-12-03	524.1699829101562	525.0	486.2999877929688	497.989990234375	5557516	CRWD	-3.593069015042263	7.958053296005191	2.4815188806571378	2.1493768489029494	1.7602542791238656	1.475170902577112	5.2571323097196885	7.958053296005191	10.094884381389372	53.02614027641106	-1.6194192369144957	0.05721346816815126	-1.676632705082647	19.754119233471297	-2.489071748982284	559.8045505733572	486.6604610233224	0.512816853932882	0.096686	0.0	96686000.0	0.048343	2025-12-04 01:49:38.690373+00:00	2025-12-04 01:49:38.693090+00:00	Negative	-2.108092442001346	0.0
2025-12-04	513.1199951171875	525.2000122070312	510.260009765625	523.4749755859375	2466715	CRWD	-0.13259197338239714	2.92791952249375	2.505515244494202	2.1659492677572287	0.7659704504327255	-2.108092442001346	-1.9781233013401327	2.92791952249375	-55.61479265196897	48.749872727825604	-1.6589285126098048	-0.28601492798744	-1.3729135846223648	19.410253748323793	-3.144707852011471	558.6472952479731	485.7157143955816	0.3757532800100723	0.1254728260869565	0.0	125472826.0869565	0.0627364130434782	2025-12-05 01:50:08.594385+00:00	2025-12-05 01:50:08.596949+00:00	Negative	-0.2124192841215574	0.0
2025-12-05	512.030029296875	526.8900146484375	508.3399963378906	516.1400146484375	2549090	CRWD	0.5885600951021761	3.6491360987099637	2.2982491032314094	1.72730421296834	0.7220793474015522	-0.21241928412155742	-0.7962927180451154	3.6491360987099637	3.3394615916309744	48.33579725752532	-1.75792674547165	-0.5803972914842821	-1.177529453987368	19.348808359911157	-0.3192621075481623	557.5546561710156	484.7593544491016	0.37462135883371106	0.145453	0.0	145453000.0	0.0727265	2025-12-06 01:43:56.222097+00:00	2025-12-06 01:43:56.224890+00:00	Medium	0.6171460585760093	2.0
2025-12-08	515.1900024414062	520.2999877929688	508.8999938964844	513.0	1630719	CRWD	0.18943629233171616	2.2401245889586816	2.320874010448896	1.744823184790781	0.47261811735967824	0.6171460585760093	0.4269010607029727	2.2401245889586816	-36.02740585856129	49.67049783368192	-1.5633784805378355	-0.7769935292949928	-0.7863849512428427	18.781035898237814	-1.037289255554968	555.3697884685912	484.48222263980733	0.4331899317260805	0.1348589999999999	0.0	134858999.99999997	0.0674294999999999	2025-12-09 01:56:19.664035+00:00	2025-12-09 01:56:19.666722+00:00	Medium	0.5415435109614847	2.0
2025-12-09	517.97998046875	529.8961791992188	511.7294921875	512.2150268554688	1940406	CRWD	-0.5774521189929052	3.5500566781995033	2.2481712365780564	1.739672617994622	0.68592506203495	0.5415435109614847	1.125494823662786	3.5500566781995033	18.990825519295477	50.877143625550275	-1.1705759975048977	-0.8557100229369738	-0.31486597456792387	18.737153834915027	3.3252843532624423	548.9091970013054	486.98780922428057	0.5005083438386484	0.1413759999999999	0.0	141375999.99999997	0.0706879999999999	2025-12-10 01:51:49.082894+00:00	2025-12-10 01:51:49.085667+00:00	Low	0.3011694693648233	1.0
2025-12-10	519.5399780273438	521.6099853515625	504.5400085449219	516.0	2314351	CRWD	-0.38225038484271173	3.3832751650101884	0.5789629614848546	1.722369828911841	1.0615041479987535	0.30116946936482336	0.6860422533611918	3.3832751650101884	19.27148235987726	51.57621849210378	-0.7250406172635167	-0.8295761418022825	0.1045355245387658	18.618069761466852	5.883784174608284	541.4748172290106	490.7031887524347	0.5679705406379326	0.124834	0.0	124834000.0	0.062417	2025-12-11 01:53:09.164777+00:00	2025-12-11 01:53:09.167759+00:00	Negative	-0.3637744337706732	0.0
2025-12-11	517.6500244140625	528.1900024414062	512.510009765625	517.1699829101562	1903688	CRWD	-0.45617184767690105	3.059451011103537	0.5692505549030952	1.7242166835112789	0.9207009229991834	-0.36377443377067326	0.0928208364308034	3.059451011103537	-17.744196969258336	50.636037006269056	-0.5184773954300681	-0.7673563925278396	0.2488789970977715	18.40820711248931	2.1368566618001728	536.1192751028426	493.2377347848527	0.5692960058845697	0.137667	0.0	137667000.0	0.0688335	2025-12-12 01:52:50.465051+00:00	2025-12-12 01:52:50.467900+00:00	Negative	-2.486240708543082	0.0
2025-12-12	504.7799987792969	517.435791015625	498.7615051269531	516.4099731445312	2620639	CRWD	-0.2395539864863112	3.7441313527030484	0.5901732314921505	1.6287668680783394	1.2587361163318844	-2.486240708543082	-2.252081673484531	3.7441313527030484	37.66116086249428	44.66508824491045	-1.3774002506652323	-0.8893651641553182	-0.4880350865099141	18.442515124962174	-1.4755880235577536	534.1031615059026	492.7538453300349	0.2908428617806429	0.131649	0.0	131649000.0	0.0658245	2025-12-13 01:46:26.763740+00:00	2025-12-13 01:46:26.766470+00:00	Negative	-3.4292162130936847	0.0
2025-12-15	487.4700012207031	509.010009765625	487.4299926757813	508.0199890136719	2082225	CRWD	0.6418618491640373	4.427305954518446	0.5102628087107677	1.5907163791810457	0.9585515889475201	-3.4292162130936847	-4.045114018617032	4.427305954518446	-20.545141852807657	38.1492291929787	-3.415503144760976	-1.3945927602764498	-2.0209103844845258	18.666622408167996	-2.805360905312209	531.4369637682092	490.41204441050166	-0.07171356423996972	0.115757	0.0	115757000.0	0.0578785	2025-12-16 01:52:50.094750+00:00	2025-12-16 01:52:50.097419+00:00	Low	0.2174487775533563	1.0
2025-12-16	488.5299987792969	491.4200134277344	482.0	486.4840087890625	1668617	CRWD	-0.20226730448469477	1.9543596323100363	0.9141497222001459	1.6657032006921733	0.7878624338024764	0.2174487775533563	0.42056675106899716	1.9543596323100363	-19.863751515806406	38.73859237034173	-4.888826083953745	-2.0934394250119093	-2.795386658941836	18.006150338137022	-4.051772475141833	529.6692599355033	488.05474519144974	0.011420380383386435	0.106851	0.0	106851000.0	0.0534255	2025-12-17 01:48:30.965772+00:00	2025-12-17 01:48:30.968476+00:00	Negative	-3.788919782178467	0.0
2025-12-17	470.0199890136719	490.4400024414063	469.8349914550781	488.6700134277344	2278241	CRWD	0.02866039931782253	4.385584590563274	1.0351135959126723	0.8136331234857308	1.079386188919032	-3.788919782178467	-3.81648636126524	4.385584590563274	36.53468710914488	32.85174482360149	-7.464007785890203	-3.167553097187568	-4.296454688702635	18.191783241579248	-6.766114997870373	533.3441950287348	480.01481070856977	-0.18741678386710017	0.134766	0.0	134766000.00000003	0.067383	2025-12-18 01:48:50.589413+00:00	2025-12-18 01:48:50.592135+00:00	Medium	1.5403644358075437	2.0
2025-12-18	477.260009765625	482.0	473.91009521484375	478.8599853515625	1828889	CRWD	1.8807702958423516	1.7070547487469643	1.3208834376703074	0.9595388364566977	0.8726772088399884	1.5403644358075435	-0.334121796533668	1.7070547487469643	-19.72363766607659	36.89140917902132	-8.81898885664316	-4.2978402490786864	-4.521148607564473	17.748085223347026	-7.606229591683007	533.264205181196	475.76179884712445	0.026054751688066702	0.145927	0.0	145927000.0	0.0729635	2025-12-19 01:52:16.165015+00:00	2025-12-19 01:52:16.167927+00:00	Medium	0.8423058566432224	2.0
2025-12-19	481.2799987792969	489.2049865722656	478.6300048828125	480.3399963378906	4630950	CRWD	0.6453477159710403	2.2094272363978305	1.3534325225364605	0.9937359558603277	1.8540231094405106	0.8423058566432224	0.19569522600092087	2.2094272363978305	153.21110247806183	39.08280186870892	-9.45939953085309	-5.330152105433568	-4.129247425419523	17.33357747929657	-8.182457128265355	533.983166214112	473.0398379362787	0.13521022031242372	0.1323379999999999	0.0	132337999.99999996	0.0661689999999999	2025-12-20 01:46:49.820667+00:00	2025-12-20 01:46:49.823449+00:00	Low	0.3864727131520756	1.0
2025-12-22	483.1400146484375	485.8699951171875	474.8500061035156	479.7999877929688	2281067	CRWD	-0.30751558138337776	2.3207305195379018	1.072065095500084	0.9865931612992609	0.8989239553951351	0.3864727131520756	0.6961289996759853	2.3207305195379018	-50.743000896144416	40.118893132817476	-9.70496902643248	-6.20511548963335	-3.4998535367991295	16.882606874609092	-5.842684119511481	534.4075786280694	471.8624256443916	0.18031115867586095	0.123198	0.0	123198000.0	0.061599	2025-12-23 01:53:14.138537+00:00	2025-12-23 01:53:14.141381+00:00	Negative	-0.8900149398049413	0.0
2025-12-23	478.8399963378906	483.5899963378906	473.5	482.489990234375	1926127	CRWD	-0.13454162237741743	2.1309390365133316	1.051676172484273	1.012259843601964	0.7439498769975823	-0.8900149398049413	-0.7564911128438848	2.1309390365133316	-15.56026193005291	38.4890938677397	-10.129790245446486	-6.990050440795978	-3.1397398046505085	16.39742040770063	-6.482048133888021	534.6826074665968	468.78939570723145	0.15252861959988914	0.134147	0.0	134147000.0	0.0670735	2025-12-24 01:51:48.872673+00:00	2025-12-24 01:51:48.875385+00:00	Negative	-0.3612920807699933	0.0
2025-12-24	477.1099853515625	477.989990234375	470.6740112304688	476.9500122070313	745101	CRWD	-0.3947005566188464	1.5543622187212442	0.33432095120023403	1.084363645309923	0.32645121411998845	-0.3612920807699933	0.03354086181714009	1.5543622187212442	-61.31610220925203	37.82334814492825	-10.485194752182338	-7.6890793030732505	-2.796115449109087	15.809460743394999	-7.3914510975345795	534.2070329483928	465.7419660750448	0.1660411622404044	0.092717	0.0	92717000.0	0.0463585	2025-12-25 01:53:17.136429+00:00	2025-12-25 01:53:17.139241+00:00	Medium	0.8551523160508603	2.0
2025-12-26	481.1900024414063	482.1549072265625	475.2251892089844	477.6679992675781	1130018	CRWD	0.11695708183605669	1.458196698098577	0.39834551448057376	1.1497373656458307	0.5273920746648336	0.8551523160508603	0.737332871205224	1.458196698098577	51.65970787852922	40.439868689788135	-10.318684728900223	-8.215000388238645	-2.1036843406615784	15.17519340583665	-7.102586859447794	534.139472404702	463.7745260083839	0.2475021630078823	0.128151	0.0	128151000.0	0.0640755	2025-12-27 01:50:42.542848+00:00	2025-12-27 01:50:42.545642+00:00	Negative	-1.0972794015893688	0.0
2025-12-29	475.9100036621094	483.2900085449219	474.6600036621094	478.0060119628906	1232374	CRWD	-0.6616909042916765	1.8181445279210506	0.36818156466176205	1.094776339912038	0.8423969474018506	-1.0972794015893688	-0.4384899453825219	1.8181445279210506	9.05790881207202	38.1995413008553	-10.491832793008825	-8.67036686919268	-1.8214659238161452	14.707679939906354	-8.397808871397014	533.5182943704978	461.0707040425882	0.20482806332627618	0.103777	0.0	103777000.0	0.0518885	2025-12-30 01:53:58.949199+00:00	2025-12-30 01:53:58.952061+00:00	Negative	-0.0588343966595144	0.0
2025-12-30	475.6300048828125	478.1199951171875	472.2367858886719	475.1199951171875	1146569	CRWD	-0.16599956690189097	1.245817650025801	0.3422394903006446	0.8803553944726557	0.9276164531537789	-0.05883439665951442	0.10734335975466724	1.245817650025801	-6.962577918716234	38.07906682438776	-10.530261147077624	-9.04234572476967	-1.487915422307955	14.077360603378446	-8.117457268318152	533.1329675283549	458.606030884731	0.22842712668424106	0.088554	0.0	88553999.99999999	0.044277	2025-12-31 01:54:18.522664+00:00	2025-12-31 01:54:18.525397+00:00	Negative	-1.4443990174421724	0.0
2025-12-31	468.760009765625	476.05999755859375	468.3999938964844	475.9800109863281	1591019	CRWD	0.07358789393487923	1.6353552010938375	0.21205547155897433	0.8910665419498363	1.3609896937270844	-1.4443990174421724	-1.5168706781912549	1.6353552010938375	38.76347607514244	35.14988841571801	-10.988399654376337	-9.431556510691003	-1.5568431436853345	13.61897796471637	-7.135779765596609	531.2579781929206	455.70202241743095	0.17282538767685143	0.108711	0.0	108711000.0	0.0543555	2026-01-01 02:04:29.418580+00:00	2026-01-01 02:04:29.421337+00:00	Negative	-3.2383357959543573	0.0
2026-01-02	453.5799865722656	474.0	449.4549865722656	473.7000122070313	3278573	CRWD	1.0538446835249995	5.461061543654251	1.766590549474838	1.2118907750202572	1.956526980255421	-3.2383357959543573	-4.247419277239155	5.461061543654251	106.06749510848078	29.71134574233561	-12.433058173760173	-10.031856843304837	-2.4012013304553363	14.399409069217656	-6.952225688467283	528.7754068007966	451.12559417576585	0.03160847803138916	0.1222309999999999	0.0	122231000.0	0.0611154999999999	2026-01-03 01:49:34.871524+00:00	2026-01-03 01:49:34.874271+00:00	Medium	0.6547910641180799	2.0
2026-01-05	456.5499877929688	466.489990234375	455.0046081542969	458.3999938964844	2595080	CRWD	1.0626587298623709	2.5242342328505187	1.6990561526900894	1.2059330325027795	1.3181539505557665	0.6547910641180799	-0.403578998287102	2.5242342328505187	-20.847271053595573	31.93046305788654	-13.186302692152765	-10.662746013074424	-2.5235566790783412	14.293022968709922	-6.5461713848151355	527.0109139488361	447.23308629530453	0.11678560035661537	0.122095	0.0	122095000.0	0.0610475	2026-01-06 01:55:43.645402+00:00	2026-01-06 01:55:43.648079+00:00	Low	0.3876945742144338	1.0
2026-01-06	458.3200073242188	460.4599914550781	451.2900085449219	458.0	2185625	CRWD	0.31760206895213594	2.0319490209239723	1.679016166769348	1.207669459044297	1.0121571389327235	0.3876945742144338	0.06987059480759975	2.0319490209239723	-15.778126300537942	33.282354623617735	-13.48498213635321	-11.227193237730182	-2.257788898623028	13.92709153595609	-2.4892519388388696	524.4878005756597	444.3851974712153	0.17396201013385498	0.104847	0.0	104847000.0	0.0524235	2026-01-07 01:55:17.581370+00:00	2026-01-07 01:55:17.583985+00:00	High	4.492493456286114	3.0
2026-01-07	478.9100036621094	486.5499877929688	462.2839965820313	462.2839965820313	3958285	CRWD	0.8648955302988433	5.249152337167604	1.8315232020536052	1.543642594179771	1.4543341106369496	4.492493456286114	3.596492027196494	5.249152337167604	81.10540463254218	46.57463404506106	-11.922808407432399	-11.366316271670625	-0.5564921357617738	14.948726459727084	0.3457222190676863	520.1444554382228	445.10054273072245	0.4505290264270532	0.109925	0.0	109925000.0	0.0549625	2026-01-08 01:55:20.666937+00:00	2026-01-08 01:55:20.669558+00:00	Negative	-3.1404665657252	0.0
2026-01-08	463.8699951171875	479.989990234375	460.6300964355469	478.2000122070313	2447227	CRWD	-0.14825153988201012	4.2029155169493	1.559730789766773	1.6239403931335576	0.8459255198312592	-3.1404665657252	-2.9966576169052432	4.2029155169493	-38.174562973611046	40.26426166236457	-11.762783422175573	-11.445609701771614	-0.3171737204039591	15.263809841091444	-3.617437605191894	514.5424136989839	445.2915859348052	0.26827707021275987	0.1781838383838384	0.0	178183838.3838384	0.0890919191919192	2026-01-09 01:56:39.043605+00:00	2026-01-09 01:56:39.046387+00:00	Medium	1.4529912055795453	2.0
2026-01-09	470.6099853515625	475.9800109863281	466.25	472.1900024414063	2393931	CRWD	1.7936075650068557	2.086865627094504	1.4372826783828554	1.5899139285927217	0.8814082880392762	1.4529912055795453	-0.33461468512135006	2.086865627094504	-2.1778118662469805	43.93055858471255	-10.965695868908256	-11.349626935198943	0.3839310662906872	15.038538843094956	-2.593457158789181	507.1067257840808	447.8342745821301	0.38425457877272384	0.209903	0.0	209903000.0	0.1049515	2026-01-10 01:52:29.092953+00:00	2026-01-10 01:52:29.095745+00:00	Negative	-0.7692134102261416	0.0
2026-01-12	466.989990234375	468.6099853515625	459.6499938964844	460.25	1935267	CRWD	-2.2013951412066235	1.9493074239213333	1.5269630345368654	1.551976561875233	0.7489229187942882	-0.7692134102261416	1.4644193882400869	1.9493074239213333	-19.159449457816454	42.424494421595284	-10.505006417788877	-11.180702831716932	0.6756964139280548	14.747214029665184	-2.4747318925200514	498.4264503773652	451.44854657087694	0.33082454524826166	0.223132	0.0	223132000.0	0.111566	2026-01-13 01:53:15.845571+00:00	2026-01-13 01:53:15.848318+00:00	Low	0.2205612113398693	1.0
2026-01-13	468.0199890136719	476.5499877929688	461.0	467.010009765625	2597457	CRWD	0.00428692941361602	3.373099304331628	1.4044346607203924	1.5179153665619558	0.9741315871605869	0.22056121133986933	0.21626501079789404	3.373099304331628	34.21698401305866	43.0230293682203	-9.942187071494516	-10.93299967967245	0.9908126081779347	14.8045550127583	-1.9052203091479178	492.32638803252786	453.8726079391518	0.36790612106706927	0.2487734042553191	0.0	248773404.25531912	0.1243867021276595	2026-01-14 02:00:03.326281+00:00	2026-01-14 02:00:03.329054+00:00	Negative	-1.5640308060489132	0.0
2026-01-14	460.7000122070313	476.9999084472656	451.760009765625	468.0	3561234	CRWD	-0.004270974347484777	5.587014816724302	1.5206351693198854	1.5873136601959694	1.3765759812281544	-1.5640308060489132	-1.559826451489037	5.587014816724302	37.10463734337085	39.85227533957671	-9.971860239782359	-10.740771791694431	0.7689115519120726	15.549936703392751	-4.2581911782072055	490.5214397512003	453.0005573191122	0.2052045258225184	0.194129	0.0	194129000.0	0.0970645	2026-01-15 01:55:39.312427+00:00	2026-01-15 01:55:39.315163+00:00	Negative	-1.23725028348161	0.0
2026-01-15	455.0	472.30999755859375	450.0	462.9700012207031	2822949	CRWD	0.4927260589373983	4.957777235243055	1.647514068496476	1.52088602443611	1.060394920289767	-1.2372502834816101	-1.7214940924225743	4.957777235243055	-20.731156672097367	37.53263131418295	-10.336170844104004	-10.659851602176346	0.3236807580723422	16.032798193049963	-4.393688617849529	488.5414183549365	451.62757883744626	0.0913592627219349	0.1481490196078431	0.0	148149019.60784313	0.0740745098039215	2026-01-16 01:57:06.280100+00:00	2026-01-16 01:57:06.282902+00:00	Negative	-0.2461527730082417	0.0
2026-01-16	453.8800048828125	459.7000122070313	443.614501953125	456.9299926757813	3088713	CRWD	0.4241742144574301	3.6260109133235687	1.4250261698189468	1.3960510936404866	1.1026691428155269	-0.24615277300824176	-0.6674956430651626	3.6260109133235687	9.414410249706956	37.0759787796548	-10.593152599355562	-10.64651180161219	0.053359202256627825	16.036563340253988	-4.572882235501279	489.0403227483554	449.5146760309415	0.11044294564186811	0.13715	0.0	137150000.0	0.068575	2026-01-17 01:51:23.227416+00:00	2026-01-17 01:51:23.230031+00:00	Negative	-2.456595086043325	0.0
2026-01-20	442.7300109863281	450.2650146484375	440.25	443.0260009765625	2805511	CRWD	-2.391381816665927	2.274847166027825	1.3170428549578086	1.418631318023806	0.9429741358216236	-2.456595086043325	-0.06681097488226968	2.274847166027825	-9.168932173368	32.797749218457156	-11.563230096216898	-10.829855460533132	-0.7333746356837665	15.864666307579595	-5.552947827676596	490.0644557085496	445.0375431928176	-0.05124784440157358	0.116888	0.0	116888000.0	0.058444	2026-01-21 01:59:33.569517+00:00	2026-01-21 01:59:33.572113+00:00	Medium	0.7114931941177236	2.0
2026-01-21	445.8800048828125	456.1199951171875	439.1700134277344	445.0	2359827	CRWD	0.5127253534529363	3.859548960813157	1.2799482993082785	1.3177773315917094	0.8060490766850701	0.7114931941177236	0.19775390625	3.859548960813157	-15.886018625483914	35.07698830153622	-11.940206056759394	-11.051925579778386	-0.8882804769810075	15.942188834856276	-1.6976017278986233	489.2448748321392	442.3171246795796	0.07592267244114995	0.111458	0.0	111458000.0	0.055729	2026-01-22 02:00:22.900148+00:00	2026-01-22 02:00:22.902802+00:00	Medium	1.7695308254365532	2.0
2026-01-22	453.7699890136719	454.4699096679688	446.2799987792969	453.5400085449219	1471658	CRWD	1.7179518207197024	1.8351507822608395	1.2613243194040322	1.3188713999853219	0.5863806312993788	1.7695308254365532	0.050707867975713784	1.8351507822608395	-37.63703864732457	40.518723966528526	-11.470086425016063	-11.13555774882592	-0.3345286761901427	15.417025688449135	-0.6089144351390443	486.90703864954924	441.7179582986929	0.26670227898874654	0.149194	0.0	149194000.0	0.074597	2026-01-23 01:56:26.778863+00:00	2026-01-23 01:56:26.781975+00:00	Negative	-0.2820809683952698	0.0
2026-01-23	452.489990234375	458.8599853515625	449.4219970703125	454.6900024414063	1767838	CRWD	0.20274884853760397	2.1000281122807207	0.9331511935718568	1.339724636466629	0.769056758544599	-0.2820809683952698	-0.4838488190236406	2.1000281122807207	20.125599833657006	39.93393522598879	-11.073154007326139	-11.123077000525965	0.04992299319982685	14.989951587934911	-1.272040713186586	485.11545745219473	440.87453888569587	0.262549958840024	0.165734	0.0	165733999.99999997	0.082867	2026-01-24 01:53:13.516808+00:00	2026-01-24 01:53:13.519677+00:00	High	3.500629114400083	3.0
2026-01-26	468.3299865722656	469.9599914550781	452.6600036621094	454.05999755859375	1943811	CRWD	0.34697061992587674	3.8218503187841675	0.9824897631281151	1.2962313610127099	0.9391620835384729	3.500629114400083	3.142754061225228	3.8218503187841675	9.95413606902895	49.62344699885624	-9.372387829676654	-10.772939166356103	1.4005513366794489	15.167097990275497	-2.209186905460506	483.87241637975114	441.23958008020975	0.6354352382683788	0.185603	0.0	185603000.0	0.0928015	2026-01-27 02:03:06.489324+00:00	2026-01-27 02:03:06.491935+00:00	Medium	1.7786640464369212	2.0
2026-01-27	476.6600036621094	487.2000122070313	473.4000854492188	478.1694946289063	2828026	CRWD	2.1009775881866144	2.915066385067817	0.9413325417240297	1.21464138013689	1.3634087218787483	1.7786640464369212	-0.315681151506414	2.915066385067817	45.488733215317744	53.840502224952544	-7.268568089824896	-10.072064951049862	2.803496861224966	15.431592822024797	2.7572398903901374	482.9334747300938	441.72552185193746	0.8477606716709802	0.194095	0.0	194095000.0	0.0970475	2026-01-28 01:59:10.129744+00:00	2026-01-28 01:59:10.132593+00:00	Negative	-1.5671550294365244	0.0
2026-01-28	469.1900024414063	487.0	468.9100036621094	479.4599914550781	2313684	CRWD	0.5874182376236419	3.857882364763122	0.9409108317119564	1.22154916567249	1.1204262423974702	-1.5671550294365244	-2.1419908223216244	3.857882364763122	-18.18731510954991	49.813452882018524	-6.133341119343925	-9.284320184708674	3.1509790653647496	15.621478787443786	-0.3017324226759479	481.90830526270537	442.0786911972555	0.6806822481282454	0.189613	0.0	189613000.0	0.0948065	2026-01-29 02:13:09.824033+00:00	2026-01-29 02:13:09.826675+00:00	Negative	-5.236686032603002	0.0
2026-01-29	444.6199951171875	459.5700073242188	431.3999938964844	457.9100036621094	5220830	CRWD	-2.4041430381299755	6.529905847540161	1.6672675757114008	1.4219125439107476	1.854753407105731	-5.236686032603002	-2.902318892060838	6.529905847540161	125.65008877616823	39.38009879853467	-7.134023238199973	-8.854260795406933	1.7202375572069606	17.204945198692226	-4.7902515225134366	480.6954097323123	440.19058575108613	0.10935510713870474	0.187877	0.0	187877000.0	0.0939385	2026-01-30 02:14:00.433715+00:00	2026-01-30 02:14:00.436388+00:00	Negative	-0.7230885639867041	0.0
2026-01-30	441.4049987792969	448.739990234375	438.25	440.5	2568141	CRWD	-0.9266328915553161	2.39360872432972	1.5940144179203144	1.375864506086353	0.8632701540328235	-0.7230885639867041	0.20544807702539725	2.39360872432972	-50.80971799503145	38.25113123694931	-8.093200979492167	-8.70204883222398	0.6088478527318131	16.72530555838385	-5.686720836531945	480.5538823509345	437.5966120338311	0.08865523152083238	0.158298	0.0	158297999.99999997	0.079149	2026-01-31 02:09:24.289667+00:00	2026-01-31 02:09:24.292628+00:00	Negative	-0.578831839885608	0.0
2026-02-02	438.8500061035156	447.239990234375	434.7439880371094	440.0	2073700	CRWD	-0.31830151067214724	2.8743358254787363	1.6610833601359931	1.3779046160531294	0.6910315060647954	-0.578831839885608	-0.2613622492009943	2.8743358254787363	-19.252875912965838	37.33508855764705	-8.956280380800592	-8.752895141939304	-0.2033852388612889	16.42321246116112	-4.742783921111909	481.46740015283825	435.21009618505235	0.07868832824753791	0.0	0.0	0.0	0.0	2026-02-07 02:12:13.090879+00:00	2026-02-07 02:12:13.093624+00:00	Negative	-3.9011039943222072	0.0
2026-02-03	421.7300109863281	436.7090148925781	415.0499877929688	435.9200134277344	3834900	CRWD	-0.667652417689639	5.218414103511084	1.7029342444081998	1.4593416144974576	1.1975638386872234	-3.9011039943222072	-3.255184897299658	5.218414103511084	84.93031778945846	31.833863257773288	-10.896113933842969	-9.181538900320037	-1.714575033522932	16.95012716468867	-7.312085497510303	484.7084275422129	428.4870711150137	-0.12018671476621615	0.0	0.0	0.0	0.0	2026-02-07 02:12:13.090879+00:00	2026-02-07 02:12:13.093624+00:00	Negative	-1.5104511106211342	0.0
2026-02-04	415.3599853515625	421.9800109863281	401.5499877929688	411.9400024414063	4733000	CRWD	-2.321392428778135	5.087790764394851	1.7342468339784038	1.5386995156590115	1.284007966980513	-1.5104511106211342	0.8302138393667282	5.087790764394851	23.419124357871134	30.05909993478876	-12.799904501149854	-9.905212020486001	-2.8946924806638528	17.198691166736573	-8.486828923251533	487.7854947462105	421.11400171375044	-0.08630399741290494	0.0	0.0	0.0	0.0	2026-02-07 02:12:13.090879+00:00	2026-02-07 02:12:13.093624+00:00	Negative	-9.196837210286516	0.0
2026-02-05	377.1600036621094	416.2900085449219	374.5199890136719	414.7900085449219	6053200	CRWD	-0.13722477531344146	11.15294797515472	3.4867367016928723	2.6952015609942856	1.5712034834140851	-9.196837210286517	-9.072061551052805	11.15294797515472	27.893513627720264	22.101534960813538	-17.192902436504482	-11.362750103689699	-5.830152332814784	18.9537860499161	-14.81038233169235	495.0001872139739	403.72430924598706	-0.29103314232917676	0.0	0.0	0.0	0.0	2026-02-07 02:12:13.090879+00:00	2026-02-07 02:12:13.093624+00:00	High	4.862656739796059	3.0
2026-02-06	395.5	396.989990234375	378.3699951171875	385.6000061035156	4925910	CRWD	2.237777696324208	4.9211077404329	3.115226106348497	2.5486724833756664	1.139164717532403	4.862656739796059	2.567425762391375	4.9211077404329	-18.623042357761186	31.48020105861262	-18.975759772731124	-12.885352037497984	-6.090407735233139	19.016371801512495	-11.299005187741828	496.6804248070504	395.2070721411918	0.0028867466296572065	0.1500156862745097	0.0	150015686.2745098	0.0750078431372548	2026-02-07 02:12:13.090879+00:00	2026-02-07 02:12:13.093624+00:00	High	3.1706721984631794	3.0
2026-02-09	408.0400085449219	410.75	386.2539978027344	396.18499755859375	2821800	CRWD	0.17319786563685208	6.341941400377711	2.636035410356445	2.5572933321629927	0.630744326586886	3.1706721984631794	2.992291747386227	6.341941400377711	-42.715153139216916	37.060042884185535	-19.155994784450797	-14.13948058688855	-5.016514197562248	19.40777397263772	-10.07778865414834	494.7836473108568	390.8468519567213	0.16541934480103707	0.1138156862745097	0.0	113815686.27450976	0.0569078431372548	2026-02-10 02:38:55.221307+00:00	2026-02-10 02:38:55.224127+00:00	Medium	1.3111474344375798	2.0
2026-02-10	413.3900146484375	418.8800048828125	400.7799987792969	401.2099914550781	3117368	CRWD	-1.6738596575859597	4.5161949594902335	2.7409643474881515	2.4511776837620047	0.7199039243780437	1.3111474344375798	3.0358225001291186	4.5161949594902335	10.474448933304982	39.330016519727124	-18.652121502931323	-15.042008770097105	-3.6101127328342173	19.314361981986142	-8.641069731881803	492.3680954779783	387.9024062310061	0.2439806658162657	0.0729399999999999	0.0	72939999.99999999	0.0364699999999999	2026-02-11 02:36:33.301589+00:00	2026-02-11 02:36:33.304083+00:00	Medium	0.5853994592042323	2.0
2026-02-11	415.80999755859375	416.58990478515625	404.3999938964844	413.8200073242188	2469360	CRWD	0.10401622210129795	3.014320245462755	3.1204644715262417	2.5194808915039046	0.6368387938747361	0.5853994592042323	0.4808830407312399	3.014320245462755	-20.787022898804373	40.37750017809567	-17.851742129957074	-15.6039554420691	-2.2477866878879738	18.80547261817798	-11.214312668310805	489.13718283194305	385.91231973153356	0.2896364008541038	0.087703	0.0	87703000.0	0.0438515	2026-02-12 02:30:49.022805+00:00	2026-02-12 02:30:49.025437+00:00	Negative	-1.0269086935722778	0.0
2026-02-12	411.5400085449219	420.6700134277344	402.2879943847656	418.8999938964844	3497700	CRWD	0.7431269945488022	4.569368039700283	1.186746384636161	2.480917389757744	1.0389945709808226	-1.0269086935722778	-1.7569791021246106	4.569368039700283	41.6439887258237	39.094896190231076	-17.361851521111134	-15.955534657877509	-1.4063168632336254	18.775225934234463	-13.66172840533715	486.71264985306067	383.420852344205	0.2722302920355906	0.082803	0.0	82803000.00000001	0.0414015	2026-02-13 02:32:23.743775+00:00	2026-02-13 02:32:23.746535+00:00	High	4.398115791344721	3.0
2026-02-13	429.6400146484375	432.8500061035156	412.6700134277344	416.9700012207031	3531346	CRWD	1.319432512765897	4.8901039617978235	1.1852032227375928	2.308081475571961	1.1437503068811201	4.398115791344721	3.0385911194191904	4.8901039617978235	0.9619464219344142	46.80810778068827	-15.33630310397291	-15.831688347096591	0.4953852431236818	18.956281050260127	-8.429418271312786	484.6641681856812	382.93333547642817	0.4591201893087529	0.100718	0.0	100718000.0	0.050359	2026-02-14 02:13:34.052350+00:00	2026-02-14 02:13:34.054891+00:00	0	0.0	0.0
2026-02-17	414.2850036621094	425.8821105957031	400.0201110839844	423.5920104980469	4322542	CRWD	-1.407691077224159	6.465174823745053	1.229221788652544	2.1711870412213106	1.275965686317341	-3.5739247888474037	-2.197162978828283	6.465174823745053	22.404941345311393	41.953983874456775	-14.799463447244364	-15.625243367126147	0.8257799198817839	19.717968372702483	-6.822678194461947	482.4857449888933	381.1522585511458	0.3269673853698709	0.0	0.0	0.0	0.0	2026-02-18 02:29:12.662815+00:00	2026-02-18 02:29:12.665373+00:00	0	0.0	0.0
2026-02-18	415.760009765625	421.7000122070313	402.0	409.6700134277344	2693461	CRWD	-1.113965070804007	4.900500549012763	1.2275703071280675	2.179993388859889	0.8154881594612318	0.35603656672995077	1.4865614124244164	4.900500549012763	-37.688031718373125	42.570091054155164	-14.092543417934507	-15.318703377287822	1.2261599593533141	19.716685789440255	-5.809854687779467	481.33909004367877	379.60191337429	0.3554069178549796	0.0	0.0	0.0	0.0	2026-02-19 02:28:14.330492+00:00	2026-02-19 02:28:14.333002+00:00	0	0.0	0.0
2026-02-19	422.1400146484375	423.1099853515625	410.0	417.6199951171875	1992674	CRWD	0.4473699509029315	3.197557402820122	1.16317846383366	2.306278392388537	0.6212459212570263	1.534540295592421	1.0823283329577278	3.197557402820122	-26.01808602389268	45.27576481160179	-12.869143650268711	-14.828791431884001	1.9596477816152902	19.24477861530613	-3.8076771613708456	479.7648477926603	378.802156601871	0.4292462644906217	0.0	0.0	0.0	0.0	2026-02-20 02:24:06.644820+00:00	2026-02-20 02:24:06.647615+00:00	0	0.0	0.0
2026-02-20	388.6000061035156	431.8800048828125	387.1099853515625	418.2200012207031	8194741	CRWD	-0.9286050342796814	11.565193672436818	3.2122710096620417	2.421409740784397	1.9760873574447244	-7.945233188295201	-7.082395636443134	11.565193672436818	311.2434347013109	35.74237155834686	-14.439538888299012	-14.750940923167004	0.31140203486799223	21.068010109302122	-7.855738036126275	478.1499179193775	373.90008818413816	0.14100663719749448	0.0	0.0	0.0	0.0	2026-02-21 02:10:55.097606+00:00	2026-02-21 02:10:55.100418+00:00	0	0.0	0.0
2026-02-23	350.3299865722656	385.1099853515625	342.7200012207031	384.6449890136719	15022566	CRWD	-1.0177604291622706	12.368692804585187	4.07340130303229	3.2487180403487965	2.3308157169072015	-9.848177799836574	-8.921213956120603	12.368692804585187	83.31959484747597	28.395379257256053	-18.558231428983163	-15.512399024330236	-3.045832404652927	22.84029545026715	-15.656298409259428	481.07103915155756	360.7629665857471	-0.08671886924108502	0.0	0.0	0.0	0.0	2026-02-24 02:30:39.736472+00:00	2026-02-24 02:30:39.739074+00:00	0	0.0	0.0
2026-02-24	350.25	360.8999938964844	345.1050109863281	348.8599853515625	7019295	CRWD	-0.4196047375464661	4.576862811992606	4.297797838157039	3.2868432691943053	1.0049749250753168	-0.02283178013056712	0.3984448508867296	4.576862811992606	-53.27499310037979	28.382247704250332	-21.58001817256053	-16.725922853976297	-4.854095318584232	22.33705884025923	-7.13490386064837	478.4814689617572	351.54453811832093	-0.01019827807178992	0.0	0.0	0.0	0.0	2026-02-25 02:26:45.780213+00:00	2026-02-25 02:26:45.782820+00:00	0	0.0	0.0
2026-02-25	363.30999755859375	365.9798889160156	346.5	349.57000732421875	5518220	CRWD	-0.1941449466898644	5.621901563063672	4.207350723236098	3.2495285838889227	0.7309385502021114	3.728764470690578	3.930540362872565	5.621901563063672	-21.384982394955617	33.768006937377464	-22.659765608893622	-17.912691404959762	-4.74707420393386	22.13297527424183	-8.139065092643804	469.9617840911194	348.7292223786071	0.12027111342052722	0.0	0.0	0.0	0.0	2026-02-26 02:23:17.660102+00:00	2026-02-26 02:23:17.662601+00:00	0	0.0	0.0
2026-02-26	381.1000061035156	385.0899963378906	364.6600036621094	367.24798583984375	6041795	CRWD	1.083919602464254	5.602476956785065	3.7048410361888346	3.0732420218106435	0.7227612464425051	4.896647123522315	3.7718437670922227	5.602476956785065	9.4881139207933	40.34859451235654	-21.828344649629287	-18.695822053893668	-3.132522595735619	22.107762667460047	-6.602294352819664	460.077414571393	349.80459226454457	0.2837998809161474	0.0	0.0	0.0	0.0	2026-02-27 02:14:32.718532+00:00	2026-02-27 02:14:32.721194+00:00	0	0.0	0.0
