timestamp	close	high	low	open	volume	symbol	gap_apertura_pct	volatilidad_diaria	vol_5d	vol_10d	vol_rel_5d	return_pct	close_open_pct	range_pct	volume_change_pct	rsi_14	macd	macd_signal	macd_diff	atr_14	momentum_12	bb_upper	bb_lower	bb_pctb	vader	finbert	sentiment_ratio	sentiment_combined	download_date	added_date	target_category	target	target_num
2025-06-05	92.9000015258789	94.66999816894533	92.3499984741211	94.0999984741211	6826900	DOCU	0.0	2.5121816276741558	0.0	0.0	0.0	0.0	-1.27523588491046	2.5121816276741558	0.0	0.0	0.0	0.0	0.0	0.0	0.0	0.0	0.0	0.0	0.0	0.0	0.0	0.0	0	0	Negative	-18.96663343075799	0
2025-06-06	75.27999877929688	78.4000015258789	74.8499984741211	76.7750015258789	22603000	DOCU	-17.3573732348197	4.742823145126987	0.0	0.0	0.0	-18.96663343075799	-1.9472519920147493	4.742823145126987	231.0873163514919	0.0	0.0	0.0	0.0	0.0	0.0	0.0	0.0	0.0	0.0	0.0	0.0	0.0	0	0	High	4.383638556414752	3
2025-06-09	78.58000183105469	79.27999877929688	74.8499984741211	75.72000122070312	10368600	DOCU	0.5844878434393085	5.918504202384754	0.0	0.0	0.0	4.383638556414752	3.7770741735931055	5.918504202384754	-54.12732823076583	0.0	0.0	0.0	0.0	0.0	0.0	0.0	0.0	0.0	0.0	0.0	0.0	0.0	0	0	Negative	-1.9597873245642228	0
2025-06-10	77.04000091552734	78.54000091552734	76.54000091552734	78.4800033569336	5571200	DOCU	-0.127256899708514	2.6130127725073864	0.0	0.0	0.0	-1.9597873245642228	-1.8348654177000967	2.6130127725073864	-46.268541558166	0.0	0.0	0.0	0.0	0.0	0.0	0.0	0.0	0.0	0.0	0.0	0.0	0.0	0	0	Negative	-1.0384255480928644	0
2025-06-11	76.23999786376953	77.36499786376953	75.79000091552734	77.36499786376953	4495600	DOCU	0.4218548083852432	2.078106516976585	1.6696926175377902	0.0	0.4507743861964131	-1.0384255480928644	-1.4541459717752334	2.078106516976585	-19.306433084434232	0.0	0.0	0.0	0.0	0.0	0.0	0.0	0.0	0.0	0.0	0.0	0.0	0.0	0	0	Negative	-0.3016733131997635	0
2025-06-12	76.01000213623047	77.9800033569336	75.80999755859375	75.92500305175781	3487200	DOCU	-0.4131621469541113	2.862426946607722	1.6206935179206994	0.0	0.3747614216689306	-0.3016733131997635	0.1119513744565972	2.862426946607722	-22.430821247441944	0.0	0.0	0.0	0.0	0.0	0.0	0.0	0.0	0.0	0.0	0.0	0.0	0.0	0	0	Negative	-2.565457864534438	0
2025-06-13	74.05999755859375	75.6500015258789	73.62000274658203	75.40499877929688	3326800	DOCU	-0.7959522956587531	2.7574011186669267	1.5242033840331322	0.0	0.6104354591293754	-2.565457864534438	-1.7837029938025903	2.7574011186669267	-4.599678825418674	0.0	0.0	0.0	0.0	0.0	0.0	0.0	0.0	0.0	0.0	0.0	0.0	0.0	0	0	High	2.1874193896649	3
2025-06-16	75.68000030517578	76.33999633789062	74.37000274658203	74.37000274658203	3790300	DOCU	0.4185865490246819	2.6489088591557604	0.3034200578924174	0.0	0.916811393684903	2.1874193896649	1.761459607656067	2.6489088591557604	13.932307322351807	0.0	0.0	0.0	0.0	0.0	0.0	0.0	0.0	0.0	0.0	0.0	0.0	0.0	0	0	Negative	-1.1495807915879876	0
2025-06-17	74.80999755859375	76.26000213623047	74.77999877929688	74.87000274658203	3051900	DOCU	-1.0702927528111466	1.9791433285545044	0.4071277865163081	0.0	0.8406604303705417	-1.1495807915879876	-0.080145833827982	1.9791433285545044	-19.48130754821518	0.0	0.0	0.0	0.0	0.0	0.0	0.0	0.0	0.0	0.0	0.0	0.0	0.0	0	0	Medium	0.5881599462179169	2
2025-06-18	75.25	75.68000030517578	74.25	74.70999908447266	3737900	DOCU	-0.1336699336780107	1.925926336937079	0.4470330777776821	1.2991190678527915	1.0744735283803128	0.5881599462179169	0.7227960408844053	1.925926336937079	22.47780071430912	0.0	0.0	0.0	0.0	0.0	0.0	0.0	0.0	0.0	0.0	0.0	0.0	0.0	0	0	Negative	-0.1594720884811046	0
2025-06-20	75.12999725341797	75.77200317382812	73.9000015258789	74.27999877929688	4875200	DOCU	-1.2890381670473423	2.533155087004519	0.3887331163151787	1.2982537574915314	1.297831445897956	-0.1594720884811046	1.1443167583330698	2.533155087004519	30.426175125070227	0.0	0.0	0.0	0.0	0.0	0.0	0.0	0.0	0.0	0.0	0.0	0.0	0.0	0	0	Negative	-1.6105405679588367	0
2025-06-23	73.91999816894531	75.27999877929688	73.5999984741211	74.9000015258789	3026200	DOCU	-0.3061303553137013	2.282609157616349	0.3224468358385159	1.158080241974066	0.8187106024943863	-1.6105405679588367	-1.3084156701852538	2.282609157616349	-37.92664916311126	0.0	0.0	0.0	0.0	0.0	0.0	0.0	0.0	0.0	0.0	0.0	0.0	0.0	0	0	High	2.326841535861561	3
2025-06-24	75.63999938964844	75.97000122070312	74.38500213623047	74.94999694824219	2583200	DOCU	1.3933966515296667	2.1308046500689093	0.2460164629211104	0.3423463960165631	0.7476960125966748	2.326841535861561	0.9206170373599096	2.1308046500689093	-14.638820963584696	0.0	0.0	0.0	0.0	0.0	-18.57911932479613	0.0	0.0	0.0	0.0	0.0	0.0	0.0	0	0	Negative	-0.8328890249887888	0
2025-06-25	75.01000213623047	76.08999633789062	74.68000030517578	75.94000244140625	2140000	DOCU	0.3966195851118275	1.8880503842434	0.2662545006712489	0.363873997638638	0.6539343009931246	-0.8328890249887888	-1.2246514027878133	1.8880503842434	-17.157014555589967	26.861815184145428	0.0	0.0	0.0	3.226929255894253	-0.3586565454895562	0.0	0.0	0.0	0.0	0.0	0.0	0.0	0	0	Medium	0.7199052128363008	2
2025-06-26	75.55000305175781	76.06999969482422	74.5	75.17500305175781	2026700	DOCU	0.2199718848530026	2.107382140703649	0.2386537475809135	0.3619255806257128	0.6916451099902398	0.7199052128363008	0.4988360289680512	2.107382140703649	-5.294392523364486	29.35668550209256	0.0	0.0	0.0	3.1085771443892507	-3.855941344734641	0.0	0.0	0.0	0.0	0.0	0.0	0.0	0	0	Medium	1.2177341254573344	2
2025-06-27	76.47000122070312	76.81500244140625	75.49500274658203	75.81999969482422	3302200	DOCU	0.3573747612974111	1.748459695080918	0.2117574796708624	0.3445597405315096	1.2624729513774726	1.2177341254573344	0.8572956060342453	1.748459695080918	62.93482015098436	33.51758959635056	0.0	0.0	0.0	2.9808216122774627	-0.7398749844891757	0.0	0.0	0.0	0.0	0.0	0.0	0.0	0	0	Medium	1.8569349369395185	2
2025-06-30	77.88999938964844	77.9800033569336	76.68800354003906	77.05000305175781	2376500	DOCU	0.7584697551929168	1.684748275158805	0.203108318451125	0.3177381088981933	0.956061020549378	1.8569349369395185	1.0901963719928254	1.684748275158805	-28.032826600448185	39.446083536349626	0.0	0.0	0.0	2.875763078274106	2.1642203201884054	0.0	0.0	0.0	0.0	0.0	0.0	0.0	0	0	Negative	-0.6804452220438864	0
2025-07-01	77.36000061035156	78.16999816894531	76.4800033569336	77.48500061035156	2852500	DOCU	-0.5199624887283016	2.20972115302412	0.2261339858099065	0.2568715210152126	1.123217224895455	-0.6804452220438864	-0.1613215448349634	2.20972115302412	20.029455081001476	38.08112590223136	0.0	0.0	0.0	2.7910653449696494	1.7760800370739782	0.0	0.0	0.0	0.0	0.0	0.0	0.0	0	0	Negative	-0.2714569322851792	0
2025-07-02	77.1500015258789	77.37999725341797	76.21499633789062	76.87000274658203	1921600	DOCU	-0.6333995086654182	1.5285717660635223	0.2900054758358082	0.3054160991167777	0.7699026403301414	-0.2714569322851792	0.3642497323955474	1.5285717660635223	-32.63453111305872	37.52702779573524	0.0	0.0	0.0	2.67491788572377	4.172298230013376	0.0	0.0	0.0	0.0	0.0	0.0	0.0	0	0	High	2.4238432666268137	3
2025-07-03	79.0199966430664	79.20700073242188	76.98999786376953	77.0	1921200	DOCU	-0.194428415958735	2.879598558471497	0.5481913694469368	0.4095048754864518	0.7763051559721997	2.4238432666268137	2.6233722637226053	2.879598558471497	-0.0208159866777685	45.17680802242868	0.0	0.0	0.0	2.6422096702186684	4.413314382164717	84.74974049768986	69.14925928868709	0.632720056653322	0.0	0.0	0.0	0.0	0	0	Negative	-1.746389916531408	0
2025-07-07	77.63999938964844	79.19999694824219	77.1500015258789	78.32499694824219	2264300	DOCU	-0.8795238222592374	2.657155387969291	0.5888371331230775	0.4256603335222981	0.9987120791100996	-1.746389916531408	-0.8745580405785424	2.657155387969291	17.858630022902354	41.17032322243354	0.0	0.0	0.0	2.599908652514712	3.78291929342483	78.96620018033398	73.40679939241993	0.7614489688225642	0.0	0.0	0.0	0.0	0	0	Low	0.3992755809257274	1
2025-07-08	77.94999694824219	78.37000274658203	77.22000122070312	78.0	1878800	DOCU	0.4636793060041684	1.48925344172435	0.6355716766497544	0.4625995360607756	0.8667330971361087	0.3992755809257274	-0.0641064766125801	1.48925344172435	-17.025129178995716	42.405958354672855	0.0	0.0	0.0	2.496343857755012	3.5880358116175253	79.16834676123959	73.47165262840885	0.7861303793763642	0.0	0.0	0.0	0.0	0	0	High	2.091090374121249	3
2025-07-09	79.58000183105469	79.80000305175781	77.39600372314453	78.02999877929688	1989400	DOCU	0.1026322439855997	3.106102657719508	0.7682030538620893	0.5748495388139114	0.9971629925917016	2.091090374121249	1.9864194233065444	3.106102657719508	5.886736214605067	48.52779672998861	0.0	0.0	0.0	2.489747819959174	5.923072993902272	79.40431705878753	73.3356823308609	1.028949636968377	0.0	0.0	0.0	0.0	0	0	Negative	-4.046244215398568	0
2025-07-10	76.36000061035156	79.25499725341797	75.98999786376953	79.07499694824219	3469700	DOCU	-0.6345876742810412	4.296617293636117	1.0051862747858646	0.8838111998818239	1.5055018484127949	-4.046244215398568	-3.433444758357311	4.296617293636117	74.40936965919373	39.57805394634062	0.0	0.0	0.0	2.568337544768173	3.3008691853990397	79.35472416687595	73.31727519225491	0.5039753430442261	0.0	0.0	0.0	0.0	0	0	Negative	-3.679933913217936	0
2025-07-11	73.55000305175781	75.9000015258789	73.27999877929688	75.75	3298200	DOCU	-0.7988483570924293	3.5753313185401367	1.051223077453921	0.954302175224555	1.278332454807603	-3.679933913217936	-2.9042864003197195	3.5753313185401367	-4.942790442977779	33.73161172236105	0.0	0.0	0.0	2.6048849937886382	-2.763083493859265	79.45585839827838	72.94714147965131	0.0926237197966309	0.0	0.0	0.0	0.0	0	0	High	3.6165818114827	3
2025-07-14	76.20999908447266	76.69000244140625	74.125	74.54000091552734	3033600	DOCU	1.346020153218567	3.4603742885750424	1.0423126078181395	0.9545543446028129	1.109607379825453	3.6165818114827	2.2404053507295263	3.4603742885750424	-8.022557758777516	42.40487762668105	-2.038823525454049	0.0	0.0	2.643107450635767	1.5997825810787156	79.46467195509426	72.95832761765963	0.4997693479123666	0.0	0.0	0.0	0.0	0	0	Negative	-0.5773552639969759	0
2025-07-15	75.7699966430664	77.58000183105469	75.7699966430664	76.5	2989100	DOCU	0.380528695723905	2.3888151883056894	0.6966365473680022	0.8964708595669254	1.011197564276049	-0.5773552639969759	-0.9542527541615604	2.3888151883056894	-1.4669040084388183	41.43873439325924	-1.9752794454831677	0.0	0.0	2.5836001461609466	0.2911893877196543	79.40619269513192	73.18780678606925	0.4152508214766596	0.0	0.0	0.0	0.0	0	0	Medium	1.8081071760313956	2
2025-07-16	77.13999938964844	77.40499877929688	75.4000015258789	76.26000213623047	2131000	DOCU	0.6467012206326951	2.6591474971387243	0.7636845979674843	0.8769179847075751	0.7140655157623848	1.8081071760313956	1.15394338941395	2.6591474971387243	-28.707637750493458	45.59510899078498	-1.7936959221833888	0.0	0.0	2.542271368107877	0.8761581773898552	79.48636887645799	73.25363051319044	0.6235411547775199	0.0	0.0	0.0	0.0	0	0	Medium	0.6222496250084315	2
2025-07-17	77.62000274658203	77.79000091552734	76.38500213623047	77.19999694824219	2304200	DOCU	0.0777774942552063	1.8393647182088175	0.7327654114016126	0.8309934520447371	0.8375193550497597	0.6222496250084315	0.5440489830866595	1.8393647182088175	8.127639605818866	47.01407587917733	-1.5926977837494576	0.0	0.0	2.4610376117642336	-0.3466383941226333	79.58597971802368	73.43502019042359	0.680378815269378	0.0	0.0	0.0	0.0	0	0	High	2.254573483736524	3
2025-07-18	79.37000274658203	79.37999725341797	77.3499984741211	78.23999786376953	1957300	DOCU	0.7987568864326035	2.624432862757004	0.5846685102756999	0.8333919597320563	0.7882676074489335	2.254573483736524	1.444280308877372	2.624432862757004	-15.055116743338251	51.93597708515985	-1.277469068067603	0.0	0.0	2.430249123730851	2.598244726437489	79.97324858786106	73.4597515952444	0.9073852583392856	0.0	0.0	0.0	0.0	0	0	Negative	-0.0378057296875908	0
2025-07-21	79.33999633789062	80.8499984741211	78.27999877929688	79.7699966430664	2659600	DOCU	0.5039610465448803	3.2830860180134804	0.5209245018231409	0.8441021343261814	1.1043749792379498	-0.0378057296875908	-0.5390501733375174	3.2830860180134804	35.88106064476575	51.84704529282267	-1.0183306246447472	0.0	0.0	2.440231307380377	2.8386192724534363	80.28889208823131	73.56510800332143	0.8588747439897305	0.0	0.0	0.0	0.0	0	0	High	2.571213775760026	3
2025-07-22	81.37999725341797	81.6500015258789	78.76000213623047	79.33999633789062	2107400	DOCU	0.0	3.6693744429433	0.7002731994805448	0.7195677586193432	0.9442179309108832	2.571213775760026	2.571213775760026	3.6693744429433	-20.76252067980148	57.211403888891375	-0.6409619064834118	0.0	0.0	2.4723575989709525	2.9865865737905475	80.89210620813446	73.70789379186553	1.0679115562032455	0.0	0.0	0.0	0.0	0	0	Low	0.0368719706366738	1
2025-07-23	81.41000366210938	81.70999908447266	80.08000183105469	81.62000274658203	1711700	DOCU	0.2949195149474919	2.0354610591253293	0.7853701978091989	0.7928662642527882	0.7968659801493454	0.0368719706366738	-0.2572887495785465	2.0354610591253293	-18.776691657967163	57.28677857717192	-0.3356045715442093	0.0	0.0	2.412189002860025	4.855750002702322	81.51247818663882	73.66452224060728	0.9869425204175288	0.0	0.0	0.0	0.0	0	0	Negative	-1.3266205410544063	0
2025-07-24	80.33000183105469	81.7300033569336	79.62000274658203	81.13999938964844	1944800	DOCU	-0.3316598210480188	2.6500885927715467	0.6350641309277936	0.6474330773287187	0.93672934648582	-1.3266205410544063	-0.9982715857612968	2.6500885927715467	13.618040544487936	53.62525356401113	-0.1786939330116581	-1.0037333823370942	0.825039449325436	2.390604117680849	3.053245639499888	81.76448931878853	73.94451107793999	0.8165611919173075	0.0	0.0	0.0	0.0	0	0	Negative	-0.5726367160305799	0
2025-07-25	79.87000274658203	80.83000183105469	79.5999984741211	80.62999725341797	1711200	DOCU	0.3734537725944708	1.5452303775275604	0.8713789117173932	0.6999214614965438	0.8442282455326748	-0.5726367160305799	-0.942570423817943	1.5452303775275604	-12.011517893870836	52.09788155591629	-0.090416933116316	-0.8210700924929386	0.7306531593766226	2.30770406334176	0.3644143112022096	81.92429047745652	74.21670988875441	0.7334717805110339	0.0	0.0	0.0	0.0	0	0	Medium	0.6510537438145501	2
2025-07-28	80.38999938964844	81.16000366210938	79.5	79.94999694824219	1566900	DOCU	0.1001555013262842	2.088054920892296	0.8115813970646779	0.6485173783384849	0.8664565361645654	0.6510537438145501	0.5503470396516682	2.088054920892296	-8.432678821879383	53.703176789046026	0.0212575646316679	-0.6526045610680173	0.6738621256996853	2.261439748968018	5.277630627402795	82.1731267315696	74.35987345153586	0.7717817050065655	0.0	0.0	0.0	0.0	0	0	Negative	-0.6344099267354144	0
2025-07-29	79.87999725341797	81.30000305175781	79.43000030517578	80.8499984741211	1151500	DOCU	0.5722093394267258	2.354277652520894	0.4102859623600945	0.6491385934597091	0.7120243380616119	-0.6344099267354144	-1.19975416080386	2.354277652520894	-26.51094517837769	51.86727368931916	0.067825646704918	-0.5085185195134303	0.5763441662183484	2.2334799630833047	8.60638197010771	82.33014615410404	74.40185381537837	0.6909613324021435	0.0	0.0	0.0	0.0	0	0	Negative	-2.403603198500558	0
2025-07-30	77.95999908447266	79.98999786376953	77.33999633789062	79.87999725341797	1745100	DOCU	0.0	3.4264308913350834	0.6973727016748741	0.7153160670699358	1.0746351376316277	-2.403603198500558	-2.403603198500558	3.4264308913350834	51.55015197568389	45.55355081208974	-0.0496245776459147	-0.4167397311399272	0.3671151534940124	2.2632315032829906	2.2962866041505468	82.33826008103023	74.4537397358643	0.4447016679661527	0.0	0.0	0.0	0.0	0	0	Negative	-2.9758847127620025	0
2025-07-31	75.63999938964844	78.37999725341797	75.59500122070312	78.37999725341797	1847500	DOCU	0.5387354718799168	3.684100784103327	0.9071031101348596	0.7483419241574777	1.151492109396425	-2.9758847127620025	-3.4957871393010875	3.684100784103327	5.8678585754398025	39.32443527291095	-0.3261496626629281	-0.3986217174445274	0.0724720547815993	2.300500398242409	-0.1715682449220018	82.4103921696414	74.2306074336301	0.1723018394131481	0.0	0.0	0.0	0.0	0	0	Negative	-2.3796973377608834	0
2025-08-01	73.83999633789062	75.13500213623047	73.13999938964844	74.88999938964844	1871600	DOCU	-0.991538876324528	2.727649389158165	0.6835717035260885	0.7473424592544238	1.1436462738005035	-2.3796973377608834	-1.4020604357261457	2.727649389158165	1.30446549391069	35.29214154161791	-0.6826735520596401	-0.45543208436755	-0.22724146769209	2.314750369796523	-4.277940209837033	82.57548014098052	73.5475194317734	0.0323967854466788	0.0	0.0	0.0	0.0	0	0	High	2.085591809187428	3
2025-08-04	75.37999725341797	75.4000015258789	74.45999908447266	74.6500015258789	1363900	DOCU	1.0969734942587357	1.262426071668152	0.9595124212834384	0.8519537985789984	0.8546167727705649	2.085591809187428	0.977891108663936	1.262426071668152	-27.126522761273776	40.8777799827759	-0.8313725541710113	-0.5306201783282423	-0.300752375842769	2.2608399996673625	-2.8858611361782005	82.60977645692523	73.28722290220563	0.224485098307948	0.0	0.0	0.0	0.0	0	0	Negative	-2.042983512389973	0
2025-08-05	73.83999633789062	75.93900299072266	73.7699966430664	75.83000183105469	1412400	DOCU	0.5969814195188421	2.940228339918345	0.9437622229856464	0.7724594597736107	0.8569868333232207	-2.042983512389973	-2.624298358316925	2.940228339918345	3.555979177359044	37.40095251744271	-1.06124936613314	-0.6367460158892219	-0.424503350243918	2.25428045309514	-6.967375856528553	82.73644932220276	72.74954997589293	0.1091876791970086	0.0	0.0	0.0	0.0	0	0	Medium	1.7605676005305035	2
2025-08-06	75.13999938964844	75.5999984741211	74.46499633789062	74.69999694824219	1712700	DOCU	1.1646812743817234	1.5242089465502822	1.0130840629862614	0.8199747627081505	1.043298692754718	1.7605676005305035	0.5890260500427021	1.5242089465502822	21.26168224299065	41.89384525459411	-1.125554324468851	-0.7345076776051477	-0.3910466468637034	2.218974859033378	-5.293669198515432	82.5625875791969	72.47941147475817	0.2638640729203419	0.0	0.0	0.0	0.0	0	0	Negative	-6.201751491306004	0
2025-08-07	70.4800033569336	75.69000244140625	68.68000030517578	75.55500030517578	4139000	DOCU	0.5523035918263739	10.206759034772732	3.692264327932151	2.6016554918723025	1.971027467713056	-6.201751491306004	-6.7169570878746105	10.206759034772732	141.66520698312607	32.804745714871885	-1.5348464474331251	-0.8945754315707433	-0.6402710158623819	2.5611910931188846	-13.393947240550656	83.11914767056993	71.33485165804336	-0.0725413126249608	0.0	0.0	0.0	0.0	0	0	Negative	-1.8303076817325916	0
2025-08-08	69.19000244140625	71.0999984741211	69.0199966430664	70.61000061035156	2974000	DOCU	0.1844455834651716	3.013622040307126	3.674986689205769	2.5401012094949142	1.2816755731770384	-1.8303076817325916	-2.01104398338886	3.013622040307126	-28.146895385358786	30.81188020462514	-1.9409318424764592	-1.1038467137518864	-0.8370851287245729	2.5268204315428706	-15.010441801995244	83.69793946973708	70.32005979784104	-0.08447208258337	0.0	0.0	0.0	0.0	0	0	Negative	-2.962860210178289	0
2025-08-11	67.13999938964844	69.91000366210938	67.0	69.1500015258789	3402500	DOCU	-0.0578131436853447	4.34328904792444	3.392810779593661	2.5183180211597813	1.247195871149363	-2.962860210178289	-2.906727537060487	4.34328904792444	14.408204438466711	27.910176460565356	-2.400504041098188	-1.3631781792211468	-1.037325861877041	2.554190662297621	-16.419771120068795	84.50980791391282	68.60119138418287	-0.0918490927104668	0.0	0.0	0.0	0.0	0	0	Medium	1.310689993175135	2
2025-08-12	68.0199966430664	68.43499755859375	66.35199737548828	67.19000244140625	3862300	DOCU	0.0744758001375882	3.1393179791072416	3.3724204997390896	2.4890265884459217	1.2001802305708338	1.310689993175135	1.235294197799682	3.1393179791072416	13.513592946362968	30.917727308476287	-2.663012346969637	-1.6231450127708449	-1.0398673341987923	2.5205341994981816	-14.836616622030524	84.94968253395334	67.38631676414238	0.0360796379936035	0.0	0.0	0.0	0.0	0	0	High	3.954722984656975	3
2025-08-13	70.70999908447266	71.54000091552734	68.19499969482422	68.9800033569336	3346900	DOCU	1.4113595431425907	4.905053501975453	2.9531557621220066	2.5195330774803435	0.9441344564364982	3.954722984656975	2.507967009782945	4.905053501975453	-13.344380291536131	39.25975447928855	-2.623746439184444	-1.8232652980535649	-0.8004811411308794	2.591924918995521	-12.041299140029905	84.92799194426487	66.76500732331326	0.2171995320972038	0.0	0.0	0.0	0.0	0	0	Negative	-2.4183271200864125	0
2025-08-14	69.0	70.38899993896484	68.70999908447266	70.08000183105469	2193700	DOCU	-0.8909592159170471	2.443604827338172	1.0178590397474423	2.554778962279176	0.6951151501324512	-2.4183271200864125	-1.5410984629513866	2.443604827338172	-34.455765036302246	36.26207291335563	-2.699492490374098	-1.9985107365176715	-0.7009817538564267	2.549644567638698	-13.620427675906594	84.92740292850752	65.9035960644124	0.1627646852025	0.0	0.0	0.0	0.0	0	0	High	2.753625399824502	3
2025-08-15	70.9000015258789	71.38999938964844	68.74500274658203	69.12000274658203	2108900	DOCU	0.1739170240319293	3.847547512386876	0.9713705987224786	2.534288363275211	0.707006027772004	2.753625399824502	2.575229613087502	3.847547512386876	-3.865615170716142	41.59798318818933	-2.576507166701873	-2.114110022554512	-0.4623971441473613	2.5564554301692484	-9.05592309069164	84.51613839321149	65.46786047763811	0.2851775405796455	0.0	0.0	0.0	0.0	0	0	Medium	1.1283433076814229	2
2025-08-18	71.69999694824219	72.29000091552734	71.0	71.0	2045900	DOCU	0.1410415683624403	1.8169026979258365	1.2052647601839506	2.4789710030587027	0.754515883962619	1.1283433076814229	0.9859111947073064	1.8169026979258365	-2.9873393712361893	43.73385876955976	-2.3869719401980376	-2.168682406083217	-0.2182895341148207	2.473137141560619	-5.208887457957133	84.01807937859431	65.20191955329045	0.3453455676015868	0.0	0.0	0.0	0.0	0	0	Negative	-1.1436537374138926	0
2025-08-19	70.87999725341797	72.49500274658203	70.73999786376953	71.91999816894531	1652900	DOCU	0.3068357462580319	2.4809230079314863	1.2527457777994182	2.5011979309910366	0.7282588581549659	-1.1436537374138926	-1.4460524777605055	2.4809230079314863	-19.209150007331736	42.03683100900393	-2.276686801752845	-2.1902832852171423	-0.0864035165357028	2.421841980221468	-4.008666347879744	83.08641473996721	65.08358419191757	0.3219723168548272	0.0	0.0	0.0	0.0	0	0	Low	0.2962741148561905	1
2025-08-20	71.08999633789062	71.26000213623047	69.88999938964844	70.54000091552734	1809600	DOCU	-0.4796788248665313	1.9602271548809675	0.8026395615941737	2.46113699348769	0.9222301498318214	0.2962741148561905	0.7796929617592557	1.9602271548809675	9.480307338616976	42.65057689791889	-2.1475838540472267	-2.1817433989831594	0.0341595449359326	2.34671060639008	-5.691166187105189	81.99653271736615	65.14146548209673	0.352922404447401	0.0	0.0	0.0	0.0	0	0	Negative	-0.4923315405131709	0
2025-08-21	70.73999786376953	71.0479965209961	69.68000030517578	70.41000366210938	1537500	DOCU	-0.9565237175554856	1.9632551805811325	0.8404080515818388	1.0700750366684824	0.8397234237776904	-0.4923315405131709	0.4686751661649752	1.9632551805811325	-15.036472148541112	41.8551166804205	-2.049881037067607	-2.1553709266000487	0.1054898895324418	2.279802422556134	-4.198264663957391	80.99911704179979	65.1798807609346	0.351478225883787	0.0	0.0	0.0	0.0	0	0	Very High	5.753463129391364	4
2025-08-22	74.80999755859375	75.20999908447266	70.81500244140625	70.91000366210938	2694100	DOCU	0.2403248564796954	6.20630726759194	1.8734999991461971	1.4765395135893378	1.3830082135523614	5.753463129391364	5.499920596631318	6.20630726759194	75.2260162601626	52.8643271550722	-1.6253004379999538	-2.04935682888003	0.4240563908800761	2.4362451938523484	-0.4391826373905317	80.16473166564714	65.50826561828842	0.6346503932291113	0.0	0.0	0.0	0.0	0	0	Negative	-1.1629396411971409	0
2025-08-25	73.94000244140625	74.86499786376953	73.83000183105469	74.66999816894531	1307800	DOCU	-0.18713994682166	1.4018637505701637	1.9406734006097288	1.5396031750428807	0.72640220397916	-1.1629396411971409	-0.9776292291951096	1.4018637505701637	-51.456887272187366	50.65639330216562	-1.3435311980730231	-1.9081917027186288	0.5646605046456055	2.336155968056812	4.909192564804656	79.00394825977139	66.02404932933993	0.6098624615255912	0.0	0.0	0.0	0.0	0	0	Negative	-1.9475282578566049	0
2025-08-26	72.5	74.6050033569336	72.44000244140625	74.05000305175781	2697700	DOCU	0.1487700929395187	2.988681450250536	1.9329074942613649	1.5390048009285455	1.3425801506962485	-1.9475282578566049	-2.093184318540036	2.988681450250536	106.2777183055513	47.1464248623716	-1.2223329148456088	-1.771019945144025	0.5486870302984161	2.32393060716185	4.783924615983112	77.68785496469914	66.6021428990704	0.5320232986400495	0.0	0.0	0.0	0.0	0	0	High	3.00689697265625	3
2025-08-27	74.68000030517578	75.04000091552734	72.57499694824219	72.57499694824219	2685500	DOCU	0.1034440665409482	3.396492002670157	1.8630353610159636	1.3992679746343233	1.2293318440664311	3.00689697265625	2.9004525600391062	3.396492002670157	-0.4522370908551729	52.51105158390956	-0.9395441168631464	-1.6047247794878494	0.665180662624703	2.3393642006165285	11.230266583365283	76.99478699384126	66.96721099199858	0.7691579013472337	0.0	0.0	0.0	0.0	0	0	Medium	1.1114111243477904	2
2025-08-28	75.51000213623047	75.7699966430664	74.38999938964844	74.79000091552734	1235200	DOCU	0.1472959425576472	1.855084372550753	1.8813987666853087	1.4303187475053527	0.5815278287807313	1.1114111243477904	0.9626971679226758	1.855084372550753	-54.0048408117669	54.40844220825453	-0.641067914064962	-1.411993406403272	0.77092549233831	2.2708379901023457	11.011475834772115	76.96959842673665	66.9793998337614	0.853897169618578	0.0	0.0	0.0	0.0	0	0	Medium	1.5229790668051428	2
2025-08-29	76.66000366210938	77.19000244140625	75.62000274658203	75.93000030517578	2273400	DOCU	0.5562152788548169	2.076169846337624	0.8248856282235256	1.3942659469737508	1.1144554688419153	1.5229790668051428	0.9614162439083158	2.076169846337624	84.0511658031088	56.973539644226655	-0.3081754065140671	-1.1912298064254312	0.883054399911364	2.2286352983218767	8.414657975781664	77.46024150575823	66.77075748716169	0.9251378418025902	0.0	0.0	0.0	0.0	0	0	Negative	-3.3785596706999814	0
2025-09-02	74.06999969482422	75.37000274658203	73.33499908447266	74.63999938964844	3116900	DOCU	-2.6350171875342108	2.7749419615664106	0.6410353168754606	1.365992528239997	1.2977674519306837	-3.3785596706999814	-0.7636651922364164	2.7749419615664106	37.103017506817984	50.13245306302145	-0.2504602209910729	-1.0030758893385596	0.7526156683474867	2.3069473897015085	7.347825644672781	77.26360981626917	66.83638942079139	0.6937237345793518	0.0	0.0	0.0	0.0	0	0	High	2.470638367212741	3
2025-09-03	75.9000015258789	76.63999938964844	73.84500122070312	74.11000061035156	2721800	DOCU	0.0540042064157574	3.78495243109524	0.8277730084531245	1.40338433531008	1.1309919553221195	2.470638367212741	2.4153297811163688	3.78495243109524	-12.676056338028168	54.30724650925151	-0.0564044712123887	-0.8137416057133255	0.7573371345009368	2.3418081596474947	7.052186025941016	77.58098112020338	66.725018635656	0.8451560977004836	0.0	0.0	0.0	0.0	0	0	Low	0.4479530053430891	1
2025-09-04	76.23999786376953	76.37999725341797	74.05999755859375	75.20999908447266	5686000	DOCU	-0.909094107423682	3.132594884287856	0.78578947511863	1.3702264697969515	1.8911350136031344	0.4479530053430891	1.3694971304813133	3.132594884287856	108.90587111470352	55.06000797169116	0.1233985103685881	-0.6263135824969429	0.7497120928655311	2.3402504121601178	6.331940179585526	77.77640690696617	66.6395926963053	0.8620423207091044	0.0	0.0	0.0	0.0	0	0	High	4.74816742918918	3
2025-09-05	79.86000061035156	83.05999755859375	78.13999938964844	82.0	10430500	DOCU	7.555092205698649	6.2963887987911695	1.622122094338898	1.6724933365355448	2.1525180984456385	4.74816742918918	-2.6097553532298017	6.2963887987911695	83.44178684488217	62.200324483308734	0.5516386892791019	-0.3907231281417339	0.9423618174208358	2.6602325037789822	12.669305452746135	79.09889526752924	66.25510406108403	1.0592586200280478	0.0	0.0	0.0	0.0	0	0	High	2.341601217493152	3
2025-09-08	81.7300033569336	81.93000030517578	77.66000366210938	80.3499984741211	5077500	DOCU	0.6135710744109574	5.498321454689494	1.5309654223169324	1.5506386590431942	0.939140374435406	2.341601217493152	1.7174921083003731	5.498321454689494	-51.32064618187048	65.27009619981766	1.0300420264516816	-0.1065700972230508	1.1366121236747324	2.775215656585227	14.966953955759168	80.62709824515107	65.98090117501494	1.0753031730012266	0.0	0.0	0.0	0.0	0	0	Negative	-2.361434266369756	0
2025-09-09	79.80000305175781	81.6500015258789	79.48999786376953	81.56999969482422	5091400	DOCU	-0.1957710210907522	2.7173276137347533	1.545437759995382	1.4200860867698264	0.877609696902838	-2.361434266369756	-2.169911302793245	2.7173276137347533	0.2737567700640079	59.86628537612	1.2391609468839704	0.1625761115983534	1.0765848352856169	2.7369863591980006	12.807471673148704	81.20787653359548	66.66612325278146	0.9031840621519016	0.0	0.0	0.0	0.0	0	0	Negative	-1.228074335157568	0
2025-09-10	78.81999969482422	82.05999755859375	78.06500244140625	79.80999755859375	4435000	DOCU	0.0125244441775962	5.1175238483929455	1.5523342518047063	1.5002037835426227	0.7218330490488405	-1.228074335157568	-1.240443420691385	5.1175238483929455	-12.892328239776878	57.27334059538081	1.310702158670864	0.3922013210128556	0.9185008376580084	2.826844127625822	5.360248986894697	81.51019266229132	67.44380742926141	0.8087502280863077	0.0	0.0	0.0	0.0	0	0	Medium	1.8015708886618509	2
2025-09-11	80.23999786376953	80.76000213623047	78.9000015258789	79.38999938964844	3768300	DOCU	0.7231663245764365	2.357415176654324	1.7550602672571622	1.5558196784958902	0.6541574227416179	1.8015708886618509	1.070661897790522	2.357415176654324	-15.03269447576099	59.978245401970106	1.4650923960987114	0.6067795360300268	0.8583128600686847	2.7634982928958527	8.520415491405634	82.18965636331767	67.71734360616476	0.8652835567981682	0.0	0.0	0.0	0.0	0	0	Negative	-0.0623073575452517	0
2025-09-12	80.19000244140625	81.69000244140625	80.0999984741211	80.69000244140625	2170400	DOCU	0.5608232672198358	1.9850237173211167	1.6444401338005443	1.5404551931477484	0.5282680868049808	-0.0623073575452517	-0.6196554528091375	1.9850237173211167	-42.40373643287424	59.834619515793584	1.565368959865367	0.798497420797095	0.7668715390682721	2.6796772696379456	10.606899919181034	82.54899021275219	68.47701000087085	0.8323627708519529	0.0	0.0	0.0	0.0	0	0	Medium	1.7209093545374488	2
2025-09-15	81.56999969482422	81.77899932861328	80.30000305175781	80.30000305175781	2751900	DOCU	0.1371749682037214	1.84183838187674	1.337518194570365	1.567320725762856	0.7553109732667289	1.7209093545374488	1.5815648752190246	1.84183838187674	26.79229635090306	62.50369066905397	1.736179507706041	0.9860338381788842	0.7501456695271564	2.6017715280357376	9.226030210890237	83.21923769218117	68.8737623383364	0.8850342734083794	0.0	0.0	0.0	0.0	0	0	Low	0.1716309797379106	1
2025-09-16	81.70999908447266	82.91999816894531	81.0250015258789	81.27999877929688	2749700	DOCU	-0.3555239875105024	2.3387801386972584	1.3542475342648888	1.597091635246539	0.8660308781566333	0.1716309797379106	0.5290358164785163	2.3387801386972584	-0.0799447654347905	62.77395440431946	1.8613879565251776	1.1611046618481429	0.700283294677035	2.551287607680785	8.21082872843327	83.8327938958021	69.26120634833853	0.8543195925347921	0.0	0.0	0.0	0.0	0	0	High	3.438988606142004	3
2025-09-17	84.5199966430664	84.71499633789062	82.0	82.19999694824219	3775900	DOCU	0.5996791938070716	3.310971143769055	0.5730772562705598	1.594958548163363	1.240749990142085	3.438988606142004	2.822384161747625	3.310971143769055	37.32043495654072	67.79192891741917	2.162432695100051	1.3613702684985247	0.8010624266015265	2.583695439519156	10.25305583808885	84.81273568042667	69.6452645026788	0.9806995487956002	0.0	0.0	0.0	0.0	0	0	Medium	0.5797509614599116	2
2025-09-18	85.01000213623047	86.6500015258789	84.60199737548828	84.98500061035156	3428100	DOCU	0.550170357020835	2.42075153533431	0.573517619061512	1.6267439525852652	1.1522250605001343	0.5797509614599116	0.02941875119062	2.42075153533431	-9.211049021425357	68.58711551729516	2.412739607169243	1.5716441362326683	0.8410954709365746	2.5512889711829656	14.769815696611516	85.68043106029442	70.16956970264503	0.9567768089337396	0.0	0.0	0.0	0.0	0	0	Negative	-0.4940663307674959	0
2025-09-19	84.58999633789062	85.7699966430664	83.80999755859375	84.9800033569336	4516700	DOCU	-0.035288529047207	2.338622051745521	0.5330952204300573	1.2865188460019878	1.3112940780267444	-0.4940663307674959	-0.4589397548089738	2.338622051745521	31.75519967328841	67.05884778115424	2.5478486671032528	1.7668850424067857	0.7809636246964673	2.5090539792750866	11.44926829685079	86.15328575996902	71.08171485038254	0.8962756150996811	0.0	0.0	0.0	0.0	0	0	Low	0.3191917296962853	1
2025-09-22	84.86000061035156	85.27999877929688	82.7750015258789	83.58999633789062	1936500	DOCU	-1.182172884847457	3.0262726756154783	0.4522052677269009	0.943271629926271	0.5901480474678337	0.3191917296962853	1.5193256706547498	3.0262726756154783	-57.12577766953749	67.55928245284133	2.6462068336056603	1.9427494006465604	0.7034574329590999	2.508764213142435	11.306404758804952	86.90924839233656	71.33075252319077	0.8684566341193652	0.0	0.0	0.0	0.0	0	0	Negative	-0.0471375385807672	0
2025-09-23	84.81999969482422	86.2699966430664	84.71499633789062	85.69999694824219	1972600	DOCU	0.9898613384975146	1.8355667501578743	0.5854646020275149	0.9864190783493044	0.6310381450818309	-0.0471375385807672	-1.026834637986552	1.8355667501578743	1.8641879679834756	67.39592977697555	2.689920915711013	2.092183703659451	0.5977372120515625	2.440638219716245	6.21086782690274	87.44989541056448	71.87810523030466	0.8311115366122677	0.0	0.0	0.0	0.0	0	0	Negative	-0.9549605771139572	0
2025-09-24	84.01000213623047	85.83799743652344	83.94999694824219	85.12999725341797	1840900	DOCU	0.3654769626374642	2.248958376312106	0.4284981665505007	0.4770561942195531	0.672116423752081	-0.9549605771139572	-1.3156292180457367	2.248958376312106	-6.676467606205009	64.02028093415849	2.6289002811682707	2.199527019161215	0.4293732620070556	2.4011640960423173	2.7896717064106795	87.50643424427594	72.97256661021626	0.7594286533990658	0.0	0.0	0.0	0.0	0	0	Negative	-3.213908473967655	0
2025-09-25	81.30999755859375	83.29000091552734	81.0999984741211	83.01000213623047	2661000	DOCU	-1.190334453721834	2.700372974859028	0.4536296749795914	0.4882145874561139	1.0291853926065735	-3.213908473967655	-2.047951492456036	2.700372974859028	44.54886196968874	54.26368441409102	2.3357481335963115	2.226771242048234	0.1089768915480773	2.4375097793328213	1.8922236204133525	87.38395434564593	73.75804623418806	0.5542347168813901	0.0	0.0	0.0	0.0	0	0	Low	0.2582696971812431	1
2025-09-26	81.5199966430664	82.20999908447266	81.08999633789062	81.5999984741211	2182900	DOCU	0.3566608341346496	1.3811848528333102	0.6579069600269809	0.5754412160391817	1.030262698345274	0.2582696971812431	-0.0980414614591684	1.3811848528333102	-17.96692972566704	54.84014666968787	2.0962043764697142	2.2006578689325305	-0.1044534924628162	2.3434021341363365	3.425522657569212	87.28340464485879	74.45959538565879	0.5505697343667503	0.0	0.0	0.0	0.0	0	0	Medium	0.7605529589220916	2
2025-09-29	82.13999938964844	82.44000244140625	81.37000274658203	81.81999969482422	1934100	DOCU	0.3680116095580444	1.314980531777313	0.5869126229227902	0.6463143292389796	0.9130434782608696	0.7605529589220916	0.3911020484206398	1.314980531777313	-11.397681982683586	56.580184035971065	1.9340981832748556	2.1473459318009955	-0.2132477485261401	2.2524448170426137	2.367898275751085	87.27629871151646	75.01470089175501	0.5811068510508404	0.0	0.0	0.0	0.0	0	0	Negative	-12.235211987382057	0
2025-09-30	72.08999633789062	81.87999725341797	72.0199966430664	81.87999725341797	9675100	DOCU	-0.3165353520360935	13.690642974086858	5.300335057298036	3.6637553438073662	2.644336941073576	-12.235211987382057	-11.956523258333004	13.690642974086858	400.2378367199215	33.827481761132816	0.983341256463163	1.9145449967334287	-0.9312037402702662	2.8144132405811435	-10.101017404799546	87.67487646258675	74.41812280499138	-0.1756181435691742	0.0	0.0	0.0	0.0	0	0	Negative	-4.327916875683936	0
2025-10-01	68.97000122070312	71.9000015258789	68.5199966430664	71.27999877929688	9696200	DOCU	-1.1235921760867311	4.932873684188258	5.179362866631675	3.693832829501435	1.854007564256022	-4.327916875683936	-3.240737371146931	4.932873684188258	0.2180856011824167	29.818559036348034	-0.0216484392072544	1.5273063095452926	-1.548954748752547	2.868383701598506	-15.4468536487203	88.90525431119846	72.49474492586208	-0.2147857584669791	0.0	0.0	0.0	0.0	0	0	Negative	-1.2614219677886238	0
2025-10-02	68.0999984741211	69.33300018310547	67.98999786376953	69.2249984741211	4802500	DOCU	0.3697219789832695	1.9752939572477848	5.262470856757799	3.712127697658219	0.8487741597975313	-1.2614219677886238	-1.625135463774069	1.9752939572477848	-50.47028732905674	28.79383044897537	-0.8781887510500894	1.0462072974262162	-1.9243960484763056	2.759427888579751	-16.65646893017512	90.01088477433348	70.57511452376224	-0.1273484928938382	0.0	0.0	0.0	0.0	0	0	High	2.39354613705597	3
2025-10-03	69.7300033569336	70.4000015258789	68.45999908447266	68.45999908447266	3898000	DOCU	0.5286352693361183	2.8337751495037047	5.0729621997302425	3.6975295328175424	0.6495389240116111	2.39354613705597	1.855104132989955	2.8337751495037047	-18.833940655908386	33.411018239197034	-1.4092306143943318	0.5551197150621066	-1.9643503294564384	2.726611828806756	-17.498809599569608	90.54238205444992	69.03061751830398	0.0325117838406254	0.0	0.0	0.0	0.0	0	0	High	3.499203634799622	3
2025-10-06	72.16999816894531	73.9000015258789	69.85399627685547	70.16000366210938	5437200	DOCU	0.6166646844611463	5.792088448293958	4.648413376128215	3.753366930351266	0.8113044256766839	3.499203634799622	2.864872294642504	5.792088448293958	39.48691636736788	39.71288342570371	-1.614585985407885	0.1211785749681082	-1.7357645603759932	2.829710853102367	-15.10410968665635	90.51661464614978	68.10038440780531	0.1815476428404387	0.0	0.0	0.0	0.0	0	0	Negative	-3.0899207206833874	0
2025-10-07	69.94000244140625	72.93000030517578	68.4000015258789	72.71499633789062	3542100	DOCU	0.7551589064329847	6.622805085147498	1.967871134454288	3.770228822691315	0.6469352717708942	-3.0899207206833874	-3.8162607938389863	6.622805085147498	-34.85433679099537	36.328967240754935	-1.9349685023828016	-0.2900508405020737	-1.644917661880728	2.951159990687689	-17.318825547604575	90.73838005401625	66.8926189389037	0.1277956064304963	0.0	0.0	0.0	0.0	0	0	High	2.2876728885755004	3
2025-10-08	71.54000091552734	71.5999984741211	70.0999984741211	70.58000183105469	2676400	DOCU	0.9150691554302	2.139800331884111	2.175407190434419	3.7771372192177823	0.6573918511313507	2.2876728885755004	1.3601573527450146	2.139800331884111	-24.44030377459699	40.26209781806611	-2.0362943168647973	-0.6392995357746185	-1.3969947810901788	2.8589339936896283	-15.696440724747523	90.78890888187765	66.11409023311259	0.2198966792684539	0.0	0.0	0.0	0.0	0	0	Negative	-0.2655890955754951	0
2025-10-09	71.3499984741211	72.30000305175781	70.43000030517578	71.73999786376953	2706200	DOCU	0.279559610962738	2.6551224456612816	2.044469755305539	3.779344072084465	0.7410226781088615	-0.2655890955754951	-0.5436289395896355	2.6551224456612816	1.1134359587505605	39.94652486713912	-2.1076318954245323	-0.9329660077046014	-1.174665887719931	2.788296047467657	-15.880690013165696	90.69036925994943	65.32362991607594	0.2375696961423078	0.5267	-0.9882076382637024	-1.876221306326934	-0.5337353467845917	0	0	Negative	-4.134543814057911	0
2025-10-10	68.4000015258789	71.97000122070312	68.19000244140625	71.55000305175781	3569700	DOCU	0.2803147609165838	5.543332811206337	2.014052886032679	3.644831775071716	0.9953657230810412	-4.134543814057911	-4.402517668098853	5.543332811206337	31.90821077525682	35.317962866356226	-2.3748319554615875	-1.2213391972559986	-1.153492758205589	2.85913195688403	-18.58112154912032	90.72101813998734	64.11398094448532	0.1610859769880033	0.2442	-0.0008699642197219	-0.0035624924538471	0.0726510250461946	0	0	Medium	1.535080992602053	2
2025-10-13	69.44999694824219	70.08000183105469	68.4000015258789	69.33000183105469	2291558	DOCU	1.3596495386391458	2.456140742248608	2.052169077593319	3.5417389266404133	0.7749102222527617	1.535080992602053	0.1730781970551616	2.456140742248608	-35.805305767991705	38.06857089119739	-2.4733528012227737	-1.4717419180493536	-1.00161088317342	2.774908267476298	-14.5861529534606	90.40422652011658	63.21877228969787	0.2292117176240518	0.5386333333333333	-0.6665619430925034	-1.2375036306495564	-0.3050033601647524	0	0	Negative	-1.5694692379942763	0
2025-10-14	68.36000061035156	69.05999755859375	67.16000366210938	68.41000366210938	2635200	DOCU	-1.4974706001900482	2.829055677309801	1.376107931581018	1.7427076769869332	0.9493439684451208	-1.5694692379942763	-0.0730931867871072	2.829055677309801	14.995998355703849	36.34089242236669	-2.609306416152592	-1.6992548176700013	-0.9100515984825904	2.74027148309462	-16.143273521385936	90.01722954448104	62.27076941792132	0.2194597496277176	0.0	0.0	0.0	0.0	0	0	Negative	-0.6582752256061942	0
2025-10-15	67.91000366210938	69.30999755859375	67.5199966430664	69.2300033569336	2464700	DOCU	1.272678084865741	2.6510678384507265	1.3016070017119494	1.7239805712119405	0.9016739006909748	-0.6582752256061942	-1.9066873188184192	2.6510678384507265	-6.470097146326655	35.62212986862332	-2.7219842879243004	-1.9038007117208613	-0.8181835762034391	2.672395013982672	-17.324075764885354	89.06980258613004	61.55719707817662	0.2309053056460344	0.0	0.0	0.0	0.0	0	0	Negative	-1.407309208974172	0
2025-10-16	66.95429992675781	69.56999969482422	66.58000183105469	68.48999786376953	2510875	DOCU	0.854062980979879	4.49083475749458	1.357681435605532	1.6506706021258166	0.9318842226707728	-1.407309208974172	-2.242222200190908	4.49083475749458	1.873453158599424	34.080452131197944	-2.8554833824410224	-2.0941372458648937	-0.7613461365761287	2.6950809318245903	-7.124007035680041	87.86978582117885	60.95164362218051	0.22299667860439	0.0	0.0	0.0	0.0	0	0	Medium	1.4572632071208276	2
2025-10-17	67.93000030517578	68.37999725341797	66.7300033569336	66.80999755859375	1937500	DOCU	-0.2155236755845655	2.472641710594088	0.8581146721481463	1.6779180756307668	0.8182125541804517	1.4572632071208276	1.6763999214335634	2.472641710594088	-22.835664857868277	37.074628510228	-2.849701920522591	-2.2452501807964333	-0.6044517397261577	2.620431857871718	-1.5079032871108036	86.4636536599458	60.691776180142085	0.2808574629731952	0.0	0.0	0.0	0.0	2025-10-22 17:57:51.764570+00:00	2025-10-22 17:57:51.767640+00:00	High	4.048284981077012	3
2025-10-20	70.68000030517578	70.9800033569336	68.0999984741211	68.25	2230600	DOCU	0.4710727121840408	4.229082154688946	0.949044320624754	1.5348387822930902	0.9468646199233798	4.048284981077012	3.5604400075835625	4.229082154688946	15.12774193548387	44.69889199552157	-2.5933238301816743	-2.314864910673481	-0.2784589195081928	2.651115514577868	3.7885490291679274	84.71177401298249	61.025655796587806	0.4075950487279753	0.0	0.0	0.0	0.0	2025-10-22 17:57:51.764570+00:00	2025-10-22 17:57:51.767640+00:00	High	2.4971694708937195	3
2025-10-21	72.44499969482422	75.0	69.66000366210938	70.05000305175781	4045100	DOCU	-0.891337366578697	7.665799680104302	2.087357932463058	1.7784954271570732	1.5335389374676571	2.4971694708937195	3.418981497112593	7.665799680104302	81.3458262350937	48.97230265063509	-2.222106584954801	-2.296313245529745	0.0742066605749443	2.8431784305287797	3.8935841204439865	82.74738878303086	61.75254102653947	0.5092896501227904	0.0	0.0	0.0	0.0	2025-10-22 17:57:51.764570+00:00	2025-10-22 17:57:51.767640+00:00	Negative	-2.7117129346698667	0
2025-10-22	70.48049926757812	72.16000366210938	70.4800033569336	72.05000305175781	958478	DOCU	-0.545236586003639	2.383655257034701	2.1429161686321097	1.756053884803841	0.4102176981349881	-2.7117129346698667	-2.1783535290792693	2.383655257034701	-76.30520877110578	44.82073585759433	-2.062655995740215	-2.24958179557184	0.1869257998316245	2.7804511381974826	-2.34099895279501	80.59191202869451	62.55506749401056	0.4394023443694576	0.0	0.0	0.0	0.0	2025-10-22 17:57:51.764570+00:00	2025-10-22 17:57:51.767640+00:00	Medium	0.6377665343872388	2
2025-10-23	70.93000030517578	71.2300033569336	70.20999908447266	70.55000305175781	892715	DOCU	0.0986142052084754	1.4527906078359676	2.463690834512779	1.8755070311457316	0.4435016597622926	0.6377665343872388	0.5386211721907229	1.4527906078359676	-6.861190345526971	45.94980878409791	-1.8783666365672644	-2.1753387637709247	0.2969721272036603	2.654704933502015	1.4154958953553418	78.8888626037024	63.22011719366087	0.4920549099338818	0.127681	0.0	127681000.0	0.0638405	2025-10-23 19:17:55.266295+00:00	2025-10-23 19:17:55.269156+00:00	Medium	0.7895073398905467	2
2025-10-24	71.48999786376953	72.5	71.31999969482422	72.19999694824219	1174775	DOCU	1.7904929333177153	1.654515297567248	2.5848572042866755	1.8345287217608095	0.6314862022596377	0.7895073398905467	-0.983378274907174	1.654515297567248	31.595750043406916	47.39398960816133	-1.667902328990479	-2.073851476814836	0.4059491478243568	2.5772259878821724	-0.0698952349984659	76.75814540339634	64.34783451603725	0.5755023715809693	0.101739	0.0	101739000.0	0.0508695	2025-10-24 23:31:56.133036+00:00	2025-10-24 23:31:56.136039+00:00	Negative	-0.0699334506325653	0
2025-10-27	71.44000244140625	72.45999908447266	71.20999908447266	72.45999908447266	1647156	DOCU	1.3568348715739893	1.7553714591643108	2.6410845093874578	1.8801301256899707	0.9446625826544488	-0.0699334506325653	-1.407668583982883	1.7553714591643108	40.21033814985848	47.27254949701111	-1.4879894455904434	-1.9566790705699575	0.4686896249795143	2.482424131604874	0.1261443156411573	73.2836685190024	66.75231170560697	0.717720815096964	0.10787	0.0	107870000.0	0.053935	2025-10-27 23:31:49.533108+00:00	2025-10-27 23:31:49.535735+00:00	Negative	-1.0358419203176836	0
2025-10-28	70.69999694824219	71.61000061035156	70.27999877929688	71.61000061035156	1600664	DOCU	0.2379593548932781	1.8924329171253207	0.3496634080050178	1.921244819929148	1.2756758755635351	-1.0358419203176836	-1.2707773416466497	1.8924329171253207	-2.822562040268196	45.41751643515524	-1.3891066908645795	-1.8431645946288824	0.4540579037643024	2.4001082529941464	3.3625663319511565	73.09169220091832	66.80528808472621	0.6195447813296381	0.136921	0.0	136920999.99999997	0.0684605	2025-10-28 23:33:42.294204+00:00	2025-10-28 23:33:42.296947+00:00	Negative	-2.4328057504270624	0
2025-10-29	68.9800033569336	70.5	68.84500122070312	70.5	2352660	DOCU	-0.2828811271216894	2.403949088462188	0.3577534892498064	1.9287326654973664	1.5340826842045547	-2.4328057504270624	-2.156023607186392	2.403949088462188	46.9802531949241	41.35540804234181	-1.4330116374274553	-1.7611340031885967	0.3281223657611414	2.361171644033069	-0.6767366622907958	73.09157253086975	66.80640796839783	0.3458295112134496	0.120559	0.0	120559000.0	0.0602795	2025-10-29 23:34:00.854840+00:00	2025-10-29 23:34:00.857804+00:00	High	3.812695165886234	3
2025-10-30	71.61000061035156	73.55000305175781	68.30000305175781	68.72000122070312	4513616	DOCU	-0.376923925162921	7.686676084072126	2.5920774683595216	2.4024232773048104	1.9991441128169505	3.812695165886234	4.205470515588079	7.686676084072126	91.8516062669489	48.8837639501511	-1.2412791321835217	-1.6571630289875818	0.4158838968040603	2.567516526602135	4.754242204479825	73.22620910753709	67.02277160535353	0.7394656597061496	0.13912	0.0	139120000.0	0.06956	2025-10-30 23:37:02.063781+00:00	2025-10-30 23:37:02.066765+00:00	High	2.1365713814499068	3
2025-10-31	73.13999938964844	73.25499725341797	71.12629699707031	71.71499633789062	2388381	DOCU	0.1466215984417753	2.992845608756122	2.4747021489945142	2.386661915191588	0.9551631248751749	2.1365713814499068	1.9870363585376245	2.992845608756122	-47.08497577108908	52.68878243723296	-0.9548645416105046	-1.5167033315121663	0.5618387899016619	2.5361725072982435	7.701362752918178	73.65533440067766	66.93464591548444	0.9233210984016608	0.137039	0.0	137039000.0	0.0685195	2025-10-31 23:31:18.829834+00:00	2025-10-31 23:31:18.832650+00:00	Negative	-0.1367220056816771	0
2025-11-03	73.04000091552734	74.25	71.44999694824219	73.1500015258789	2038985	DOCU	0.0136753299342853	3.918828791253991	2.310704630029536	2.37685234238669	0.7906532542348537	-0.1367220056816771	-0.1503767710963705	3.918828791253991	-14.628989260926126	52.41416157931478	-0.7275610849192589	-1.3588748821935852	0.6313137972743263	2.5550175461882128	9.089335554888573	73.81530351796032	66.86167707285999	0.8885038463664858	0.1685469999999999	0.0	168546999.99999997	0.0842734999999999	2025-11-03 23:21:01.162241+00:00	2025-11-03 23:21:01.165133+00:00	Negative	-3.0531261349690437	0
2025-11-04	70.80999755859375	71.88999938964844	70.2699966430664	71.87999725341797	1773203	DOCU	-1.5881758592130213	2.305397501028454	2.2324722145613527	1.8488886633982164	0.67851229581433	-3.0531261349690437	-1.4885917302582243	2.305397501028454	-13.035014970683942	46.58318421569325	-0.7190750423676064	-1.2309149142283895	0.5118398718607831	2.570373740921979	4.239654409656367	73.85954185898564	66.90443824355341	0.5615386241514141	0.1247739999999999	0.0	124773999.99999996	0.0623869999999999	2025-11-04 23:21:33.040918+00:00	2025-11-04 23:21:33.043779+00:00	Low	0.1271062990938248	1
2025-11-05	70.9000015258789	71.61000061035156	69.87999725341797	70.91000366210938	2405545	DOCU	0.1412316155397013	2.475677482727685	2.2209650772800886	1.8465668460187388	0.9167661986946378	0.1271062990938248	-0.0141053951684018	2.475677482727685	35.66100440840671	46.84023361640168	-0.6970520424953577	-1.1241423398817831	0.4270902973864254	2.5103472849228083	0.3112637517730948	73.79596453444628	66.90401562912794	0.5798049218947872	0.1471439999999999	0.0	147143999.99999997	0.0735719999999999	2025-11-05 23:21:39.259858+00:00	2025-11-05 23:21:39.262467+00:00	Negative	-1.650208947482542	0
2025-11-06	69.7300033569336	70.5199966430664	68.30999755859375	70.5	1791855	DOCU	-0.5641770342316613	3.235249836712411	0.6434263613402972	1.7811690849078925	0.8616370177676044	-1.650208947482542	-1.092193819952349	3.235249836712411	-25.511474530719653	43.8839090106536	-0.7651871296623511	-1.0523512978378968	0.2871641681755457	2.51603704794869	-3.7476656074644112	73.69322300456302	66.84475764729244	0.4212981389440878	0.133357	0.0	133357000.0	0.0666785	2025-11-06 23:21:25.377169+00:00	2025-11-06 23:21:25.379905+00:00	Negative	-0.0430322777095099	0
2025-11-07	69.69999694824219	70.18000030517578	68.5	68.81999969482422	1352632	DOCU	-1.3050388904346566	2.452555190037637	0.6858737647470294	1.7297245932369487	0.7223884933274373	-0.0430322777095099	1.278694067596968	2.452555190037637	-24.512195462244435	43.80754381109613	-0.8122429128408157	-1.0043296208384809	0.1920867079976649	2.4563201377506254	-1.107401802550763	73.66184171968183	67.00613847440997	0.4047443785517192	0.169703	0.0	169703000.0	0.0848515	2025-11-07 23:20:55.054213+00:00	2025-11-07 23:20:55.057191+00:00	Negative	-0.0717294469903734	0
2025-11-10	69.6500015258789	70.18000030517578	68.70999908447266	70.16999816894531	1552100	DOCU	0.6743202887829944	2.1394283805707714	0.4210020193100682	1.7002714536459338	0.8743895300853433	-0.0717294469903734	-0.7410526672872821	2.1394283805707714	14.74665688820019	43.67118410466116	-0.8438418887635493	-0.9722320744234944	0.1283901856599452	2.3858687865329467	-1.8045943518817005	73.66234469212205	67.02563595973342	0.3954317828260253	0.125056	0.0	125056000.0	0.062528	2025-11-10 23:22:20.782770+00:00	2025-11-10 23:22:20.785568+00:00	Negative	-1.1486044999734368	0
2025-11-11	68.8499984741211	70.31999969482422	68.75499725341797	69.22000122070312	1821358	DOCU	-0.6173730018024649	2.276201736490434	0.4249354983925514	1.6728350630131943	1.020541290459226	-1.1486044999734368	-0.534531551657018	2.276201736490434	17.34798015591779	41.44794466314468	-0.9228003966636038	-0.9623457388715164	0.0395453422079126	2.327235476166753	-3.6928234278020096	73.63471648392495	67.10226395430747	0.2675464554682287	0.1523919999999999	0.0	152391999.99999997	0.0761959999999999	2025-11-11 23:21:11.568544+00:00	2025-11-11 23:21:11.571315+00:00	Medium	0.7262164285855967	2
2025-11-12	69.3499984741211	70.23249816894531	69.25499725341797	69.36000061035156	1589609	DOCU	0.7407438598886319	1.4114518147339912	0.6545587251390587	1.7521297704675902	0.9803258788038908	0.7262164285855967	-0.0144206115087259	1.4114518147339912	-12.723967501172204	43.38777842044416	-0.9342601917800124	-0.9567286294532156	0.0224684376732032	2.259754348928001	-2.9255373682263497	73.54631223716092	67.33466768227268	0.3244439977272128	0.128699	0.0	128699000.0	0.0643495	2025-11-12 23:22:23.487036+00:00	2025-11-12 23:22:23.489877+00:00	Negative	-3.374183690521387	0
2025-11-13	67.01000213623047	69.1500015258789	66.75	68.29000091552734	1895042	DOCU	-1.528475244291898	3.595507903938437	0.7888812548403298	0.7510967048433436	1.1540018129910563	-3.374183690521387	-1.8743575371747243	3.595507903938437	19.214347679209165	37.17968883145333	-1.1192581984775387	-0.9892345432580802	-0.1300236552194584	2.284057500727508	-5.21922909659116	73.53666255706365	67.3498875833172	-0.0549374186921346	0.1475749999999999	0.0	147574999.99999997	0.0737874999999999	2025-11-13 23:22:00.304917+00:00	2025-11-13 23:22:00.307645+00:00	Medium	1.1192358992546512	2
2025-11-14	67.76000213623047	68.37999725341797	65.83999633789062	66.20999908447266	1842309	DOCU	-1.1938561800541605	3.857838786156773	1.0352638162738632	0.8360876417039202	1.0587474073084764	1.1192358992546512	2.3410407388471235	3.857838786156773	-2.782682389097445	40.13623949713714	-1.1916155177023595	-1.029710738146936	-0.1619047795554236	2.3023391732132104	-1.7686302715734723	73.55654354983699	67.31300677364933	0.0715932937699572	0.1342739999999999	0.0	134273999.99999997	0.0671369999999999	2025-11-14 23:21:05.092175+00:00	2025-11-14 23:21:05.094689+00:00	Negative	-4.560218225897853	0
2025-11-17	64.66999816894531	67.3499984741211	64.58000183105469	67.06999969482422	1966661	DOCU	-1.018303452852629	4.289248319182291	1.2003150392304294	0.8986613629075215	1.0788072029568032	-4.560218225897853	-3.578353267927797	4.289248319182291	6.749790616015011	33.20288348347664	-1.4812221040271396	-1.120013011322977	-0.3612090927041627	2.36502925406768	-9.69138721163904	74.13661690605717	66.1319332038061	-0.1826349533898088	0.1315019999999999	0.0	131501999.99999996	0.0657509999999999	2025-11-17 23:21:28.534945+00:00	2025-11-17 23:21:28.537688+00:00	Medium	1.3916832400825536	2
2025-11-18	65.56999969482422	66.33000183105469	63.81010055541992	64.2750015258789	2677131	DOCU	-0.6107880845063709	3.949063320228116	1.1502467498493585	0.946408791599352	1.3424920206620323	1.3916832400825536	2.0147773445387007	3.949063320228116	36.12569731133124	36.63622313679826	-1.6194468336527876	-1.2198997757889392	-0.3995470578638485	2.3760915413224715	-10.350013341530882	74.10847784341443	65.47257226644884	0.0112816690163043	0.161237	0.0	161236999.99999997	0.0806185	2025-11-19 01:45:59.643121+00:00	2025-11-19 01:45:59.645909+00:00	Negative	-0.8082946191300814	0
2025-11-19	65.04000091552734	65.58000183105469	64.25	65.58000183105469	1655917	DOCU	0.0152541349352153	2.0700417603964008	0.8649890622283185	0.9780297791155046	0.8249014153546955	-0.8082946191300814	-0.823423147987215	2.0700417603964008	-38.145835971418656	35.47969748673165	-1.7515664323215958	-1.3262331070954705	-0.4253333252261253	2.301370847731916	-10.952902381877305	74.28997884915093	64.74702142550727	0.0307011209433028	0.192248	0.0	192248000.00000003	0.096124	2025-11-20 01:44:39.548225+00:00	2025-11-20 01:44:39.551005+00:00	Negative	-1.5836389372666473	0
2025-11-20	64.01000213623047	66.72000122070312	63.935001373291016	66.21499633789062	1945050	DOCU	1.8065735021888172	4.355986216613345	0.9382353921708332	1.0764541798928269	0.9641305084886906	-1.5836389372666473	-3.3300525917244195	4.355986216613345	17.460597360858063	33.28089559217611	-1.9172832121647476	-1.444443128109326	-0.4728400840554214	2.335915776280501	-9.603157261425451	74.46006950517904	63.88493095258463	0.0118269073283356	0.1476019999999999	0.0	147601999.99999997	0.0738009999999999	2025-11-21 01:45:28.826125+00:00	2025-11-21 01:45:28.828784+00:00	High	2.155908775758145	3
2025-11-21	65.38999938964844	66.19999694824219	63.500099182128906	63.9900016784668	1970413	DOCU	-0.031245832051537	4.251800864703412	0.9703320968439164	1.1170092512218104	0.9644541472233654	2.155908775758145	2.187838216064233	4.251800864703412	1.30397676152284	38.75719822880829	-1.9151836637673227	-1.5385912352409252	-0.3765924285263975	2.361914489839985	-7.771512013605933	74.28724130452414	63.44775930582741	0.1791820018756015	0.1836209999999999	0.0	183621000.0	0.0918104999999999	2025-11-22 01:41:39.701592+00:00	2025-11-22 01:41:39.704616+00:00	Medium	0.8258157525121931	2
2025-11-24	65.93000030517578	66.43000030517578	65.2699966430664	66.0	2162490	DOCU	0.9328652944568288	1.7772387341352829	1.2522056476835512	1.16093570452305	1.0385600769801098	0.8258157525121931	-0.1060601436730587	1.7772387341352829	9.748057894461718	40.804705148294815	-1.8486362674735235	-1.600600241687445	-0.2480360257860783	2.2760637164306563	-5.449595394835098	74.02083239934662	63.1631679973819	0.2548275766649427	0.142223	0.0	142223000.0	0.0711115	2025-11-25 01:47:38.944752+00:00	2025-11-25 01:47:38.947397+00:00	High	3.07902134066502	3
2025-11-25	67.95999908447266	68.33999633789062	65.63999938964844	65.9000015258789	1702556	DOCU	-0.0455009542818399	4.113340910036606	1.2760503919776405	1.1466898902670537	0.9021190861879276	3.07902134066502	3.125944629583642	4.113340910036606	-21.26872262993124	47.861604929331	-1.6134936894934526	-1.6031789312486466	-0.0103147582448059	2.306344661560052	-2.496410243836336	73.80180292034508	63.10819769000648	0.4537105391455101	0.189551	0.0	189551000.0	0.0947755	2025-11-26 01:46:51.368356+00:00	2025-11-26 01:46:51.371119+00:00	Medium	1.339028361342769	2
2025-11-26	68.87000274658203	69.40499877929688	67.76499938964844	67.95999908447266	1850379	DOCU	0.0	2.4201275059687504	1.197967571126692	0.989075276820326	0.960648176990533	1.339028361342769	1.339028361342769	2.4201275059687504	8.68241631993309	50.69896742375073	-1.3382848967824683	-1.550200124355411	0.2119152275729425	2.258748570709222	-1.1198833628267209	73.79435733248886	63.104643216827554	0.5393371111120507	0.1792	0.0	179200000.00000003	0.0896	2025-11-27 01:45:07.900977+00:00	2025-11-27 01:45:07.903742+00:00	Medium	0.6969590654806302	2
2025-11-28	69.3499984741211	70.12999725341797	69.06009674072266	69.19000244140625	899209	DOCU	0.4646430696419569	1.549231123599664	1.2830490511437729	1.1571612547433323	0.5237065097022765	0.6969590654806302	0.2312415480117042	1.549231123599664	-51.40406370802955	52.17729347972885	-1.0691241048914577	-1.4539849204626203	0.3848608155711628	2.187408994718273	0.7262164285855967	73.50185086253799	63.17114947315536	0.5981054691326224	0.1245819999999999	0.0	124581999.99999996	0.0622909999999999	2025-11-29 01:44:36.048715+00:00	2025-11-29 01:44:36.051421+00:00	Negative	-1.4707954801859613	0
2025-12-01	68.33000183105469	69.58999633789062	67.56999969482422	68.25	2227058	DOCU	-1.5861550083978346	2.989487423693352	1.0308700312618118	1.1400512866017751	1.2594071361001944	-1.4707954801859613	0.1172188000801282	2.989487423693352	147.6685620361896	48.82672956905586	-0.9274266456785368	-1.348673265505804	0.4212466198272671	2.175450969600283	-1.4707954801859613	72.76876976046842	63.42323081936555	0.5250388492961637	0.1122239999999999	0.0	112223999.99999996	0.0561119999999999	2025-12-02 01:49:24.122779+00:00	2025-12-02 01:49:24.125442+00:00	Medium	0.7756457852983704	2
2025-12-02	68.86000061035156	69.94999694824219	68.2300033569336	68.5199966430664	2699551	DOCU	0.2780547445051724	2.520875724292056	0.937321514963008	1.0840547789197548	1.4391843990347115	0.7756457852983704	0.496211301725978	2.520875724292056	21.21601682578541	50.60177121146158	-0.7635620482808747	-1.231651022060818	0.4680889737799434	2.142918299722305	2.760779607736873	71.99652109345479	63.77747945586162	0.6183836727682386	0.1665279999999999	0.0	166527999.99999997	0.0832639999999999	2025-12-03 01:48:50.451775+00:00	2025-12-03 01:48:50.454965+00:00	High	2.5559136227569126	3
2025-12-03	70.62000274658203	71.05000305175781	68.26499938964844	68.88999938964844	2220448	DOCU	0.0435648838672321	4.079694846568309	0.9248429457256698	1.0974697925944124	1.121818555682254	2.5559136227569126	2.511254713690051	4.079694846568309	-17.747506900221556	56.05325913943109	-0.4860775118366263	-1.08253632001598	0.5964588081793536	2.18878153989281	4.2207799884680846	71.96074412926059	63.794256938854645	0.8358239777497389	0.16258	0.0	162580000.0	0.08129	2025-12-04 01:49:38.552983+00:00	2025-12-04 01:49:38.555721+00:00	Medium	0.6796880612728297	2
2025-12-04	71.0999984741211	72.3499984741211	70.80000305175781	71.19999694824219	5337781	DOCU	0.8212888404174236	2.189258976768925	0.9485110163861366	1.0866855379256417	1.9940833292052849	0.6796880612728297	-0.1404473011337152	2.189258976768925	140.39207403190707	57.432963243182186	-0.2248454949118041	-0.9109981549951448	0.6861526600833405	2.156011124724685	9.942787207721745	72.00116959709749	63.77383116584196	0.8904662631170175	0.170036	0.0	170036000.0	0.085018	2025-12-05 01:50:08.254274+00:00	2025-12-05 01:50:08.256835+00:00	Negative	-7.637131394808942	0
2025-12-05	65.66999816894531	66.966796875	63.40520095825195	64.55500030517578	8905496	DOCU	-9.205342207324454	5.617198373195154	1.3922807475185004	1.308842476839135	2.0816636149767462	-7.637131394808942	1.7272060390341828	5.617198373195154	66.83891677084542	41.54349193365633	-0.4507766114672193	-0.8189538462895597	0.3681772348223403	2.5516387240921463	0.1525064428648871	71.81510997582437	63.55389026831626	0.2561495730110959	0.123323	0.0	123323000.0	0.0616615	2025-12-06 01:43:56.082600+00:00	2025-12-06 01:43:56.085415+00:00	Medium	0.5634273745982863	2
2025-12-08	66.04000091552734	66.1500015258789	64.55999755859375	66.08000183105469	3950981	DOCU	0.6243393841044169	2.4628315170583623	1.4570178859799452	1.263098716640555	0.8546632063492241	0.5634273745982863	-0.0605340714572212	2.4628315170583623	-55.634352089990266	42.706659135134814	-0.5931352260044633	-0.7737901222325405	0.1806548962280771	2.482950527177361	1.5375153535111108	71.58272710795049	63.42027353291865	0.3209485185462111	0.155682	0.0	155682000.0	0.077841	2025-12-09 01:56:19.499220+00:00	2025-12-09 01:56:19.501924+00:00	Very High	5.072680841428397	4
2025-12-09	69.38999938964844	70.6082992553711	65.33000183105469	65.33000183105469	5112048	DOCU	-1.075104595138976	8.079438659693045	2.435452964983147	1.973332464689803	1.0013118001607255	5.072680841428397	6.214598874638062	8.079438659693045	29.38680292312213	52.01619998132243	-0.4306740317547053	-0.7051669041369735	0.2744928723822681	2.6826181626872936	8.404932157271125	71.54384364432707	63.43315678291902	0.7344436677826919	0.151725	0.0	151725000.0	0.0758625	2025-12-10 01:51:48.943905+00:00	2025-12-10 01:51:48.946664+00:00	Negative	-0.8358579567032131	0
2025-12-10	68.80999755859375	69.64820098876953	67.36000061035156	69.19999694824219	3349398	DOCU	-0.2738181914937363	3.396972027441355	2.482587848578365	1.965701187355228	0.628270406964303	-0.8358579567032131	-0.5635829578722897	3.396972027441355	-34.48031004403715	50.48662800442424	-0.344749606466479	-0.6330834446028746	0.2883338381363955	2.654445463810913	5.230154765052215	71.53919431916219	63.43380601653118	0.6632861179910969	0.144972	0.0	144971999.99999997	0.072486	2025-12-11 01:53:09.032271+00:00	2025-12-11 01:53:09.035316+00:00	High	2.0636620385441327	3
2025-12-11	70.2300033569336	70.95999908447266	68.44999694824219	68.58000183105469	2793639	DOCU	-0.3342475449780598	3.6669134377440256	2.236997120789534	1.9265984845596449	0.579315226446134	2.0636620385441327	2.405951417067104	3.6669134377440256	-16.592802646923417	54.04924689662028	-0.1602243137780306	-0.5385116184379058	0.3782873046598752	2.644128083269453	6.522073459508605	71.68109344917822	63.3799073747964	0.8251948481527458	0.172042	0.0	172042000.0	0.086021	2025-12-12 01:52:50.332131+00:00	2025-12-12 01:52:50.334976+00:00	Medium	1.2530218017298291	2
2025-12-12	71.11000061035156	71.1500015258789	69.61000061035156	70.51000213623047	2336150	DOCU	0.3986882613031109	2.2123271110822738	2.380571400545053	1.856186535908712	0.6658651335726341	1.2530218017298291	0.8509409387931275	2.2123271110822738	-16.376095837722772	56.15470101043503	0.0563719136867604	-0.4195349120129726	0.475906825699733	2.5652618570021595	4.635081766207104	72.15904001885485	63.311960652531866	0.881425342187329	0.163124	0.0	163124000.00000003	0.081562	2025-12-13 01:46:26.559806+00:00	2025-12-13 01:46:26.562472+00:00	Negative	-4.106311550952575	0
2025-12-15	68.19000244140625	71.0999984741211	66.77999877929688	70.87000274658203	2848208	DOCU	-0.3375022665020122	6.469002356680942	2.4229404215832533	2.022404558932996	0.86627265899459	-4.106311550952575	-3.781572176254832	6.469002356680942	21.91888363332834	48.25389391643411	-0.0075069291405753	-0.3371293154384932	0.3296223862979178	2.691314712291625	-0.9873679077347344	72.1849850721378	63.3290156297665	0.548893810358288	0.14217	0.0	142169999.99999997	0.071085	2025-12-16 01:52:49.956788+00:00	2025-12-16 01:52:49.959460+00:00	Negative	-0.8945601825952696	0
2025-12-16	67.58000183105469	68.2699966430664	66.83999633789062	67.73889923095703	2842012	DOCU	-0.6615386336682405	2.1394380363918946	1.755924870055125	2.058138242180007	1.002869068550293	-0.8945601825952696	-0.2345733422100352	2.1394380363918946	-0.2175402920011459	46.77336687022537	-0.1061299238722028	-0.2909294371252351	0.1847995132530323	2.601220826069065	-2.552266304269501	72.10044249158692	63.704558576528335	0.4615884752259954	0.149637	0.0	149637000.0	0.0748185	2025-12-17 01:48:30.816084+00:00	2025-12-17 01:48:30.818798+00:00	Low	0.3107414601698878	1
2025-12-17	67.79000091552734	69.55999755859375	67.30000305175781	67.62999725341797	2867500	DOCU	0.0739796108444423	3.358089753870982	1.7570068624291926	2.0688753432233185	1.0474878957157217	0.3107414601698878	0.2365868233142483	3.358089753870982	0.8968294292916427	47.37201623714549	-0.1654371303977768	-0.2658309757797435	0.1003938453819666	2.576847517552413	-0.7902837714866322	72.07402418502728	63.952977005158274	0.4724789581176845	0.169426	0.0	169426000.0	0.084713	2025-12-18 01:48:50.447363+00:00	2025-12-18 01:48:50.450143+00:00	High	2.3749824289835506	3
2025-12-18	69.4000015258789	69.44000244140625	67.44000244140625	67.79000091552734	3251175	DOCU	0.0	2.965598943650181	1.7751511237164248	2.008774374378924	1.1492275210153096	2.3749824289835506	2.3749824289835506	2.965598943650181	13.380122057541412	51.84387791350137	-0.081584469950755	-0.2289816746139458	0.1473972046631907	2.535644123441526	0.7842011483313387	72.09335156376565	64.36964968745505	0.6512876751305574	0.206199	0.0	206199000.0	0.1030995	2025-12-19 01:52:15.962489+00:00	2025-12-19 01:52:15.965353+00:00	Medium	0.835737490349201	2
2025-12-19	69.9800033569336	70.08000183105469	69.07029724121094	69.25	8219216	DOCU	-0.2161405224508121	1.4618506509644895	1.9288094426572813	2.074244877975222	2.0519199239508907	0.835737490349201	1.0541564721062724	1.4618506509644895	152.807554191946	53.3807061375632	0.0313097487736371	-0.1769233899364292	0.2082331387100663	2.426648442470256	-0.906257950661738	71.93657168750555	65.12342968578547	0.7128243723559572	0.2159529999999999	0.0	215953000.0	0.1079764999999999	2025-12-20 01:46:49.538894+00:00	2025-12-20 01:46:49.541539+00:00	Medium	0.643036477073278	2
2025-12-22	70.43000030517578	71.09989929199219	70.0	70.08999633789062	2106698	DOCU	0.15717773032392	1.571284702845982	0.8399216550354359	2.1474366735563217	0.5461558519305708	0.643036477073278	0.4850962834211909	1.571284702845982	-74.36862591273913	54.59151535191566	0.1553000214371565	-0.1104787076617121	0.2657787290988685	2.333308977655137	-0.9423321847034608	71.96017441752309	65.60382704732066	0.7592683308151895	0.16111	0.0	161110000.0	0.080555	2025-12-23 01:53:13.984229+00:00	2025-12-23 01:53:13.986981+00:00	Negative	-2.072978955198675	0
2025-12-23	68.97000122070312	70.42500305175781	68.72000122070312	69.98999786376953	1702468	DOCU	-0.6247372419419328	2.481085274691505	0.8375636588966283	1.445124023771344	0.4690755090481062	-2.072978955198675	-1.4573462983264494	2.481085274691505	-19.187847522521025	50.04960671606791	0.1342064332077654	-0.0615416794878165	0.195748112695582	2.2887868424278173	5.025130415365766	71.83031903873561	66.03768251766087	0.5062148630203033	0.143503	0.0	143503000.0	0.0717515	2025-12-24 01:51:48.526659+00:00	2025-12-24 01:51:48.529378+00:00	Medium	0.9714341845541322	2
2025-12-24	69.63999938964844	69.97560119628906	68.76000213623047	68.76000213623047	1190084	DOCU	-0.304478875969078	1.767886885242082	0.6478484949469453	1.4832464830440184	0.3612962784070399	0.9714341845541322	1.2798098110504386	1.767886885242082	-30.096542196387837	52.02229484475727	0.1695978469814321	-0.0153137741939668	0.1849116211753989	2.212130572258587	5.451239285604948	71.89382874451151	66.14217284240256	0.6081425256965278	0.134357	0.0	134357000.0	0.0671785	2025-12-25 01:53:16.987231+00:00	2025-12-25 01:53:16.990040+00:00	Low	0.4738682279536899	1
2025-12-26	69.97000122070312	70.0009994506836	69.45999908447266	69.48999786376953	1229439	DOCU	-0.2153956450223678	0.7788660716119629	0.6119486194060036	1.575984212533654	0.4254731049242087	0.4738682279536899	0.6907517221033854	0.7788660716119629	3.30690942824204	53.00671998244511	0.2217183560109674	0.03209265184702	0.1896257041639474	2.092764128969469	0.8358579567032131	71.97733656481485	66.16866486951132	0.6544243762761272	0.091369	0.0	91369000.0	0.0456845	2025-12-27 01:50:42.376060+00:00	2025-12-27 01:50:42.378800+00:00			
