timestamp	open	high	low	close	volume	quoteVolume	symbol	gap_apertura_pct	volatilidad_diaria	vol_5d	vol_10d	vol_rel_5d	return_pct	close_open_pct	range_pct	volume_change_pct	rsi_14	macd	macd_signal	macd_diff	atr_14	momentum_12	bb_upper	bb_lower	bb_pctb	vader	finbert	sentiment_ratio	sentiment_combined	download_date	added_date	target_category	target	target_num
2025-07-15 16:00:00	0.19275	0.20696	0.19116	0.20341	3435792044.9432	683031535.5853685	DOGEUSDT	0.0	8.265327474367027	0.0	0.0	0.0	0.0	5.530479896238653	8.265327474367027	0.0	0.0	0.0	0.0	0.0	0.0	0.0	0.0	0.0	0.0	0.0	0.0	0.0	0.0	0	0	Low	0.0	1.0
2025-07-16 16:00:00	0.20341	0.22098	0.20244	0.21406	5680694198.6466	1206747491.8517532	DOGEUSDT	0.0	9.15826911677534	0.0	0.0	0.0	5.235730790029985	5.235730790029985	9.15826911677534	65.33870863946633	0.0	0.0	0.0	0.0	0.0	0.0	0.0	0.0	0.0	0.0	0.0	0.0	0.0	0	0	Very High	5.235730790029985	4.0
2025-07-17 16:00:00	0.21406	0.25474	0.20793	0.23739	9190498905.3788	2162439785.604708	DOGEUSDT	0.0	22.512383975376338	0.0	0.0	0.0	10.898813416799022	10.898813416799022	22.512383975376338	61.78478516883368	0.0	0.0	0.0	0.0	0.0	0.0	0.0	0.0	0.0	0.0	0.0	0.0	0.0	0	0	Very High	10.898813416799022	4.0
2025-07-18 16:00:00	0.23739	0.25805	0.22717	0.24253	8723716115.2478	2133629554.26806	DOGEUSDT	0.0	13.59334419157459	0.0	0.0	0.0	2.165213361978182	2.165213361978182	13.59334419157459	-5.078971173782644	0.0	0.0	0.0	0.0	0.0	0.0	0.0	0.0	0.0	0.0	0.0	0.0	0.0	0	0	High	2.165213361978182	3.0
2025-07-19 16:00:00	0.24253	0.25807	0.23754	0.2544	5146868061.6382	1286213080.8650022	DOGEUSDT	0.0	8.642754904437155	6.029089576058921	0.0	0.7997602319673512	4.894239887848935	4.894239887848935	8.642754904437155	-41.00142652920336	0.0	0.0	0.0	0.0	0.0	0.0	0.0	0.0	0.0	0.0	0.0	0.0	0.0	0	0	High	4.894239887848935	3.0
2025-07-20 16:00:00	0.2544	0.28668	0.2544	0.28259	9556017752.8962	2584387335.270612	DOGEUSDT	0.0	12.688679245283009	5.571575799249979	0.0	1.2475937249730134	11.080974842767292	11.080974842767292	12.688679245283009	85.66665472000868	0.0	0.0	0.0	0.0	0.0	0.0	0.0	0.0	0.0	0.0	0.0	0.0	0.0	0	0	Very High	11.080974842767292	4.0
2025-07-21 16:00:00	0.28259	0.28798	0.25776	0.26682	5016979554.0	1353054480.61994	DOGEUSDT	0.0	11.724084419615156	5.1981914486678455	0.0	0.6665473823355255	-5.58052301921512	-5.58052301921512	11.724084419615156	-47.49926503140418	0.0	0.0	0.0	0.0	0.0	0.0	0.0	0.0	0.0	0.0	0.0	0.0	0.0	0	0	Negative	-5.58052301921512	0.0
2025-07-22 16:00:00	0.26682	0.27157	0.24078	0.24985	3944334698.0	1013697750.56766	DOGEUSDT	0.0	12.78760694409834	1.931130515695738	0.0	0.6089207276969919	-6.360092946555736	-6.360092946555736	12.78760694409834	-21.38029155699445	0.0	0.0	0.0	0.0	0.0	0.0	0.0	0.0	0.0	0.0	0.0	0.0	0.0	0	0	Negative	-6.360092946555736	0.0
2025-07-23 16:00:00	0.24985	0.24985	0.22167	0.23999	6184955642.0	1467199986.37	DOGEUSDT	0.0	12.71259078810844	1.7700580775377206	0.0	1.036035273894131	-3.946367820692408	-3.946367820692408	12.71259078810844	56.80605515389252	0.0	0.0	0.0	0.0	0.0	0.0	0.0	0.0	0.0	0.0	0.0	0.0	0.0	0	0	Negative	-3.946367820692408	0.0
2025-07-24 16:00:00	0.23999	0.24168	0.22075	0.22435	3451103926.0	792562633.30552	DOGEUSDT	0.0	9.48131370328426	1.4096913643182276	4.138172211303603	0.6129108667181759	-6.51693820575858	-6.51693820575858	9.48131370328426	-44.20163820473201	0.0	0.0	0.0	0.0	0.0	0.0	0.0	0.0	0.0	0.0	0.0	0.0	0.0	0	0	Negative	-6.51693820575858	0.0
2025-07-25 16:00:00	0.22435	0.24016	0.22221	0.23879	1728287322.0	405946050.32466	DOGEUSDT	0.0	8.077944286935791	2.090947794954109	4.158126659660863	0.4251491033737514	6.436371740583913	6.436371740583913	8.077944286935791	-49.92073959351406	0.0	0.0	0.0	0.0	0.0	0.0	0.0	0.0	0.0	0.0	0.0	0.0	0.0	0	0	Very High	6.436371740583913	4.0
2025-07-26 16:00:00	0.23879	0.24343	0.23428	0.23683	2081706106.0	494820854.36422	DOGEUSDT	0.0	3.905583063001545	3.687545077155746	4.850474167794881	0.5985220521329223	-0.8208048913271031	-0.8208048913271031	3.905583063001545	20.449075770053007	0.0	0.0	0.0	0.0	0.0	0.0	0.0	0.0	0.0	0.0	0.0	0.0	0.0	0	0	Negative	-0.8208048913271031	0.0
2025-07-27 16:00:00	0.23683	0.24865	0.23067	0.23227	3074783798.0	738164397.69836	DOGEUSDT	0.0	7.794685047903943	3.1795216941444906	3.0885964992413117	0.930577499293708	-1.925431744289156	-1.925431744289156	7.794685047903943	47.704990110645326	0.0	0.0	0.0	0.0	0.0	14.188093014109432	0.0	0.0	0.0	0.0	0.0	0.0	0.0	0	0	Negative	-1.925431744289156	0.0
2025-07-28 16:00:00	0.23227	0.23398	0.22056	0.22275	2342367782.0	532378881.83298	DOGEUSDT	0.0	6.084512150888641	2.1412769334727275	3.0686748823521195	0.9237741718883336	-4.098678262367073	-4.098678262367073	6.084512150888641	-23.82008180465897	48.20238957834224	0.0	0.0	0.0	0.0238185714285714	4.05960945529291	0.0	0.0	0.0	0.0	0.0	0.0	0.0	0	0	Negative	-4.098678262367073	0.0
2025-07-29 16:00:00	0.22275	0.2266	0.21424	0.22141	2534238356.0	559031934.97912	DOGEUSDT	0.0	5.76923076923076	1.6921192552771405	3.2740839132162742	1.077355561658231	-0.6015712682379384	-0.6015712682379384	5.76923076923076	8.19130861833208	47.54600951337342	0.0	0.0	0.0	0.0230001020408163	-6.7315388179788505	0.0	0.0	0.0	0.0	0.0	0.0	0.0	0	0	Negative	-0.6015712682379384	0.0
2025-07-30 16:00:00	0.22141	0.22562	0.20878	0.21758	2321908358.0	507341388.39624	DOGEUSDT	0.0	8.06590669604368	1.6890098620891405	3.028652218033206	0.9396631044502096	-1.7298225012420398	-1.7298225012420398	8.06590669604368	-8.378454122016295	45.633307053475725	0.0	0.0	0.0	0.0225600947521865	-10.287387127365688	0.0	0.0	0.0	0.0	0.0	0.0	0.0	0	0	Negative	-1.7298225012420398	0.0
2025-07-31 16:00:00	0.21758	0.22132	0.20077	0.20951	3134795964.0	652834064.32032	DOGEUSDT	0.0	10.235592967076746	1.7922917978185833	2.893832853399794	1.168993856874779	-3.7089806048350007	-3.7089806048350007	10.235592967076746	35.009461213197454	41.81617574407745	0.0	0.0	0.0	0.0224165165556018	-17.64544025157233	0.0	0.0	0.0	0.0	0.0	0.0	0.0	0	0	Negative	-3.7089806048350007	0.0
2025-08-01 16:00:00	0.20951	0.21243	0.19353	0.19446	2435091350.0	487994930.27048	DOGEUSDT	0.0	9.765927763137498	2.047248318464823	2.530326586214503	0.9535615287783616	-7.183427998663553	-7.183427998663553	9.765927763137498	-22.320579139293542	35.80159712194303	0.0	0.0	0.0	0.0221653368016302	-31.186524647015112	0.0	0.0	0.0	0.0	0.0	0.0	0.0	0	0	Negative	-7.183427998663553	0.0
2025-08-02 16:00:00	0.19446	0.19936	0.1885	0.1988	1944605930.0	377268452.24176	DOGEUSDT	0.0	5.761273209549076	2.125830287432694	2.060917971382013	0.785976286029745	2.2318214542836627	2.2318214542836627	5.761273209549076	-20.142382748803243	38.54661160869869	0.0	0.0	0.0	0.0213578127443709	-25.49284161607076	0.0	0.0	0.0	0.0	0.0	0.0	0.0	0	0	High	2.2318214542836627	3.0
2025-08-03 16:00:00	0.1988	0.2062	0.19771	0.20376	1476796514.0	297854830.5808	DOGEUSDT	0.0	4.294168226189873	2.5573953051814957	2.1558022262358554	0.6526874624034915	2.494969818913477	2.494969818913477	4.294168226189873	-24.05677205766826	41.61894933561693	0.0	0.0	0.0	0.0204386832626301	-18.447068240944564	0.2746691009363163	0.1844858990636836	0.2137216303712245	0.0	0.0	0.0	0.0	0	0	High	2.494969818913477	3.0
2025-08-04 16:00:00	0.20376	0.21116	0.19716	0.19814	2216317032.0	454318619.4416	DOGEUSDT	0.0	7.100831811726509	2.552172602571507	2.1221625387250667	0.9887557056237516	-2.758146839418917	-2.758146839418917	7.100831811726509	50.07599293398657	39.22598461376422	0.0	0.0	0.0	0.0199787773152994	-17.438226592774697	0.2750708619553396	0.1835571380446604	0.1593516396466721	0.0	0.0	0.0	0.0	0	0	Negative	-2.758146839418917	0.0
2025-08-05 16:00:00	0.19814	0.2056	0.1955	0.20512	1685150694.0	336931719.31222	DOGEUSDT	0.0	5.16624040920716	2.1321194067371896	1.9570009445582752	0.8634747588141749	3.522761683658012	3.522761683658012	5.16624040920716	-23.96617137037821	43.56598644126024	0.0	0.0	0.0	0.0192731503642066	-8.57142857142857	0.2753796241358193	0.1823543758641806	0.2447252177101692	0.0	0.0	0.0	0.0	0	0	High	3.522761683658012	3.0
2025-08-06 16:00:00	0.20512	0.216	0.20305	0.21428	1581194330.0	330610558.70694	DOGEUSDT	0.0	6.3777394730361925	1.081510168478617	1.9446352987485989	0.8879059276805553	4.465678627145087	4.465678627145087	6.3777394730361925	-6.168965444463686	48.73943466391072	0.0	0.0	0.0	0.0188214967667633	-10.264248921646637	0.2744673690540556	0.1809556309459442	0.3563656256236895	0.0	0.0	0.0	0.0	0	0	High	4.465678627145087	3.0
2025-08-07 16:00:00	0.21428	0.22939	0.21005	0.22121	2421957100.0	534416154.5323	DOGEUSDT	0.0	9.207331587717222	1.892430988092935	2.053573084807672	1.2908270911313324	3.2340862422997905	3.2340862422997905	9.207331587717222	53.17264007644146	52.301991942643525	0.0	0.0	0.0	0.0188585327119945	-6.5954482117975015	0.2729715421253532	0.1803194578746467	0.4413342932977941	0.0	0.0	0.0	0.0	0	0	High	3.2340862422997905	3.0
2025-08-08 16:00:00	0.22121	0.24464	0.22069	0.24082	2337083608.0	548417651.04954	DOGEUSDT	0.0	10.852326793239383	2.2764096845327058	2.2833472795749907	1.1409643795829263	8.86487952624204	8.86487952624204	10.852326793239383	-3.5043350685278445	60.63842036259244	0.0	0.0	0.0	0.019222208946852	3.68106083437379	0.2710262253764379	0.180906774623562	0.6648201345648569	0.0	0.0	0.0	0.0	0	0	Very High	8.86487952624204	4.0
2025-08-09 16:00:00	0.24082	0.24679	0.22938	0.23264	2679354304.0	638944763.50616	DOGEUSDT	0.0	7.590025285552363	2.252408927451376	2.2794297622714264	1.2514803231976404	-3.396727846524372	-3.396727846524372	7.590025285552363	14.645205453000637	56.224110929712346	0.0004173007980399	0.0	0.0	0.0190927654506483	4.4399551066217775	0.2605242532847908	0.1864137467152091	0.6237476361248382	0.0	0.0	0.0	0.0	0	0	Negative	-3.396727846524372	0.0
2025-08-10 16:00:00	0.23264	0.24182	0.22558	0.23153	2217946362.0	517861236.51676	DOGEUSDT	0.0	7.199219788988387	1.7842046234587208	2.0888048122532417	0.986847303724482	-0.4771320495185693	-0.4771320495185693	7.199219788988387	-17.220863299458586	55.63228208579464	0.0012940848672732	0.0	0.0	0.0188889964898877	4.570705930174797	0.2532920301187036	0.1901169698812964	0.6555281461240635	0.0	0.0	0.0	0.0	0	0	Negative	-0.4771320495185693	0.0
2025-08-11 16:00:00	0.23153	0.2338	0.21874	0.2296	2160401670.0	486355553.91684	DOGEUSDT	0.0	6.88488616622475	1.6617024013616248	1.9064505649597656	0.9141273792430278	-0.8335852805252083	-0.8335852805252083	6.88488616622475	-2.5945033200942667	54.55694994393581	0.0018123164329999	0.0	0.0	0.01861549674061	5.524404816619176	0.2498073805401887	0.1915766194598111	0.6529775643444545	0.0	0.0	0.0	0.0	0	0	Negative	-0.8335852805252083	0.0
2025-08-12 16:00:00	0.2296	0.25074	0.22803	0.24144	3858270220.0	927699100.20316	DOGEUSDT	0.0	9.959215892645709	1.7882524395769628	2.0495747215259668	1.4556152830923743	5.156794425087104	5.156794425087104	9.959215892645709	78.59041092113209	59.702932095737545	0.0031421865607573	0.0	0.0	0.0189079612591378	15.2403226576297	0.2500782800189604	0.1914507199810395	0.8526583740927796	0.0	0.0	0.0	0.0	0	0	Very High	5.156794425087104	4.0
2025-08-13 16:00:00	0.24144	0.25608	0.21818	0.22543	4336497494.0	1030817738.78158	DOGEUSDT	0.0	17.370978091484076	4.401448336316244	3.477353010671176	1.421572204300116	-6.63104705102717	-6.63104705102717	17.370978091484076	12.39486212036232	51.25147678078176	0.0028711482100172	0.0	0.0	0.0202645354549137	15.926154479070243	0.2501624644731247	0.1914745355268753	0.5785766354819497	0.0	0.0	0.0	0.0	0	0	Negative	-6.63104705102717	0.0
2025-08-14 16:00:00	0.22543	0.23305	0.2173	0.22238	1737482621.1	393174803.600157	DOGEUSDT	0.0	7.248044178554999	4.446815758149974	3.4698007727890228	0.6070614856659189	-1.352969879785298	-1.352969879785298	7.248044178554999	-59.93350339752324	49.80503072276087	0.0023827717447933	0.0	0.0	0.0199420686367056	11.861167002012069	0.2481807618234978	0.1918152381765022	0.5422598752903977	0.0	0.0	0.0	0.0	0	0	Negative	-1.352969879785298	0.0
2025-08-15 16:00:00	0.22238	0.23631	0.22013	0.2287	1801751134.2	412336630.052088	DOGEUSDT	0.0	7.350202153273067	4.425775814195031	3.280231826459516	0.648372987359129	2.84198219264322	2.84198219264322	7.350202153273067	3.698944226521919	52.77897734259759	0.0024771460612728	0.0	0.0	0.0196733494483695	12.239890066745186	0.2470157376557673	0.1921672623442327	0.66606660346098	0.0	0.0	0.0	0.0	0	0	High	2.84198219264322	3.0
2025-08-16 16:00:00	0.2287	0.24245	0.22804	0.24169	1088592783.2	254455288.791315	DOGEUSDT	0.0	6.319066830380637	4.523900242021031	3.285499533824431	0.4244822700319628	5.679930039352865	5.679930039352865	6.319066830380637	-39.581401530053775	58.253762397070375	0.0035590957843119	0.0	0.0	0.0192973959163431	21.97940849904107	0.2486408364631324	0.1914841635368675	0.878389764357009	0.0	0.0	0.0	0.0	0	0	Very High	5.679930039352865	4.0
2025-08-17 16:00:00	0.24169	0.24268	0.2199	0.22367	2282090849.1	520210117.287909	DOGEUSDT	0.0	10.359254206457477	4.534272638043267	3.313721752125351	1.0145859249927174	-7.455831850717853	-7.455831850717853	10.359254206457477	109.6367791812493	49.65349715728324	0.002928724817641	0.002376708496749	0.0005520163208919	0.01954615335089	9.043486739469584	0.2487069463039516	0.1915100536960483	0.5622673686910731	0.0	0.0	0.0	0.0	0	0	Negative	-7.455831850717853	0.0
2025-08-18 16:00:00	0.22367	0.22696	0.21364	0.21427	1998244412.0	438734447.48724	DOGEUSDT	0.0	6.2347874929788425	1.6775425330257845	3.3657824318432352	1.1215806677926117	-4.202619931148576	-4.202619931148576	6.2347874929788425	-12.437999004813587	45.85079358608281	0.001651611099393	0.0022316890172778	-0.0005800779178848	0.0191014281115407	-0.0046667911144343	0.2484541161002791	0.1910488838997208	0.4045121883515931	0.0	0.0	0.0	0.0	0	0	Negative	-4.202619931148576	0.0
2025-08-19 16:00:00	0.21427	0.21794	0.20761	0.21501	1957674708.0	416353185.6403057	DOGEUSDT	0.0	4.975675545493958	2.0336492536674977	3.553687480756255	1.0723043455267558	0.3453586596350485	0.3453586596350485	4.975675545493958	-2.030267356503935	46.200104865480654	0.0006912329885218	0.0019235978115266	-0.0012323648230048	0.0184748975321449	-2.8027666018715176	0.2483862996020971	0.1908597003979028	0.4198110080586228	0.0	0.0	0.0	0.0	0	0	Low	0.3453586596350485	1.0
2025-08-20 16:00:00	0.21501	0.22447	0.21443	0.21548	1321720364.0	290150105.63442	DOGEUSDT	0.0	4.682180665018884	2.2706795510469457	3.732073302536421	0.7641483477351099	0.2185944839774886	0.2185944839774886	4.682180665018884	-32.485189771374415	46.43644676071581	-3.158442584755283e-05	0.0015325613640518	-0.0015641457898993	0.0178724048512774	-10.522381861971596	0.248381108764001	0.1914618912359989	0.4219683580889896	0.0	0.0	0.0	0.0	0	0	Low	0.2185944839774886	1.0
2025-08-21 16:00:00	0.21548	0.23365	0.20824	0.23005	2438280910.0	537958224.13704	DOGEUSDT	0.0	12.202266615443714	3.3918152365544265	3.9082717402942753	1.219382960627669	6.761648412845739	6.761648412845739	12.202266615443714	84.47781969711711	53.28724453338727	0.0005647447728755	0.0013389980458165	-0.000774253272941	0.0184108045047576	-1.1133081155433326	0.2479334714047305	0.1954685285952695	0.6591348346708655	0.0	0.0	0.0	0.0	0	0	Very High	6.761648412845739	4.0
2025-08-22 16:00:00	0.23005	0.24221	0.22892	0.23646	2001201176.0	473281529.23996	DOGEUSDT	0.0	5.805521579591122	3.09452228868416	3.9761863644707214	1.0297294119373666	2.7863507933058025	2.7863507933058025	5.805521579591122	-17.925733339724175	55.95619063900256	0.0015368574525261	0.0013785699271584	0.0001582875253676	0.0180450327544178	2.129313695849345	0.2483354495737119	0.198832550426288	0.7601059780691668	0.0	0.0	0.0	0.0	0	0	High	2.7863507933058025	3.0
2025-08-23 16:00:00	0.23646	0.23839	0.22827	0.23126	1109391372.0	259102931.50752	DOGEUSDT	0.0	4.433346475664779	3.2735711438057566	2.517737880636799	0.6283176413529415	-2.1991034424427007	-2.1991034424427007	4.433346475664779	-44.56372576107261	53.29590566023134	0.0018661553359841	0.0014760870089236	0.0003900683270605	0.0174789589862451	0.7229965156794402	0.2481593826692579	0.201758617330742	0.6357951739379983	0.0	0.0	0.0	0.0	0	0	Negative	-2.1991034424427007	0.0
2025-08-24 16:00:00	0.23126	0.24503	0.21691	0.21848	3599978986.0	827125191.63682	DOGEUSDT	0.0	12.96390207920336	4.208400088619389	3.157635840923359	1.7190936217211776	-5.526247513621026	-5.526247513621026	12.96390207920336	224.50035910320744	47.3391148622375	0.0010833983462607	0.001397549276391	-0.0003141509301303	0.0182390333443704	-9.509609012591111	0.2459425804783895	0.2060094195216105	0.312286334955723	0.0	0.0	0.0	0.0	0	0	Negative	-5.526247513621026	0.0
2025-08-25 16:00:00	0.21848	0.22039	0.20581	0.21269	1923298272.0	407104385.16294	DOGEUSDT	0.0	7.084203877362621	3.854722435456185	3.16046238474944	0.8685296657047421	-2.650128158183823	-2.650128158183823	7.084203877362621	-46.57473614486259	44.8911155446046	-4.099561314807598e-06	0.0011172195088498	-0.0011213190701646	0.0179776738197725	-5.65142172736548	0.2449663322311373	0.2077426677688625	0.1329082534620257	0.0	0.0	0.0	0.0	0	0	Negative	-2.650128158183823	0.0
2025-08-26 16:00:00	0.21269	0.22326	0.21241	0.22157	1176401676.0	257497783.4688	DOGEUSDT	0.0	5.108045760557412	3.4328555909812404	3.233358575362029	0.5995765143495139	4.1750905073111095	4.1750905073111095	5.108045760557412	-38.83415312505413	49.22760131979607	-0.0001477050494572	0.0008642345971884	-0.0010119396466457	0.0174685542612174	-0.3642413886140863	0.2446435205235734	0.2087944794764266	0.3563699376720191	0.0	0.0	0.0	0.0	0	0	High	4.1750905073111095	3.0
2025-08-27 16:00:00	0.22157	0.22596	0.21666	0.22118	1739624470.0	386123224.41894	DOGEUSDT	0.0	4.292439767377459	3.633981608707988	3.1820258451520256	0.9109226500633514	-0.1760166087466721	-0.1760166087466721	4.292439767377459	47.876741889306864	49.045065563192566	-0.0002896443344753	0.0006334588108556	-0.000923103145331	0.0168850860997018	-3.288150415391342	0.2446438692642989	0.208791130735701	0.3455487578561675	0.0	0.0	0.0	0.0	0	0	Negative	-0.1760166087466721	0.0
2025-08-28 16:00:00	0.22118	0.22536	0.21167	0.21326	2136909916.0	465381935.55198	DOGEUSDT	0.0	6.4676146832333385	3.4132513435822007	3.178457423315401	1.0102433883207642	-3.580793923501213	-3.580793923501213	6.4676146832333385	22.837425711768702	45.36617634542056	-0.0010293444086693	0.0003008981669506	-0.0013302425756199	0.0166568656640088	-11.763002192891712	0.2429521073878913	0.2077268926121086	0.1570780312656994	0.0	0.0	0.0	0.0	0	0	Negative	-3.580793923501213	0.0
2025-08-29 16:00:00	0.21326	0.21886	0.20974	0.21608	1199993446.0	256549323.17018	DOGEUSDT	0.0	4.34824067893582	1.2625770270749035	3.224366052421496	0.7338307336149091	1.3223295507830766	1.3223295507830766	4.34824067893582	-43.84445329140398	46.89365931897689	-0.0013721938182666	-3.372023009277762e-05	-0.0013384735881738	0.0161185181165796	-3.3933920507891147	0.2422301289255123	0.2067928710744875	0.2620724482846476	0.0	0.0	0.0	0.0	0	0	Medium	1.3223295507830766	2.0
2025-08-30 16:00:00	0.21608	0.22139	0.21445	0.21859	696207644.0	151520322.50596	DOGEUSDT	0.0	3.2361855910468647	1.19615058114795	3.356557323886874	0.5009309996131157	1.1616068122917491	1.1616068122917491	3.2361855910468647	-41.98237946042915	48.279728396821895	-0.0014249425714466	-0.0003119646983635	-0.001112977873083	0.0154629096796811	2.016147850842404	0.2414553026820837	0.2062736973179162	0.3500779044786832	0.0	0.0	0.0	0.0	0	0	Medium	1.1616068122917491	2.0
2025-08-31 16:00:00	0.21859	0.21985	0.20815	0.21334	1454759054.0	311745037.40328	DOGEUSDT	0.0	5.620946432860912	1.261137591678296	2.719546957331092	1.0064061950940002	-2.401756713481863	-2.401756713481863	5.620946432860912	108.95476608699803	45.5989343157936	-0.0018688346991923	-0.0006233386985293	-0.001245496000663	0.0151941304168467	-0.7767080600902305	0.2410060618437211	0.2050969381562789	0.2295534114246224	0.0	0.0	0.0	0.0	0	0	Negative	-2.401756713481863	0.0
2025-09-01 16:00:00	0.21334	0.21486	0.20462	0.20935	1865116362.0	392377927.38058	DOGEUSDT	0.0	5.004398397028638	1.2302949008324693	2.7355716359715987	1.2682713219893933	-1.870254054560792	-1.870254054560792	5.004398397028638	28.20792260214385	43.61672301984751	-0.0025136067685179	-0.001001392312527	-0.0015122144559908	0.0148402639585005	-2.844811583441617	0.2382394817701257	0.2046545182298742	0.1398090477156011	0.0	0.0	0.0	0.0	0	0	Negative	-1.870254054560792	0.0
2025-09-02 16:00:00	0.20935	0.21964	0.20921	0.21884	1341549230.0	288235986.83672	DOGEUSDT	0.0	4.98542134697194	0.904180813850628	2.7091148559202898	1.022892494943081	4.533078576546452	4.533078576546452	4.98542134697194	-28.07155321068381	49.2657599427731	-0.0022330879422799	-0.0012477314384776	-0.0009853565038023	0.0145252451043219	-4.872853727450553	0.2378429176330519	0.204392082366948	0.4319150035602309	0.0	0.0	0.0	0.0	0	0	High	4.533078576546452	3.0
2025-09-03 16:00:00	0.21884	0.22348	0.2116	0.21232	1082207521.8092	234751900.4906684	DOGEUSDT	0.0	5.61436672967864	0.976762324091895	1.1054803947911338	0.8402441314026772	-2.979345640650703	-2.979345640650703	5.61436672967864	-19.331508854937805	45.86576108479689	-0.0025079738995889	-0.0014997799306998	-0.001008193968889	0.0143362990254418	-10.208914827032054	0.237757661289564	0.203471338710436	0.2580813754272583	0.0	0.0	0.0	0.0	0	0	Negative	-2.979345640650703	0.0
2025-09-04 16:00:00	0.21232	0.22094	0.21041	0.21419	1278790304.714	275757803.65208226	DOGEUSDT	0.0	5.004514994534472	0.3394357181748489	0.8790911731450263	0.9105051068328296	0.8807460437076029	0.8807460437076029	5.004514994534472	18.164980278104064	46.99561954428809	-0.0025455857020435	-0.0017089410849686	-0.0008366446170749	0.0140644205236245	-7.381302430165183	0.2368289632821327	0.2029490367178672	0.3317883012765743	0.0	0.0	0.0	0.0	0	0	Medium	0.8807460437076029	2.0
2025-09-05 16:00:00	0.21419	0.22012	0.21323	0.2138	670350162.4641	145064208.42798957	DOGEUSDT	0.0	3.231252637996533	0.899586666501172	1.03282090150775	0.5373105987675668	-0.1820813296605824	-0.1820813296605824	3.231252637996533	-47.57935214295959	46.776346127176666	-0.0025771552258808	-0.001882583913151	-0.0006945713127297	0.0135519619147942	-2.142072500915424	0.232334380743706	0.2046546192562939	0.33039955015021	0.0	0.0	0.0	0.0	0	0	Negative	-0.1820813296605824	0.0
2025-09-06 16:00:00	0.2138	0.22505	0.21211	0.22361	823025577.4065	179994125.27575067	DOGEUSDT	0.0	6.100608175003539	1.0858947896065023	1.0943221523946685	0.7919917304946447	4.588400374181485	4.588400374181485	6.100608175003539	22.775472207120764	52.74852807912638	-0.0017899557904156	-0.0018640582886039	7.410249818835899e-05	0.0135082503494517	5.134232921152858	0.2323269172687348	0.2046560827312651	0.6849781578892725	0.0	0.0	0.0	0.0	0	0	High	4.588400374181485	3.0
2025-09-07 16:00:00	0.22361	0.23979	0.22016	0.23829	1711858769.1932	396418539.0280811	DOGEUSDT	0.0	8.916242732558144	2.0654003591422265	1.6176323484697648	1.5377176750677908	6.565001565225168	6.565001565225168	8.916242732558144	107.99581643471782	59.98452047500087	1.824839167724468e-05	-0.0014875969525477	0.0015058453442249	0.0139455181816337	7.546147944216281	0.2358319261050387	0.2035530738949612	1.0761512174895065	0.0	0.0	0.0	0.0	0	0	Very High	6.565001565225168	4.0
2025-09-08 16:00:00	0.23829	0.2495	0.2335	0.23822	2644279783.914	637642940.0840837	DOGEUSDT	0.0	6.852248394004276	2.115163938155452	1.6632263288118971	1.854774685673672	-0.0293759704561729	-0.0293759704561729	6.852248394004276	54.46833766317361	59.937386156997526	0.001429140575463	-0.0009042494469455	0.0023333900224086	0.0140922668829456	7.704132380866263	0.2387237169414102	0.2029822830585898	0.9859066386910582	0.631	0.9985746145248412	1.5825246148973475	0.8883022301673889	0	0	Negative	-0.0293759704561729	0.0
2025-09-09 16:00:00	0.23822	0.24571	0.23612	0.2436	1975154334.2418	476459935.1707117	DOGEUSDT	0.0	4.061494155514152	2.2651814207253875	1.5579485274331504	1.262132895552183	2.258416589707004	2.258416589707004	4.061494155514152	-25.304638856398785	62.383863208286805	0.0029474277214438	-0.0001339140132676	0.0030813417347115	0.0137706763913066	14.226765450623654	0.2424868658290983	0.2020311341709016	1.0275148693467298	0.3921666666666666	0.999800463517507	2.549420945422597	0.8175103244622548	0	0	High	2.258416589707004	3.0
2025-09-10 16:00:00	0.2436	0.25471	0.23834	0.24681	3024102377.5898	748548086.5660008	DOGEUSDT	0.0	6.868339347151127	1.7454178702788432	1.6141488565839308	1.485545952771289	1.3177339901477794	1.3177339901477794	6.868339347151127	53.10714333372122	63.80412494174364	0.0043594483888481	0.0007647584671554	0.0035946899216927	0.0139563423633562	14.22158459829693	0.2457854984959341	0.2004085015040659	1.0225775518871258	0.5719	0.9999056458473206	1.748389399296942	0.8715039520931244	0	0	Medium	1.3177339901477794	2.0
2025-09-11 16:00:00	0.24681	0.2671	0.24681	0.26634	2230700277.527	577066952.5055989	DOGEUSDT	0.0	8.220898666990802	1.859788728097058	1.780077212789262	0.9626626456475142	7.912969490701357	7.912969490701357	8.220898666990802	-26.23595371447507	70.98263166610514	0.0069740007819559	0.0020066069301155	0.0049673938518403	0.0144087464802593	21.84454915595408	0.2536446964257563	0.1955373035742436	1.2184800066092314	0.5574	0.9982405304908752	1.790883996424253	0.8659883713436126	0	0	Very High	7.912969490701357	4.0
2025-09-12 16:00:00	0.26634	0.30696	0.26486	0.29712	4777434529.5232	1375755076.1130908	DOGEUSDT	0.0	15.89518991165145	4.465759386732938	3.556163990735932	1.6303377378564248	11.556656904708255	11.556656904708255	15.89518991165145	114.16747815262578	78.29031360322091	0.0113983480895821	0.0038849551620088	0.0075133929275732	0.0163866931602408	39.27064779225649	0.2708250984489219	0.1849429015510781	1.3061740675119853	0.2443666666666667	0.7966551979382833	3.2600679492715887	0.6309686385567983	0	0	Very High	11.556656904708255	4.0
2025-09-13 16:00:00	0.29712	0.30101	0.27276	0.27393	4325316377.1369	1240496261.7729635	DOGEUSDT	0.0	10.357090482475437	4.441077309394469	3.6543987282280734	1.3241271455639176	-7.804927302100157	-7.804927302100157	10.357090482475437	-9.463617964669892	65.00719989423055	0.0128849068281544	0.005684945495238	0.0071999613329164	0.0172340722202236	30.84786243133508	0.277768607690062	0.1835443923099379	0.9592609216794626	0.2896	0.998400866985321	3.447504901520785	0.7857606068897246	0	0	Negative	-7.804927302100157	0.0
2025-09-14 16:00:00	0.27393	0.28345	0.25876	0.26429	3615671214.1852	980015299.1344398	DOGEUSDT	0.0	9.541660225691755	3.4607568591871845	3.584118803141933	1.0058493284468633	-3.5191472273938533	-3.5191472273938533	9.541660225691755	-16.40678047744203	60.41817484794027	0.0131337502064871	0.0071747064374878	0.0059590437689993	0.0177666384902076	20.76859806251143	0.2817608086607115	0.1847121913392884	0.8199787988442068	0.0	0.0	0.0	0.0	0	0	Negative	-3.5191472273938533	0.0
2025-09-15 16:00:00	0.26429	0.27019	0.25702	0.26638	2621619736.5115	694249034.0640701	DOGEUSDT	0.0	5.12411485487509	3.933256620262812	3.3461021180831114	0.7460184994994343	0.790797987059662	0.790797987059662	5.12411485487509	-27.492861457473865	61.05998854149837	0.0133457642469872	0.0084089179993877	0.0049368462475995	0.0174383071694785	25.461567445365485	0.2857463350264353	0.1852076649735646	0.8073742668741182	0.0772	0.9998207688331604	12.950878470915669	0.7230345381832122	0	0	Medium	0.790797987059662	2.0
2025-09-16 16:00:00	0.26638	0.27211	0.2625	0.26551	1837959636.041	491453855.19491726	DOGEUSDT	0.0	3.660952380952384	4.826261559297171	3.595330347688376	0.5349748155358475	-0.3266010961783849	-0.3266010961783849	3.660952380952384	-29.8922108937618	60.61935039597231	0.013290381922627	0.0093852107840355	0.0039051711385914	0.0168791423716586	23.96003548251554	0.2891412398045823	0.1862457601954177	0.7703374347022578	0.0	0.9997627139091492	999762.7139091492	0.6998338997364044	0	0	Negative	-0.3266010961783849	0.0
2025-09-17 16:00:00	0.26551	0.28793	0.26057	0.2868	4044898776.8936	1113532175.382291	DOGEUSDT	0.0	10.500057566105074	3.207324328767104	3.6765999497753983	1.2297914940974652	8.018530375503738	8.018530375503738	10.500057566105074	120.07549554278508	66.91204178372715	0.0147938814471582	0.0104669449166601	0.0043269365304981	0.0176277750593972	34.14405986903649	0.2957366576626489	0.187004342337351	0.9178104721129788	0.0	0.9999321699142456	999932.1699142456	0.6999525189399719	0	0	Very High	8.018530375503738	4.0
2025-09-18 16:00:00	0.2868	0.28897	0.26439	0.26678	2476701489.5433	685203176.5007533	DOGEUSDT	0.0	9.296872045084909	3.029141719975974	3.665065870977128	0.8483684304428767	-6.980474198047413	-6.980474198047413	9.296872045084909	-38.7697535549862	57.59253650347112	0.0142062086364956	0.0112147976606272	0.0029914109758684	0.0181243625551546	19.305934439425798	0.2980458810385557	0.1897651189614443	0.7112517455659397	0.4871	0.0118428841233253	0.0243129948887917	0.1544200188863277	0	0	Negative	-6.980474198047413	0.0
2025-09-19 16:00:00	0.26678	0.26961	0.26313	0.26895	906322879.6544	240996207.9121895	DOGEUSDT	0.0	2.4626610420704758	3.523233841720696	3.9003810284224874	0.381208280811283	0.8134043031711542	0.8134043031711542	2.4626610420704758	-63.406051012569776	58.27096988884469	0.0137569925183241	0.0117232366321666	0.0020337558861575	0.0172926223726435	12.866675059801093	0.3003038308360296	0.1925431691639704	0.7090419606790596	0.0386	0.999809503555298	25.90112959652076	0.7114466524887085	0	0	Medium	0.8134043031711542	2.0
2025-09-20 16:00:00	0.26895	0.26983	0.2637	0.26575	837746000.6657	223929261.22001693	DOGEUSDT	0.0	2.324611300720525	3.93688898359259	4.314491048603983	0.4145767915048551	-1.1898122327570313	-1.1898122327570313	2.324611300720525	-7.566495398952064	56.827206094730734	0.0129929970694054	0.0119771887196143	0.0010158083497911	0.016495292203169	11.556544370749728	0.3013069993016091	0.1967810006983908	0.6598262654578038	0.0	0.0	0.0	0.0	0	0	Negative	-1.1898122327570313	0.0
2025-09-21 16:00:00	0.26575	0.26621	0.22998	0.23949	4116152538.8496	1011291333.3619308	DOGEUSDT	0.0	15.753543786416216	5.720553980361461	5.009646077063506	1.662175665005123	-9.881467544684847	-9.881467544684847	15.753543786416216	391.3365788172993	46.6192535548037	0.0101515419790058	0.0116120593714926	-0.0014605173924868	0.0179049141886569	-1.687192118226602	0.2998000604580432	0.2013019395419568	0.3877034414755666	0.0	0.0	0.0	0.0	0	0	Negative	-9.881467544684847	0.0
2025-09-22 16:00:00	0.23949	0.24353	0.23409	0.24066	1867694534.4117	447510438.9579908	DOGEUSDT	0.0	4.032637019949594	5.764045114819851	4.433057177341802	0.9151222693164496	0.4885381435550563	0.4885381435550563	4.032637019949594	-54.625235173289	47.07541192422813	0.0079029769710973	0.0108702428914136	-0.0029672659203162	0.0173002774608957	-2.4917953081317568	0.298961739052535	0.2043222609474651	0.3839596305908652	0.4019	0.9999473094940186	2.4880438453599734	0.8205331166458129	0	0	Low	0.4885381435550563	1.0
2025-09-23 16:00:00	0.24066	0.25051	0.23094	0.24548	2700904499.2349	647202071.3992674	DOGEUSDT	0.0	8.474062527063309	5.6852198178994335	4.327771005672508	1.2949232904405414	2.002825563034983	2.002825563034983	8.474062527063309	44.611682985175655	49.008598684532494	0.0064357197487063	0.0099833382628721	-0.0035476185141658	0.0174624004994032	-7.832094315536538	0.2971920489382758	0.2094079510617241	0.4109178064232429	0.0	0.0	0.0	0.0	0	0	High	2.002825563034983	3.0
2025-09-24 16:00:00	0.24548	0.24639	0.22565	0.23108	2337561425.331	549040514.3700645	DOGEUSDT	0.0	9.191225348991804	5.236916369107719	4.307327764278886	0.9854763056524602	-5.866058334691216	-5.866058334691216	9.191225348991804	-13.452644253316851	43.85473472065548	0.0040640997625172	0.0087994905628011	-0.0047353908002838	0.0176965147494458	-22.2267097469036	0.2955750020365431	0.2127139979634569	0.2216483162615754	0.0	0.0	0.0	0.0	0	0	Negative	-5.866058334691216	0.0
2025-09-25 16:00:00	0.23108	0.23181	0.22039	0.22714	2302449661.6586	518509630.9575361	DOGEUSDT	0.0	5.181723308680061	4.584133147919896	4.3044556902959705	0.863973986065524	-1.7050372165483811	-1.7050372165483811	5.181723308680061	-1.502068065117397	42.53665283315309	0.0018453764142208	0.0074086677330851	-0.0055632913188642	0.0172481922673425	-17.081006096447997	0.2939908288737824	0.2156321711262176	0.1468609749653351	0.0	0.0	0.0	0.0	0	0	Negative	-1.7050372165483811	0.0
2025-09-26 16:00:00	0.22714	0.2342	0.227	0.23008	1113691088.3864	257151330.96722344	DOGEUSDT	0.0	3.1718061674008737	2.6852909199455235	4.350260269088184	0.5394587242876306	1.2943559038478465	1.2943559038478465	3.1718061674008737	-51.6301656043964	43.891804785778014	0.0003205603844817	0.0059910462633644	-0.0056704858788826	0.0165304642482466	-12.944114419766173	0.29337403633723	0.2168959636627699	0.1723897566476313	-0.1531	0.9997856616973876	6.530235999094634	0.6539199631881714	0	0	Medium	1.2943559038478465	2.0
2025-09-27 16:00:00	0.23008	0.23246	0.22488	0.22966	776925724.4228	177450829.1409197	DOGEUSDT	0.0	3.3706865884027057	2.820102375927951	4.303958770666008	0.4207999771002935	-0.1825452016689863	-0.1825452016689863	3.3706865884027057	-30.2386691853242	43.73313496562293	-0.0009112534323734	0.0046105863242168	-0.0055218397565902	0.0158911453733719	-13.784818680081088	0.2938764938988584	0.2155305061011416	0.1803473833955561	0.0	0.0	0.0	0.0	0	0	Negative	-0.1825452016689863	0.0
2025-09-28 16:00:00	0.22966	0.23759	0.22845	0.23363	1485647449.389	346284480.44098467	DOGEUSDT	0.0	4.000875465090833	2.4795764473498454	4.222844411755485	0.9266444730716018	1.7286423408516944	1.7286423408516944	4.000875465090833	91.2212973116226	45.730212433945184	-0.0015492699164351	0.0033786150760864	-0.0049278849925216	0.0154089207038453	-12.007080712590868	0.2940819549585686	0.2148660450414313	0.2368710398983794	0.0	0.0	0.0	0.0	0	0	Medium	1.7286423408516944	2.0
2025-09-29 16:00:00	0.23363	0.23887	0.22617	0.22791	1347095430.8636	312862337.0622075	DOGEUSDT	0.0	5.615245169562713	1.0872129050320878	4.060883358676169	0.9586763338223324	-2.44831571287934	-2.44831571287934	5.615245169562713	-9.32603617247026	43.3432068286286	-0.002487781179829	0.0022053358249033	-0.0046931170047323	0.0152154263678563	-20.53347280334728	0.2947237391058979	0.2126552608941021	0.1858781768382454	0.0	0.9999624490737916	999962.4490737916	0.699973714351654	0	0	Negative	-2.44831571287934	0.0
2025-09-30 16:00:00	0.22791	0.24612	0.22727	0.24518	1618963582.5459	385246544.316402	DOGEUSDT	0.0	8.294099529194353	2.131016096623112	3.876926148014692	1.2763174567057811	7.577552542670356	7.577552542670356	8.294099529194353	20.18180341596215	51.5637695772739	-0.0018170674268774	0.0014008551745472	-0.0032179226014246	0.0154750387701523	-8.096558962440966	0.294702999987833	0.2125130000121669	0.3974571115403911	0.0	0.0	0.0	0.0	0	0	Very High	7.577552542670356	4.0
2025-10-01 16:00:00	0.24518	0.25973	0.24313	0.25493	2530281304.222	639095771.260429	DOGEUSDT	0.0	6.827623082301651	2.0180525848499657	2.248722842852528	1.630564193693131	3.976670201484615	3.976670201484615	6.827623082301651	56.2901927814218	55.490235372454094	-0.0004930943449139	0.0010220652706549	-0.0015151596155688	0.0155553931437129	-5.212864844766696	0.2937244256027044	0.2123505743972956	0.5232568567416428	0.5574	0.9989309310913086	1.7921226031013733	0.866471651763916	0	0	High	3.976670201484615	3.0
2025-10-02 16:00:00	0.25493	0.26413	0.25261	0.26056	2164094451.5194	558246369.7431852	DOGEUSDT	0.0	4.560389533272623	1.7368340919158345	2.208043712749347	1.1830718332777468	2.2084493782607084	2.2084493782607084	4.560389533272623	-14.47217951978638	57.62630910109362	0.000998942620669	0.0010174407406578	-1.849811998873123e-05	0.0152671507763048	-1.9529633113828684	0.2867724557123701	0.2156465442876298	0.6314640447158838	0.8343	-5.304241312842351e-08	-6.357707006035413e-08	0.2502899628703108	0	0	High	2.2084493782607084	3.0
2025-10-03 16:00:00	0.26056	0.26532	0.24731	0.24771	2224953466.2285	568144239.6654183	DOGEUSDT	0.0	7.282358173951719	1.4561784984907766	2.080272111902043	1.1253748528891776	-4.931685600245625	-4.931685600245625	7.282358173951719	2.812216198159509	51.54587891438547	0.0011314622646937	0.0010402450454649	9.121721922872436e-05	0.0154630685779973	3.432293623950897	0.2839139966302124	0.2158830033697874	0.4678308386352336	0.5106	0.9989824295043944	1.9564834959281208	0.8524677006530761	0	0	Negative	-4.931685600245625	0.0
2025-10-04 16:00:00	0.24771	0.26526	0.24677	0.25644	1864787921.9339	480753084.8933588	DOGEUSDT	0.0	7.492807067309644	1.4071053620311134	1.8212731475306647	0.8962671592044366	3.5242824270316047	3.5242824270316047	7.492807067309644	-16.18755402130335	55.01839487228441	0.0019188042961694	0.0012159568956058	0.0007028474005635	0.0156792779652832	6.556968337073044	0.2830257400944577	0.2159862599055422	0.6034315895716996	0.0	0.0	0.0	0.0	0	0	High	3.5242824270316047	3.0
2025-10-05 16:00:00	0.25644	0.26838	0.24931	0.2669	2361434559.271	606739333.2182105	DOGEUSDT	0.0	7.649111547872128	1.2691741887006434	1.9255099786026288	1.0593618970868652	4.078926844486049	4.078926844486049	7.649111547872128	26.632875057558643	58.825894159515045	0.0033482169499334	0.0016424089064713	0.001705808043462	0.0159214723963344	8.725761772853193	0.2831048185292805	0.2159591814707195	0.7586616310580617	0.0	0.0	0.0	0.0	0	0	High	4.078926844486049	3.0
2025-10-06 16:00:00	0.2669	0.27048	0.25015	0.25152	3088079290.7587	808365865.7820796	DOGEUSDT	0.0	8.127123725764546	1.4109871070585482	1.7999459488176366	1.3193142872050785	-5.762457849381792	-5.762457849381792	8.127123725764546	30.771326210793788	51.873141689795055	0.003203076243339	0.0019545423738449	0.0012485338694941	0.0162363672251677	8.845421499047955	0.2816182907484324	0.2160467092515676	0.5409857431931622	-0.01595	0.5965973436832428	37.40187722921711	0.41283314057827	0	0	Negative	-5.762457849381792	0.0
2025-10-07 16:00:00	0.25152	0.25682	0.24284	0.25322	2479132323.8041	619356992.1761228	DOGEUSDT	0.0	5.756876956020421	0.8968522109356327	1.4980661186299224	1.0313914038033931	0.675890585241722	0.675890585241722	5.756876956020421	-19.71927886621686	52.54084799010059	0.0031884722567669	0.0022013283504293	0.0009871439063375	0.0160751981376557	11.481905432772734	0.2750672194046224	0.2192397805953775	0.6086652035162937	0.0	0.0	0.0	0.0	0	0	Medium	0.675890585241722	2.0
2025-10-08 16:00:00	0.25322	0.26115	0.24224	0.24475	2725526994.8149	681461549.0432392	DOGEUSDT	0.0	7.8063077939233745	0.929877470268125	1.2359835134529271	1.0885595757882738	-3.344917463075588	-3.344917463075588	7.8063077939233745	9.9387462558965	48.90059725842458	0.0024650250051019	0.0022540676813638	0.000210957323738	0.016277683984966	6.376043115438103	0.2724799772967966	0.2196240227032034	0.4753670138017364	0.6054333333333334	0.9976532856623332	1.647830707204139	0.8799872999636331	0	0	Negative	-3.344917463075588	0.0
2025-10-09 16:00:00	0.24475	0.25416	0.2359	0.23776	2389305013.9563	588035641.9151397	DOGEUSDT	0.0	7.740568037303943	0.9447766676533748	1.1632356661387355	0.915900260845576	-2.855975485188967	-2.855975485188967	7.740568037303943	-12.336035618001066	46.06414373753945	0.0013125233121438	0.0020657588075198	-0.0007532354953759	0.0164192779860398	3.5269528868762503	0.2689383093545702	0.2200466906454297	0.3622974616559112	0.0	0.9999917149543762	999991.7149543762	0.6999942004680633	0	0	Negative	-2.855975485188967	0.0
2025-10-10 16:00:00	0.23776	0.23963	0.08666	0.19193	9241473487.1399	1748706668.2371423	DOGEUSDT	0.0	176.51742441726284	75.65630707175859	53.60869649374168	2.3192374709487438	-19.275740242261108	-19.275740242261108	176.51742441726284	286.785003721125	32.67977417565774	-0.0032613458012807	0.0010003378857597	-0.0042616836870404	0.026172900987037	-17.848735179557426	0.2725078194174284	0.2090951805825716	-0.270690210941613	-0.2263	0.9999114274978638	4.41850202826264	0.6320479992485046	0	0	Negative	-19.275740242261108	0.0
2025-10-11 16:00:00	0.19193	0.20676	0.17809	0.20497	3315543633.4517	634053843.170733	DOGEUSDT	0.0	16.098601830535124	74.86525929715667	53.35876625837199	0.8226754714546755	6.794143698223324	6.794143698223324	16.098601830535124	-64.12321435466443	38.183441300809726	-0.0057674672342911	-0.0003532231382504	-0.0054142440960406	0.0263512652022486	-10.06537668377868	0.2744281471286096	0.2037228528713903	0.0176386668312655	0.0	0.0	0.0	0.0	0	0	Very High	6.794143698223324	4.0
2025-10-12 16:00:00	0.20497	0.21404	0.20171	0.20991	3717418932.7754	773294278.2534933	DOGEUSDT	0.0	6.112736106291214	74.82141514545825	53.29522824272142	0.8689916181273444	2.4101087964092303	2.4101087964092303	6.112736106291214	12.120947384586858	40.17868785928108	-0.0072711524911021	-0.0017368090088207	-0.0055343434822813	0.0253497462592309	-14.385349539114117	0.275087662901283	0.199988337098717	0.1321138744622925	0.0	0.0	0.0	0.0	0	0	High	2.4101087964092303	3.0
2025-10-13 16:00:00	0.20991	0.21823	0.19323	0.20333	3659207285.8823	744263830.0538933	DOGEUSDT	0.0	12.93794959374838	74.25349769142565	53.1153371447613	0.8196066281174802	-3.1346767662331487	-3.1346767662331487	12.93794959374838	-1.5659157051110146	38.40075585825014	-0.0088912916240327	-0.0031677055318631	-0.0057235860921696	0.0253247643835715	-20.240850429529665	0.275600555252638	0.1952604447473619	0.1004424216233569	0.0	0.0	0.0	0.0	0	0	Negative	-3.1346767662331487	0.0
2025-10-14 16:00:00	0.20333	0.20846	0.19687	0.19858	2353064785.2717	476995920.62501776	DOGEUSDT	0.0	5.887133641489316	74.48329574906302	53.17862678379997	0.5279076596069239	-2.336103870555257	-2.336103870555257	5.887133641489316	-35.69468462882298	37.12366259633147	-0.01043822351879	-0.0046218091292485	-0.0058164143895414	0.024343709784745	-23.78722750997851	0.2770591396040841	0.1905518603959159	0.0928030528479043	0.0	0.0	0.0	0.0	0	0	Negative	-2.336103870555257	0.0
2025-10-15 16:00:00	0.19858	0.20139	0.18766	0.18931	2700178848.6724	527906990.7743369	DOGEUSDT	0.0	7.3164233187679955	4.596464454199694	53.19111238407268	0.8574493299474426	-4.668143821130023	-4.668143821130023	7.3164233187679955	14.751572739235913	34.69837740510826	-0.0122707402623315	-0.0061515953558651	-0.0061191449064663	0.0235855876572632	-23.57595575471317	0.2792811867013441	0.1845468132986559	0.0502793920544254	0.0	0.0	0.0	0.0	0	0	Negative	-4.668143821130023	0.0
2025-10-16 16:00:00	0.18931	0.19472	0.1754	0.18474	2457446799.4088	453654845.417984	DOGEUSDT	0.0	11.01482326111745	3.1554870233851093	53.094489335900136	0.8253491400939976	-2.414029898050826	-2.414029898050826	11.01482326111745	-8.989480433229238	33.53523082692679	-0.0139311936624015	-0.0077075150171724	-0.0062236786452291	0.0232809028246015	-27.959756668226493	0.2812948243878673	0.1779991756121326	0.0652575831388829	0.0	0.0	0.0	0.0	2025-10-22 17:57:39.540038+00:00	2025-10-22 17:57:39.544222+00:00	Negative	-2.414029898050826	0.0
2025-10-17 16:00:00	0.18474	0.18975	0.18321	0.18752	709913275.0	132341730.85356	DOGEUSDT	0.0	3.5696741444244258	3.805468356554377	53.19027748367888	0.2987898020197849	1.5048175814658469	1.5048175814658469	3.5696741444244258	-71.11175407049352	34.96345384986627	-0.0148515922674433	-0.0091363304672266	-0.0057152618002167	0.0220851240514157	-29.741476208317728	0.2823549319072822	0.1727250680927177	0.1349534824954941	0.0	0.0	0.0	0.0	2025-10-22 17:57:39.540038+00:00	2025-10-22 17:57:39.544222+00:00	Medium	1.5048175814658469	2.0
2025-10-18 16:00:00	0.18752	0.198	0.18588	0.19643	598174581.0	114311512.44496	DOGEUSDT	0.0	6.520335700451915	2.7091949690899866	53.23934064631043	0.3391482138303607	4.751493174061435	4.751493174061435	6.520335700451915	-15.73976680461427	39.45408098150218	-0.0146926841401405	-0.0102476012018094	-0.0044450829383311	0.0213733294763146	-21.90283078880408	0.2820447687833454	0.1693152312166546	0.2405294066544383	0.0	0.0	0.0	0.0	2025-10-22 17:57:39.540038+00:00	2025-10-22 17:57:39.544222+00:00	High	4.751493174061435	3.0
2025-10-19 16:00:00	0.19643	0.20239	0.19157	0.19923	566785812.0	112310700.78836	DOGEUSDT	0.0	5.648065981103512	2.7327017896654	53.32038701580886	0.4029760875368534	1.4254441785877905	1.4254441785877905	5.648065981103512	-5.247426085462498	40.83658925863968	-0.0141773836513404	-0.0110335576917156	-0.0031438259596248	0.0206195202280064	-21.32138061764474	0.2817584999978264	0.1667335000021736	0.2825168441560925	0.0	0.0	0.0	0.0	2025-10-22 17:57:39.540038+00:00	2025-10-22 17:57:39.544222+00:00	Medium	1.4254441785877905	2.0
2025-10-20 16:00:00	0.19923	0.20554	0.19198	0.20427	796615543.0	157116047.02878	DOGEUSDT	0.0	7.06323575372434	2.723391091207451	3.877412808711443	0.7765894733170065	2.529739497063704	2.529739497063704	7.06323575372434	40.54966199471486	43.3443344073902	-0.0132100412894448	-0.0114688544112614	-0.0017411868781833	0.0201152687831488	-16.539325842696627	0.2794989556423642	0.1649020443576357	0.3435341773265626	0.0	0.0	0.0	0.0	2025-10-22 17:57:39.540038+00:00	2025-10-22 17:57:39.544222+00:00	High	2.529739497063704	3.0
2025-10-21 16:00:00	0.20427	0.20491	0.18661	0.19198	1248309167.0	241195474.08594	DOGEUSDT	0.0	9.80654841648358	2.267222139655967	2.82362472953567	1.5923129796754043	-6.016546727370634	-6.016546727370634	9.80654841648358	56.70158308723836	39.00290106597796	-0.0132820090538918	-0.0118314853397875	-0.0014505237141042	0.0199856067272096	-19.254710632570653	0.2757266065907224	0.1623793934092775	0.2611498400347802	0.0	0.0	0.0	0.0	2025-10-22 17:57:39.540038+00:00	2025-10-22 17:57:39.544222+00:00	Negative	-6.016546727370634	0.0
2025-10-22 16:00:00	0.19198	0.19612	0.18455	0.19543	962433040.0	183878822.8483	DOGEUSDT	0.0	6.2693037117312365	1.6165954430283642	2.814958274461988	1.1533552895704955	1.7970621939785294	1.7970621939785294	6.2693037117312365	-22.90106766475424	40.79559726904092	-0.0129118184527731	-0.0120475519623846	-0.0008642664903885	0.0193844919609803	1.8235815140936815	0.2699861810379981	0.1616068189620018	0.312081381456011	0.0766609999999999	0.0	76660999.99999999	0.0383304999999999	2025-10-23 19:17:42.384563+00:00	2025-10-23 19:17:42.388602+00:00	Medium	1.7970621939785294	2.0
2025-10-23 16:00:00	0.19543	0.20089	0.19228	0.19484	664570047.0	130601159.62691	DOGEUSDT	0.0	4.477844809652593	2.000098517248431	2.247699871151984	0.7839289325762981	-0.3018983779358232	-0.3018983779358232	4.477844809652593	-30.948957550335138	40.57597112274305	-0.0125217053783608	-0.0121423826455799	-0.0003793227327809	0.0186148853923389	-4.942186661462652	0.2659990958255194	0.1603069041744806	0.3267327064191876	0.0541304347826086	0.0	54130434.78260868	0.0270652173913043	2025-10-24 23:31:45.109511+00:00	2025-10-24 23:31:45.113529+00:00	Negative	-0.3018983779358232	0.0
2025-10-24 16:00:00	0.19484	0.19973	0.19402	0.19615	246476889.0	48651870.98471	DOGEUSDT	0.0	2.942995567467268	2.6121032807465445	2.547211006612719	0.3145117831762412	0.6723465407513743	0.6723465407513743	2.942995567467268	-62.911826960506986	41.3312057183525	-0.0119688623100508	-0.012107678578474	0.0001388162684232	0.0176931078643147	-6.5551903196608166	0.2595290712763071	0.1607479287236929	0.3583889633332671	0.05754	0.0	57540000.00000001	0.02877	2025-10-25 23:30:38.045034+00:00	2025-10-25 23:30:38.049026+00:00	Medium	0.6723465407513743	2.0
2025-10-25 16:00:00	0.19615	0.20378	0.19455	0.20297	317373601.0	63083005.28738	DOGEUSDT	0.0	4.744281675661777	2.60684493228418	2.5810902043057773	0.4614111407692078	3.4769309202141323	3.4769309202141323	4.744281675661777	28.76404042895884	45.233604970354605	-0.0108552802786392	-0.0118571989185071	0.0010019186398678	0.0170886001597207	-0.1770520828210294	0.2489474994494765	0.1649365005505235	0.4527204764607375	0.1185593749999999	0.0	118559374.99999996	0.0592796874999999	2025-10-26 23:32:11.455897+00:00	2025-10-26 23:32:11.459827+00:00	High	3.4769309202141323	3.0
2025-10-26 16:00:00	0.20297	0.20941	0.20024	0.2029	580171089.0	118841619.05718	DOGEUSDT	0.0	4.579504594486622	1.179868521759552	1.9814106205507145	1.0468529856817947	-0.0344878553480881	-0.0344878553480881	4.579504594486622	82.80382715259294	45.20037232617099	-0.0098646928719362	-0.0114586977091929	0.0015940048372566	0.0165229858625978	2.1754456642159283	0.2412077420352266	0.1678142579647734	0.4780498225366495	0.1355712765957447	0.0	135571276.5957447	0.0677856382978723	2025-10-27 23:31:37.714893+00:00	2025-10-27 23:31:37.718556+00:00	Negative	-0.0344878553480881	0.0
2025-10-27 16:00:00	0.2029	0.20562	0.19605	0.19964	502008322.0	100593753.33049	DOGEUSDT	0.0	4.881407804131597	0.7879493844808699	1.8754318505385268	1.0863159640303073	-1.6067028092656408	-1.6067028092656408	4.881407804131597	-13.472365045752907	43.59404121578731	-0.0092362304550386	-0.011014204258362	0.0017779738033234	0.0160263440152694	5.456658390998894	0.2309554390826352	0.1727085609173647	0.4623670818240182	0.0556529999999999	0.0	55652999.99999999	0.0278264999999999	2025-10-28 23:33:30.249496+00:00	2025-10-28 23:33:30.253245+00:00	Negative	-1.6067028092656408	0.0
2025-10-28 16:00:00	0.19964	0.20243	0.18981	0.19099	659421753.0	127976605.17979	DOGEUSDT	0.0	6.648754017175065	1.3149582207266115	1.882151351164528	1.4301357216836252	-4.3327990382688935	-4.3327990382688935	6.648754017175065	31.35673734906729	39.57521243398905	-0.0093286176730814	-0.0106770869413059	0.0013484692682245	0.0157830337284645	3.383133051856667	0.2209245458150149	0.1773634541849851	0.3128146082918895	0.056599	0.0	56599000.0	0.0282995	2025-10-29 23:33:49.831554+00:00	2025-10-29 23:33:49.835579+00:00	Negative	-4.3327990382688935	0.0
2025-10-29 16:00:00	0.19099	0.19694	0.1798	0.18061	1121437410.0	213051974.68716	DOGEUSDT	0.0	9.53281423804228	2.1046154876383336	2.23638990449389	1.7630378521614094	-5.434839520393738	-5.434839520393738	9.53281423804228	70.0637573598516	35.36233142349539	-0.0101227259758433	-0.0105662147482134	0.0004434887723701	0.015879959890717	-3.6849402730375433	0.2108533696362657	0.1817196303637342	-0.0380874680505032	0.104991	0.0	104991000.0	0.0524955	2025-10-30 23:36:44.396629+00:00	2025-10-30 23:36:44.400714+00:00	Negative	-5.434839520393738	0.0
2025-10-30 16:00:00	0.18061	0.18729	0.17625	0.18595	479036015.0	87570346.00047	DOGEUSDT	0.0	6.263829787234056	1.969360059139717	2.2120766302777906	0.716674631644494	2.956646918775268	2.956646918775268	6.263829787234056	-57.283749344513126	38.962174569495865	-0.010203548993952	-0.0104936815973611	0.0002901326034091	0.0155342484699515	-5.335233925571445	0.2111337508562337	0.1808412491437662	0.1686473736875662	0.059477173913043475	0.0	59477173.91304347	0.029738586956521738	2025-10-31 23:31:05.034097+00:00	2025-10-31 23:31:05.038126+00:00	High	2.956646918775268	3
