timestamp	open	high	low	close	volume	quoteVolume	symbol	gap_apertura_pct	volatilidad_diaria	vol_5d	vol_10d	vol_rel_5d	return_pct	close_open_pct	range_pct	volume_change_pct	rsi_14	macd	macd_signal	macd_diff	atr_14	momentum_12	bb_upper	bb_lower	bb_pctb	vader	finbert	sentiment_ratio	sentiment_combined	download_date	added_date	target_category	target	target_num
2025-07-15 16:00:00	3.945	4.186	3.937	4.135	9329740.3692	37987389.5622836	DOTUSDT	0.0	6.324612649225301	0.0	0.0	0.0	0.0	4.816223067173636	6.324612649225301	0.0	0.0	0.0	0.0	0.0	0.0	0.0	0.0	0.0	0.0	0.0	0.0	0.0	0.0	0	0	Low	0.0	1.0
2025-07-16 16:00:00	4.135	4.282	4.066	4.192	12868904.0294	53947451.4983306	DOTUSDT	0.0	5.312346286276444	0.0	0.0	0.0	1.3784764207980746	1.3784764207980746	5.312346286276444	37.93421381675033	0.0	0.0	0.0	0.0	0.0	0.0	0.0	0.0	0.0	0.0	0.0	0.0	0.0	0	0	Medium	1.3784764207980746	2.0
2025-07-17 16:00:00	4.192	4.631	4.078	4.298	22046971.0978	97035450.7688017	DOTUSDT	0.0	13.560568906326628	0.0	0.0	0.0	2.5286259541984704	2.5286259541984704	13.560568906326628	71.31972580906658	0.0	0.0	0.0	0.0	0.0	0.0	0.0	0.0	0.0	0.0	0.0	0.0	0.0	0	0	High	2.5286259541984704	3.0
2025-07-18 16:00:00	4.298	4.365	4.134	4.224	11548045.119	49088129.3575911	DOTUSDT	0.0	5.587808417997094	0.0	0.0	0.0	-1.7217310376919461	-1.7217310376919461	5.587808417997094	-47.62071820308984	0.0	0.0	0.0	0.0	0.0	0.0	0.0	0.0	0.0	0.0	0.0	0.0	0.0	0	0	Negative	-1.721731037691946	0.0
2025-07-19 16:00:00	4.224	4.56	4.207	4.546	10262175.7003	45209526.7173044	DOTUSDT	0.0	8.390777275968619	3.420012761253721	0.0	0.7767803931248471	7.623106060606062	7.623106060606062	8.390777275968619	-11.134953192937903	0.0	0.0	0.0	0.0	0.0	0.0	0.0	0.0	0.0	0.0	0.0	0.0	0.0	0	0	Very High	7.623106060606062	4.0
2025-07-20 16:00:00	4.546	4.68	4.375	4.601	16849816.0548	76549548.8870937	DOTUSDT	0.0	6.971428571428564	3.360300304396251	0.0	1.1450633499794254	1.209854817421903	1.209854817421903	6.971428571428564	64.19340836570765	0.0	0.0	0.0	0.0	0.0	0.0	0.0	0.0	0.0	0.0	0.0	0.0	0.0	0	0	Medium	1.209854817421903	2.0
2025-07-21 16:00:00	4.601	4.605	4.281	4.423	25206576.0	111803979.434	DOTUSDT	0.0	7.568325157673458	3.0525084788773205	0.0	1.4669726738582098	-3.868724190393391	-3.868724190393391	7.568325157673458	49.59555592786079	0.0	0.0	0.0	0.0	0.0	0.0	0.0	0.0	0.0	0.0	0.0	0.0	0.0	0	0	Negative	-3.868724190393391	0.0
2025-07-22 16:00:00	4.423	4.557	4.124	4.242	20158880.0	87383150.838	DOTUSDT	0.0	10.499515033947642	1.821423268510071	0.0	1.1995692801353248	-4.092245082523176	-4.092245082523176	10.499515033947642	-20.025314029164456	0.0	0.0	0.0	0.0	0.0	0.0	0.0	0.0	0.0	0.0	0.0	0.0	0.0	0	0	Negative	-4.092245082523176	0.0
2025-07-23 16:00:00	4.242	4.243	3.893	4.083	24328162.0	98729514.082	DOTUSDT	0.0	8.99049576162344	1.365088089609796	0.0	1.2565471185784418	-3.7482319660537438	-3.7482319660537438	8.99049576162344	20.682111307771066	0.0	0.0	0.0	0.0	0.0	0.0	0.0	0.0	0.0	0.0	0.0	0.0	0.0	0	0	Negative	-3.748231966053744	0.0
2025-07-24 16:00:00	4.083	4.113	3.864	3.954	17687660.0	70491343.612	DOTUSDT	0.0	6.444099378882003	1.6468816711342906	2.534281438925218	0.8484828908492809	-3.159441587068332	-3.159441587068332	6.444099378882003	-27.29553510865309	0.0	0.0	0.0	0.0	0.0	0.0	0.0	0.0	0.0	0.0	0.0	0.0	0.0	0	0	Negative	-3.159441587068332	0.0
2025-07-25 16:00:00	3.954	4.147	3.931	4.143	7516720.0	30574735.348	DOTUSDT	0.0	5.494785041974057	1.9944181959477838	2.606518918518114	0.3960420745651557	4.779969650986333	4.779969650986333	5.494785041974057	-57.50302753445057	0.0	0.0	0.0	0.0	0.0	0.0	0.0	0.0	0.0	0.0	0.0	0.0	0.0	0	0	High	4.779969650986333	3.0
2025-07-26 16:00:00	4.143	4.207	4.104	4.174	7997482.0	33262773.194	DOTUSDT	0.0	2.509746588693951	3.111288152617384	3.0298163097521513	0.5147119851246711	0.7482500603427609	0.7482500603427609	2.509746588693951	6.395901403803787	0.0	0.0	0.0	0.0	0.0	0.0	0.0	0.0	0.0	0.0	0.0	0.0	0.0	0	0	Medium	0.7482500603427609	2.0
2025-07-27 16:00:00	4.174	4.314	4.049	4.076	11417036.0	48020430.274	DOTUSDT	0.0	6.54482588293405	2.338492245380059	2.1935676925843515	0.827956696050564	-2.347867752755169	-2.347867752755169	6.54482588293405	42.757883043688	0.0	0.0	0.0	0.0	0.0	-1.426844014510282	0.0	0.0	0.0	0.0	0.0	0.0	0.0	0	0	Negative	-2.347867752755169	0.0
2025-07-28 16:00:00	4.076	4.096	3.891	3.918	11399390.0	45534893.31	DOTUSDT	0.0	5.26856849139039	1.6333762377061278	2.2169874200085107	1.0174704018087808	-3.8763493621197123	-3.8763493621197123	5.26856849139039	-0.15455850362563453	38.41379875314429	0.0	0.0	0.0	0.28942857142857153	-6.536259541984733	0.0	0.0	0.0	0.0	0.0	0.0	0.0	0	0	Negative	-3.876349362119712	0.0
2025-07-29 16:00:00	3.918	3.923	3.73	3.818	11887672.0	45720284.368	DOTUSDT	0.0	5.174262734584452	1.494585697688525	2.204849432352509	1.1835996041283756	-2.5523226135783585	-2.5523226135783585	5.174262734584452	4.283404638318366	35.14013142420272	0.0	0.0	0.0	0.2825408163265307	-11.167985109353188	0.0	0.0	0.0	0.0	0.0	0.0	0.0	0	0	Negative	-2.5523226135783585	0.0
2025-07-30 16:00:00	3.818	3.922	3.625	3.786	11083828.0	41990195.686	DOTUSDT	0.0	8.193103448275867	2.087970874277425	2.264054417562503	1.0303750043134376	-0.8381351492928242	-0.8381351492928242	8.193103448275867	-6.761996798027401	34.13756201041363	0.0	0.0	0.0	0.28357361516034996	-10.369318181818185	0.0	0.0	0.0	0.0	0.0	0.0	0.0	0	0	Negative	-0.8381351492928242	0.0
2025-07-31 16:00:00	3.786	3.868	3.542	3.64	13109628.0	48095917.404	DOTUSDT	0.0	9.203839638622249	1.7848681124546886	2.3917302077162494	1.1129178641272606	-3.8563127311146306	-3.8563127311146306	9.203839638622249	18.2770790019477	29.94039580111709	0.0	0.0	0.0	0.28660407122032494	-19.929608446986364	0.0	0.0	0.0	0.0	0.0	0.0	0.0	0	0	Negative	-3.856312731114631	0.0
2025-08-01 16:00:00	3.64	3.669	3.443	3.494	9433072.0	33495860.746	DOTUSDT	0.0	6.564042985768224	1.7839947013627608	2.0154473628665657	0.8287187647097995	-4.010989010989008	-4.010989010989008	6.564042985768224	-28.04470119213146	26.439625268800512	0.0	0.0	0.0	0.28227520899030173	-24.059986959356657	0.0	0.0	0.0	0.0	0.0	0.0	0.0	0	0	Negative	-4.010989010989008	0.0
2025-08-02 16:00:00	3.494	3.616	3.424	3.587	6295160.0	22184911.028	DOTUSDT	0.0	5.607476635514024	1.712429805328864	1.8133321825122872	0.6075311488117205	2.661705781339438	2.661705781339438	5.607476635514024	-33.265006352119435	31.901694366130698	0.0	0.0	0.0	0.2758269797767087	-18.901198281709245	0.0	0.0	0.0	0.0	0.0	0.0	0.0	0	0	High	2.661705781339438	3.0
2025-08-03 16:00:00	3.587	3.708	3.57	3.69	4070612.0	14784883.838	DOTUSDT	0.0	3.8655462184874048	2.106176614747386	1.938083193034146	0.46265050929367185	2.8714803456927727	2.8714803456927727	3.8655462184874048	-35.33743383805972	37.44201580523683	0.0	0.0	0.0	0.26598219550694385	-13.012729844413014	4.658144017187746	3.444255982812253	0.2024437264629389	0.0	0.0	0.0	0.0	0	0	High	2.8714803456927727	3.0
2025-08-04 16:00:00	3.69	3.755	3.559	3.577	7559572.0	27618930.606	DOTUSDT	0.0	5.507164933970208	1.9636487078154141	1.9378402580363865	0.9340174682028121	-3.062330623306233	-3.062330623306233	5.507164933970208	85.71094469332867	34.1586087142872	0.0	0.0	0.0	0.26098346725644783	-12.392848395787416	4.662702877691366	3.383897122308634	0.15100250908205556	0.0	0.0	0.0	0.0	0	0	Negative	-3.062330623306233	0.0
2025-08-05 16:00:00	3.577	3.681	3.535	3.678	4901830.0	17627996.926	DOTUSDT	0.0	4.130127298444127	1.1208464136169216	1.6784594534643822	0.7597322723453503	2.8235951915012576	2.8235951915012576	4.130127298444127	-35.15730784758714	39.28366535153561	0.0	0.0	0.0	0.25277036245241585	-6.98027314112292	4.649020417242198	3.3461795827578014	0.25468991181376155	0.0	0.0	0.0	0.0	0	0	High	2.8235951915012576	3.0
2025-08-06 16:00:00	3.678	3.802	3.64	3.766	6823660.0	25360401.226	DOTUSDT	0.0	4.450549450549448	0.7996220610925304	1.733496549991719	1.150669151498403	2.392604676454597	2.392604676454597	4.450549450549448	39.20637802616574	43.41638851772784	0.0	0.0	0.0	0.24628676513438613	-9.099686217716625	4.614582162586876	3.3274178374131242	0.3407351757730486	0.0	0.0	0.0	0.0	0	0	High	2.392604676454597	3.0
2025-08-07 16:00:00	3.766	3.965	3.69	3.884	11120932.0	42901467.284	DOTUSDT	0.0	7.452574525745255	1.4650031383683457	1.7960485793763898	1.6128229095404576	3.133297928836959	3.133297928836959	7.452574525745255	62.97605683753294	48.48032130878982	0.0	0.0	0.0	0.24833771048192999	-6.947771921418315	4.587840673986768	3.3201593260132323	0.44478107600786326	0.0	0.0	0.0	0.0	0	0	High	3.133297928836959	3.0
2025-08-08 16:00:00	3.884	4.139	3.88	4.075	7486132.0	30208144.416	DOTUSDT	0.0	6.675257731958773	1.4203247153148522	1.780646290922453	0.9878215859411003	4.9176107106076286	4.9176107106076286	6.675257731958773	-32.6843109912011	55.43292458823334	0.0	0.0	0.0	0.24909930259036359	-0.02453385672226315	4.506966253023278	3.3539337469767228	0.6253650692777288	0.0	0.0	0.0	0.0	0	0	High	4.9176107106076286	3.0
2025-08-09 16:00:00	4.075	4.18	3.963	4.055	7888402.0	32101366.644	DOTUSDT	0.0	5.475649760282605	1.4211486533624291	1.6384166904249848	1.031947238577706	-0.49079754601228126	-0.49079754601228126	5.475649760282605	5.373536026348454	54.60199518487599	-0.0679095268726031	0.0	0.0	0.24680649526248044	3.496681980602337	4.3956587917997	3.4106412082003006	0.6541596845866623	0.0	0.0	0.0	0.0	0	0	Negative	-0.4907975460122812	0.0
2025-08-10 16:00:00	4.055	4.159	3.882	3.966	10321566.0	41642302.414	DOTUSDT	0.0	7.135497166409059	1.2498043923701216	1.261169714636948	1.1825621371906752	-2.1948212083846985	-2.1948212083846985	7.135497166409059	30.844827634291455	50.942499186365716	-0.05509671586470688	0.0	0.0	0.24896317417230324	3.876375065479312	4.312986537807684	3.447613462192317	0.5990324316931843	0.0	0.0	0.0	0.0	0	0	Negative	-2.1948212083846985	0.0
2025-08-11 16:00:00	3.966	4.095	3.818	4.092	10845688.0	42642809.82	DOTUSDT	0.0	7.255107386065996	0.792936282168655	1.331573244644799	1.1377537832503055	3.177004538577898	3.177004538577898	7.255107386065996	5.077931003880613	55.490596610699406	-0.03437902386860925	0.0	0.0	0.25096580458856727	8.08240887480189	4.2848565980541995	3.460743401945801	0.7659828783656162	0.0	0.0	0.0	0.0	0	0	High	3.177004538577898	3.0
2025-08-12 16:00:00	4.092	4.317	4.072	4.224	16593264.0	69662818.43	DOTUSDT	0.0	6.01669941060904	0.7561339570845275	1.3328064643191784	1.56142352133202	3.2258064516129172	3.2258064516129172	6.01669941060904	52.994111576877366	59.705241303609434	-0.0072255156224518835	0.0	0.0	0.2505396756893839	16.043956043956044	4.310458070059074	3.4492419299409267	0.899609324498711	0.0	0.0	0.0	0.0	0	0	High	3.225806451612917	3.0
2025-08-13 16:00:00	4.224	4.37	3.925	4.027	18411717.0	76244139.033	DOTUSDT	0.0	11.337579617834402	2.302303533427374	2.0379849718724854	1.4370538494645315	-4.663825757575759	-4.663825757575759	11.337579617834402	10.958983115076093	51.81891899562394	-0.0015841571319019643	0.0	0.0	0.26442969885442796	15.254722381224953	4.31778216633889	3.4492178336611086	0.6652151655336699	0.0	0.0	0.0	0.0	0	0	Negative	-4.663825757575759	0.0
2025-08-14 16:00:00	4.027	4.101	3.831	3.859	8361997.8	33245318.904	DOTUSDT	0.0	7.047768206734535	2.060968008956982	2.0089528209868237	0.6478730308854002	-4.171840079463625	-4.171840079463625	7.047768206734535	-54.583280853165405	46.21291771590736	-0.010547945697631622	0.0	0.0	0.2648275775076831	7.582938388625586	4.286967858471297	3.4516321415287026	0.487669628161359	0.0	0.0	0.0	0.0	0	0	Negative	-4.171840079463625	0.0
2025-08-15 16:00:00	3.859	3.996	3.818	3.979	7035692.2	27449808.3954	DOTUSDT	0.0	4.662126767941329	2.4983188919028843	1.9392401017829843	0.5743576085034376	3.1096138896087098	3.1096138896087098	4.662126767941329	-15.861109171781887	50.345136290964184	-0.007878002885053359	0.0	0.0	0.25862560768570575	7.831978319783202	4.256922105211224	3.4621778947887765	0.6502999310136603	0.0	0.0	0.0	0.0	0	0	High	3.1096138896087098	3.0
2025-08-16 16:00:00	3.979	4.171	3.924	4.171	5915337.0	23775637.4887	DOTUSDT	0.0	6.29459734964323	2.5358065562714898	1.7770915004623606	0.5251727830998568	4.825332998240768	4.825332998240768	6.29459734964323	-15.923880240241326	56.14985287533535	0.009619849778761846	0.0	0.0	0.25779520713672677	16.606094492591566	4.273988222920796	3.454611777079204	0.874309026768502	0.0	0.0	0.0	0.0	0	0	High	4.825332998240768	3.0
2025-08-17 16:00:00	4.171	4.193	3.831	3.917	15002496.8	59630058.108	DOTUSDT	0.0	9.449229966066293	2.6412145068962483	1.945826079626116	1.37066080627255	-6.089666746583563	-6.089666746583563	9.449229966066293	153.62032289960828	48.133389028959485	0.0029572574238732052	-0.016067874835405435	0.01902513225927864	0.2652384066269605	6.4980967917346355	4.273912238923725	3.454587761076274	0.5643823069201913	0.0	0.0	0.0	0.0	0	0	Negative	-6.089666746583563	0.0
2025-08-18 16:00:00	3.917	3.975	3.768	3.772	12920010.0	49929060.524	DOTUSDT	0.0	5.493630573248415	1.8296673313149023	2.0116091831786735	1.31206153389973	-3.701812611692622	-3.701812611692622	5.493630573248415	-13.880934805465186	44.249543247144345	-0.013863374847607357	-0.015626974837845822	0.0017635999902384653	0.2610785204393205	0.1593202336696703	4.273138752278075	3.4507612477219256	0.39062200813901404	0.0	0.0	0.0	0.0	0	0	Negative	-3.701812611692622	0.0
2025-08-19 16:00:00	3.772	3.864	3.693	3.82	11092538.0	41801075.624	DOTUSDT	0.0	4.630381803411855	1.990601093467046	2.0994053197907787	1.067286514659545	1.272534464475081	1.272534464475081	4.630381803411855	-14.14450917607649	45.808397276129035	-0.02305488588825355	-0.01711255704792737	-0.00594232884032618	0.2546443404079405	-1.6477857878475815	4.273848622620798	3.453451377379202	0.4467940680527936	0.128	0.9999852180480956	7.812323482223543	0.738389652633667	0	0	Medium	1.272534464475081	2.0
2025-08-20 16:00:00	3.82	3.922	3.783	3.791	6929442.0	26718431.026	DOTUSDT	0.0	3.6743325403119282	2.206980224092814	2.3343416114998865	0.6680934770164029	-0.7591623036649193	-0.7591623036649193	3.6743325403119282	-37.530599399343956	44.98990693518013	-0.03230686877322375	-0.020151419392986647	-0.012155449380237104	0.24638403037880188	-6.969325153374239	4.270056665984161	3.4723433340158403	0.3994626305140084	0.0	0.0	0.0	0.0	0	0	Negative	-0.7591623036649193	0.0
2025-08-21 16:00:00	3.791	4.001	3.686	3.959	16440660.0	63161947.116	DOTUSDT	0.0	8.545849158979934	2.5137747748165835	2.4099028145908843	1.3176742256219232	4.431548404115014	4.431548404115014	8.545849158979934	137.25806493509867	50.50697597542809	-0.02578569446631196	-0.02127827440765171	-0.004507420058660248	0.2512851710660303	-2.367447595561027	4.255019258256995	3.5338807417430047	0.5895112360826837	0.0	0.0	0.0	0.0	0	0	High	4.431548404115014	3.0
2025-08-22 16:00:00	3.959	4.204	3.959	4.154	13656120.0	56226902.402	DOTUSDT	0.0	6.188431422076273	1.8457525490381528	2.404978871327421	1.1186431181362273	4.925486233897445	4.925486233897445	6.188431422076273	-16.936911291882442	56.020466927710714	-0.00482710269347475	-0.01798804006481632	0.01316093737134157	0.2508362302755996	4.740292486132116	4.271172559194894	3.574427440805106	0.8318286614398023	-0.3818	0.999987006187439	2.619131448548954	0.5854509043312073	0	0	High	4.925486233897445	3.0
2025-08-23 16:00:00	4.154	4.266	4.014	4.061	8904704.0	36832332.132	DOTUSDT	0.0	6.2780269058295906	1.8564377583812428	1.7793289970295654	0.7807929732223914	-2.238805970149253	-2.238805970149253	6.2780269058295906	-34.79330878756192	52.988679196682625	0.004229652714799137	-0.013544501508893228	0.017774154223692364	0.25091935668448534	-0.7575757575757501	4.277456694369511	3.6052433056304887	0.677994074507273	0.0	0.0	0.0	0.0	0	0	Negative	-2.238805970149253	0.0
2025-08-24 16:00:00	4.061	4.284	3.849	3.868	26021122.0	105891561.338	DOTUSDT	0.0	11.301636788776296	2.8695968022390144	2.3983241666909376	1.8082266400533866	-4.752524008864813	-4.752524008864813	11.301636788776296	192.21770875258738	47.27116306644922	-0.0041188113125048	-0.011659363469615543	0.0075405521571107435	0.26406797406416493	-8.428030303030312	4.25025821714367	3.6615417828563297	0.3506921246280383	0.0	0.0	0.0	0.0	0	0	Negative	-4.752524008864813	0.0
2025-08-25 16:00:00	3.868	3.894	3.685	3.813	15167550.0	57259661.224	DOTUSDT	0.0	5.671641791044777	2.3481592838438163	2.3254050697223927	0.9457239364891621	-1.4219234746639018	-1.4219234746639018	5.671641791044777	-41.71062262418969	45.755989720878034	-0.015000157073925102	-0.012327522190477455	-0.0026726348834476468	0.260134547345296	-5.31412962503104	4.23669910143987	3.6886008985601304	0.22696498690612338	0.0	0.0	0.0	0.0	0	0	Negative	-1.4219234746639018	0.0
2025-08-26 16:00:00	3.813	3.933	3.804	3.911	7739484.0	30033671.666	DOTUSDT	0.0	3.3911671924290223	2.8953057752026856	2.558538495330838	0.5413060866164268	2.5701547338053987	2.5701547338053987	3.3911671924290223	-48.97340704332605	48.89898432644935	-0.015536822191004607	-0.012969382190582886	-0.0025674400004217206	0.25076779396348914	1.3474993521637744	4.230076786051331	3.709723213948669	0.386807733899097	0.0	0.0	0.0	0.0	0	0	High	2.5701547338053987	3.0
2025-08-27 16:00:00	3.911	4.021	3.806	3.956	13864076.0	54142739.188	DOTUSDT	0.0	5.648975302154489	2.922821877098913	2.3383668430810847	0.9668527536518436	1.1506008693428773	1.1506008693428773	5.648975302154489	79.13437123198395	50.322373968986255	-0.012190484921582811	-0.012813602736782873	0.0006231178152000614	0.24821295153752562	-0.5780346820809281	4.230799436454882	3.716200563545118	0.4659929297919999	0.0	0.0	0.0	0.0	0	0	Medium	1.1506008693428773	2.0
2025-08-28 16:00:00	3.956	4.005	3.747	3.77	20460000.0	79203392.642	DOTUSDT	0.0	6.885508406725381	2.9260795196354095	2.3408501842416882	1.2287958838148627	-4.701718907987865	-4.701718907987865	6.885508406725381	47.57564802731895	44.77127642071114	-0.024267394640165918	-0.015104361117459483	-0.009163033522706435	0.24891202642770235	-9.61400143850396	4.22563502201881	3.690864977981189	0.14797953419627963	0.0	0.0	0.0	0.0	0	0	Negative	-4.701718907987865	0.0
2025-08-29 16:00:00	3.77	3.824	3.709	3.785	8651084.0	32546817.508	DOTUSDT	0.0	3.1005661903477963	1.6282926287319037	2.5009119332224126	0.656557066086779	0.39787798408488395	0.39787798408488395	3.1005661903477963	-57.717086999022484	45.29536519764349	-0.03225622824144736	-0.01853473454225706	-0.0137214936991903	0.23934688168286647	-3.369925963747758	4.218422705982895	3.6710772940171057	0.20813676974790282	0.0	0.0	0.0	0.0	0	0	Low	0.3978779840848839	1.0
2025-08-30 16:00:00	3.785	3.873	3.757	3.817	4498684.0	17154539.208	DOTUSDT	0.0	3.0875698695767926	1.7438353246025433	2.5692769266205975	0.4073911284608673	0.8454425363276097	0.8454425363276097	3.0875698695767926	-47.99860919163425	46.462553455746864	-0.03559498700893027	-0.021946785035591703	-0.013648201973338565	0.2305363901340903	1.193001060445397	4.2163133330147495	3.6582866669852496	0.2844189044656877	0.0	0.0	0.0	0.0	0	0	Medium	0.8454425363276097	2.0
2025-08-31 16:00:00	3.817	3.884	3.653	3.733	11888542.0	44776669.638	DOTUSDT	0.0	6.323569668765394	1.8022873432728614	2.4171682016672738	1.0013531127269717	-2.200681163217188	-2.200681163217188	6.323569668765394	164.26710566912456	43.81954448861265	-0.044506037473381	-0.026458635523149563	-0.018047401950231436	0.2305695051245124	-2.277486910994758	4.202406372477285	3.636293627522715	0.17082528761129678	0.0	0.0	0.0	0.0	0	0	Negative	-2.200681163217188	0.0
2025-09-01 16:00:00	3.733	3.817	3.612	3.731	12921778.0	48027854.97	DOTUSDT	0.0	5.6755260243632355	1.8046809693358108	2.413158805038972	1.1059361978366071	-0.05357621216180615	-0.05357621216180615	5.6755260243632355	8.691023676410445	43.75572316282345	-0.051139982566914544	-0.031394904931902556	-0.019745077635011987	0.22874311190133295	-1.5826958586125046	4.152038765054936	3.637361234945064	0.18193676540521597	0.0	0.0	0.0	0.0	0	0	Negative	-0.0535762121618061	0.0
2025-09-02 16:00:00	3.731	3.903	3.731	3.889	8139032.0	31079884.248	DOTUSDT	0.0	4.610024122219249	1.4709754185671116	2.4291567149701634	0.8827752026502892	4.234789600643257	4.234789600643257	4.610024122219249	-37.01306430121304	49.95664371115932	-0.04315073746849318	-0.03374607143922068	-0.0094046660292725	0.22469003247980918	-1.7681232634503732	4.1378772680592935	3.637722731940707	0.5023992584558208	0.0	0.0	0.0	0.0	0	0	High	4.234789600643257	3.0
2025-09-03 16:00:00	3.889	3.901	3.74	3.757	6872292.0	26184843.218	DOTUSDT	0.0	4.304812834224587	1.2551422248369892	1.3725631649464989	0.7752979625963057	-3.394188737464636	-3.394188737464636	4.304812834224587	-15.563767288296692	45.44848905167034	-0.046929525639604286	-0.036382762279297404	-0.010546763360306882	0.22014074444553705	-9.55705344246509	4.139001463124968	3.6263985368750316	0.25478095507650206	0.0	0.0	0.0	0.0	0	0	Negative	-3.394188737464636	0.0
2025-09-04 16:00:00	3.757	3.895	3.724	3.808	13630820.0	51938350.538	DOTUSDT	0.0	4.591836734693873	0.8600835970286018	1.3446757646632237	1.275041315214206	1.3574660633484086	1.3574660633484086	4.591836734693873	98.34459886163161	47.422661471574266	-0.04528692918518029	-0.03816359566047398	-0.007123333524706309	0.21663069127085582	-6.229992612656984	4.12843194981162	3.61986805018838	0.369927849678268	0.0	0.0	0.0	0.0	0	0	Medium	1.3574660633484086	2.0
2025-09-05 16:00:00	3.808	3.883	3.786	3.792	5727798.0	21969547.664	DOTUSDT	0.0	2.562070787110406	1.1271471705676164	1.4592642176667985	0.6055814844543611	-0.42016806722689115	-0.42016806722689115	2.562070787110406	-57.97906508926095	46.849837902607156	-0.0447602575563848	-0.03948292803965615	-0.00527732951672865	0.20808564189436612	-1.9648397104446762	4.071876348501629	3.638523651498371	0.3541603630552113	0.0	0.0	0.0	0.0	0	0	Negative	-0.4201680672268911	0.0
2025-09-06 16:00:00	3.792	4.088	3.78	3.965	11762912.0	46550108.606	DOTUSDT	0.0	8.148148148148156	2.0330794260115472	1.8145825633907828	1.2748953273083863	4.562236286919832	4.562236286919832	8.148148148148156	105.36534284204855	53.40369857716245	-0.030036964883608963	-0.03759373540844671	0.007556770524837747	0.21522238175905425	3.9863624442695955	4.077992740352307	3.637207259647693	0.7436559385493294	0.0	0.0	0.0	0.0	0	0	High	4.562236286919832	3.0
2025-09-07 16:00:00	3.965	4.076	3.95	4.068	12354330.5774	49551350.3548952	DOTUSDT	0.0	3.1898734177215045	2.168519487373861	1.7469014416964526	1.2268901583238572	2.5977301387137395	2.5977301387137395	3.1898734177215045	5.02782455058748	56.817776411924726	-0.00994279581082358	-0.03206354748892208	0.022120751678098502	0.20884935449055034	4.0143185885962565	4.1071018534225905	3.6376981465774088	0.9166988823215931	0.0	0.0	0.0	0.0	0	0	High	2.5977301387137395	3.0
2025-09-08 16:00:00	4.068	4.183	3.999	4.069	10504336.2094	42965331.2270866	DOTUSDT	0.0	4.601150287571886	2.163868234438457	1.6704408673946634	0.9729805405200624	0.02458210422813014	0.02458210422813014	4.601150287571886	-14.974460626658548	56.85083176947172	0.0059935793409122695	-0.024452122122955215	0.030445701463867485	0.20707440059836815	2.8564206268958543	4.133136346785318	3.6365636532146817	0.8708419781922726	0.0	0.0	0.0	0.0	0	0	Low	0.0245821042281301	1.0
2025-09-09 16:00:00	4.069	4.208	4.026	4.171	9654378.2179	39777771.5422034	DOTUSDT	0.0	4.520615996025842	2.164322949518761	1.5745592594971258	0.9653653227635163	2.506758417301556	2.506758417301556	4.520615996025842	-8.091496450193576	60.19763792143701	0.026547792586962604	-0.014252139180971655	0.040799931767934255	0.20528337198419905	10.636604774535815	4.177376799418265	3.6303232005817354	0.9883433736075833	0.0	0.0	0.0	0.0	0	0	High	2.506758417301556	3.0
2025-09-10 16:00:00	4.171	4.258	4.117	4.164	8772922.6798	36792609.5113405	DOTUSDT	0.0	3.424823900898713	1.98800444394787	1.540151353268901	0.8268716259396616	-0.16782546152003264	-0.16782546152003264	3.424823900898713	-9.130111936838256	59.854524531174135	0.041790577408375995	-0.003043595863102126	0.04483417327147812	0.20069170255675625	10.013210039630106	4.209606277429092	3.618593722570908	0.9228336571631108	0.0	0.0	0.0	0.0	0	0	Negative	-0.1678254615200326	0.0
2025-09-11 16:00:00	4.164	4.279	4.153	4.195	6873769.3186	28987414.3479787	DOTUSDT	0.0	3.0339513604623245	0.7500715647539826	1.5545806548902648	0.713642738347755	0.7444764649375741	0.7444764649375741	3.0339513604623245	-21.6478980895714	60.916941733244144	0.05572961876522786	0.008711047062563872	0.04701857170266399	0.19535658094555938	9.90306523447734	4.218768092651446	3.613531907348553	0.9607292273188338	0.0	0.0	0.0	0.0	0	0	Medium	0.7444764649375741	2.0
2025-09-12 16:00:00	4.195	4.626	4.195	4.511	15764261.4574	70243378.2219973	DOTUSDT	0.0	10.274135876042909	2.9328242213243496	2.4529083797016553	1.5284431822534712	7.532777115613822	7.532777115613822	10.274135876042909	129.3394021056667	69.71514605935589	0.0912234019506224	0.02521351804017558	0.06600988391044682	0.21218825373516229	20.841146530940264	4.333777460447891	3.543522539552109	1.2242599632928843	0.0	0.0	0.0	0.0	0	0	Very High	7.532777115613822	4.0
2025-09-13 16:00:00	4.511	4.543	4.279	4.328	12023960.1499	53138983.3366587	DOTUSDT	0.0	6.169665809768643	2.9405182603150726	2.476352197446197	1.132428003546559	-4.056750166260248	-4.056750166260248	6.169665809768643	-23.72646075179273	61.132410795691676	0.10339404801381669	0.0408496240349038	0.06254442397891288	0.21588909275407928	16.001072098633088	4.389820655229898	3.5334793447701025	0.9278083931315838	0.0	0.0	0.0	0.0	0	0	Negative	-4.056750166260248	0.0
2025-09-14 16:00:00	4.328	4.403	4.116	4.143	12920792.3936	54851465.9492225	DOTUSDT	0.0	6.972789115646257	2.9440283790763515	2.540853839660034	1.1463606181919261	-4.274491682070251	-4.274491682070251	6.972789115646257	7.458709381263695	53.90719780255253	0.09699333996630344	0.05207836722118373	0.044914972745119706	0.22096844327164503	6.531241964515299	4.40756740765833	3.5487325923416706	0.6919461077497395	0.0	0.0	0.0	0.0	0	0	Negative	-4.274491682070251	0.0
2025-09-15 16:00:00	4.143	4.253	4.103	4.227	10905844.9971	45573833.9302257	DOTUSDT	0.0	3.6558615647087587	2.895406181466869	2.431579825703651	0.9323047326453328	2.0275162925416494	2.0275162925416494	3.6558615647087587	-15.59461165476241	56.42547774666467	0.09757405770724059	0.06117750531839511	0.03639655238884548	0.21589926875224183	12.50998136811286	4.435406894837991	3.5524931051620103	0.7639555557123267	0.7013499999999999	0.98095765709877	1.3986686510731006	0.897075359969139	0	0	High	2.027516292541649	3.0
2025-09-16 16:00:00	4.227	4.297	4.156	4.17	12830495.6096	54110922.0613508	DOTUSDT	0.0	3.3926852743022144	2.805937771723358	2.295411615839628	0.9954554279143426	-1.3484740951029188	-1.3484740951029188	3.3926852743022144	17.64788159937895	54.25915013561085	0.09237007237370332	0.06741601872945675	0.024954053644246563	0.21054932098422457	9.506302521008408	4.452240113831841	3.557059886168159	0.6847114077033903	0.0	0.0	0.0	0.0	0	0	Negative	-1.3484740951029188	0.0
2025-09-17 16:00:00	4.17	4.583	4.138	4.55	27934090.8515	122249896.6319116	DOTUSDT	0.0	10.753987433542783	2.9870543949935717	2.8418877702060747	1.8230127105666272	9.11270983213429	9.11270983213429	10.753987433542783	117.71638213725141	64.14282383990097	0.11755361580328394	0.0774435381442222	0.040110077659061744	0.22729579805678	19.98945147679325	4.536318357011084	3.5509816429889165	1.013885246326676	0.0	0.0	0.0	0.0	0	0	Very High	9.11270983213429	4.0
2025-09-18 16:00:00	4.55	4.882	4.413	4.444	30975826.7464	142837669.463455	DOTUSDT	0.0	10.627690913210953	3.585275468650128	3.203663635282818	1.6206331864647618	-2.3296703296703267	-2.3296703296703267	10.627690913210953	10.888974017698033	60.23301330737547	0.12748882942129391	0.08745259639963654	0.040036233021657375	0.2445603839098671	12.080706179066837	4.583606272150553	3.5695937278494467	0.8623229338382841	0.0	0.0	0.0	0.0	0	0	Negative	-2.3296703296703267	0.0
2025-09-19 16:00:00	4.444	4.462	4.29	4.405	11846885.0484	51820394.6965059	DOTUSDT	0.0	4.009324009324002	3.8432247408247653	3.2387964420060578	0.6268647988923727	-0.8775877587758709	-0.8775877587758709	4.009324009324002	-61.75441854904861	58.81257857582675	0.1307088534306029	0.09610384780582983	0.034605005624773075	0.23937749934487657	8.284169124877106	4.617555275605678	3.5944447243943216	0.7922460330860495	0.0	0.0	0.0	0.0	0	0	Negative	-0.8775877587758709	0.0
2025-09-20 16:00:00	4.405	4.421	4.276	4.284	8299471.8923	36086599.3937585	DOTUSDT	0.0	3.391019644527607	3.893510910287974	3.242067320803785	0.45161408323059776	-2.7468785471055717	-2.7468785471055717	3.391019644527607	-29.94384719364776	54.51697780654009	0.12208968302843015	0.1013010148503499	0.020788668178080255	0.23263624939167113	5.283853526665025	4.62054465089465	3.6465553491053497	0.6544678157384385	0.0	0.0	0.0	0.0	0	0	Negative	-2.746878547105572	0.0
2025-09-21 16:00:00	4.284	4.304	3.813	3.976	24221190.8361	98228836.5543464	DOTUSDT	0.0	12.876999737739315	4.327009848481408	3.6349462497970664	1.1726270947986246	-7.189542483660127	-7.189542483660127	12.876999737739315	191.84014537806544	45.42255258398412	0.0893756357557498	0.09891593903142988	-0.009540303275680076	0.2510908030065518	-4.675137856629112	4.603094915781929	3.68850508421807	0.31434300476569027	0.0	0.0	0.0	0.0	0	0	Negative	-7.189542483660127	0.0
2025-09-22 16:00:00	3.976	4.057	3.928	4.032	12931446.844	51733208.9263736	DOTUSDT	0.0	3.284114052953168	4.564659397504007	3.652805533055547	0.7324538664433309	1.4084507042253533	1.4084507042253533	3.284114052953168	-46.61101953448723	47.14886654823858	0.06719368264176051	0.09257148775349601	-0.0253778051117355	0.24237003136322668	-3.1700288184437966	4.598275712260142	3.7076242877398595	0.3642005203493095	0.0	0.0	0.0	0.0	0	0	Medium	1.4084507042253531	2.0
2025-09-23 16:00:00	4.032	4.115	3.889	4.062	11992911.0845	48045216.1638498	DOTUSDT	0.0	5.811262535356144	4.0433790649395185	3.6583071791925668	0.8653904783270152	0.7440476190476253	0.7440476190476253	5.811262535356144	-7.257778428215612	48.09603025788056	0.051442081966790454	0.0843456065961549	-0.03290352462936445	0.2412007434087105	-3.170441001191895	4.577692173307382	3.7587078266926195	0.370327191918901	0.0	0.0	0.0	0.0	0	0	Medium	0.7440476190476253	2.0
2025-09-24 16:00:00	4.062	4.071	3.832	3.93	12125660.1725	47822032.6482874	DOTUSDT	0.0	6.236951983298536	3.906900488997927	3.6546381068749842	0.8714633828461683	-3.249630723781391	-3.249630723781391	6.236951983298536	1.1068962911896216	44.33142219466233	0.027984935204728778	0.07307347231786969	-0.04508853711314091	0.24104354745094544	-12.879627577033917	4.565367820205143	3.7832321797948563	0.18765008602363847	0.0	0.0	0.0	0.0	0	0	Negative	-3.249630723781391	0.0
2025-09-25 16:00:00	3.93	3.936	3.769	3.897	17068641.2434	65505830.7021849	DOTUSDT	0.0	4.430883523481024	3.7359373909242795	3.5976580505640525	1.089397107862267	-0.8396946564885589	-0.8396946564885589	4.430883523481024	40.76463467210038	43.41648787849913	0.006655433494227481	0.05978986455314125	-0.05313443105891377	0.23575472263302075	-9.95841035120149	4.552339739665677	3.806760260334325	0.12103302487161176	0.0	0.0	0.0	0.0	0	0	Negative	-0.8396946564885589	0.0
2025-09-26 16:00:00	3.897	3.967	3.849	3.894	6522693.8271	25506977.8529812	DOTUSDT	0.0	3.0657313587944888	1.436580412684993	3.630186632235554	0.5378090598220285	-0.07698229407235488	-0.07698229407235488	3.0657313587944888	-61.785512191123246	43.32893945902311	-0.010370876204817137	0.045757716401549575	-0.05612859260636671	0.2273436710163764	-6.0101375814627005	4.5581298208724395	3.7938701791275613	0.13101544999004897	0.0	0.0	0.0	0.0	0	0	Negative	-0.0769822940723548	0.0
2025-09-27 16:00:00	3.894	3.915	3.791	3.862	5808510.0182	22361595.4177625	DOTUSDT	0.0	3.270904774465843	1.4395357507642494	3.4086323322501317	0.542664601721412	-0.8217770929635344	-0.8217770929635344	3.270904774465843	-10.94921558226086	42.348005015689736	-0.026145097465267497	0.03137715362818616	-0.05752225109345366	0.21996198022949237	-8.634965696711621	4.56941430492367	3.76198569507633	0.12386767536337327	0.0	0.0	0.0	0.0	0	0	Negative	-0.8217770929635344	0.0
2025-09-28 16:00:00	3.862	4.026	3.858	3.953	9990633.888	39466999.5049225	DOTUSDT	0.0	4.354587869362357	1.2599976721513273	2.9470872437433697	0.9696605814214192	2.3562920766442192	2.3562920766442192	4.354587869362357	71.99994244128031	46.08600694070271	-0.030946608738096515	0.018912401154929627	-0.04985900989302614	0.21625041021310004	-5.203836930455638	4.5722454377096975	3.747554562290303	0.24911811665821842	0.0	0.0	0.0	0.0	0	0	High	2.3562920766442192	3.0
2025-09-29 16:00:00	3.953	4.022	3.807	3.836	8854601.4317	34666714.9564129	DOTUSDT	0.0	5.647491463094307	1.038219932128646	2.926841311174719	0.9176688438225006	-2.959777384265115	-2.959777384265115	5.647491463094307	-11.370974745301364	42.289478457565345	-0.04368914197192941	0.00639209252955782	-0.05008123450148723	0.21616109519787866	-15.692307692307692	4.578883989952588	3.707416010047413	0.14754872573353556	0.7501	1.778221303538885e-05	2.370642491529653e-05	0.2250424475491247	0	0	Negative	-2.959777384265115	0.0
2025-09-30 16:00:00	3.836	4.109	3.806	4.071	10327657.0167	41032051.8574101	DOTUSDT	0.0	7.961114030478191	2.0147652495443142	2.9631482235178326	1.2441732222630202	6.1261730969760135	6.1261730969760135	7.961114030478191	16.63604619996076	51.01766039584729	-0.0344282874745403	-0.0017719834712618034	-0.03265630400327849	0.2223638741123159	-8.3933393339334	4.575228519792332	3.7017714802076673	0.4227208701276291	0.0	0.0	0.0	0.0	0	0	Very High	6.1261730969760135	4.0
2025-10-01 16:00:00	4.071	4.316	4.047	4.238	10174058.0049	42687648.0843466	DOTUSDT	0.0	6.64689893748456	1.8470257100810983	1.6483457566835837	1.1265589946266086	4.102186195038092	4.102186195038092	6.64689893748456	-1.487259032243501	56.09898191321302	-0.013458349763200594	-0.004109256729649562	-0.009349093033551033	0.22569502596143617	-3.7911464245175894	4.5788906987033515	3.702409301296649	0.6110691000265784	0.0	0.0	0.0	0.0	0	0	High	4.102186195038092	3.0
2025-10-02 16:00:00	4.238	4.336	4.175	4.316	8113067.8276	34543181.6279297	DOTUSDT	0.0	3.856287425149712	1.6749026239187859	1.588263462007165	0.8547265825654909	1.8404907975459979	1.8404907975459979	3.856287425149712	-20.257307126688197	58.27611369974147	0.009346682344125057	-0.001418068914894638	0.010764751259019694	0.22107395267847646	0.7469654528478065	4.543686094727041	3.71811390527296	0.7242081339033459	0.0	0.0	0.0	0.0	0	0	Medium	1.8404907975459976	2.0
2025-10-03 16:00:00	4.316	4.38	4.136	4.147	9865266.7799	42077053.3440732	DOTUSDT	0.0	5.899419729206958	1.4995252247764121	1.5927144435736502	1.0420766350668083	-3.9156626506024006	-3.9156626506024006	5.899419729206958	21.59724273892004	52.232112984203305	0.013625876361612832	0.0015907201404068562	0.012035156221205975	0.2227115274871567	4.30080482897385	4.524772957896421	3.718927042103579	0.53120944030008	0.0	0.0	0.0	0.0	0	0	Negative	-3.9156626506024006	0.0
2025-10-04 16:00:00	4.147	4.374	4.131	4.241	8035595.1237	34164862.1383102	DOTUSDT	0.0	5.882352941176457	1.4892780893972826	1.5692799307041057	0.863751880297897	2.266698818422942	2.266698818422942	5.882352941176457	-18.546600887954355	55.02607531043818	0.02432181610338624	0.006136939333002733	0.018184876770383506	0.2241607040952169	5.183531746031736	4.532952843416933	3.720547156583067	0.6406317088267302	0.0	0.0	0.0	0.0	0	0	High	2.266698818422942	3.0
2025-10-05 16:00:00	4.241	4.437	4.075	4.376	12028812.4608	50995235.1457665	DOTUSDT	0.0	8.883435582822088	1.8082526527584841	1.9446206527580343	1.2473673503507774	3.1832115067201294	3.1832115067201294	8.883435582822088	49.69410822258199	58.75706994705573	0.043193884948326655	0.013548328456067519	0.029645556492259136	0.2340063680884157	7.730182176267849	4.5527616322598154	3.715638367740184	0.7888463506491524	0.0	0.0	0.0	0.0	0	0	High	3.183211506720129	3.0
2025-10-06 16:00:00	4.376	4.434	4.125	4.153	13851148.0561	59361583.7045843	DOTUSDT	0.0	7.490909090909096	1.893839810508153	1.8165714274724034	1.3345644342598824	-5.095978062157238	-5.095978062157238	7.490909090909096	15.149754817765295	51.20096834381275	0.03969828207814263	0.01877831918048254	0.020919962897660092	0.23936305608210032	5.674300254452911	4.551686359882812	3.7150136401171885	0.5234858858616832	0.0	0.0	0.0	0.0	0	0	Negative	-5.095978062157238	0.0
2025-10-07 16:00:00	4.153	4.199	4.059	4.135	8467692.1791	35056176.6194608	DOTUSDT	0.0	3.4491254003449043	2.034242381600586	1.787580909496783	0.8103285082830686	-0.43342162292318315	-0.43342162292318315	3.4491254003449043	-38.86649579656427	50.63493728735239	0.03507126236984348	0.02203690781835473	0.013034354551488752	0.23226569493337884	6.107261996407494	4.484842071775882	3.7403579282241175	0.5300879477340309	0.0	0.0	0.0	0.0	0	0	Negative	-0.4334216229231831	0.0
2025-10-08 16:00:00	4.135	4.24	3.978	4.003	9319286.5305	38150751.9698794	DOTUSDT	0.0	6.586224233283057	2.021804606350454	1.6952646530923727	0.9012407851593015	-3.192261185006038	-3.192261185006038	6.586224233283057	10.05698286366515	46.56913404929912	0.020516517443171622	0.02173282974331811	-0.0012163123001464882	0.23438957386670894	2.799178222907036	4.432685338718467	3.748414661281532	0.3720535558707054	0.0	0.0	0.0	0.0	0	0	Negative	-3.192261185006038	0.0
2025-10-09 16:00:00	4.003	4.288	3.961	4.056	10559396.1177	43543749.1409921	DOTUSDT	0.0	8.255491037616775	2.128501803656018	1.7934055734686538	0.9736409486898345	1.3240069947539328	1.3240069947539328	8.255491037616775	13.306915536306239	48.36201714206757	0.013107341019789054	0.0200077319986123	-0.0069003909788232475	0.24100460430480117	5.0233039875712056	4.38342492648835	3.7627750735116487	0.4724482332220239	0.0	0.0	0.0	0.0	0	0	Medium	1.3240069947539328	2.0
2025-10-10 16:00:00	4.056	4.086	0.947	3.138	70209339.5054	211170709.778634	DOTUSDT	0.0	331.46779303062306	145.36591099568457	102.83263800342172	3.123000589704011	-22.633136094674562	-22.633136094674562	331.46779303062306	564.899192366814	29.744601127708933	-0.0660777099218337	0.0027906436145231014	-0.06886835353635681	0.4480042754258868	-20.617252719453578	4.5149543248335124	3.5166456751664885	-0.3792871826691897	0.0	0.9999806880950928	999980.6880950928	0.6999864816665649	0	0	Negative	-22.63313609467456	0.0
2025-10-11 16:00:00	3.138	3.206	2.894	3.196	21565290.0655	65196608.9005813	DOTUSDT	0.0	10.780926053904624	145.0110334606862	102.69704906212112	0.8976485908330929	1.8483110261313027	1.8483110261313027	10.780926053904624	-69.28430004124829	31.537829719543268	-0.12273747678581914	-0.022314980465545347	-0.1004224963202738	0.4382896843240377	-16.684045881126167	4.590940570228021	3.362659429771979	-0.13568508404362614	0.0	0.0	0.0	0.0	0	0	Medium	1.8483110261313027	2.0
2025-10-12 16:00:00	3.196	3.362	3.189	3.316	21980774.5825	71950282.3334189	DOTUSDT	0.0	5.424898087174665	144.77967220328026	102.63815364225961	0.8224239454389277	3.754693366708375	3.754693366708375	5.424898087174665	1.9266354207991394	35.22185333367513	-0.15615766476431636	-0.04908351732529955	-0.1070741474390168	0.41934042115803505	-18.545811839842788	4.61832119411694	3.2636788058830595	0.03862362094335043	0.0	0.0	0.0	0.0	0	0	High	3.754693366708375	3.0
2025-10-13 16:00:00	3.316	3.442	3.062	3.235	20642511.5303	66249406.8137086	DOTUSDT	0.0	12.410189418680613	144.13878208231296	102.42237181013124	0.7120203621939902	-2.4427020506634487	-2.4427020506634487	12.410189418680613	-6.088334363182357	33.89596132040249	-0.1870235366589874	-0.07667152119203713	-0.11035201546695028	0.41653039107531825	-23.666823973572452	4.640381874567307	3.1589181254326926	0.0513558800286203	0.0	0.0	0.0	0.0	0	0	Negative	-2.4427020506634487	0.0
2025-10-14 16:00:00	3.235	3.335	3.115	3.143	12566621.1442	40472750.3067148	DOTUSDT	0.0	7.062600321027279	144.27504289164003	102.37927869484018	0.4275392354999186	-2.8438948995363242	-2.8438948995363242	7.062600321027279	-39.12261535736989	32.403919530997044	-0.21641390880827105	-0.10461999871528391	-0.11179391009298714	0.4024925059985098	-27.177942539388322	4.6707379309978005	3.049862069002199	0.057461483128714394	0.0	0.0	0.0	0.0	0	0	Negative	-2.843894899536324	0.0
2025-10-15 16:00:00	3.143	3.203	3.035	3.054	13472043.3139	42096306.0583483	DOTUSDT	0.0	5.535420098846777	3.180902656241274	102.4984060409035	0.7465618597486527	-2.8316894686605147	-2.8316894686605147	5.535420098846777	7.204977052386807	30.983081717034494	-0.24407401338325663	-0.13251080164887846	-0.11156321173437816	0.38574304128433046	-26.356402218471192	4.701019021995899	2.935280978004101	0.06723478740227583	0.0	0.0	0.0	0.0	0	0	Negative	-2.8316894686605147	0.0
2025-10-16 16:00:00	3.054	3.125	2.766	2.92	20491728.2802	60233565.2380546	DOTUSDT	0.0	12.979031091829357	3.7247820371050193	102.32045272066036	1.1492362706885184	-4.387688277668628	-4.387688277668628	12.979031091829357	52.10557005155504	28.926516114548576	-0.27365302393763846	-0.16073924610663048	-0.11291377783100798	0.38383282404973545	-31.14831407686866	4.733895431323097	2.8050045686769027	0.05961738611034635	0.0	0.0	0.0	0.0	2025-10-22 17:57:39.769157+00:00	2025-10-22 17:57:39.773460+00:00	Negative	-4.387688277668628	0.0
2025-10-17 16:00:00	2.92	2.967	2.882	2.919	3186721.0	9307289.878	DOTUSDT	0.0	2.949340735600276	4.373988898334354	102.34062424830411	0.22645949206200267	-0.034246575342461984	-0.034246575342461984	2.949340735600276	-84.4487446035523	28.911093345467805	-0.29378868150659665	-0.18734913318662372	-0.10643954831997293	0.36248762233189724	-33.29524680073126	4.7539018805721485	2.690698119427851	0.11065406377774724	0.0	0.0	0.0	0.0	2025-10-22 17:57:39.769157+00:00	2025-10-22 17:57:39.773460+00:00	Negative	-0.0342465753424619	0.0
2025-10-18 16:00:00	2.919	3.04	2.882	3.026	3017957.0	8882699.464	DOTUSDT	0.0	5.482303955586396	3.755410463583884	102.38167237060523	0.2861432589117722	3.665638917437471	3.665638917437471	5.482303955586396	-5.295851127224505	33.025829832729926	-0.2976808498981556	-0.2094154765289301	-0.08826537336922546	0.34788136359390454	-27.137009390801826	4.744561898679774	2.6073381013202246	0.19589052826241896	0.0	0.0	0.0	0.0	2025-10-22 17:57:39.769157+00:00	2025-10-22 17:57:39.773460+00:00	High	3.665638917437471	3.0
2025-10-19 16:00:00	3.026	3.129	2.943	3.084	3291433.0	10056258.999	DOTUSDT	0.0	6.320081549439345	3.757196754326592	102.45064875837652	0.37867486099086206	1.9167217448777356	1.9167217448777356	6.320081549439345	9.061626789248487	35.21482463712917	-0.2927111145935575	-0.2260746041418556	-0.06663651045170188	0.3363184090514828	-25.41717049576783	4.734358261830171	2.542341738169829	0.24710500855426143	0.0	0.0	0.0	0.0	2025-10-22 17:57:39.769157+00:00	2025-10-22 17:57:39.773460+00:00	Medium	1.916721744877736	2.0
2025-10-20 16:00:00	3.084	3.18	2.946	3.169	4775848.0	14558350.708	DOTUSDT	0.0	7.942973523421587	3.73231697704704	3.3210243194405056	0.6869018181969626	2.7561608300907903	2.7561608300907903	7.942973523421587	45.09935338194641	38.392757899949174	-0.27870108135384664	-0.23659989958425381	-0.04210118176959282	0.32900995126209115	-20.8343742193355	4.688566735013207	2.4979332649867927	0.30633455764971745	0.0	0.0	0.0	0.0	2025-10-22 17:57:39.769157+00:00	2025-10-22 17:57:39.773460+00:00	High	2.7561608300907903	3.0
2025-10-21 16:00:00	3.169	3.186	2.917	2.985	6761272.0	20445397.593	DOTUSDT	0.0	9.221803222488862	2.4029954597251395	3.1938920594951217	1.6072832557204357	-5.806248027769017	-5.806248027769017	9.221803222488862	41.57217733897729	34.452916770022185	-0.27922654156371607	-0.2451252279801463	-0.03410131358356977	0.3247235261719418	-26.405325443786985	4.614515015118801	2.4466849848811987	0.24831975183026678	0.0	0.0	0.0	0.0	2025-10-22 17:57:39.769157+00:00	2025-10-22 17:57:39.773460+00:00	Negative	-5.806248027769017	0.0
2025-10-22 16:00:00	2.985	3.006	2.826	2.993	4852971.0	14162649.916	DOTUSDT	0.0	6.369426751592347	1.497185960248555	3.138105771751966	1.0689607837289319	0.26800670016750444	0.26800670016750444	6.369426751592347	-28.223993946701153	34.7663592568307	-0.2758179814254227	-0.2512637786692016	-0.02455420275622111	0.3143861314453745	-4.620777565328235	4.509342621277416	2.419557378722584	0.27440265611999587	0.110856	0.0	110856000.0	0.055428	2025-10-23 19:17:42.660598+00:00	2025-10-23 19:17:42.664677+00:00	Low	0.2680067001675044	1.0
2025-10-23 16:00:00	2.993	3.118	2.955	3.026	3965775.0	12062378.446	DOTUSDT	0.0	5.516074450084596	1.4882978660739956	2.696869910867112	0.8385259982545998	1.1025726695623093	1.1025726695623093	5.516074450084596	-18.28150219731377	36.123283841560955	-0.26737175360852117	-0.25448537365706553	-0.01288637995145564	0.3035728363421334	-5.319148936170224	4.420579312177437	2.396220687822564	0.3111006639834557	0.1097759999999999	0.0	109776000.0	0.0548879999999999	2025-10-24 23:31:45.357530+00:00	2025-10-24 23:31:45.361573+00:00	Medium	1.1025726695623093	2.0
2025-10-24 16:00:00	3.026	3.091	3.01	3.061	1585717.0	4842612.589	DOTUSDT	0.0	2.6910299003322398	2.4934250889119016	3.0104873585437106	0.3613497257695582	1.1566424322538051	1.1566424322538051	2.6910299003322398	-60.01495294110231	37.60569219122155	-0.25491534430914253	-0.25457136778748096	-0.0003439765216615709	0.2876747766034096	-7.689987937273821	4.296012782504012	2.4027872174959883	0.34766738558235244	0.112611	0.0	112611000.0	0.0563055	2025-10-25 23:30:38.346030+00:00	2025-10-25 23:30:38.349976+00:00	Medium	1.1566424322538051	2.0
2025-10-25 16:00:00	3.061	3.185	3.054	3.178	1763918.0	5483593.373	DOTUSDT	0.0	4.289456450556655	2.44410564410269	3.0798632429544246	0.4659139816244915	3.8222803005553736	3.8222803005553736	4.289456450556655	11.23788166488724	42.41657997637176	-0.23291769777191806	-0.2502406337843684	0.01732293601245033	0.2764837211317375	-1.7619783616692408	4.112189370297189	2.4668106297028096	0.4322344471524404	0.1089419999999999	0.0	108941999.99999996	0.0544709999999999	2025-10-26 23:32:11.722894+00:00	2025-10-26 23:32:11.726820+00:00	High	3.8222803005553736	3.0
2025-10-26 16:00:00	3.178	3.244	3.113	3.149	2873934.0	9143311.08	DOTUSDT	0.0	4.208159331834251	1.4020616179408734	2.0757697898351237	0.9552831462444444	-0.9125235997482667	-0.9125235997482667	4.208159331834251	62.92900236859082	41.56118827729824	-0.21534213199179186	-0.2432609334258531	0.027918801434061224	0.26609202676518484	0.1909004136175701	3.9614905842642827	2.5171094157357174	0.43748187669049204	0.080764	0.0	80764000.0	0.040382	2025-10-27 23:31:37.989489+00:00	2025-10-27 23:31:37.993102+00:00	Negative	-0.9125235997482668	0.0
2025-10-27 16:00:00	3.149	3.214	3.086	3.133	3368005.0	10596742.993	DOTUSDT	0.0	4.147764095917049	1.0019341495603857	1.9425264324904108	1.242132588015548	-0.5080978088281999	-0.5080978088281999	4.147764095917049	17.191452552494248	41.0690907992817	-0.20039441370831002	-0.2346876294823445	0.03429321577403449	0.25622831056767165	2.586771447282259	3.7836101614205337	2.5947898385794654	0.4527262455728452	0.04498	0.0	44980000.0	0.02249	2025-10-28 23:33:30.554747+00:00	2025-10-28 23:33:30.558681+00:00	Negative	-0.5080978088281999	0.0
2025-10-28 16:00:00	3.133	3.166	2.984	3.061	3322966.0	10170738.179	DOTUSDT	0.0	6.099195710455762	1.210039493239593	1.9474952968014587	1.2865212388517129	-2.2981168209383998	-2.2981168209383998	6.099195710455762	-1.3372604850646004	38.840427886002686	-0.19214313113625714	-0.22617872981312706	0.03403559867686992	0.2509262883842665	4.828767123287672	3.6060857325392504	2.67811426746075	0.41260507132820123	0.088011	0.0	88011000.00000001	0.0440055	2025-10-29 23:33:50.091544+00:00	2025-10-29 23:33:50.095653+00:00	Negative	-2.2981168209384	0.0
2025-10-29 16:00:00	3.061	3.177	2.847	2.858	9708651.0	29335992.376	DOTUSDT	0.0	11.59114857744995	3.194357138766258	2.705589099225225	2.3074659533744404	-6.6318196667755585	-6.6318196667755585	11.59114857744995	192.16823163402816	33.34601313470752	-0.1996825179400763	-0.22087948743851693	0.021196969498440632	0.2565744106425332	-2.089756766015757	3.3058753003797783	2.8585246996202214	-0.0011729046956244	0.09845	0.0	98450000.0	0.049225	2025-10-30 23:36:44.702835+00:00	2025-10-30 23:36:44.706957+00:00	Negative	-6.631819666775559	0.0
2025-10-30 16:00:00	2.858	2.923	2.778	2.9	4670546.0	13370415.835	DOTUSDT	0.0	5.219582433405328	3.090340971755173	2.6479645227445796	0.9753019762445048	1.4695591322603154	1.4695591322603154	5.219582433405328	-51.89294578618595	35.38269961051995	-0.1999634333226683	-0.21669627661534724	0.016732843292678934	0.24860480988235228	-4.163912756113678	3.3058437114422374	2.8347562885577626	0.13849597393780785	0.102978	0.0	102978000.0	0.051489	2025-10-31 23:31:05.298422+00:00	2025-10-31 23:31:05.302432+00:00	Medium	1.4695591322603154	2.0
2025-10-31 16:00:00	2.9	2.953	2.823	2.946	3428843.0	9918209.533	DOTUSDT	0.0	4.605030109812253	3.029175813856188	2.402385203075121	0.6997921263025678	1.5862068965517333	1.5862068965517333	4.605030109812253	-26.585821015358803	37.63052894008441	-0.19423522248768865	-0.21220406578981554	0.01796884330212689	0.24013303774789854	-4.474708171206222	3.291863751999287	2.8237362480007127	0.2611761773340706	0.1052359999999999	0.0	105235999.99999996	0.0526179999999999	2025-11-01 23:19:39.058913+00:00	2025-11-01 23:19:39.062671+00:00	Medium	1.5862068965517333	2.0
2025-11-01 16:00:00	2.946	3.012	2.898	2.906	2643761.0	7815519.83	DOTUSDT	0.0	3.9337474120082776	3.0690155480806793	2.4248459689229396	0.5560014531372695	-1.3577732518669394	-1.3577732518669394	3.9337474120082776	-22.89641141341263	36.44334080092319	-0.19072468439774504	-0.20790818951140144	0.017183505113656405	0.23112353505162006	-8.299147996213312	3.247965706748829	2.826634293251171	0.18836883319470343	0.145378	0.0	145378000.00000003	0.072689	2025-11-02 23:19:56.363308+00:00	2025-11-02 23:19:56.367531+00:00	Negative	-1.3577732518669394	0.0
2025-11-02 16:00:00	2.906	2.992	2.475	2.58	14318338.0	38577859.792	DOTUSDT	0.0	20.888888888888886	7.194220543721659	5.521693258736041	2.0589992464511	-11.218169304886445	-11.218169304886445	20.888888888888886	441.5897276644901	28.5405019642879	-0.21180646014610582	-0.20868784363834234	-0.0031186165077634886	0.2515432825479329	-13.567839195979895	3.276758357696789	2.732341642303211	-0.2798254315043904	0.135209	0.0	135209000.0	0.0676045	2025-11-03 23:20:50.235275+00:00	2025-11-03 23:20:50.239199+00:00	Negative	-11.218169304886445	0.0
2025-11-03 16:00:00	2.58	2.665	2.503	2.598	8183392.0	21153619.688	DOTUSDT	0.0	6.472233320015977	7.141390485484804	5.337940156614556	1.2307747839667342	0.6976744186046432	0.6976744186046432	6.472233320015977	-42.84677453486571	29.450206331013163	-0.2244738746481425	-0.2118450498403024	-0.012628824807840111	0.24514733379450912	-13.197460741730707	3.2940807443642726	2.6605192556357276	-0.09867906548611986	0.150844	0.0	150844000.0	0.075422	2025-11-04 23:21:22.009321+00:00	2025-11-04 23:21:22.013440+00:00	Medium	0.6976744186046432	2.0
2025-11-04 16:00:00	2.598	2.631	2.341	2.631	14275324.0	35387757.322	DOTUSDT	0.0	12.387868432293873	7.106928444088105	5.469197851114887	1.6657453835454183	1.2702078521939921	1.2702078521939921	12.387868432293873	74.44262721375196	31.17994871959229	-0.22920790168366212	-0.21531762020897433	-0.013890281474687793	0.24835109566632987	-13.053536021150034	3.3045304098969726	2.6077695901030276	0.03334058006281441	0.133665	0.0	133665000.0	0.0668325	2025-11-05 23:21:28.624868+00:00	2025-11-05 23:21:28.628851+00:00	Medium	1.270207852193992	2.0
2025-11-05 16:00:00	2.631	2.679	2.557	2.574	6352842.0	16657097.13	DOTUSDT	0.0	4.771216269065307	7.077720377204782	5.429085039446751	0.6939408402522874	-2.1664766248574665	-2.1664766248574665	4.771216269065307	-55.497738615249645	29.81995092574867	-0.2348518499116774	-0.21922446614951493	-0.015627383762162467	0.23932601740444917	-15.909833387781774	3.325008141180504	2.552691858819496	0.027589915773061312	0.12172	0.0	121720000.0	0.06086	2025-11-06 23:21:12.504968+00:00	2025-11-06 23:21:12.508712+00:00	Negative	-2.1664766248574665	0.0
2025-11-06 16:00:00	2.574	2.907	2.528	2.888	9299604.0	25503102.606	DOTUSDT	0.0	14.992088607594937	6.536041030319304	5.65008623986288	0.8868675077961834	12.1989121989122	12.1989121989122	14.992088607594937	46.38494078713118	44.24681566801949	-0.2115489392651173	-0.21768936077263543	0.006140421507518118	0.24930273044698853	-9.125235997482694	3.324012865056209	2.55058713494379	0.4362576158504142	0.150476	0.0	150476000.0	0.075238	2025-11-07 23:20:36.980725+00:00	2025-11-07 23:20:36.984826+00:00	Very High	12.1989121989122	4.0
2025-11-07 16:00:00	2.888	3.523	2.877	3.12	14501648.0	47163516.205	DOTUSDT	0.0	22.45394508168232	7.0881482998484575	6.912260272304815	1.3781480213658992	8.033240997229925	8.033240997229925	22.45394508168232	55.93833887980606	52.08433821956833	-0.1723737364592357	-0.2086262359099555	0.03625249945071979	0.2776382497007751	-0.9209272785011087	3.3351422134546	2.5488577865454003	0.7263811846047861	0.0	0.0	0.0	0.0	2025-11-09 23:19:57.213367+00:00	2025-11-09 23:19:57.217259+00:00	0	0.0	0.0
2025-11-08 16:00:00	3.12	3.304	3.03	3.236	8287287.0	26284623.641	DOTUSDT	0.0	9.042904290429043	6.646918821814644	6.92401188571871	0.786020958631614	3.7179487179487216	3.7179487179487216	9.042904290429043	-42.852791627544676	55.45606513402908	-0.13046297942945095	-0.1929935846138546	0.06253060518440365	0.2773783747221483	3.2875837855091032	3.3589704434860708	2.540229556513929	0.8498054201973002	0.0	0.0	0.0	0.0	2025-11-09 23:19:57.213367+00:00	2025-11-09 23:19:57.217259+00:00	0	0.0	0.0
