timestamp	open	high	low	close	volume	quoteVolume	symbol	gap_apertura_pct	volatilidad_diaria	vol_5d	vol_10d	vol_rel_5d	return_pct	close_open_pct	range_pct	volume_change_pct	rsi_14	macd	macd_signal	macd_diff	atr_14	momentum_12	bb_upper	bb_lower	bb_pctb	vader	finbert	sentiment_ratio	sentiment_combined	download_date	added_date	target_category	target	target_num
2025-07-15 16:00:00	15.15	16.6	15.15	16.24	94324.77406	1502719.8365492	EGLDUSDT	0.0	9.570957095709575	0.0	0.0	0.0	0.0	7.194719471947182	9.570957095709575	0.0	0.0	0.0	0.0	0.0	0.0	0.0	0.0	0.0	0.0	0.0	0.0	0.0	0.0	0	0	Low	0.0	1.0
2025-07-16 16:00:00	16.24	16.87	16.04	16.44	159776.30653	2641614.7213289	EGLDUSDT	0.0	5.174563591022455	0.0	0.0	0.0	1.2315270935960767	1.2315270935960767	5.174563591022455	69.38954598329202	0.0	0.0	0.0	0.0	0.0	0.0	0.0	0.0	0.0	0.0	0.0	0.0	0.0	0	0	Medium	1.2315270935960767	2.0
2025-07-17 16:00:00	16.44	17.82	15.99	16.88	203409.71045	3486420.8240896	EGLDUSDT	0.0	11.444652908067544	0.0	0.0	0.0	2.6763990267639763	2.6763990267639763	11.444652908067544	27.30905781190235	0.0	0.0	0.0	0.0	0.0	0.0	0.0	0.0	0.0	0.0	0.0	0.0	0.0	0	0	High	2.6763990267639763	3.0
2025-07-18 16:00:00	16.88	17.12	16.25	16.49	70371.91705	1172708.2274311	EGLDUSDT	0.0	5.35384615384616	0.0	0.0	0.0	-2.310426540284364	-2.310426540284364	5.35384615384616	-65.40385564960623	0.0	0.0	0.0	0.0	0.0	0.0	0.0	0.0	0.0	0.0	0.0	0.0	0.0	0	0	Negative	-2.310426540284364	0.0
2025-07-19 16:00:00	16.49	18.02	16.42	17.73	220113.46689	3840552.0527138	EGLDUSDT	0.0	9.744214372716185	2.829714441423844	0.0	1.4713542278199845	7.519708914493645	7.519708914493645	9.744214372716185	212.78594660652348	0.0	0.0	0.0	0.0	0.0	0.0	0.0	0.0	0.0	0.0	0.0	0.0	0.0	0	0	Very High	7.519708914493645	4.0
2025-07-20 16:00:00	17.73	18.49	17.15	18.14	134731.9378	2404297.6514433	EGLDUSDT	0.0	7.813411078717201	2.733308581564109	0.0	0.8544607257672319	2.312464749012973	2.312464749012973	7.813411078717201	-38.78977978783495	0.0	0.0	0.0	0.0	0.0	0.0	0.0	0.0	0.0	0.0	0.0	0.0	0.0	0	0	High	2.312464749012973	3.0
2025-07-21 16:00:00	18.14	18.22	17.0	17.71	136503.2	2407252.72	EGLDUSDT	0.0	7.176470588235287	2.353364303559417	0.0	0.8920259209291251	-2.3704520396912883	-2.3704520396912883	7.176470588235287	1.314656516429913	0.0	0.0	0.0	0.0	0.0	0.0	0.0	0.0	0.0	0.0	0.0	0.0	0.0	0	0	Negative	-2.3704520396912883	0.0
2025-07-22 16:00:00	17.71	18.46	16.98	17.27	142063.4	2530326.112	EGLDUSDT	0.0	8.71613663133098	1.6571237322835266	0.0	1.0092827898708567	-2.484472049689448	-2.484472049689448	8.71613663133098	4.073311101864265	0.0	0.0	0.0	0.0	0.0	0.0	0.0	0.0	0.0	0.0	0.0	0.0	0.0	0	0	Negative	-2.484472049689448	0.0
2025-07-23 16:00:00	17.27	17.27	15.56	16.53	161950.0	2660955.702	EGLDUSDT	0.0	10.98971722365038	1.521835210716157	0.0	1.018089870053081	-4.284887087434849	-4.284887087434849	10.98971722365038	13.99839789840311	0.0	0.0	0.0	0.0	0.0	0.0	0.0	0.0	0.0	0.0	0.0	0.0	0.0	0	0	Negative	-4.284887087434849	0.0
2025-07-24 16:00:00	16.53	16.67	15.5	15.76	108358.0	1728694.614	EGLDUSDT	0.0	7.548387096774205	1.5297886960715714	2.1468716615490115	0.792546545478635	-4.658197217180891	-4.658197217180891	7.548387096774205	-33.09169496758258	0.0	0.0	0.0	0.0	0.0	0.0	0.0	0.0	0.0	0.0	0.0	0.0	0.0	0	0	Negative	-4.658197217180891	0.0
2025-07-25 16:00:00	15.76	16.48	15.67	16.43	38832.8	630516.758	EGLDUSDT	0.0	5.169112954690495	2.1398194453514736	2.314199891180816	0.3303752853886134	4.251269035532994	4.251269035532994	5.169112954690495	-64.16249838498311	0.0	0.0	0.0	0.0	0.0	0.0	0.0	0.0	0.0	0.0	0.0	0.0	0.0	0	0	High	4.251269035532994	3.0
2025-07-26 16:00:00	16.43	16.76	16.29	16.62	51894.6	859812.628	EGLDUSDT	0.0	2.8852056476366017	3.1395992978896903	2.6968189292811577	0.5157495903389155	1.1564211807668976	1.1564211807668976	2.8852056476366017	33.635998434313244	0.0	0.0	0.0	0.0	0.0	0.0	0.0	0.0	0.0	0.0	0.0	0.0	0.0	0	0	Medium	1.1564211807668976	2.0
2025-07-27 16:00:00	16.62	17.28	16.16	16.27	103581.6	1743167.492	EGLDUSDT	0.0	6.930693069306937	3.0029493020855487	2.353340678555615	1.1146987733983045	-2.1058965102286487	-2.1058965102286487	6.930693069306937	99.5999583771722	0.0	0.0	0.0	0.0	0.0	0.1847290640394158	0.0	0.0	0.0	0.0	0.0	0.0	0.0	0	0	Negative	-2.1058965102286487	0.0
2025-07-28 16:00:00	16.27	16.29	15.24	15.49	150570.6	2373413.248	EGLDUSDT	0.0	6.889763779527552	1.8961237185656767	2.265574748769919	1.6610559229860895	-4.794099569760292	-4.794099569760292	6.889763779527552	45.364234574480406	38.721815946167	0.0	0.0	0.0	1.210714285714286	-5.778588807785894	0.0	0.0	0.0	0.0	0.0	0.0	0.0	0	0	Negative	-4.794099569760292	0.0
2025-07-29 16:00:00	15.49	15.55	14.61	14.93	133352.4	2009349.718	EGLDUSDT	0.0	6.433949349760447	1.707806779948154	2.119930843815861	1.3942228876361265	-3.615235635894128	-3.615235635894128	6.433949349760447	-11.435300118349804	34.36144260782743	0.0	0.0	0.0	1.1913775510204083	-11.552132701421796	0.0	0.0	0.0	0.0	0.0	0.0	0.0	0	0	Negative	-3.615235635894128	0.0
2025-07-30 16:00:00	14.93	15.46	14.29	14.79	148761.6	2222289.418	EGLDUSDT	0.0	8.187543736878949	1.998824922341227	2.1380213700094526	1.2646337532185077	-0.9377093101138686	-0.9377093101138686	8.187543736878949	11.555247599593269	33.35034522769384	0.0	0.0	0.0	1.1898505830903794	-10.30927835051546	0.0	0.0	0.0	0.0	0.0	0.0	0.0	0	0	Negative	-0.9377093101138686	0.0
2025-07-31 16:00:00	14.79	15.08	13.77	14.18	138541.6	1969100.272	EGLDUSDT	0.0	9.513435003631086	1.2567939797758714	2.2717352128939545	1.0265263679524748	-4.124408384043269	-4.124408384043269	9.513435003631086	-6.870052486663225	29.304228798888303	0.0	0.0	0.0	1.1984326842982094	-20.02256063169769	0.0	0.0	0.0	0.0	0.0	0.0	0.0	0	0	Negative	-4.124408384043269	0.0
2025-08-01 16:00:00	14.18	14.27	13.53	13.65	89741.6	1247358.598	EGLDUSDT	0.0	5.469327420546934	1.577713600825894	2.283033204345219	0.6788651429010611	-3.737658674188994	-3.737658674188994	5.469327420546934	-35.224077100307774	26.31677358236108	0.0	0.0	0.0	1.165687492562623	-24.75192943770673	0.0	0.0	0.0	0.0	0.0	0.0	0.0	0	0	Negative	-3.737658674188994	0.0
2025-08-02 16:00:00	13.65	14.27	13.41	14.18	86831.6	1200407.68	EGLDUSDT	0.0	6.413124533929898	1.6223746415508928	1.8030193495647584	0.7269542259181071	3.882783882783878	3.882783882783878	6.413124533929898	-3.2426433226062383	33.60604815709081	0.0	0.0	0.0	1.1438526716652928	-19.93224167137211	0.0	0.0	0.0	0.0	0.0	0.0	0.0	0	0	High	3.882783882783878	3.0
2025-08-03 16:00:00	14.18	14.69	14.1	14.62	68764.4	991627.216	EGLDUSDT	0.0	4.184397163120567	2.123615237056565	1.905709646465349	0.6455044375121094	3.102961918194637	3.102961918194637	4.184397163120567	-20.807171582695712	39.00114047863166	0.0	0.0	0.0	1.1042917665463432	-15.34452808338159	18.518322864578774	13.516677135421226	0.2205919659896844	0.0	0.0	0.0	0.0	0	0	High	3.102961918194637	3.0
2025-08-04 16:00:00	14.62	14.96	14.15	14.23	123264.0	1801097.996	EGLDUSDT	0.0	5.7243816254417	1.9892498208765967	1.8800033764566064	1.2152780516430073	-2.667578659370717	-2.667578659370717	5.7243816254417	79.25554502038847	36.19376358631376	0.0	0.0	0.0	1.0832709260787472	-13.914095583787056	18.532883024907647	13.30111697509235	0.1775467435017365	0.0	0.0	0.0	0.0	0	0	Negative	-2.667578659370717	0.0
2025-08-05 16:00:00	14.23	14.61	13.89	14.58	116449.0	1655577.406	EGLDUSDT	0.0	5.183585313174937	0.8156055693337061	1.5288435538198035	1.2003799191259634	2.4595924104005595	2.4595924104005595	5.183585313174937	-5.528783748701973	40.343935922689255	0.0	0.0	0.0	1.057323002787408	-7.48730964467005	18.49065633331331	13.157343666686693	0.2667490961509958	0.0	0.0	0.0	0.0	0	0	High	2.4595924104005595	3.0
2025-08-06 16:00:00	14.58	15.36	14.43	15.1	81885.4	1217634.438	EGLDUSDT	0.0	6.444906444906443	0.9443714378687554	1.5210895926331658	0.8579878556831345	3.566529492455416	3.566529492455416	6.444906444906443	-29.681319719362133	45.967105939609766	0.0	0.0	0.0	1.0482285025883076	-8.09494826536823	18.37340482109929	13.096595178900708	0.3796621362040591	0.0	0.0	0.0	0.0	0	0	High	3.566529492455416	3.0
2025-08-07 16:00:00	15.1	15.62	14.8	15.25	138771.2	2116237.528	EGLDUSDT	0.0	5.540540540540531	0.8276652737840161	1.5369560987948432	1.3113048868528578	0.9933774834437108	0.9933774834437108	5.540540540540531	69.47001541178284	47.50428022795345	0.0	0.0	0.0	1.0319264666891426	-8.24308062575211	18.29575504002947	13.050244959970527	0.4193596059212517	0.0	0.0	0.0	0.0	0	0	Medium	0.9933774834437108	2.0
2025-08-08 16:00:00	15.25	16.29	15.25	16.04	80300.0	1276599.79	EGLDUSDT	0.0	6.819672131147534	0.6721126485011726	1.5452436506242722	0.742597697373775	5.180327868852454	5.180327868852454	6.819672131147534	-42.134967486048986	54.79791287577498	0.0	0.0	0.0	1.032503147639918	-1.4136447449293206	18.044303534487234	13.132696465512767	0.5919251059092294	0.0	0.0	0.0	0.0	0	0	Very High	5.180327868852454	4.0
2025-08-09 16:00:00	16.04	16.5	15.62	15.97	81335.4	1305949.956	EGLDUSDT	0.0	5.633802816901413	0.6806321150584728	1.4128169428304125	0.8154071953178103	-0.4364089775561004	-0.4364089775561004	5.633802816901413	1.2894146948941396	54.08091209159116	-0.2655026965015548	0.0	0.0	1.0216100656656382	3.098773402194967	17.650474602477527	13.309525397522473	0.6128785380489322	0.0	0.0	0.0	0.0	0	0	Negative	-0.4364089775561004	0.0
2025-08-10 16:00:00	15.97	16.46	15.26	15.61	126477.8	1985321.99	EGLDUSDT	0.0	7.86369593709044	0.9523602592288912	1.0070505476483451	1.2429766861161964	-2.254226675015662	-2.254226675015662	7.86369593709044	55.50154053462577	50.42660934226088	-0.2196399024178479	0.0	0.0	1.0343522038323782	4.554588077695913	17.292201084915188	13.457798915084812	0.5612872592888177	0.0	0.0	0.0	0.0	0	0	Negative	-2.254226675015662	0.0
2025-08-11 16:00:00	15.61	15.87	14.87	15.85	173209.0	2649335.65	EGLDUSDT	0.0	6.724949562878278	0.9594207409495656	1.0217137578888185	1.4431836777408316	1.537475976937862	1.537475976937862	6.724949562878278	36.94814425930875	52.72026881055845	-0.1620591959144555	0.0	0.0	1.0318984749872084	7.167004732927658	17.03096728399816	13.577032716001844	0.6580805858510347	0.0	0.0	0.0	0.0	0	0	Medium	1.537475976937862	2.0
2025-08-12 16:00:00	15.85	16.78	15.76	16.6	378569.8	6208183.646	EGLDUSDT	0.0	6.47208121827412	0.7996585522127125	1.0241878511995086	2.2536814257071147	4.731861198738182	4.731861198738182	6.47208121827412	118.5624303586996	59.0902969150065	-0.0552702185010911	0.0	0.0	1.0310485839166936	17.066290550070534	17.04464564731918	13.57035435268082	0.87201831694269	0.0	0.0	0.0	0.0	0	0	High	4.731861198738182	3.0
2025-08-13 16:00:00	16.6	16.96	15.15	15.54	246267.6	3971299.617	EGLDUSDT	0.0	11.94719471947195	2.4894337147708923	1.9598220026783757	1.2241648834489427	-6.385542168674712	-6.385542168674712	11.94719471947195	-34.94790128531118	49.03486712877892	-0.0555321852740835	0.0	0.0	1.086687970779787	13.846153846153836	17.024808710849996	13.568191289150004	0.5704445908509724	0.0	0.0	0.0	0.0	0	0	Negative	-6.385542168674712	0.0
2025-08-14 16:00:00	15.54	15.6	14.54	14.65	117292.26	1776864.9171	EGLDUSDT	0.0	7.290233837689137	2.238593479355908	1.9233994630686289	0.5629218989302588	-5.727155727155719	-5.727155727155719	7.290233837689137	-52.37202945089001	42.49601525092099	-0.1261017354777216	0.0	0.0	1.0847816871526594	3.3145275035260977	16.875431353503487	13.539568646496514	0.3328768150952458	0.0	0.0	0.0	0.0	0	0	Negative	-5.727155727155719	0.0
2025-08-15 16:00:00	14.65	15.4	14.49	15.33	58702.13	876881.7829	EGLDUSDT	0.0	6.280193236714977	2.3807412334086444	1.83820850106049	0.3013330170700551	4.641638225255971	4.641638225255971	6.280193236714977	-49.95225601416496	48.18170555945613	-0.1257091980534745	0.0	0.0	1.0722972809274691	4.856361149110813	16.682260861582588	13.603739138417414	0.5607434401365002	0.0	0.0	0.0	0.0	0	0	High	4.641638225255971	3.0
2025-08-16 16:00:00	15.33	15.97	15.17	15.96	57519.67	894829.765	EGLDUSDT	0.0	5.27356624917601	2.6130388073855757	1.9202039604797585	0.3350589629101347	4.109589041095896	4.109589041095896	5.27356624917601	-2.0143391730419307	52.834618553008845	-0.0737126607774598	0.0	0.0	1.052847475146936	12.15741391426564	16.626778159648826	13.628221840351175	0.7776336047591716	0.0	0.0	0.0	0.0	0	0	High	4.109589041095896	3.0
2025-08-17 16:00:00	15.96	16.06	14.69	15.0	227540.64	3435140.983	EGLDUSDT	0.0	9.32607215793056	2.656642986757608	1.9762158349880203	1.6084650519289436	-6.015037593984967	-6.015037593984967	9.32607215793056	295.58752684081816	46.04916415980816	-0.1087157992560516	-0.1329650615580658	0.0242492623020141	1.0755012269221549	2.880658436213991	16.59377295387325	13.612227046126751	0.4654541626434829	0.0	0.0	0.0	0.0	0	0	Negative	-6.015037593984967	0.0
2025-08-18 16:00:00	15.0	15.17	14.43	14.65	113446.2	1675707.68	EGLDUSDT	0.0	5.12820512820513	1.7261215263865954	2.096620366788541	0.9873457117299554	-2.333333333333331	-2.333333333333331	5.12820512820513	-50.142444883692	43.83862226044301	-0.1628212120326555	-0.1389362916529837	-0.0238849203796717	1.0515368535705722	-2.980132450331121	16.591223685074883	13.586776314925114	0.3538832783820358	0.0	0.0	0.0	0.0	0	0	Negative	-2.333333333333331	0.0
2025-08-19 16:00:00	14.65	14.97	14.26	14.85	97103.6	1409086.456	EGLDUSDT	0.0	4.978962131837314	1.8218590439069529	2.1600320950354264	0.8758926196542224	1.3651877133105754	1.3651877133105754	4.978962131837314	-14.40559489872732	45.4500757884538	-0.1874015643558344	-0.1486293461935539	-0.0387722181622805	1.027141364029817	-2.6229508196721336	16.59206133207945	13.591938667920552	0.4193366315014162	0.0	0.0	0.0	0.0	0	0	Medium	1.3651877133105754	2.0
2025-08-20 16:00:00	14.85	15.43	14.78	14.79	68546.4	1033815.028	EGLDUSDT	0.0	4.3978349120433045	1.987435904085251	2.302331046502617	0.607512266409901	-0.4040404040404074	-0.4040404040404074	4.3978349120433045	-29.40900234388839	45.032617430402254	-0.2093103695736431	-0.1607655508695717	-0.0485448187040714	1.0002026951705445	-7.793017456359102	16.57106998450195	13.673930015498057	0.3852316410123859	0.0	0.0	0.0	0.0	0	0	Negative	-0.4040404040404074	0.0
2025-08-21 16:00:00	14.79	15.61	14.08	15.56	149845.0	2209515.144	EGLDUSDT	0.0	10.866477272727268	2.9453962564238063	2.63884685201257	1.1412730015502026	5.2062204192021735	5.2062204192021735	10.866477272727268	118.60374870160943	51.22426881167761	-0.1626655831252179	-0.161145557320701	-0.0015200258045169	1.0380453598012198	-2.5673137132122736	16.508931446669408	13.927068553330592	0.6324624947677732	0.0	0.0	0.0	0.0	0	0	Very High	5.2062204192021735	4.0
2025-08-22 16:00:00	15.56	16.27	15.47	15.87	136124.2	2176308.286	EGLDUSDT	0.0	5.17129928894634	2.677680981721169	2.709612090573906	1.204499514569464	1.9922879177377808	1.9922879177377808	5.17129928894634	-9.156661883946738	53.49545376074557	-0.0995374389490972	-0.1488239336463802	0.0492864946972829	1.0210421198154185	1.6655989750160145	16.530292734951615	14.074707265048382	0.7311057818819737	0.0	0.0	0.0	0.0	0	0	Medium	1.9922879177377808	2.0
2025-08-23 16:00:00	15.87	16.43	15.37	15.52	104861.6	1656614.438	EGLDUSDT	0.0	6.896551724137935	2.632220647471787	2.101051848313526	0.9421852470022326	-2.205419029615625	-2.205419029615625	6.896551724137935	-22.966232308435973	50.62903650584358	-0.0768639648629729	-0.1344319398896988	0.0575679750267258	1.0238248255428883	-2.0820189274447958	16.53732141517119	14.157678584828812	0.5724898702445949	0.0	0.0	0.0	0.0	0	0	Negative	-2.205419029615625	0.0
2025-08-24 16:00:00	15.52	16.41	14.77	14.89	215001.0	3329395.124	EGLDUSDT	0.0	11.103588354773192	3.14461114929323	2.5468802315937267	1.5940684322239362	-4.0592783505154575	-4.0592783505154575	11.103588354773192	105.03311030920754	45.86513873011308	-0.108480314626119	-0.1292416148369828	0.0207613002108637	1.0678373380041106	-10.301204819277112	16.47750455787566	14.283495442124345	0.2764366626927011	0.0	0.0	0.0	0.0	0	0	Negative	-4.0592783505154575	0.0
2025-08-25 16:00:00	14.89	15.03	13.98	14.7	194241.0	2809843.818	EGLDUSDT	0.0	7.510729613733898	2.589779088447417	2.541057446626072	1.213895785483521	-1.27602417730021	-1.27602417730021	7.510729613733898	-9.655769042934685	44.50504222876509	-0.1471714112824163	-0.1328275741260695	-0.0143438371563467	1.0665632424323883	-5.405405405405405	16.467116028013635	14.30588397198636	0.1823571082589312	0.0	0.0	0.0	0.0	0	0	Negative	-1.27602417730021	0.0
2025-08-26 16:00:00	14.7	15.31	14.66	15.01	75266.4	1127127.582	EGLDUSDT	0.0	4.433833560709416	2.59988696082826	2.619512155273749	0.518725029090515	2.108843537414969	2.108843537414969	4.433833560709416	-61.25102321343074	47.25340596630083	-0.1510784367392617	-0.136477746648708	-0.0146006900905537	1.0368087251157891	2.4573378839590405	16.468086552720347	14.295913447279652	0.328742930723043	0.0	0.0	0.0	0.0	0	0	High	2.108843537414969	3.0
2025-08-27 16:00:00	15.01	15.28	14.75	15.06	85975.6	1287524.024	EGLDUSDT	0.0	3.593220338983046	2.952744826345702	2.676062594142472	0.6365303927352159	0.3331112591605644	0.3331112591605644	3.593220338983046	14.228394077569822	47.70327712709454	-0.1484292009947481	-0.138868037517916	-0.009561163476832	1.000608101893233	-1.76125244618395	16.466334996697384	14.278665003302612	0.3571539578896592	0.0	0.0	0.0	0.0	0	0	Low	0.3331112591605644	1.0
2025-08-28 16:00:00	15.06	15.63	14.22	14.39	211057.6	3120909.718	EGLDUSDT	0.0	9.915611814345992	3.290425222940281	2.8445789779118646	1.3502646564175214	-4.448871181938911	-4.448871181938911	9.915611814345992	145.48546331749935	42.47545016826136	-0.1981093815254588	-0.1507163063194246	-0.0473930752060342	1.0298503803294303	-9.837092731829577	16.41836164415491	14.161638355845094	0.1011916903316663	0.0	0.0	0.0	0.0	0	0	Negative	-4.448871181938911	0.0
2025-08-29 16:00:00	14.39	14.64	14.06	14.52	104036.4	1491919.964	EGLDUSDT	0.0	4.125177809388337	2.7082846796897546	2.9200171554737318	0.7757229967624896	0.9034051424600348	0.9034051424600348	4.125177809388337	-50.70710554843797	43.763244410720496	-0.2244045727500836	-0.1654539596055564	-0.0589506131445272	0.9977182103058996	-3.200000000000003	16.348108243380512	14.08689175661949	0.191537716939653	0.0	0.0	0.0	0.0	0	0	Medium	0.9034051424600348	2.0
2025-08-30 16:00:00	14.52	14.88	14.28	14.51	66958.6	972464.908	EGLDUSDT	0.0	4.2016806722689175	2.624076134494392	2.938557511481517	0.6162273654109575	-0.0688705234159765	-0.0688705234159765	4.2016806722689175	-35.63925702927052	43.68223426282336	-0.2432466220257865	-0.1810124920896024	-0.0622341299361841	0.9693097667126211	-0.95563139931741	16.31812753515134	14.00687246484866	0.2176858545887155	0.0	0.0	0.0	0.0	0	0	Negative	-0.0688705234159765	0.0
2025-08-31 16:00:00	14.51	14.82	13.78	14.02	157305.0	2238011.16	EGLDUSDT	0.0	7.547169811320761	2.747320378457333	2.593059490965417	1.2577694579465797	-3.376981392143351	-3.376981392143351	7.547169811320761	134.92874701681333	39.795012457159096	-0.2943251891560301	-0.2036750315028879	-0.0906501576531421	0.9743590690902912	-5.58922558922559	16.2828234194799	13.859176580520096	0.0663559627973385	0.0	0.0	0.0	0.0	0	0	Negative	-3.376981392143351	0.0
2025-09-01 16:00:00	14.02	14.43	13.62	14.0	130190.2	1828963.028	EGLDUSDT	0.0	5.947136563876656	2.4430604197585226	2.561974020155378	0.9722248359265762	-0.1426533523537773	-0.1426533523537773	5.947136563876656	-17.237087187311275	39.63995728571943	-0.3325853179429021	-0.2294570887908908	-0.1031282291520113	0.9626191355838418	-5.34144692359702	16.01931164326458	13.862688356735418	0.0636697396908706	0.0	0.0	0.0	0.0	0	0	Negative	-0.1426533523537773	0.0
2025-09-02 16:00:00	14.0	14.38	13.96	14.27	67659.6	958916.512	EGLDUSDT	0.0	3.0085959885386813	1.7851934765917912	2.7850400183387003	0.6429689795567727	1.9285714285714255	1.9285714285714255	3.0085959885386813	-48.03018967633508	42.87586198110599	-0.3372325947081975	-0.2510121899743522	-0.0862204047338453	0.9238606258992818	-8.290488431876613	15.956812281038236	13.798187718961763	0.2185707924051314	0.0	0.0	0.0	0.0	0	0	Medium	1.9285714285714253	2.0
2025-09-03 16:00:00	14.27	14.33	13.61	13.69	105469.4	1465660.864	EGLDUSDT	0.0	5.2902277736958165	1.7229660367687238	2.1730165086649844	0.999553055937381	-4.064470918009811	-4.064470918009811	5.2902277736958165	55.88238771733794	38.14507328781198	-0.3832983232883205	-0.2774694166371458	-0.1058289066511746	0.9092991526207618	-13.736609955891618	16.024229676537736	13.634770323462266	0.0231138799103852	0.0	0.0	0.0	0.0	0	0	Negative	-4.064470918009811	0.0
2025-09-04 16:00:00	13.69	14.25	13.62	13.83	101653.4	1412092.354	EGLDUSDT	0.0	4.625550660792958	1.6712828218173317	2.074128253017977	0.9039431768222672	1.0226442658875134	1.0226442658875134	4.625550660792958	-3.618111035049029	39.86971418139739	-0.4038535428506584	-0.3027462418798484	-0.10110730097081	0.8893492131478503	-10.889175257731956	16.001327574286016	13.50767242571398	0.1292590815817488	0.0	0.0	0.0	0.0	0	0	Medium	1.0226442658875134	2.0
2025-09-05 16:00:00	13.83	14.01	13.57	13.62	64770.2	889171.554	EGLDUSDT	0.0	3.2424465733235044	1.275769172944521	2.159864190556004	0.6894219560150788	-1.5184381778741929	-1.5184381778741929	3.2424465733235044	-36.283292049257575	38.15136883911528	-0.4321078767772679	-0.3286185688593322	-0.1034893079179356	0.8572528407801467	-8.529214237743462	15.848530552876332	13.426469447123663	0.0799032495161567	0.0	0.0	0.0	0.0	0	0	Negative	-1.5184381778741929	0.0
2025-09-06 16:00:00	13.62	13.88	13.52	13.76	38287.4	524863.298	EGLDUSDT	0.0	2.6627218934911334	1.132153833435368	2.252429169123777	0.5066615498623757	1.0279001468428823	1.0279001468428823	2.6627218934911334	-40.88732163865481	40.00770335624434	-0.4381520657308542	-0.3505252682336367	-0.0876267974972174	0.8217347807244221	-6.394557823129249	15.832058394982086	13.318941605017914	0.1755025459793191	0.0	0.0	0.0	0.0	0	0	Medium	1.0279001468428823	2.0
2025-09-07 16:00:00	13.76	14.1	13.65	14.03	67851.23509	935751.3171669	EGLDUSDT	0.0	3.296703296703291	1.0905410679915195	1.5190495231546226	0.8974280032654715	1.9622093023255784	1.9622093023255784	3.296703296703291	77.21557245986929	43.52800356368179	-0.416355893934023	-0.363691393373714	-0.052664500560309	0.7951822963869634	-6.528980679546971	15.822584113037932	13.266415886962069	0.2987221675195293	0.0	0.0	0.0	0.0	0	0	Medium	1.9622093023255784	2.0
2025-09-08 16:00:00	14.03	14.59	13.85	13.94	123472.58956	1749855.0669621	EGLDUSDT	0.0	5.342960288808666	1.1083804828761057	1.5436521959754146	1.558860255144484	-0.6414825374198136	-0.6414825374198136	5.342960288808666	81.97544878324187	42.63003054905622	-0.4017138118261485	-0.3712958770642009	-0.0304179347619475	0.7912407037878946	-7.436918990703857	15.795007716026396	13.202992283973604	0.2843377037468905	0.0	0.0	0.0	0.0	0	0	Negative	-0.6414825374198136	0.0
2025-09-09 16:00:00	13.94	14.31	13.83	14.23	91510.15463	1285979.4275027	EGLDUSDT	0.0	3.470715835141001	1.018933291288734	1.5771602314842084	1.1856977392554209	2.0803443328551	2.0803443328551	3.470715835141001	-25.88625948795561	46.46261607299834	-0.3625302567635557	-0.3695427530040719	0.0070124962405161	0.7690092249459022	-1.1118832522585138	15.764845431262929	13.177154568737068	0.4068667731953281	0.0	0.0	0.0	0.0	0	0	High	2.0803443328551	3.0
2025-09-10 16:00:00	14.23	14.34	13.83	13.92	135951.78396	1915817.5644275	EGLDUSDT	0.0	3.6876355748373086	0.9987903184130066	1.1467479844444353	1.487199368655718	-2.1784961349262155	-2.1784961349262155	3.6876355748373086	48.56469701060978	43.14457462298544	-0.3524288360533933	-0.3661199696139362	0.0136911335605428	0.7505085660211949	-4.132231404958676	15.601714310957018	13.17628568904298	0.3066321161700953	0.0	0.0	0.0	0.0	0	0	Negative	-2.1784961349262155	0.0
2025-09-11 16:00:00	13.92	14.33	13.89	14.04	73947.56771	1044794.2300657	EGLDUSDT	0.0	3.1677465802735743	0.8880593705484792	0.9593714693465112	0.7503812210899918	0.8620689655172358	0.8620689655172358	3.1677465802735743	-45.60750469316607	44.788242087608936	-0.330925684943681	-0.3590811126798852	0.0281554277362041	0.7283293827339666	-3.2391454169538294	15.308872829375977	13.286127170624033	0.3726977863549666	0.0	0.0	0.0	0.0	0	0	Medium	0.8620689655172358	2.0
2025-09-12 16:00:00	14.04	14.86	14.02	14.59	143248.76716	2071514.1995001	EGLDUSDT	0.0	5.991440798858772	1.2538227916103422	1.1397862225268252	1.2607022121499951	3.917378917378923	3.917378917378923	5.991440798858772	93.7166719557002	51.68284872556463	-0.266432610029307	-0.3405514121497696	0.0741188021204625	0.7363058553958262	4.0656205420827405	15.10682474841521	13.395175251584789	0.6980545670289098	0.0	0.0	0.0	0.0	0	0	High	3.917378917378923	3.0
2025-09-13 16:00:00	14.59	15.44	14.29	14.41	247138.98517	3664883.7670899	EGLDUSDT	0.0	8.047585724282719	2.0981112496251866	1.6740120363183653	1.7862096306902215	-1.2337217272104162	-1.2337217272104162	8.047585724282719	72.52433655778768	49.50406905238832	-0.2272265529308157	-0.3178864403059788	0.090659887375163	0.7658554371532672	2.9285714285714297	15.035408312673711	13.418591687326288	0.6131853774454331	0.0	0.0	0.0	0.0	0	0	Negative	-1.2337217272104162	0.0
2025-09-14 16:00:00	14.41	14.96	13.7	13.78	210343.92019	3022345.3480139	EGLDUSDT	0.0	9.197080291970815	2.635385055997241	2.2734397112280624	1.2974085244281155	-4.371963913948653	-4.371963913948653	9.197080291970815	-14.888409837359209	42.71648652207184	-0.2441764904983152	-0.3031444503444461	0.0589679598461309	0.8011514773566054	-3.4337771548703597	14.981172481406327	13.380827518593671	0.2494290235430043	0.0	0.0	0.0	0.0	0	0	Negative	-4.371963913948653	0.0
2025-09-15 16:00:00	13.78	14.06	13.62	13.98	129227.58293	1788321.2806763	EGLDUSDT	0.0	3.2305433186490555	2.7422080310585724	2.2743549838148787	0.803747270249752	1.4513788098693838	1.4513788098693838	3.2305433186490555	-38.56367095693996	45.281459871324	-0.2387193020911056	-0.2902594206937781	0.0515401186026724	0.7753549432597051	2.11833455076699	14.836818174515518	13.422181825484486	0.3943191300701392	0.0	0.0	0.0	0.0	0	0	Medium	1.4513788098693838	2.0
2025-09-16 16:00:00	13.98	14.15	13.65	13.72	70477.9605	979343.1276622	EGLDUSDT	0.0	3.6630036630036633	2.624027587465944	2.18987391452918	0.4402466495536014	-1.8597997138769653	-1.8597997138769653	3.6630036630036633	-45.46213826642838	42.61032340924613	-0.2524640199818524	-0.2827003405513929	0.0302363205695405	0.7556867330268691	-0.7953723788864745	14.647918653614628	13.477081346385372	0.2074743024626425	0.0	0.0	0.0	0.0	0	0	Negative	-1.8597997138769653	0.0
2025-09-17 16:00:00	13.72	14.68	13.64	14.48	131382.79547	1861838.2566521	EGLDUSDT	0.0	7.624633431085037	2.7186062679048426	2.262184507918131	0.8330432819249604	5.539358600583089	5.539358600583089	7.624633431085037	86.41685221580725	51.59828719227925	-0.1997288101243821	-0.2661060344659908	0.0663772243416086	0.7759948235249498	6.314243759177689	14.663694226551558	13.47030577344844	0.8460734004305935	0.0	0.0	0.0	0.0	0	0	Very High	5.539358600583089	4.0
2025-09-18 16:00:00	14.48	14.78	14.04	14.15	80887.4255	1168091.8974888	EGLDUSDT	0.0	5.270655270655272	2.5650764520838134	2.262297835212302	0.6498864450454486	-2.279005524861879	-2.279005524861879	5.270655270655272	-38.4337764997017	48.077389198609545	-0.182460724793037	-0.2493769725314	0.066916247738363	0.7734237647017391	2.8343023255814	14.609758407509378	13.48724159249062	0.590421808067352	0.0	0.0	0.0	0.0	0	0	Negative	-2.279005524861879	0.0
2025-09-19 16:00:00	14.15	14.36	13.87	14.26	53552.28659	753231.2740743	EGLDUSDT	0.0	3.5328046142754164	1.835059611922134	2.256690738317076	0.5751778703357917	0.7773851590105967	0.7773851590105967	3.5328046142754164	-33.79405234006365	49.3188361483931	-0.1580773448349415	-0.2311170469921083	0.0730397021571668	0.7531792100801864	1.6393442622950851	14.56584526042984	13.506154739570162	0.7113824702501608	0.0	0.0	0.0	0.0	0	0	Medium	0.7773851590105967	2.0
2025-09-20 16:00:00	14.26	14.7	14.14	14.39	61843.04563	889604.7852758	EGLDUSDT	0.0	3.960396039603952	1.7177761585741422	2.2360361911575044	0.77664263643074	0.9116409537166956	0.9116409537166956	3.960396039603952	15.481615385491605	50.8155367419129	-0.1268017355249249	-0.2102539846986716	0.0834522491737467	0.7393806950744588	3.22812051649929	14.60620553740194	13.50279446259806	0.8040571258174397	0.0	0.0	0.0	0.0	0	0	Medium	0.9116409537166956	2.0
2025-09-21 16:00:00	14.39	14.53	12.68	12.99	279553.03259	3765165.524801	EGLDUSDT	0.0	14.589905362776022	4.534534327062821	3.529890118291112	2.301914328189587	-9.72897845726199	-9.72897845726199	14.589905362776022	352.0363280012669	37.85148755934591	-0.2125339306749119	-0.2107099738939197	-0.0018239567809921	0.8187106454262831	-8.71398453970485	14.725260008596043	13.282739991403956	-0.202936519365454	0.0	0.0	0.0	0.0	0	0	Negative	-9.72897845726199	0.0
2025-09-22 16:00:00	12.99	13.24	12.73	13.14	86888.47441	1131279.5739302	EGLDUSDT	0.0	4.006284367635505	4.694955070293595	3.6170878011987178	0.7720341902550969	1.1547344110854532	1.1547344110854532	4.006284367635505	-68.91878667707641	39.62863338798957	-0.2653151783773246	-0.2216310147906007	-0.0436841635867239	0.7966598850386915	-5.603448275862064	14.749120234275535	13.145879765724462	-0.0036674259662217	0.0	0.0	0.0	0.0	0	0	Medium	1.1547344110854532	2.0
2025-09-23 16:00:00	13.14	13.36	12.6	13.2	171283.57968	2231158.0924704	EGLDUSDT	0.0	6.031746031746031	4.666625585533696	3.565436033230589	1.3112710514278487	0.4566210045662003	0.4566210045662003	6.031746031746031	97.13037988417824	40.363233668710606	-0.2988581481911545	-0.2370764414707115	-0.061781706720443	0.7940413218216421	-5.982905982905982	14.782467276863969	13.063532723136028	0.0793906181989348	0.0	0.0	0.0	0.0	0	0	Low	0.4566210045662003	1.0
2025-09-24 16:00:00	13.2	13.31	12.27	12.52	142775.66677	1796515.3137134	EGLDUSDT	0.0	8.475957620211906	4.417915159313895	3.5028197059605386	0.961654606308724	-5.15151515151515	-5.15151515151515	8.475957620211906	-16.64369285325529	35.143928030033564	-0.3759774761285861	-0.2648566484022864	-0.1111208277262997	0.8116097988343821	-14.187799862919812	14.912713248590052	12.802286751409945	-0.1337581535235312	0.0	0.0	0.0	0.0	0	0	Negative	-5.15151515151515	0.0
2025-09-25 16:00:00	12.52	12.57	11.93	12.49	179228.48039	2198594.9004849	EGLDUSDT	0.0	5.364626990779552	4.181903917791447	3.3754237430866008	1.0423542281415277	-0.2396166134185252	-0.2396166134185252	5.364626990779552	25.531530998711787	34.92933573259869	-0.4345071207960487	-0.2987867428810389	-0.1357203779150098	0.7993519560604978	-13.324080499653018	15.010725588718357	12.591274411281642	-0.0418584231937	0.0	0.0	0.0	0.0	0	0	Negative	-0.2396166134185252	0.0
2025-09-26 16:00:00	12.49	13.38	12.48	13.04	142482.93867	1861018.2311856	EGLDUSDT	0.0	7.211538461538463	1.713192440775433	3.2574693928612524	0.9858239576529344	4.403522818254595	4.403522818254595	7.211538461538463	-20.502066211821887	41.93003628117136	-0.4315373880335649	-0.3253368719115441	-0.1062005161220207	0.8065411020561765	-5.370101596516692	15.0194879433458	12.5105120566542	0.2110374779424426	0.0	0.0	0.0	0.0	0	0	High	4.403522818254595	3.0
2025-09-27 16:00:00	13.04	13.14	12.67	13.14	74911.72102	966440.3804937	EGLDUSDT	0.0	3.7095501183899033	1.811294847604779	3.3553551741046306	0.5270407881203184	0.7668711656441827	0.7668711656441827	3.7095501183899033	-47.42407637064495	43.12808939852854	-0.4163156613617182	-0.343532629801579	-0.0727830315601392	0.7825024519093067	-6.008583690987123	14.997174978214884	12.443825021785113	0.2726516106661371	0.0	0.0	0.0	0.0	0	0	Medium	0.7668711656441827	2.0
2025-09-28 16:00:00	13.14	13.45	12.91	13.12	73716.99667	972894.6054816	EGLDUSDT	0.0	4.1828040278853535	2.020360526900548	3.406629491356162	0.6011669920003564	-0.1522070015220802	-0.1522070015220802	4.1828040278853535	-1.5948430148615005	42.93729138787084	-0.4012409107058658	-0.3550742859824364	-0.0461666247234294	0.765180848201499	-4.373177842565608	14.977829311076349	12.381170688923651	0.2845307830506575	0.0	0.0	0.0	0.0	0	0	Negative	-0.1522070015220802	0.0
2025-09-29 16:00:00	13.12	13.41	12.56	12.66	92670.32761	1203813.347657	EGLDUSDT	0.0	6.767515923566876	1.5395670602353504	3.286545329459836	0.8229893889747026	-3.5060975609756038	-3.5060975609756038	6.767515923566876	25.710937499049365	38.69693190755165	-0.4215528193292766	-0.3683699926518045	-0.053182826677472	0.771239359044249	-12.569060773480665	14.945721532511469	12.256278467488537	0.1501134334323679	0.0	0.0	0.0	0.0	0	0	Negative	-3.506097560975604	0.0
2025-09-30 16:00:00	12.66	13.55	12.6	13.44	100559.7873	1325363.9493023	EGLDUSDT	0.0	7.539682539682549	1.7962827989796135	3.1809067827067143	1.0381077295513934	6.161137440758289	6.161137440758289	7.539682539682549	8.513469082792643	48.06316508553663	-0.3704404648965713	-0.3687840871007579	-0.0016563777958134	0.7840079762553741	-5.017667844522975	14.915209251201018	12.238790748798984	0.448812190665605	0.0	0.0	0.0	0.0	0	0	Very High	6.161137440758289	4.0
2025-10-01 16:00:00	13.44	14.1	13.36	13.89	194284.79276	2684504.8336931	EGLDUSDT	0.0	5.538922155688625	1.635371393458446	1.6179976222336094	1.8118726360827773	3.348214285714294	3.348214285714294	5.538922155688625	93.2032654170103	52.56589653806823	-0.2902761933051749	-0.3530825083416413	0.0628063150364663	0.7808645493799903	-2.5946704067321127	14.898897984051423	12.240102015948576	0.6205432849473929	0.0	0.0	0.0	0.0	0	0	High	3.348214285714294	3.0
2025-10-02 16:00:00	13.89	14.32	13.87	14.32	142253.80033	2005683.322066	EGLDUSDT	0.0	3.2444124008651847	1.7734727120060678	1.7302239993910324	1.178601242988744	3.0957523398128126	3.0957523398128126	3.2444124008651847	-26.78078489358346	56.45113789636616	-0.1898594427044511	-0.3204378952142033	0.1305784525097522	0.7572313672814196	-0.4864489228631013	14.848646896874778	12.263353103125224	0.7955176706984393	0.0	0.0	0.0	0.0	0	0	High	3.0957523398128126	3.0
2025-10-03 16:00:00	14.32	14.53	13.31	13.37	242363.90421	3384503.5746677	EGLDUSDT	0.0	9.16604057099924	2.223226643530986	2.032933613891111	1.5694448102399496	-6.63407821229051	-6.63407821229051	9.16604057099924	70.37429133546158	47.244192453525685	-0.1848051857642296	-0.2933113533242086	0.1085061675599789	0.7902862696184609	2.9253271747498	14.737359639359092	12.270640360640908	0.4456768343458877	0.0	0.0	0.0	0.0	0	0	Negative	-6.63407821229051	0.0
2025-10-04 16:00:00	13.37	14.31	13.21	13.9	303328.24825	4179361.0841873	EGLDUSDT	0.0	8.32702498107494	2.3823748089897827	2.014216359119988	1.543198871535609	3.964098728496643	3.964098728496643	8.32702498107494	25.15405263779564	51.95235968747205	-0.1364600535658908	-0.261941093372545	0.1254810398066542	0.812408678931428	5.783866057838659	14.74982256795075	12.27017743204925	0.6572805698498516	0.0	0.0	0.0	0.0	0	0	High	3.964098728496643	3.0
2025-10-05 16:00:00	13.9	14.16	13.48	14.14	211520.49862	2926564.3891625	EGLDUSDT	0.0	5.044510385756674	2.439708663492027	2.0297778217080777	0.9669497509029744	1.7266187050359725	1.7266187050359725	5.044510385756674	-30.2667984797555	53.956242935121054	-0.0778824137687195	-0.2251293574517799	0.1472469436830604	0.8029509161506116	7.121212121212131	14.77183571491643	12.264164285083572	0.7480388748702448	0.0	0.0	0.0	0.0	0	0	Medium	1.7266187050359725	2.0
2025-10-06 16:00:00	14.14	14.18	13.29	13.39	220519.96814	3046185.5948069	EGLDUSDT	0.0	6.696764484574873	2.4084081472199994	2.0040653459994133	0.9844760806501692	-5.3041018387553045	-5.3041018387553045	6.696764484574873	4.254655968908104	47.3152074004271	-0.0909297624886704	-0.198289438459158	0.1073596759704876	0.8091687078541394	6.948881789137388	14.752951557192684	12.25004844280732	0.455451731487664	0.0	0.0	0.0	0.0	0	0	Negative	-5.3041018387553045	0.0
2025-10-07 16:00:00	13.39	13.6	12.97	13.15	131787.00527	1750707.5365623	EGLDUSDT	0.0	4.857363145720886	1.9231816524008247	1.8863352098167097	0.5938921780251385	-1.7923823749066483	-1.7923823749066483	4.857363145720886	-40.23806262010102	45.38995141502543	-0.1192611067850588	-0.1824837721243382	0.0632226653392794	0.7963709430074151	5.284227381905525	14.610440343020432	12.259559656979564	0.3787688368481308	0.0	0.0	0.0	0.0	0	0	Negative	-1.7923823749066483	0.0
2025-10-08 16:00:00	13.15	13.56	12.76	12.84	131641.57058	1730023.4638563	EGLDUSDT	0.0	6.269592476489034	1.4058856965568869	1.7571961509349012	0.6590004387509498	-2.357414448669205	-2.357414448669205	6.269592476489034	-0.1103558652858328	42.95846618248691	-0.1648282727519134	-0.1789526722498533	0.0141243994979398	0.7966301613640283	-1.5337423312883385	14.524081742450484	12.214918257549511	0.2706961835044319	0.0	0.0	0.0	0.0	0	0	Negative	-2.357414448669205	0.0
2025-10-09 16:00:00	12.84	13.69	12.71	12.84	151930.42526	1998238.8620163	EGLDUSDT	0.0	7.710464201416197	1.1869551917186612	1.806972837136028	0.896451030597695	0.0	0.0	7.710464201416197	15.412194332390037	42.95846618248691	-0.1986506589339001	-0.1828922695866627	-0.0157583893472374	0.8097280069808833	-2.283105022831056	14.398668623439155	12.198331376560846	0.2916228520648415	0.0	0.0	0.0	0.0	0	0	Low	0.0	1.0
2025-10-10 16:00:00	12.84	13.01	3.79	9.94	2022570.40981	17616641.8413095	EGLDUSDT	0.0	243.2717678100264	105.9445901331114	74.95239076081013	3.804041607377079	-22.58566978193147	-22.58566978193147	243.2717678100264	1231.2477776250255	27.168452849608144	-0.4542248856128488	-0.2371587927918999	-0.2170660928209488	1.4104617207679628	-24.23780487804878	14.816682624719402	11.335317375280605	-0.4007960312424933	0.0	0.0	0.0	0.0	0	0	Negative	-22.58566978193147	0.0
2025-10-11 16:00:00	9.94	10.41	9.11	10.38	244614.19888	2402313.9904451	EGLDUSDT	0.0	14.270032930845232	105.15470170901408	74.686002482765	0.4559370404759934	4.426559356136834	4.426559356136834	14.270032930845232	-87.90577585365847	31.29477255346586	-0.6141850360238461	-0.3125640414382892	-0.3016209945855569	1.4025715978559656	-18.009478672985775	15.046466206296529	10.844533793703471	-0.1105524192419847	0.0	0.0	0.0	0.0	0	0	High	4.426559356136834	3.0
2025-10-12 16:00:00	10.38	10.95	10.37	10.88	244630.24356	2612602.9489658	EGLDUSDT	0.0	5.593056894889104	105.06699415099484	74.59305571378638	0.4375606255126158	4.816955684007707	4.816955684007707	5.593056894889104	0.0065591777065495	35.74950693704734	-0.6926246406361773	-0.3885761612778668	-0.3040484793583105	1.3438164837233966	-19.04761904761904	15.114752177126803	10.550247822873196	0.0722427127973955	0.0	0.0	0.0	0.0	0	0	High	4.816955684007707	3.0
2025-10-13 16:00:00	10.88	11.71	10.1	10.76	484066.85674	5322677.8605969	EGLDUSDT	0.0	15.940594059405951	104.01969840435508	74.40202749062684	0.7688941336000887	-1.1029411764705974	-1.1029411764705974	15.940594059405951	97.87694673217044	35.16028308294079	-0.7557596625901546	-0.4620128615403244	-0.2937468010498301	1.3628295920288684	-22.534197264218868	15.156144904723504	10.264855095276497	0.101229925850475	0.0	0.0	0.0	0.0	0	0	Negative	-1.1029411764705974	0.0
2025-10-14 16:00:00	10.76	10.98	10.15	10.23	135891.93337	1438357.3650922	EGLDUSDT	0.0	8.177339901477833	103.96418531098855	74.40728904116546	0.2169568252506212	-4.925650557620812	-4.925650557620812	8.177339901477833	-71.92703208701815	32.60426465381194	-0.838890979931989	-0.5373884852186575	-0.3015024947133315	1.324770335455378	-28.56145251396648	15.27033281399306	9.92166718600694	0.057646679646556	0.0	0.0	0.0	0.0	0	0	Negative	-4.925650557620812	0.0
2025-10-15 16:00:00	10.23	10.35	9.71	9.79	212547.66893	2113681.182448	EGLDUSDT	0.0	6.591143151390306	4.685667145372686	74.34711764545892	0.8040382975793877	-4.3010752688172165	-4.3010752688172165	6.591143151390306	56.40933472576732	30.614506164189837	-0.9295620578501538	-0.6158231997449568	-0.3137388581051969	1.2758581686371369	-26.776364996260288	15.40236634916497	9.519633650835033	0.0459593122838511	0.0	0.0	0.0	0.0	0	0	Negative	-4.3010752688172165	0.0
2025-10-16 16:00:00	9.79	10.05	8.94	9.39	225522.3097	2135709.5618065	EGLDUSDT	0.0	12.416107382550347	4.334835464478238	74.15311524432663	0.8656229587734301	-4.085801838610814	-4.085801838610814	12.416107382550347	6.10434395037898	28.888497732322804	-1.0219161837649526	-0.6970417965489559	-0.3248743872159967	1.264011156591627	-32.44604316546763	15.49370932444531	9.063290675554688	0.0508068513551099	0.0	0.0	0.0	0.0	2025-10-22 17:57:43.385670+00:00	2025-10-22 17:57:43.389776+00:00	Negative	-4.085801838610814	0.0
2025-10-17 16:00:00	9.39	9.78	9.33	9.68	63724.8	610429.5465	EGLDUSDT	0.0	4.823151125401921	4.528480055070858	74.1545335732101	0.2840409951696357	3.0883919062832708	3.0883919062832708	4.823151125401921	-71.74346073132648	31.886761749230487	-1.059493733313417	-0.7695321839018482	-0.2899615494115687	1.2058675025493677	-31.54172560113155	15.484828187672823	8.726171812327179	0.1411268948591932	0.0	0.0	0.0	0.0	2025-10-22 17:57:43.385670+00:00	2025-10-22 17:57:43.389776+00:00	High	3.0883919062832708	3.0
2025-10-18 16:00:00	9.68	9.99	9.46	9.9	52319.8	509353.959	EGLDUSDT	0.0	5.602536997885828	3.0090021344246014	74.18105240572298	0.3791254074425315	2.27272727272728	2.27272727272728	5.602536997885828	-17.89727076428643	34.15486629713402	-1.0593109731782988	-0.8274879417571384	-0.2318230314211604	1.15759125236727	-26.064227035100824	15.420586736547303	8.468413263452694	0.2059193059677876	0.0	0.0	0.0	0.0	2025-10-22 17:57:43.385670+00:00	2025-10-22 17:57:43.389776+00:00	High	2.27272727272728	3.0
2025-10-19 16:00:00	9.9	10.26	9.63	9.93	50672.1	505705.181	EGLDUSDT	0.0	6.542056074766345	3.008843077507473	74.22523752881852	0.4189253979170437	0.3030303030302965	0.3030303030302965	6.542056074766345	-3.149285738859866	34.47528652810426	-1.0447027027228266	-0.8709308939502761	-0.1737718087725505	1.119906162912465	-24.48669201520913	15.374217043310756	8.241782956689244	0.2366957791418482	0.0	0.0	0.0	0.0	2025-10-22 17:57:43.385670+00:00	2025-10-22 17:57:43.389776+00:00	Low	0.3030303030302965	1.0
2025-10-20 16:00:00	9.93	10.33	9.54	10.3	85671.2	843762.158	EGLDUSDT	0.0	8.28092243186584	3.0189428552076287	3.957244403964686	0.8963106276153698	3.7260825780463342	3.7260825780463342	8.28092243186584	69.06976422923069	38.45329931506715	-0.9918363631611556	-0.895111987792452	-0.0967243753687034	1.096341436990146	-19.78193146417445	15.192388993036506	8.109611006963494	0.3092556335019262	0.0	0.0	0.0	0.0	2025-10-22 17:57:43.385670+00:00	2025-10-22 17:57:43.389776+00:00	High	3.7260825780463342	3.0
2025-10-21 16:00:00	10.3	10.37	9.43	9.57	76732.8	747697.881	EGLDUSDT	0.0	9.96818663838812	2.0822329139975126	3.5076854947298326	1.165724307222244	-7.087378640776702	-7.087378640776702	9.96818663838812	-10.433377844596544	34.059814389722405	-0.9973475060896356	-0.9155590914518889	-0.0817884146377467	1.08517419149085	-25.46728971962616	14.930468495066163	7.939531504933831	0.233226032128106	0.0	0.0	0.0	0.0	2025-10-22 17:57:43.385670+00:00	2025-10-22 17:57:43.389776+00:00	Negative	-7.087378640776702	0.0
2025-10-22 16:00:00	9.57	9.79	9.11	9.71	85104.5	807013.535	EGLDUSDT	0.0	7.464324917672885	1.6729796450544574	3.3896149025890168	1.2140428370409848	1.4629049111807793	1.4629049111807793	7.464324917672885	10.910197464448052	35.57996407446929	-0.9791314784001006	-0.9282735688415312	-0.0508579095585695	1.056233177812932	-2.3138832997987797	14.511501511944038	7.897498488055961	0.2740400186389016	-0.011235	0.0	-11235000.000000011	-0.0056175	2025-10-23 19:17:46.979131+00:00	2025-10-23 19:17:46.983198+00:00	Medium	1.4629049111807793	2.0
2025-10-23 16:00:00	9.71	10.0	9.58	9.67	156931.2	1534695.73	EGLDUSDT	0.0	4.384133611691022	2.072515878549124	2.4379381255869745	1.7240950465358182	-0.4119464469619044	-0.4119464469619044	4.384133611691022	84.39823981105583	35.32935973073454	-0.956892351539068	-0.9339973253810384	-0.0228950261580294	1.010787950826294	-6.840077071290953	14.233908032593272	7.805091967406724	0.29008576597675	-0.007417	0.0	-7417000.000000009	-0.0037085	2025-10-24 23:31:49.026347+00:00	2025-10-24 23:31:49.030302+00:00	Negative	-0.4119464469619044	0.0
2025-10-24 16:00:00	9.67	9.9	9.63	9.8	150023.7	1466878.731	EGLDUSDT	0.0	2.8037383177570048	2.9256177776149426	2.816504146711464	1.3528728857486356	1.344364012409522	1.344364012409522	2.8037383177570048	-4.401610387227014	36.88526061189732	-0.918193407684539	-0.9308365418417386	0.0126431341571995	0.9578745257672728	-9.926470588235292	13.781366865904197	7.847633134095805	0.3290283915906661	-0.00017	0.0	-170000.0000000057	-8.500000000000285e-05	2025-10-25 23:30:42.955139+00:00	2025-10-25 23:30:42.959111+00:00	Medium	1.344364012409522	2.0
2025-10-25 16:00:00	9.8	10.02	9.67	9.98	37543.6	369480.708	EGLDUSDT	0.0	3.6194415718717647	2.9902040420280622	3.001931063397432	0.3707381544026711	1.836734693877548	1.836734693877548	3.6194415718717647	-74.97488730113974	39.07106935213393	-0.8630510054317355	-0.917279434559738	0.0542284291280024	0.9144549167838962	-7.2490706319702545	13.16711145041574	8.04588854958426	0.3776659379738613	0.0013189999999999	0.0	1318999.9999999956	0.0006594999999999	2025-10-26 23:32:15.711293+00:00	2025-10-26 23:32:15.715289+00:00	Medium	1.836734693877548	2.0
2025-10-26 16:00:00	9.98	10.12	9.64	9.78	50209.3	497172.852	EGLDUSDT	0.0	4.979253112033181	1.7727274187382047	2.216890957749481	0.523218141760851	-2.004008016032075	-2.004008016032075	4.979253112033181	33.73597630488287	37.51637710965911	-0.825967345485159	-0.8990170167448222	0.0730496712596631	0.8834224227279036	-4.398826979472151	12.665074808933417	8.186925191066583	0.3557439891193892	0.0107809999999999	0.0	10780999.99999999	0.0053904999999999	2025-10-27 23:31:42.678371+00:00	2025-10-27 23:31:42.681997+00:00	Negative	-2.004008016032075	0.0
2025-10-27 16:00:00	9.78	10.01	9.55	9.86	60070.5	589778.04	EGLDUSDT	0.0	4.81675392670156	0.9050759444166512	2.2172200598117686	0.6604371844478947	0.8179959100204507	0.8179959100204507	4.81675392670156	19.6401861806478	38.56935412153915	-0.7811186962907186	-0.8754373526540015	0.0943186563632828	0.8531779639616247	0.7150153217568977	12.128382695832878	8.394617304167125	0.3924678018345228	0.009926	0.0	9926000.0	0.004963	2025-10-28 23:33:34.891301+00:00	2025-10-28 23:33:34.895141+00:00	Medium	0.8179959100204507	2.0
2025-10-28 16:00:00	9.86	9.92	9.33	9.62	35801.0	343399.186	EGLDUSDT	0.0	6.323687031082528	1.3516813777219978	2.220142480599563	0.536508375141354	-2.4340770791075075	-2.4340770791075075	6.323687031082528	-40.401694675423045	36.577869176079474	-0.7562245273060046	-0.8515947875844022	0.0953702602783975	0.8343795379643658	2.449414270500518	11.561369261775411	8.639630738224588	0.33554312060203	-0.000242	0.0	-242000.0000000049	-0.000121	2025-10-29 23:33:53.847960+00:00	2025-10-29 23:33:53.852211+00:00	Negative	-2.4340770791075075	0.0
2025-10-29 16:00:00	9.62	9.95	9.04	9.07	138581.8	1331155.566	EGLDUSDT	0.0	10.066371681415932	2.487048470287471	2.580632885137565	2.1505141738427134	-5.717255717255706	-5.717255717255706	10.066371681415932	287.0891874528644	32.44359086881806	-0.7719772493002495	-0.8356712799275717	0.0636940306273222	0.8397809995383396	-6.301652892561978	10.75070376176589	9.073296238234112	-0.0019650789613557	-0.014088	0.0	-14088000.000000011	-0.007044	2025-10-30 23:36:49.247673+00:00	2025-10-30 23:36:49.251734+00:00	Negative	-5.717255717255706	0.0
2025-10-30 16:00:00	9.07	9.32	8.71	9.19	91784.5	834277.67	EGLDUSDT	0.0	7.003444316877146	2.1245265959111608	2.500437118437775	1.2190889503465427	1.3230429988974557	1.3230429988974557	7.003444316877146	-33.768719990648115	34.191294914686225	-0.7659490144034304	-0.8217268268227435	0.055777812419313	0.8233680709998868	-7.17171717171718	10.769988135041586	8.979011864958416	0.1178062147254389	-0.001492	0.0	-1492000.0000000054	-0.000746	2025-10-31 23:31:08.956750+00:00	2025-10-31 23:31:08.960628+00:00	Medium	1.3230429988974557	2.0
2025-10-31 16:00:00	9.19	9.55	8.92	9.51	73632.6	677222.577	EGLDUSDT	0.0	7.0627802690583055	1.9115204221590063	2.150945270520688	0.9207058086820132	3.4820457018498403	3.4820457018498403	7.0627802690583055	-19.77665074168296	38.74237916643424	-0.7269702091206991	-0.8027755032823346	0.0758052941616355	0.8095560659284665	-4.229607250755286	10.708380191251353	8.953619808748646	0.3170690407643137	0.0033369999999999	0.0	3336999.9999999944	0.0016684999999999	2025-11-01 23:19:43.098579+00:00	2025-11-01 23:19:43.102152+00:00	High	3.4820457018498403	3.0
2025-11-01 16:00:00	9.51	9.96	9.47	9.51	54220.3	526820.041	EGLDUSDT	0.0	5.174234424498418	1.8109318846185896	2.0810310623155104	0.6880395979698504	0.0	0.0	5.174234424498418	-26.36373019559272	38.74237916643424	-0.688146698325161	-0.7798497422909	0.091703043965739	0.7867306326478618	-7.669902912621368	10.50516748952695	9.019832510473048	0.3300046766818676	-0.015254	0.0	-15254000.00000001	-0.007627	2025-11-02 23:20:00.222691+00:00	2025-11-02 23:20:00.226971+00:00	Low	0.0	1.0
2025-11-02 16:00:00	9.51	9.78	8.19	8.48	138941.3	1223261.531	EGLDUSDT	0.0	19.413919413919416	5.683168283912281	4.772955025905394	1.3973485423721312	-10.83070452155625	-10.83070452155625	19.413919413919416	156.25328520867643	30.792899135964475	-0.7320525323363452	-0.7702903002999891	0.0382377679636439	0.8441070160301575	-11.389759665621732	10.441929896084256	8.855070103915745	-0.2363599517530124	-0.005317	0.0	-5316999.999999999	-0.0026585	2025-11-03 23:20:54.495458+00:00	2025-11-03 23:20:54.499323+00:00	Negative	-10.83070452155625	0.0
2025-11-03 16:00:00	8.48	8.81	8.25	8.47	90228.6	763696.339	EGLDUSDT	0.0	6.787878787878794	5.824079683710092	4.53225540778535	1.0052042379881077	-0.1179245283018842	-0.1179245283018842	6.787878787878794	-35.059913790931844	30.72697874806745	-0.7589069318341508	-0.7680136266068215	0.0091066947726706	0.8238136577422892	-12.770339855818744	10.459776931762558	8.661223068237444	-0.1063204567377545	0.024123	0.0	24123000.0	0.0120615	2025-11-04 23:21:25.636655+00:00	2025-11-04 23:21:25.640621+00:00	Negative	-0.1179245283018842	0.0
2025-11-04 16:00:00	8.47	8.56	7.77	8.52	144212.0	1177233.971	EGLDUSDT	0.0	10.16731016731018	5.7117048387379805	4.375638839819123	1.4385673141609483	0.5903187721369414	0.5903187721369414	10.16731016731018	59.82958840101696	31.51640293028161	-0.7673095874881692	-0.7678728187830911	0.0005632312949218	0.8213983964749829	-11.892450879007242	10.496281742052904	8.4977182579471	0.0111488787972475	0.0072589999999999	0.0	7258999.999999993	0.0036294999999999	2025-11-05 23:21:32.757354+00:00	2025-11-05 23:21:32.761280+00:00	Medium	0.5903187721369414	2.0
2025-11-05 16:00:00	8.52	8.59	8.03	8.09	39043.6	323385.337	EGLDUSDT	0.0	6.973848069738488	5.722181804451454	4.257410014308177	0.4183429916223397	-5.046948356807509	-5.046948356807509	6.973848069738488	-72.92624746900395	28.50762290865704	-0.7994505902086892	-0.7741883730682109	-0.0252622171404783	0.8027270824410556	-17.448979591836743	10.60473355882753	8.259266441172468	-0.0721674756803651	0.0019409999999999	0.0	1940999.9999999905	0.0009704999999999	2025-11-06 23:21:16.996675+00:00	2025-11-06 23:21:17.000593+00:00	Negative	-5.046948356807509	0.0
2025-11-06 16:00:00	8.09	9.34	7.98	9.32	111386.6	979591.153	EGLDUSDT	0.0	17.042606516290718	5.834199014742938	4.8367876872328255	1.063230498111823	15.203955500618052	15.203955500618052	17.042606516290718	185.287729615097	44.75456201491034	-0.7174020813406212	-0.7628311147226929	0.0454290333820717	0.842532290838123	-6.6132264529058125	10.581996575337568	8.246003424662431	0.4597601559864026	-0.00194	0.0	-1940000.000000002	-0.00097	2025-11-07 23:20:40.391275+00:00	2025-11-07 23:20:40.395312+00:00	Very High	15.203955500618052	4.0
2025-11-07 16:00:00	9.32	10.7	9.28	9.92	446082.4	4530525.466	EGLDUSDT	0.0	15.301724137931036	4.725962014471974	4.9915114393559765	2.684160792689649	6.437768240343343	6.437768240343343	15.301724137931036	300.481206895623	50.64652942081632	-0.5970802914144642	-0.7296809500610472	0.132600658646583	0.8837799843496856	1.4314928425357931	10.584692267222575	8.245307732777423	0.7158687434940126	0.0	0.0	0.0	0.0	2025-11-09 23:20:01.815198+00:00	2025-11-09 23:20:01.819139+00:00	0	0.0	0.0
2025-11-08 16:00:00	9.92	10.78	9.57	10.07	231707.2	2342871.321	EGLDUSDT	0.0	12.64367816091953	4.014282909738199	5.033032902371635	1.1913802078459383	1.5120967741935518	1.5120967741935518	12.64367816091953	-48.05730959123248	52.02409345803049	-0.4840409370117537	-0.6805529474511886	0.1965120104394347	0.9070814140389938	2.129817444219076	10.605530312243962	8.238469687756039	0.7737572469822924	0.014253999999999998	0.0	14253999.999999996	0.007126999999999999	2025-11-09 23:20:01.815198+00:00	2025-11-09 23:20:01.819139+00:00	Medium	1.5120967741935518	2
