timestamp	open	high	low	close	volume	quoteVolume	symbol	gap_apertura_pct	volatilidad_diaria	vol_5d	vol_10d	vol_rel_5d	return_pct	close_open_pct	range_pct	volume_change_pct	rsi_14	macd	macd_signal	macd_diff	atr_14	momentum_12	bb_upper	bb_lower	bb_pctb	vader	finbert	sentiment_ratio	sentiment_combined	download_date	added_date	target_category	target	target_num
2025-07-15 16:00:00	3038.99	3266.25	3029.5	3243.59	4364261.923815	13714979221.272724	ETHUSDT	0.0	7.8148209275458	0.0	0.0	0.0	0.0	6.732499942415091	7.8148209275458	0.0	0.0	0.0	0.0	0.0	0.0	0.0	0.0	0.0	0.0	0.0	0.0	0.0	0.0	0	0	Very High	5.464624073942761	4
2025-07-16 16:00:00	3243.59	3481.3	3233.69	3420.84	5377985.836786	18168532078.73364	ETHUSDT	0.0	7.657196577284778	0.0	0.0	0.0	5.464624073942761	5.464624073942761	7.657196577284778	23.22784311911458	0.0	0.0	0.0	0.0	0.0	0.0	0.0	0.0	0.0	0.0	0.0	0.0	0.0	0	0	High	4.200722629529584	3
2025-07-17 16:00:00	3420.84	3674.77	3365.0	3564.54	5419373.979826	19211502367.118294	ETHUSDT	0.0	9.205646359583952	0.0	0.0	0.0	4.200722629529584	4.200722629529584	9.205646359583952	0.7695844558923937	0.0	0.0	0.0	0.0	0.0	0.0	0.0	0.0	0.0	0.0	0.0	0.0	0.0	0	0	Negative	-0.3694726388257692	0
2025-07-18 16:00:00	3564.54	3624.99	3476.69	3551.37	2694704.594797	9576776384.080635	ETHUSDT	0.0	4.265551429664415	0.0	0.0	0.0	-0.3694726388257692	-0.3694726388257692	4.265551429664415	-50.2764598858055	0.0	0.0	0.0	0.0	0.0	0.0	0.0	0.0	0.0	0.0	0.0	0.0	0.0	0	0	Very High	6.581685377755633	4
2025-07-19 16:00:00	3551.37	3789.31	3532.0	3785.11	2868598.288156	10529935081.200888	ETHUSDT	0.0	7.285107587768967	1.8177909841829245	0.0	0.6920648302189493	6.581685377755633	6.581685377755633	7.285107587768967	6.453163500546896	0.0	0.0	0.0	0.0	0.0	0.0	0.0	0.0	0.0	0.0	0.0	0.0	0.0	0	0	Medium	0.6488582894552588	2
2025-07-20 16:00:00	3785.11	3858.01	3680.65	3809.67	4043658.357292	15264273973.874107	ETHUSDT	0.0	4.818714085827235	2.06084174178707	0.0	0.9908828492808645	0.6488582894552588	0.6488582894552588	4.818714085827235	40.96286587033264	0.0	0.0	0.0	0.0	0.0	0.0	0.0	0.0	0.0	0.0	0.0	0.0	0.0	0	0	Negative	-2.420157126470279	0
2025-07-21 16:00:00	3809.67	3816.53	3615.05	3717.47	4679417.76	17364107434.9894	ETHUSDT	0.0	5.57336689672342	2.0155443376207582	0.0	1.1873227490297962	-2.420157126470279	-2.420157126470279	5.57336689672342	15.722381727959869	0.0	0.0	0.0	0.0	0.0	0.0	0.0	0.0	0.0	0.0	0.0	0.0	0.0	0	0	Negative	-1.9965191380159035	0
2025-07-22 16:00:00	3717.47	3764.23	3579.28	3643.25	3452191.54	12670738107.4766	ETHUSDT	0.0	5.167240338839091	1.146768448290019	0.0	0.9730748969224212	-1.9965191380159035	-1.9965191380159035	5.167240338839091	-26.22604526764885	0.0	0.0	0.0	0.0	0.0	0.0	0.0	0.0	0.0	0.0	0.0	0.0	0.0	0	0	High	2.3893501681191296	3
2025-07-23 16:00:00	3643.25	3770.98	3505.0	3730.3	4119259.84	14888856250.672	ETHUSDT	0.0	7.588587731811698	1.2657559678531816	0.0	1.0747880815790667	2.3893501681191296	2.3893501681191296	7.588587731811698	19.323038489341755	0.0	0.0	0.0	0.0	0.0	0.0	0.0	0.0	0.0	0.0	0.0	0.0	0.0	0	0	Negative	-2.6271345468192906	0
2025-07-24 16:00:00	3730.3	3753.75	3572.15	3632.3	4122619.64	15120103088.4058	ETHUSDT	0.0	5.0837730778382735	1.1189988836579523	1.6539755669620355	1.0095973772138858	-2.6271345468192906	-2.6271345468192906	5.0837730778382735	0.0815631965571824	0.0	0.0	0.0	0.0	0.0	0.0	0.0	0.0	0.0	0.0	0.0	0.0	0.0	0	0	High	2.8298873991685696	3
2025-07-25 16:00:00	3632.3	3782.53	3615.01	3735.09	1717324.26	6389132927.3438	ETHUSDT	0.0	4.634012077421638	1.155600805747549	1.6672863774460198	0.4746398783191449	2.8298873991685696	2.8298873991685696	4.634012077421638	-58.34385876063987	0.0	0.0	0.0	0.0	0.0	0.0	0.0	0.0	0.0	0.0	0.0	0.0	0.0	0	0	High	2.2178849773365483	3
2025-07-26 16:00:00	3735.09	3840.25	3706.76	3817.93	1875625.54	7091527301.1278	ETHUSDT	0.0	3.601258241698944	1.4658725760024012	1.745434071445214	0.6134699370416636	2.2178849773365483	2.2178849773365483	3.601258241698944	9.217902738997005	0.0	0.0	0.0	0.0	0.0	0.0	0.0	0.0	0.0	0.0	0.0	0.0	0.0	0	0	Negative	-0.3064487824554096	0
2025-07-27 16:00:00	3817.93	3940.88	3772.04	3806.23	3072607.54	11845572196.687	ETHUSDT	0.0	4.476092512274529	1.5036007057144816	1.2737332724247457	1.0305619863093272	-0.3064487824554096	-0.3064487824554096	4.476092512274529	63.81774903747578	0.0	0.0	0.0	0.0	0.0	17.346212067493113	0.0	0.0	0.0	0.0	0.0	0.0	0.0	0	0	Negative	-1.214324935697522	0
2025-07-28 16:00:00	3806.23	3884.83	3725.7	3760.01	3038831.64	11556547076.7076	ETHUSDT	0.0	4.271143677698154	0.5435556770704747	1.2732544770551395	1.0988752967162032	-1.214324935697522	-1.214324935697522	4.271143677698154	-1.0992585144798517	66.9637361685351	0.0	0.0	0.0	202.86357142857145	9.914816243963472	0.0	0.0	0.0	0.0	0.0	0.0	0.0	0	0	Medium	0.9489336464530636	2
2025-07-29 16:00:00	3760.01	3831.91	3714.41	3795.69	2344179.22	8855261592.1366	ETHUSDT	0.0	3.1633556877135267	0.6238725485864426	1.2066275424096398	0.97280406314171	0.9489336464530636	0.9489336464530636	3.1633556877135267	-22.859194002600287	68.6320068154876	0.0	0.0	0.0	196.76617346938772	6.484707704219902	0.0	0.0	0.0	0.0	0.0	0.0	0.0	0	0	Negative	-0.2476493075040398	0
2025-07-30 16:00:00	3795.69	3877.13	3676.41	3786.29	2606513.48	9880828699.0164	ETHUSDT	0.0	5.459673975427122	0.8804867929834301	1.2224242153112763	1.0073281618229628	-0.2476493075040398	-0.2476493075040398	5.459673975427122	11.190878997724404	67.66258704446673	0.0	0.0	0.0	197.04858965014577	6.614911991710244	0.0	0.0	0.0	0.0	0.0	0.0	0.0	0	0	Negative	-4.542705392349767	0
2025-07-31 16:00:00	3786.29	3816.91	3562.5	3614.29	3811362.8	13980905887.6148	ETHUSDT	0.0	7.141333333333328	1.4939774480645578	1.405045911472521	1.2812600138705263	-4.542705392349767	-4.542705392349767	7.141333333333328	46.22455741145831	52.930177005012986	0.0	0.0	0.0	201.1458332465639	-4.51294678358093	0.0	0.0	0.0	0.0	0.0	0.0	0.0	0	0	Negative	-4.330587750291205	0
2025-08-01 16:00:00	3614.29	3632.97	3429.25	3457.77	2969622.26	10425750460.1642	ETHUSDT	0.0	5.940657578187645	1.5325925605349149	1.4327021378857534	1.0052538404667344	-4.330587750291205	-4.330587750291205	5.940657578187645	-22.0850279590282	43.62213751343226	0.0	0.0	0.0	201.3297023003808	-9.237020529337189	0.0	0.0	0.0	0.0	0.0	0.0	0.0	0	0	Low	0.487886701544634	1
2025-08-02 16:00:00	3457.77	3514.64	3352.33	3474.64	2419230.3	8296836511.2952	ETHUSDT	0.0	4.841707111173421	1.4663978782387856	1.1445786979501704	0.8547968405074916	0.487886701544634	0.487886701544634	4.841707111173421	-18.534073084433302	44.74990056427121	0.0	0.0	0.0	198.54258070749643	-6.532130723314511	0.0	0.0	0.0	0.0	0.0	0.0	0.0	0	0	High	4.960513894964662	3
2025-08-03 16:00:00	3474.64	3664.11	3465.59	3647.0	1982767.96	7068190934.966	ETHUSDT	0.0	5.7283175447759245	0.8449482517850285	1.1762097328229972	0.7189413757288083	4.960513894964662	4.960513894964662	5.7283175447759245	-18.041372084336075	54.71665657317377	0.0	0.0	0.0	198.5409677998181	0.1029300761682563	3956.445761890467	3342.892238109533	0.4956499312667084	0.0	0.0	0.0	0.0	0	0	Negative	-2.15080888401426	0
2025-08-04 16:00:00	3647.0	3735.0	3555.0	3568.56	3223367.68	11758673030.9798	ETHUSDT	0.0	5.063291139240507	0.9040123328594636	1.172205806558028	1.1187314816916512	-2.15080888401426	-2.15080888401426	5.063291139240507	62.56908246590792	50.2720517233728	0.0	0.0	0.0	197.216612956974	-4.335844302066864	3913.690843511767	3418.144156488234	0.3035351611676155	0.0	0.0	0.0	0.0	0	0	High	2.636637747438747	3
2025-08-05 16:00:00	3568.56	3668.41	3543.72	3662.65	2127647.94	7668057910.7552	ETHUSDT	0.0	3.518618852505279	0.95356187167951	1.1831572979378782	0.8361663088480026	2.636637747438747	2.636637747438747	3.518618852505279	-33.99301130921559	54.994525110088695	0.0	0.0	0.0	192.0361406029044	0.8355587368884704	3898.907180858599	3457.108819141401	0.4652375351952276	0.0	0.0	0.0	0.0	0	0	High	4.719260644615235	3
2025-08-06 16:00:00	3662.65	3864.96	3636.76	3835.5	2562906.16	9614026000.2748	ETHUSDT	0.0	6.274816045051083	1.0419610927367284	1.236854299668901	1.04048505985591	4.719260644615235	4.719260644615235	6.274816045051083	20.45724820432464	62.11276318680206	0.0	0.0	0.0	194.61927341698265	2.688288635615202	3916.162330044368	3466.9496699556307	0.8204362049181019	0.0	0.0	0.0	0.0	0	0	High	3.0733932994394504	3
2025-08-07 16:00:00	3835.5	4011.78	3779.0	3953.38	2998196.04	11724627707.1244	ETHUSDT	0.0	6.159830643027261	1.1280944304198974	1.2335857998386863	1.162552383616383	3.0733932994394504	3.0733932994394504	6.159830643027261	16.984230121012306	66.05577830758739	0.0	0.0	0.0	197.3450396014839	3.547733981503073	3953.755284736727	3469.557715263273	0.9992249346952836	0.0	0.0	0.0	0.0	0	0	Very High	6.423364311045223	4
2025-08-08 16:00:00	3953.38	4246.5	3949.07	4207.32	3236730.56	13366961915.977	ETHUSDT	0.0	7.531646691499513	1.5050036942986047	1.1521789183370796	1.1438141370485164	6.423364311045223	6.423364311045223	7.531646691499513	7.955934729338113	72.65740437402724	0.0	0.0	0.0	204.49396534423505	10.537723679336237	4056.6289867227392	3408.9050132772604	1.2326469599012684	0.0	0.0	0.0	0.0	0	0	Low	0.2010781209891341	1
2025-08-09 16:00:00	4207.32	4331.12	4160.2	4215.78	2646548.6	11218834232.7626	ETHUSDT	0.0	4.108456324215184	1.6601073892997456	1.265730087481952	0.975001063400298	0.2010781209891341	0.2010781209891341	4.108456324215184	-18.233892165556096	72.84686933580365	143.7618005794161	0.0	0.0	202.095824962504	12.121510315132127	4138.708118784106	3367.436881215895	1.0999283746907231	0.0	0.0	0.0	0.0	0	0	High	2.657871141283468	3
2025-08-10 16:00:00	4215.78	4348.03	4165.0	4327.83	3385990.98	14432911581.6586	ETHUSDT	0.0	4.39447779111644	1.4260081897381491	1.1977425514176572	1.141573152168073	2.657871141283468	2.657871141283468	4.39447779111644	27.93987535312973	75.2891881861388	171.28789064509647	0.0	0.0	200.7339803223251	14.019585371829624	4242.725737527027	3324.455262472972	1.0926788618222347	0.0	0.0	0.0	0.0	0	0	High	3.2995750757307976	3
2025-08-11 16:00:00	4327.83	4479.18	4187.2	4470.63	4139639.78	17937189469.5388	ETHUSDT	0.0	6.973156285823473	1.5277083265756233	1.2943326815319085	1.261538686375376	3.2995750757307976	3.2995750757307976	6.973156285823473	22.257850196635783	78.00448670755179	202.29336986299316	0.0	0.0	207.2515531564448	18.074157024422327	4367.569077338071	3282.3499226619288	1.0949678433317784	0.0	0.0	0.0	0.0	0	0	High	4.330038495692999	3
2025-08-12 16:00:00	4470.63	4736.67	4439.31	4664.21	5037372.48	23267133849.3784	ETHUSDT	0.0	6.698338255269393	1.5747231314894783	1.328586180387391	1.3654167194144229	4.330038495692999	4.330038495692999	6.698338255269393	21.68625164772189	81.04514729678603	239.7223536392603	0.0	0.0	213.68787078812724	29.049135514859078	4523.406080321314	3219.903919678686	1.1080197056284655	0.0	0.0	0.0	0.0	0	0	Negative	-0.9862334671895132	0
2025-08-13 16:00:00	4664.21	4793.28	4455.89	4618.21	5817382.115	27129560013.07965	ETHUSDT	0.0	7.571775784411182	1.5849246981577223	1.4625552347019402	1.383316780147275	-0.9862334671895132	-0.9862334671895132	7.571775784411182	15.484454208952991	78.27600960313949	262.64566168460533	0.0	0.0	222.52373716040384	33.56035826558736	4638.634271461359	3203.266728538641	0.985770702729023	0.0	0.0	0.0	0.0	0	0	Negative	-4.101589143845778	0
2025-08-14 16:00:00	4618.21	4667.12	4392.64	4428.79	2779201.782	12646951433.76519	ETHUSDT	0.0	6.248634078822748	1.2075824508894974	1.4414438860394303	0.6567240097847284	-4.101589143845778	-4.101589143845778	6.248634078822748	-52.22590287074516	67.97624313211449	262.50197811119097	0.0	0.0	226.23489879180357	27.46039877512491	4700.571178685751	3210.699821314249	0.817580774782301	0.0	0.0	0.0	0.0	0	0	Negative	-0.6909336410170805	0
2025-08-15 16:00:00	4428.79	4490.43	4365.65	4398.19	2301936.277	10169109163.44316	ETHUSDT	0.0	2.858222715975872	1.8583093256613383	1.574132211313097	0.5733188607992862	-0.6909336410170805	-0.6909336410170805	2.858222715975872	-17.172754712921392	66.45497257210472	256.95690433588106	0.0	0.0	218.9881203066748	20.597477378667385	4750.768911456973	3218.528088543028	0.7698932790561898	0.0	0.0	0.0	0.0	0	0	High	3.6790134123355385	3
2025-08-16 16:00:00	4398.19	4574.33	4388.11	4560.0	1372851.116	6158414224.85588	ETHUSDT	0.0	4.243740471410249	1.9263296340822604	1.6471467195786036	0.3965773409793794	3.6790134123355385	3.6790134123355385	4.243740471410249	-40.36102868194209	70.24682350221477	262.59210973316385	0.0	0.0	216.64754028476943	27.782635012442	4823.022974776629	3221.6510252233707	0.835751478693001	0.0	0.0	0.0	0.0	0	0	Negative	-4.746052631578949	0
2025-08-17 16:00:00	4560.0	4564.42	4223.48	4343.58	4166305.949	18128355405.22607	ETHUSDT	0.0	8.072489984562505	2.212502244534972	1.8120049910116696	1.267303734105154	-4.746052631578949	-4.746052631578949	8.072489984562505	203.4783524916478	60.41090027571396	246.750380517552	230.2714380351145	16.478942482437503	225.52557312157168	18.59118397881315	4854.365929892767	3248.665070107233	0.6818922237103427	0.0	0.0	0.0	0.0	0	0	Negative	-3.538785978386493	0
2025-08-18 16:00:00	4343.58	4385.92	4168.0	4189.87	3161923.44	13504629796.1708	ETHUSDT	0.0	5.22840690978887	1.978958267684376	1.7214584149026095	1.1471024876427145	-3.538785978386493	-3.538785978386493	5.22840690978887	-24.107267236124912	54.56693759550935	219.2650327786241	228.0701569838164	-8.8051242051923	224.98231789860228	9.2392126189545	4867.311235412041	3275.1377645879597	0.5745179480591337	0.0	0.0	0.0	0.0	0	0	Medium	1.517708186650186	2
2025-08-19 16:00:00	4189.87	4306.66	4056.51	4253.46	3728314.38	15545780091.6226	ETHUSDT	0.0	6.166630921654319	1.9697633192870665	1.6390995100166634	1.2654370263623294	1.517708186650186	1.517708186650186	6.166630921654319	17.912860660535156	56.44413586921703	200.30488816517845	222.51710322008884	-22.212215054910388	226.78000947727352	7.590466891621851	4883.237571941354	3305.9284280586453	0.6007266081073418	0.0	0.0	0.0	0.0	0	0	Negative	-0.2976400389330064	0
2025-08-20 16:00:00	4253.46	4375.84	4224.14	4240.8	2828707.66	12156948514.0034	ETHUSDT	0.0	3.591263547136217	1.7570947916533282	1.7349853130775588	0.9269526311208836	-0.2976400389330064	-0.2976400389330064	3.591263547136217	-24.129046757049487	55.94850744614732	182.15748269122375	214.44517911431583	-32.287696423092086	221.41715165746828	0.7957559681697726	4884.980627726345	3366.8363722736544	0.575678908369443	0.0	0.0	0.0	0.0	0	0	Very High	8.790322580645155	4
2025-08-21 16:00:00	4240.8	4666.0	4202.58	4613.58	4696303.72	20717573526.7152	ETHUSDT	0.0	11.027035773263092	2.8571244190763623	2.3961866809834445	1.2637003959953104	8.790322580645155	8.790322580645155	11.027035773263092	66.022943494981	65.54293796297694	195.60099711828207	210.67634271510912	-15.075345596827049	238.70306939622057	9.435976260620816	4905.581549225288	3461.816450774711	0.7977499597831678	0.0	0.0	0.0	0.0	0	0	High	2.949553275330653	3
2025-08-22 16:00:00	4613.58	4886.99	4613.58	4749.66	4724582.38	22539612426.1596	ETHUSDT	0.0	5.926200477720118	2.78160506057768	2.389725284701928	1.234227783105707	2.949553275330653	2.949553275330653	5.926200477720118	0.6021471711799796	68.26053209436068	214.75997853984245	211.49306988005577	3.2669086597866794	241.18213586791907	9.746917046187118	4931.823503636721	3563.0764963632782	0.8669122177665302	0.0	0.0	0.0	0.0	0	0	Medium	0.9847020628845105	2
2025-08-23 16:00:00	4749.66	4829.14	4718.24	4796.43	1819307.64	8684826689.7234	ETHUSDT	0.0	2.350452711180452	3.326010466026826	2.592624984891485	0.5111214199145928	0.9847020628845105	0.9847020628845105	2.350452711180452	-61.49273113108465	69.16079081444022	231.0541095277904	215.4052778096027	15.648831718187694	231.8762690202106	7.287563497762065	4970.746527173807	3639.096472826192	0.8690973453538393	0.0	0.0	0.0	0.0	0	0	Negative	-3.875382315597228	0
2025-08-24 16:00:00	4796.43	4956.31	4518.0	4610.55	6312668.38	29937026453.1196	ETHUSDT	0.0	9.701416555998238	3.7666297868323535	2.904062209648083	1.54862173231487	-3.875382315597228	-3.875382315597228	9.701416555998238	246.9819090079785	61.67362966350116	226.35903711632272	217.59602967094676	8.76300744537599	246.621535518767	-1.1504627793345463	4942.428242418474	3771.6137575815255	0.716540710149574	0.0	0.0	0.0	0.0	0	0	Negative	-2.038151630499621	0
2025-08-25 16:00:00	4610.55	4643.9	4310.0	4516.58	4044287.72	17999027187.0616	ETHUSDT	0.0	7.74709976798143	3.399636646891103	2.7388010066274484	0.9363012596480648	-2.038151630499621	-2.038151630499621	7.74709976798143	-35.933784628807	58.24099739693982	212.60478907752167	216.59778155226172	-3.9929924747400776	252.85571155314076	-2.200636177220181	4893.7531999195535	3905.681800080448	0.618273335326808	0.0	0.0	0.0	0.0	0	0	High	3.0647082527044818	3
2025-08-26 16:00:00	4516.58	4662.68	4496.11	4655.0	2729469.6	12524309957.1854	ETHUSDT	0.0	3.704758113124471	2.9698746909620155	2.790878048402436	0.6952179575031309	3.0647082527044818	3.0647082527044818	3.704758113124471	-32.510499030469575	61.62886707196564	210.44787350207932	215.3677999422253	-4.919926440145957	246.69244644220217	5.107715651453333	4872.804781467447	4008.580218532553	0.7479766361560178	0.0	0.0	0.0	0.0	0	0	Negative	-3.283780880773355	0
2025-08-27 16:00:00	4655.0	4655.7	4465.65	4502.14	2871145.64	13099748781.4862	ETHUSDT	0.0	4.255819421584768	3.0568943565529363	2.7903594313783264	0.8075505388854259	-3.283780880773355	-3.283780880773355	4.255819421584768	5.19060699558625	56.2058862092731	194.16575590306184	211.1273911343926	-16.961635231330774	242.64655741061637	2.363472246537797	4838.225235086846	4098.035764913155	0.5459470194732972	0.0	0.0	0.0	0.0	0	0	Negative	-4.176680423087687	0
2025-08-28 16:00:00	4502.14	4528.56	4265.02	4314.1	4006928.66	17638241110.6214	ETHUSDT	0.0	6.179103497756164	2.479452924739252	2.7784589553147896	1.003513401287285	-4.176680423087687	-4.176680423087687	6.179103497756164	39.55853037117267	50.337888292356375	164.1960540131995	201.741123710154	-37.5450696969545	244.1389461670009	-5.392543859649114	4831.235832763444	4115.703167236558	0.2772715241691331	0.0	0.0	0.0	0.0	0	0	Medium	1.4044644305880538	2
2025-08-29 16:00:00	4314.1	4413.1	4255.03	4374.69	1811816.42	7870254427.53	ETHUSDT	0.0	3.7148974272801984	1.7851739240854574	2.87498702513922	0.5858308515925068	1.4044644305880538	1.4044644305880538	3.7148974272801984	-54.7829129555803	52.07414298394956	143.67772855517887	190.12844467915895	-46.4507161239801	237.9911642979295	0.7162294697001016	4822.611317711669	4140.21868228833	0.3436017705059346	0.0	0.0	0.0	0.0	0	0	High	2.461431552864324	3
2025-08-30 16:00:00	4374.69	4495.88	4332.32	4482.37	1424461.78	6321942734.5366	ETHUSDT	0.0	3.77534438822618	1.0608401534825824	2.8596811644829474	0.5545318865791514	2.461431552864324	2.461431552864324	3.77534438822618	-21.37935365438403	55.079860251159495	134.5546219592352	179.0136801351742	-44.45905817593902	232.67465256236315	6.98112351934547	4822.996179341824	4155.287820658177	0.4898578474989417	0.0	0.0	0.0	0.0	0	0	Negative	-2.7255670549285327	0
2025-08-31 16:00:00	4482.37	4489.52	4343.75	4360.2	2317987.46	10234442664.7372	ETHUSDT	0.0	3.355856115107924	1.121651428932571	2.284087432570714	0.9322410211826287	-2.7255670549285327	-2.7255670549285327	3.355856115107924	62.72724846292471	51.15956067776072	116.1277478802558	166.43649368419057	-50.30874580393476	226.46717737933724	2.509486394605798	4822.136872217065	4145.104127782935	0.3177037949572789	0.0	0.0	0.0	0.0	0	0	Negative	-1.532269161965036	0
2025-09-01 16:00:00	4360.2	4414.36	4208.29	4293.39	2896520.28	12539445722.189	ETHUSDT	0.0	4.896763293404202	1.157644347943036	2.264379001382523	1.1625407921931363	-1.532269161965036	-1.532269161965036	4.896763293404202	24.95841025818146	49.101388149310814	95.03777248640836	152.15674944463413	-57.11897695822577	225.010236137956	1.2400962082625953	4802.619534157435	4127.539465842565	0.2456753531050478	0.0	0.0	0.0	0.0	0	0	High	4.275642324596641	3
2025-09-02 16:00:00	4293.39	4483.82	4256.01	4476.96	2194759.84	9546954989.8368	ETHUSDT	0.0	5.352665994675752	0.857398490418269	2.069376947871642	1.0308348136191097	4.275642324596641	4.275642324596641	5.352665994675752	-24.227706770967263	54.51590208747034	92.07499663668386	140.1403988830441	-48.06540224636024	225.21021927095916	-2.96125785182006	4788.277803432685	4127.756196567315	0.528678849871237	0.0	0.0	0.0	0.0	0	0	Negative	-3.8809817376076623	0
2025-09-03 16:00:00	4476.96	4487.68	4292.25	4303.21	1994911.84	8770484583.6678	ETHUSDT	0.0	4.553089871279639	0.8150667526082036	1.3642299824544044	0.9211275002813836	-3.8809817376076623	-3.8809817376076623	4.553089871279639	-9.105688757271947	49.18285894627711	74.844046935199	127.08112849347508	-52.23708155827608	223.08306075160493	-9.399620183339437	4788.690063154393	4114.785936845606	0.2796006965953154	0.0	0.0	0.0	0.0	0	0	Negative	-0.5184501802143144	0
2025-09-04 16:00:00	4303.21	4489.72	4253.41	4280.9	3361523.94	14692924216.6742	ETHUSDT	0.0	5.555777599620079	0.8683572238379615	0.9399826167368024	1.3166230818636224	-0.5184501802143144	-0.5184501802143144	5.555777599620079	68.50488691269683	48.52642708752253	58.711376406285126	113.40717807603708	-54.69580166975196	224.0278421264903	-10.748202308800517	4790.348129270433	4101.398870729567	0.2605433231042306	0.0	0.0	0.0	0.0	0	0	Negative	-0.2990025461935405	0
2025-09-05 16:00:00	4280.9	4341.27	4261.36	4268.1	1011812.64	4350211485.2146	ETHUSDT	0.0	1.875222933523588	1.4897313165135848	1.2472338593070031	0.4414721934101488	-0.2990025461935405	-0.2990025461935405	1.875222933523588	-69.90018045208389	48.12952576539299	44.381661588402494	99.60207477851016	-55.22041319010768	213.73371054602677	-7.427530338029081	4779.884905522048	4082.6720944779527	0.2659559643552222	0.0	0.0	0.0	0.0	0	0	Medium	0.6794592441601649	2
2025-09-06 16:00:00	4268.1	4313.2	4234.51	4297.1	1039411.94	4448107725.085	ETHUSDT	0.0	1.8583023773706897	1.8390226924018895	1.476940576606026	0.5412239406061401	0.6794592441601649	0.6794592441601649	1.8583023773706897	2.727708560746971	49.144408011356376	34.962293436632535	86.67411851013465	-51.71182507350211	204.0877312213105	-4.859429037014723	4780.476036550754	4077.432963449248	0.3124517472047362	0.0	0.0	0.0	0.0	0	0	Medium	1.683926368946491	2
2025-09-07 16:00:00	4297.1	4382.0	4268.78	4369.46	1311691.619505	5659491384.525434	ETHUSDT	0.0	2.652280042541435	1.6723325025419975	1.343465617867487	0.7521726514700608	1.683926368946491	1.683926368946491	2.652280042541435	26.195550486460657	51.68459843067061	32.95632359195133	75.93055952649799	-42.974235934546655	197.5971789912169	-6.134049409237378	4773.374761470639	4102.49323852936	0.3979342884570803	0.0	0.0	0.0	0.0	0	0	Negative	-1.9867443574263275	0
2025-09-08 16:00:00	4369.46	4379.88	4275.08	4282.65	1605683.945071	6942645647.813386	ETHUSDT	0.0	2.451416113850505	1.5369417256284512	1.4060322987879088	0.9637815288034384	-1.9867443574263275	-1.9867443574263275	2.451416113850505	22.41321978385021	48.55141831087346	24.08410991202163	65.56126960360271	-41.47715969158108	190.9688090632729	-4.875237109463514	4771.851733002287	4106.935266997713	0.2642658769726987	0.0	0.0	0.0	0.0	0	0	High	2.812744445611947	3
2025-09-09 16:00:00	4282.65	4452.0	4276.4	4403.11	1637527.524104	7125073988.940017	ETHUSDT	0.0	4.106257599850351	0.9176601450853366	1.4136367231699647	1.2394004523009785	2.812744445611947	2.812744445611947	4.106257599850351	1.9831785159682904	52.82501715149896	26.467827286298416	57.74258114014185	-31.27475385384344	189.87103698732489	2.063234510094789	4767.884489318398	4127.133510681602	0.4307078701706243	0.0	0.0	0.0	0.0	0	0	Low	0.1653376817749421	1
2025-09-10 16:00:00	4403.11	4480.0	4298.25	4410.39	2287329.805811	10044531003.46013	ETHUSDT	0.0	4.228465072994823	1.0536425542350678	1.4193020754886396	1.4510485145190617	0.1653376817749421	0.1653376817749421	4.228465072994823	39.68191509101808	53.07868401206287	28.614525203053745	51.91696995272423	-23.302444749670485	189.29096291680165	0.8160578235257979	4748.777246064802	4125.921753935199	0.456716284369874	0.0	0.0	0.0	0.0	0	0	High	2.928085724845181	3
2025-09-11 16:00:00	4410.39	4570.0	4405.11	4539.53	1483938.273311	6685314523.612548	ETHUSDT	0.0	3.7431528384081294	0.8299414007585565	1.361724470465823	0.8911288534695956	2.928085724845181	2.928085724845181	3.7431528384081294	-35.123554568255535	57.44957496648014	40.27208596173023	49.58799315452543	-9.3159071927952	187.54803699417295	1.275218243920066	4708.136967379328	4145.549032620672	0.7003011316770263	0.0	0.0	0.0	0.0	0	0	High	2.484398164567712	3
2025-09-12 16:00:00	4539.53	4765.75	4530.94	4652.31	1901408.247603	8891006434.620586	ETHUSDT	0.0	5.182368338578759	0.988551513165724	1.338764812074294	1.0663033738924848	2.484398164567712	2.484398164567712	5.182368338578759	28.132570053640464	60.87714486926791	57.94325651668533	51.25904582695741	6.684210689727912	190.9238914945892	6.699463327370318	4668.166181071363	4171.107818928638	0.9680999611333172	0.0	0.0	0.0	0.0	0	0	Negative	-1.5330018850850569	0
2025-09-13 16:00:00	4652.31	4690.94	4576.07	4580.99	1183203.616214	5483153389.899011	ETHUSDT	0.0	2.5102325794841405	0.9664785399746852	1.3365298692742598	0.696542359945163	-1.5330018850850569	-1.5330018850850569	2.5102325794841405	-37.77224761144277	57.71117855898677	65.43852397123192	54.09494145581232	11.343582515419598	185.49147067354716	6.698669349861053	4662.444528257411	4173.873471742589	0.8332800783606391	0.0	0.0	0.0	0.0	0	0	Negative	-1.8129269000805543	0
2025-09-14 16:00:00	4580.99	4667.8	4463.91	4497.94	1672890.670564	7634065468.950843	ETHUSDT	0.0	4.567520402517084	1.0058463354615197	1.1891725224245526	0.9807337694810496	-1.8129269000805543	-1.8129269000805543	4.567520402517084	41.38654138979854	54.17782906017264	63.94007512255757	56.06396818916137	7.876106933396201	186.80565133972237	0.4686215646331341	4660.141815859392	4174.312184140608	0.6661343704262146	0.0	0.0	0.0	0.0	0	0	Negative	-0.7029884791704623	0
2025-09-15 16:00:00	4497.94	4536.16	4421.82	4466.32	1072154.202048	4811251106.309382	ETHUSDT	0.0	2.585813081491336	1.1839807224444585	1.1121480388549123	0.7329871291889564	-0.7029884791704623	-0.7029884791704623	2.585813081491336	-35.91008540405496	52.85108404094398	59.515021749692096	56.75417890126752	2.760842848424573	181.62953338688504	3.790426216707985	4626.485548944865	4189.100451055135	0.6338111432748342	0.0	0.0	0.0	0.0	0	0	Low	0.4836196242096484	1
2025-09-16 16:00:00	4466.32	4552.9	4444.63	4487.92	1323198.054092	5954818246.371804	ETHUSDT	0.0	2.435973298114793	1.3141518440810596	1.036243103390608	0.924944020844313	0.4836196242096484	0.4836196242096484	2.435973298114793	23.414901659151536	53.6854562424815	57.09294264844812	56.82193165070364	0.2710109977444759	176.3895667163932	4.835898993202375	4624.632465005254	4189.531534994747	0.6857913748840933	0.0	0.0	0.0	0.0	0	0	High	2.431193069395169	3
2025-09-17 16:00:00	4487.92	4642.09	4410.05	4597.03	3288142.380643	14833907060.379025	ETHUSDT	0.0	5.26161834899831	1.3403892785367095	1.1376386915676344	1.9252345810059488	2.431193069395169	2.431193069395169	5.26161834899831	148.4996384686627	57.752549307476166	63.24860212583826	58.107265745730565	5.141336380107696	180.36459766522225	7.706707902813884	4649.295659080394	4193.161340919604	0.885416078116774	0.0	0.0	0.0	0.0	0	0	Negative	-2.7143612288803807	0
2025-09-18 16:00:00	4597.03	4634.29	4443.0	4472.25	1558478.263476	7077615421.22547	ETHUSDT	0.0	4.305424262885437	1.2560651995272754	1.0585544344545257	0.8740898001942866	-2.7143612288803807	-2.7143612288803807	4.305424262885437	-52.60307848435573	52.116121874920935	57.39667035312959	57.96514666721037	-0.568476314080776	181.1449835462778	4.076004747387764	4654.156761589418	4198.0562384105815	0.6011695835786343	0.0	0.0	0.0	0.0	0	0	Medium	0.5238973670971053	2
2025-09-19 16:00:00	4472.25	4505.0	4433.0	4495.68	678732.798678	3031820756.828904	ETHUSDT	0.0	1.6241822693435597	1.4922568604940274	1.2723227666848476	0.4284547516827254	0.5238973670971053	0.5238973670971053	1.6241822693435597	-56.44900448183554	53.04283773268783	54.026790242282	57.1774753822247	-3.150685139942695	173.34891329297224	2.8886864738434554	4655.551650196433	4197.992349803567	0.6505990588341994	0.0	0.0	0.0	0.0	0	0	Negative	-0.3487792725460951	0
2025-09-20 16:00:00	4495.68	4506.33	4441.79	4480.0	517730.652274	2316022105.296047	ETHUSDT	0.0	1.4530178148899422	1.689816378411111	1.4244054010061815	0.351419238219668	-0.3487792725460951	-0.3487792725460951	1.4530178148899422	-23.72099104649009	52.31316730361149	49.5200546540982	55.6459912365994	-6.125936582501197	165.57684805775992	4.608128144956987	4660.526979099075	4204.997020900924	0.6036989975079801	0.0	0.0	0.0	0.0	0	0	Negative	-7.0111607142857215	0
2025-09-21 16:00:00	4480.0	4496.9	4045.12	4165.9	3199626.905735	13571976236.2751	ETHUSDT	0.0	11.16851910450122	3.946417002212442	2.857155042398444	1.730891999899153	-7.0111607142857215	-7.0111607142857215	11.16851910450122	518.0099423670308	40.34141580868482	20.368395094648804	48.59047200820928	-28.22207691356048	186.0199303393485	-5.387328501899795	4675.531039420556	4177.243960579443	-0.0227659135890637	0.0	0.0	0.0	0.0	0	0	Low	0.3252598478120018	1
2025-09-22 16:00:00	4165.9	4226.66	4112.93	4179.45	1367666.788204	5705947000.96525	ETHUSDT	0.0	2.7651819992073667	4.024636978322079	2.858548973138948	0.9339134239259704	0.3252598478120018	0.3252598478120018	2.7651819992073667	-57.255429195429045	40.9690155362019	-1.62243100001524	38.547891406564375	-40.170322406579615	180.85636388653785	-5.2362716222375	4681.459201252397	4141.564798747604	0.0701715021986348	0.0	0.0	0.0	0.0	0	0	Negative	-0.378279438682111	0
2025-09-23 16:00:00	4179.45	4205.53	4072.85	4163.64	1529512.11045	6353367656.511353	ETHUSDT	0.0	3.2576696907570826	4.049095516652258	2.8287256812299506	1.0485778441059947	-0.378279438682111	-0.378279438682111	3.2576696907570826	11.833680808944177	40.43452574377967	-20.094418042844158	26.81942951668267	-46.91384755952683	177.41519503749942	-8.280372637695962	4691.968596414828	4117.098403585171	0.080960183699454	0.0	0.0	0.0	0.0	0	0	Negative	-3.921088278525526	0
2025-09-24 16:00:00	4163.64	4191.67	3924.41	4000.38	2462792.550578	9945760297.993792	ETHUSDT	0.0	6.810195672725333	3.9337423646862177	2.9691993928101854	1.3565623481386575	-3.921088278525526	-3.921088278525526	6.810195672725333	61.01817917959591	35.31143694264401	-47.36136609015557	11.983270395315024	-59.3446364854706	183.83268110624948	-14.013038684008594	4724.338268197004	4056.676731802997	-0.0843192676742343	0.0	0.0	0.0	0.0	0	0	Negative	-1.4256145666161764	0
2025-09-25 16:00:00	4000.38	4003.93	3821.02	3943.35	2301293.009879	9009486276.050312	ETHUSDT	0.0	4.786941706664709	3.410732975439736	2.9201606260650737	1.0594402119367992	-1.4256145666161764	-1.4256145666161764	4.786941706664709	-6.557577927588632	33.70493488761677	-72.73403061622412	-4.960189806992807	-67.77384080923132	183.76677531294595	-13.919261993586538	4758.173116580213	3990.366883419786	-0.0612353500000336	0.0	0.0	0.0	0.0	0	0	Medium	1.8651654050490112	2
2025-09-26 16:00:00	3943.35	4065.77	3940.13	4016.9	933915.837883	3747346407.2708273	ETHUSDT	0.0	3.188727275495983	1.667308141888691	2.8736141257129115	0.5432787944015667	1.8651654050490112	1.8651654050490112	3.188727275495983	-59.41777801114928	37.64498095484097	-85.91678452563701	-21.15150875072165	-64.76527577491537	179.61486279059267	-10.69467356167489	4773.718709087136	3946.801290912864	0.0847711120197526	0.0	0.0	0.0	0.0	0	0	Low	0.0497896387761706	1
2025-09-27 16:00:00	4016.9	4032.01	3964.01	4018.9	584977.034355	2340534381.6933427	ETHUSDT	0.0	1.715434623020628	1.93218234519396	2.98080268105907	0.3743857551727105	0.0497896387761706	0.0497896387761706	1.715434623020628	-37.36298169211632	37.75331583866626	-95.1065001580755	-35.942507032192424	-59.16399312588308	171.6423725912646	-10.017643160364678	4782.0582829651785	3903.405717034821	0.1314447683230611	0.0	0.0	0.0	0.0	0	0	High	3.585309413023456	3
2025-09-28 16:00:00	4018.9	4203.64	4018.89	4162.99	1228231.141141	5056740416.961669	ETHUSDT	0.0	4.597040476350447	1.904538438254404	2.984378146685618	0.8175987695905402	3.585309413023456	3.585309413023456	4.597040476350447	109.96228381773254	45.14737394165217	-89.7282260791244	-46.699650841578816	-43.02857523754558	172.5786316918886	-7.240102319114429	4782.398936290807	3891.0990637091927	0.3050498992031559	0.0	0.0	0.0	0.0	0	0	Negative	-1.076149594402105	0
2025-09-29 16:00:00	4162.99	4242.71	4093.0	4118.19	1226026.445332	5113264069.14092	ETHUSDT	0.0	3.657708282433424	1.237577885740472	2.8608821009886847	0.9770001526585704	-1.076149594402105	-1.076149594402105	3.657708282433424	-0.1795017025013569	43.42038650520014	-88.06572386821881	-54.97286544690682	-33.09285842131199	170.94515799961087	-10.41629051800837	4776.887113371055	3868.118886628944	0.2751758985539665	0.0	0.0	0.0	0.0	0	0	Very High	5.021623577348306	4
2025-09-30 16:00:00	4118.19	4342.47	4090.17	4324.99	1366897.764055	5763121069.850737	ETHUSDT	0.0	6.16844776622977	1.655498393409087	2.717156047969121	1.2798552625681947	5.021623577348306	5.021623577348306	6.16844776622977	11.490071789181746	52.46040581269351	-69.26272955633249	-57.83083826879196	-11.43189128754053	176.7562181424958	-3.292749734473704	4770.834815025083	3865.631184974916	0.5074646187616656	0.0	0.0	0.0	0.0	0	0	High	2.548213984309791	3
2025-10-01 16:00:00	4324.99	4441.06	4286.03	4435.2	1371938.558326	5995651038.679326	ETHUSDT	0.0	3.6171002069514366	1.6224753036798782	1.5549293639950228	1.1871942831875812	2.548213984309791	2.548213984309791	3.6171002069514366	0.3687762467359899	56.453569344762734	-44.95003908911349	-55.25467843285627	10.304639343742778	175.20434541803186	-1.3452914798206383	4757.630196202669	3868.40280379733	0.6374041117531218	0.0	0.0	0.0	0.0	0	0	High	2.209370490620486	3
2025-10-02 16:00:00	4435.2	4558.5	4423.43	4533.19	1297922.319675	5816082603.592822	ETHUSDT	0.0	3.0535127717630823	1.2225948985483053	1.5308112420669604	0.9997836039682312	2.209370490620486	2.209370490620486	3.0535127717630823	-5.395011183395317	59.695202103462336	-17.572517622327723	-47.71824627075056	30.14572864842284	172.33760645960098	1.1872767857142768	4736.258241488698	3877.862758511301	0.7634327701907936	0.0	0.0	0.0	0.0	0	0	Negative	-1.7528495386251193	0
2025-10-03 16:00:00	4533.19	4589.0	4439.0	4453.73	1028977.573636	4633157729.688512	ETHUSDT	0.0	3.379139445821131	1.2494166384601586	1.5239811977802422	0.8177180458588145	-1.7528495386251193	-1.7528495386251193	3.379139445821131	-20.72117429233698	56.05144397523454	-2.2613253891222485	-38.6268620944249	36.36553670530265	170.74206314105805	6.909191291197579	4717.043107008168	3884.3518929918328	0.6837806108964148	0.0	0.0	0.0	0.0	0	0	Medium	1.7470749237156362	2
2025-10-04 16:00:00	4453.73	4617.0	4438.09	4531.54	1066227.697578	4839968781.739797	ETHUSDT	0.0	4.0312386634791055	1.2367917946272342	1.1914353126443793	0.8694014777799071	1.7470749237156362	1.7470749237156362	4.0312386634791055	3.620110379118628	58.70931406328375	15.967458558707222	-27.70799796379848	43.6754565225057	171.32548720241104	8.424314204022064	4722.150183812322	3882.604816187679	0.7729602339994768	0.0	0.0	0.0	0.0	0	0	High	3.0612109790490707	3
2025-10-05 16:00:00	4531.54	4691.36	4472.44	4670.26	1128889.111524	5152138513.940111	ETHUSDT	0.0	4.894867231309981	0.7106173604367942	1.2016175711867385	0.957666848138288	3.0612109790490707	3.0612109790490707	4.894867231309981	5.876926109529823	63.00489362853158	41.133286910326206	-13.93974098897354	55.07302789929975	174.7250952593817	12.16771863081342	4756.96764681822	3868.18135318178	0.9024426372919658	0.0	0.0	0.0	0.0	0	0	Negative	-3.4079473091433847	0
2025-10-06 16:00:00	4670.26	4754.7	4475.55	4511.1	1630949.375813	7594749319.169268	ETHUSDT	0.0	6.237222240841899	1.2824587531444358	1.392326506080937	1.3253359071688795	-3.4079473091433847	-3.4079473091433847	6.237222240841899	44.47383353810708	55.828515941489336	47.68482437201783	-1.6148279167752673	49.2996522887931	182.18401702656868	12.76678715522026	4760.066516671409	3867.400483328592	0.7210978043612912	0.0	0.0	0.0	0.0	0	0	Negative	-1.4652745450112026	0
2025-10-07 16:00:00	4511.1	4522.69	4410.39	4445.0	1386295.15629	6200933722.869383	ETHUSDT	0.0	2.546260081307985	1.420271854689108	1.2493395718104738	1.110575130757273	-1.4652745450112026	-1.4652745450112026	2.546260081307985	-15.00072431132597	53.12231399877434	47.00144404289313	8.108426475158412	38.89301756773472	177.19230152467088	12.72141706924316	4737.845826491577	3874.418173508422	0.6608333941126503	0.765	0.9547249674797058	1.2480048620586193	0.897807477235794	0	0	Negative	-2.967379077615289	0
2025-10-08 16:00:00	4445.0	4556.24	4289.5	4313.1	1666294.101402	7360395856.045424	ETHUSDT	0.0	6.21844037766639	1.5617203897575416	1.4000800690124362	1.2112062562988888	-2.967379077615289	-2.967379077615289	6.21844037766639	20.19764289311466	48.11073971698032	35.40846579024128	13.568434338174988	21.84003145206629	183.5885657014801	7.373845502750884	4723.161809668182	3873.1871903318174	0.5175599360974494	0.2394166666666666	0.9948941965897878	4.155475284849995	0.7682509376128515	0	0	Negative	-4.918272240383949	0
2025-10-09 16:00:00	4313.1	4391.83	4068.74	4100.97	1627478.203105	6965188935.391664	ETHUSDT	0.0	7.9407875656837295	2.005309864534427	1.7626265499124003	1.093749178047867	-4.918272240383949	-4.918272240383949	7.9407875656837295	-2.3294746266184787	41.3537392071665	9.000081509215306	12.654763772383053	-3.6546822631677465	193.5529538656601	2.0421010724327595	4701.561313280687	3855.316686719314	0.2902864084099098	0.4284	0.98302059173584	2.2946272108044563	0.8166344142150879	0	0	Negative	-6.780590933364548	0
2025-10-10 16:00:00	4100.97	4136.01	3405.79	3822.9	4522505.706154	17241347842.804867	ETHUSDT	0.0	21.44054683348064	7.294412861105715	5.571827302098782	2.0872738706648573	-6.780590933364548	-6.780590933364548	21.44054683348064	177.8842566079038	34.5113129243054	-33.975035309357736	3.3288039560348945	-37.30383926539263	231.88631430382725	-8.169368650897544	4701.755543014247	3789.4124569857527	0.0367049890847767	0.1981499999999999	0.9986219704151154	5.039701896105069	0.7584803792905807	0	0	Very High	5.414475921420904	4
2025-10-11 16:00:00	3822.9	4076.29	3638.5	4029.89	2114857.44686	8083517051.936257	ETHUSDT	0.0	12.03215610828638	7.230287125969061	5.748248872131717	0.9343363873948456	5.414475921420904	5.414475921420904	12.03215610828638	-53.23704193491216	42.180503955308566	-50.74579594716397	-7.486116024604878	-43.25967992255909	246.5937204249824	-2.1441458504828512	4703.4794885893125	3774.087511410687	0.2752363855838933	-0.4957666666666666	0.9736239910125732	1.9638714996458155	0.5328067937088012	0	0	High	2.549449240549996	3
2025-10-12 16:00:00	4029.89	4217.0	4029.89	4132.63	2001911.277685	8262119726.29491	ETHUSDT	0.0	4.643054773207213	6.730863049010836	5.642546971001615	0.8388097868496454	2.549449240549996	2.549449240549996	4.643054773207213	-5.340604367575455	45.58665259363449	-55.11119763265833	-17.011132346215568	-38.10006528644277	242.3448832517694	-4.447640341364944	4702.779353524358	3770.1056464756416	0.3886936565109181	-0.0865333333333333	0.7383138785759608	8.532034050946567	0.4908597150031725	0	0	Negative	-1.189073301989298	0
2025-10-13 16:00:00	4132.63	4289.22	3887.08	4083.49	2192973.704182	8909760644.281294	ETHUSDT	0.0	10.345555018162743	6.32208468255044	5.528586664294607	0.8800248274700365	-1.189073301989298	-1.189073301989298	10.345555018162743	9.544000707061477	44.24411912585655	-61.82333630211724	-25.973573137395903	-35.84976316472134	253.75882016235727	-7.9299693362193375	4702.5676125467135	3762.302387453285	0.3415925676872717	0.0	0.0	0.0	0.0	0	0	Negative	-2.556881491077482	0
2025-10-14 16:00:00	4083.49	4215.45	3956.8	3979.08	2173561.117839	8905167849.020903	ETHUSDT	0.0	6.536847957945806	6.53508111538319	5.381903208335731	0.8356116392313027	-2.556881491077482	-2.556881491077482	6.536847957945806	-0.8852174700489986	41.45085178234041	-74.70659780893402	-35.72017807170353	-38.98641973723049	254.10819015076035	-12.223401181066748	4703.691906203808	3759.048093796192	0.2329257899260595	0.0	0.0	0.0	0.0	0	0	Negative	-1.8559566532967395	0
2025-10-15 16:00:00	3979.08	4084.2	3890.01	3905.23	1684210.85317	6729753641.383631	ETHUSDT	0.0	4.992018015377842	3.308966925556607	5.375189947429366	0.8282313586955583	-1.8559566532967395	-1.8559566532967395	4.992018015377842	-22.513756832176057	39.54896290860557	-89.84013206289092	-46.54416886994101	-43.29596319294991	249.828319425706	-12.315519800257304	4706.701684572372	3752.226315427628	0.1603013440875596	0.0	0.0	0.0	0.0	0	0	Negative	-2.801371494124548	0
2025-10-16 16:00:00	3905.23	3966.0	3672.05	3795.83	2103560.451797	8038841454.901434	ETHUSDT	0.0	8.005065290505298	2.343021205391968	5.328926706463815	1.0356023153015246	-2.801371494124548	-2.801371494124548	8.005065290505298	24.89887758636074	36.85148337536696	-109.40013602752516	-59.11536230145784	-50.284773726067314	252.9798680381556	-16.2353195602378	4724.214895491972	3712.606104508028	0.0822688535664303	0.0	0.0	0.0	0.0	2025-10-22 17:57:37.525613+00:00	2025-10-22 17:57:37.529991+00:00	High	2.116533142948977	3
2025-10-17 16:00:00	3795.83	3925.98	3775.68	3876.17	796150.17	3067898111.85385	ETHUSDT	0.0	3.9807398932112954	2.515229154593365	5.168643890709788	0.4447539564367906	2.116533142948977	2.116533142948977	3.9807398932112954	-62.15225622254516	40.08346538505626	-117.06931137272204	-70.70615211571068	-46.36315925701136	245.64559174971583	-17.00312188186525	4731.945865973185	3690.6021340268135	0.1782003965456654	0.0	0.0	0.0	0.0	2025-10-22 17:57:37.525613+00:00	2025-10-22 17:57:37.529991+00:00	High	2.6064388300822654	3
2025-10-18 16:00:00	3876.17	4000.63	3825.22	3977.2	639194.42	2501026531.0384	ETHUSDT	0.0	4.585618604942992	1.6340613928437	5.277361435014338	0.4320821491146303	2.6064388300822654	2.6064388300822654	4.585618604942992	-19.71433982109179	43.96721479830009	-113.68442810901388	-79.30180731437133	-34.38262079464255	240.6287637675933	-11.835250825740962	4732.310693336704	3671.658306663297	0.2880695854510762	0.0	0.0	0.0	0.0	2025-10-22 17:57:37.525613+00:00	2025-10-22 17:57:37.529991+00:00	Medium	0.6512119078748891	2
2025-10-19 16:00:00	3977.2	4083.53	3906.2	4003.1	724147.03	2902207353.0158	ETHUSDT	0.0	4.539706108238195	1.5976207013603243	5.421468484019551	0.6088069748522326	0.6512119078748891	0.6512119078748891	4.539706108238195	13.290574407705249	44.95230889334933	-107.67080813763005	-84.97560747902307	-22.69520065860698	236.1074234984795	-9.941507311586054	4732.53226503344	3659.927734966559	0.3199429569927726	0.0	0.0	0.0	0.0	2025-10-22 17:57:37.525613+00:00	2025-10-22 17:57:37.529991+00:00	Medium	1.9172641203067624	2
2025-10-20 16:00:00	4003.1	4083.61	3838.59	4079.85	1057032.26	4161717732.8303	ETHUSDT	0.0	6.383072951265959	1.667451063136428	2.731317788211486	0.9934356243963516	1.9172641203067624	1.9172641203067624	6.383072951265959	45.96928748019584	47.8766697661374	-95.6097576399634	-87.10243751121114	-8.507320128752255	236.7440361057309	-5.4079432426792895	4719.147940224222	3648.798059775778	0.4027205945439299	0.0	0.0	0.0	0.0	2025-10-22 17:57:37.525613+00:00	2025-10-22 17:57:37.529991+00:00	Negative	-5.906834810103308	0
2025-10-21 16:00:00	4079.85	4108.31	3767.75	3838.86	1412255.34	5493172169.2078	ETHUSDT	0.0	9.038816269656968	2.071117426637676	2.1784451809751624	1.5255159869128516	-5.906834810103308	-5.906834810103308	9.038816269656968	33.60569903514582	40.58591459268454	-104.2949202684008	-90.54093406264909	-13.75398620575173	244.15946209817875	-6.391414714079842	4696.423091142363	3611.8889088576384	0.209279794818652	0.0	0.0	0.0	0.0	2025-10-22 17:57:37.525613+00:00	2025-10-22 17:57:37.529991+00:00	Medium	0.9455932229880674	2
2025-10-22 16:00:00	3838.86	3903.36	3707.24	3875.16	1061551.84	4051306814.8115	ETHUSDT	0.0	5.290188927611926	1.8716721387794448	2.132719909774894	1.0845040915518755	0.9455932229880674	0.9455932229880674	5.290188927611926	-24.83286768807686	42.01820963585092	-107.01526226767965	-93.8357997036552	-13.179462564024448	240.72807194830884	1.3670250333516378	4647.142284892367	3595.366715107635	0.2660199503869731	0.0547429999999999	0.0	54742999.99999999	0.0273714999999999	2025-10-23 19:17:40.862199+00:00	2025-10-23 19:17:40.866185+00:00	Low	0.3042455021212018	1
2025-10-23 16:00:00	3875.16	4026.17	3816.87	3886.95	1123869.43	4407124259.7743	ETHUSDT	0.0	5.483550657999885	1.7447074003253826	1.6176453563076651	1.044710483878179	0.3042455021212018	0.3042455021212018	5.483550657999885	5.8704236243422505	42.5030289388367	-106.98652437802411	-96.46594463852898	-10.520579739495131	238.4832096662868	-3.5469950792701552	4604.987071891078	3580.8439281089227	0.2988899293517008	0.114865	0.0	114865000.0	0.0574325	2025-10-24 23:31:43.882036+00:00	2025-10-24 23:31:43.886116+00:00	Medium	1.1453710492802835	2
2025-10-24 16:00:00	3886.95	3958.0	3864.01	3931.47	504695.05	1979450878.597	ETHUSDT	0.0	2.432447120996058	2.371850506483589	1.9249759903353485	0.4891020918556033	1.1453710492802835	1.1453710492802835	2.432447120996058	-55.09308852719661	44.393794046943	-102.1933362949262	-97.61142296980844	-4.581913325117768	228.16226611869484	-4.8676024710656485	4537.623590530502	3588.2004094694985	0.3615559398359003	0.057954	0.0	57953999.99999999	0.028977	2025-10-25 23:30:36.595077+00:00	2025-10-25 23:30:36.599095+00:00	High	3.5920406361996977	3
2025-10-25 16:00:00	3931.47	4097.65	3917.4	4072.69	605886.55	2427317859.6796	ETHUSDT	0.0	4.601266145913094	2.3822070780676	1.9397364154935983	0.6434296113084247	3.5920406361996977	3.5920406361996977	4.601266145913094	20.050028229918254	50.009517072696354	-86.00797997574773	-95.2907343709963	9.282754395248574	224.7399613959309	-0.264479648535927	4417.773669947198	3648.2933300528034	0.5515367293275381	0.07673	0.0	76730000.0	0.038365	2025-10-26 23:32:10.137391+00:00	2025-10-26 23:32:10.141403+00:00	High	2.430825817825554	3
2025-10-26 16:00:00	4072.69	4251.56	4043.53	4171.69	912119.96	3794536948.9427	ETHUSDT	0.0	5.144762126162046	1.2501618595108128	1.7165409225922903	1.0837610935420343	2.430825817825554	2.430825817825554	5.144762126162046	50.54302822863453	53.550979562504914	-64.44956143535683	-89.12249978386842	24.672938348511597	223.54639272479304	4.840566161022138	4340.113329739066	3692.0126702609327	0.7401278223128408	0.1506762376237624	0.0	150676237.6237624	0.0753381188118812	2025-10-27 23:31:36.179616+00:00	2025-10-27 23:31:36.183424+00:00	Negative	-1.8234816105702896	0
2025-10-27 16:00:00	4171.69	4231.99	4064.85	4095.62	818139.12	3379014304.2626	ETHUSDT	0.0	4.1118368451480345	1.1951292243998015	1.7071102779553535	1.031776721753813	-1.8234816105702896	-1.8234816105702896	4.1118368451480345	-10.303561386815828	50.58556881738222	-52.89285675060273	-81.87657117721528	28.98371442661255	219.5173646730221	4.875257027114917	4259.85330723325	3737.3346927667503	0.6856890784629075	0.0910495145631068	0.0	91049514.5631068	0.0455247572815534	2025-10-28 23:33:28.818064+00:00	2025-10-28 23:33:28.821841+00:00	Negative	-3.543053310609863	0
2025-10-28 16:00:00	4095.62	4149.14	3929.85	3950.51	850480.86	3414295341.2062	ETHUSDT	0.0	5.580111200173046	1.218481170274846	1.698805680100139	1.1520005109064544	-3.543053310609863	-3.543053310609863	5.580111200173046	3.9530856316954983	45.41877145308075	-54.81141739074519	-76.46354041992126	21.652123029176067	219.5011243392348	4.074998090009308	4198.687596712967	3762.241403287032	0.4313672556865073	0.094752	0.0	94752000.0	0.047376	2025-10-29 23:33:48.624118+00:00	2025-10-29 23:33:48.628392+00:00	Negative	-4.51435384292155	0
2025-10-29 16:00:00	3950.51	4017.59	3756.31	3772.17	1599955.63	6224148365.5017	ETHUSDT	0.0	6.955762437072558	1.0887851855268789	1.7557441689624125	1.671292364665416	-4.51435384292155	-4.51435384292155	6.955762437072558	88.12364924943753	40.00999105107347	-69.91648436076275	-75.15412920808956	5.237644847326806	222.4853297435752	-2.6830608564639835	4192.745356458253	3735.3036435417457	0.0805924676680791	0.0390329999999999	0.0	39032999.99999999	0.0195164999999999	2025-10-30 23:36:42.926144+00:00	2025-10-30 23:36:42.930258+00:00	High	2.2790595333720325	3
2025-10-30 16:00:00	3772.17	3885.0	3676.84	3858.14	929971.57	3532473713.3417	ETHUSDT	0.0	5.661383144221664	1.0252404144895315	1.7301583110789585	0.9098338284656904	2.2790595333720325	2.2790595333720325	5.661383144221664	-41.87516500066943	43.50279172978375	-74.09616378900228	-74.9425361242721	0.8463723352698196	221.4620919047484	-2.993563310871969	4190.64176938677	3740.931230613229	0.2606315824984327	0.034580808080808	0.0	34580808.08080808	0.017290404040404	2025-10-31 23:31:03.801945+00:00	2025-10-31 23:31:03.806056+00:00	Medium	0.8936948892471507	2
2025-10-31 16:00:00	3858.14	3904.29	3802.71	3892.62	503426.32	1940478485.0133	ETHUSDT	0.0	2.6712528696640008	1.6439877670571243	1.3933865044919465	0.5353351310891055	0.8936948892471507	0.8936948892471507	2.6712528696640008	-45.866482778607946	44.88871886115762	-73.77589936623781	-74.70920877266525	0.9333094064274404	212.8990853401235	-2.759861107641578	4183.912504741881	3733.9334952581194	0.3526531269179292	0.037799	0.0	37799000.0	0.0188995	2025-11-01 23:19:37.345649+00:00	2025-11-01 23:19:37.349486+00:00	Negative	-1.0350355287698252	0
2025-11-01 16:00:00	3892.62	3916.44	3837.23	3852.33	406851.07	1576903095.0629	ETHUSDT	0.0	2.064249471624063	2.1086702427885884	1.6204800478642114	0.4741096437167167	-1.0350355287698252	-1.0350355287698252	2.064249471624063	-19.183591751817826	43.54452574508098	-75.89824605078138	-74.94701622828848	-0.9512298224929054	203.3498649586861	-5.57667561307401	4159.552323251272	3730.263676748727	0.2843455661959818	0.050226	0.0	50226000.0	0.025113	2025-11-02 23:19:54.730905+00:00	2025-11-02 23:19:54.735284+00:00	Negative	-6.87246419699247	0
2025-11-02 16:00:00	3852.33	3915.0	3580.2	3587.58	1330138.06	4953739624.8751	ETHUSDT	0.0	9.351432880844651	3.027305673994893	2.2344158664133955	1.3941745463504598	-6.87246419699247	-6.87246419699247	9.351432880844651	226.9348806186008	35.9305468583011	-97.81577412498793	-79.52076780762837	-18.295006317359537	212.73916031878	-6.545693252684395	4175.66794211579	3664.557057884211	-0.1506073540185731	0.034589423076923	0.0	34589423.07692308	0.0172947115384615	2025-11-03 23:20:48.435726+00:00	2025-11-03 23:20:48.439645+00:00	Negative	-2.283712140217078	0
2025-11-03 16:00:00	3587.58	3681.11	3458.15	3505.65	1809336.55	6423312774.5734	ETHUSDT	0.0	6.44737793328803	2.96745071970192	2.10736248787489	1.8167038035004823	-2.283712140217078	-2.283712140217078	6.44737793328803	36.02622196977057	33.952048236880344	-120.40864342386747	-87.6983429308762	-32.710300492991294	213.46922029601	-9.53534821788003	4207.451649200307	3585.4303507996938	-0.1282598377335805	-0.0236471698113207	0.0	-23647169.811320752	-0.0118235849056603	2025-11-04 23:21:20.335343+00:00	2025-11-04 23:21:20.339387+00:00	Negative	-3.1563333475960262	0
2025-11-04 16:00:00	3505.65	3518.88	3056.36	3395.0	2737275.33	8948377321.4579	ETHUSDT	0.0	15.13303406666754	5.361704146190342	3.740797616176912	2.01654951196432	-3.1563333475960262	-3.1563333475960262	15.13303406666754	51.28613468843041	31.43453312553379	-145.56421175291734	-99.27151669528442	-46.292695057632926	231.25856170343783	-12.656453002997203	4250.926136010105	3490.9328639898963	-0.1262285700699536	0.0106434343434343	0.0	10643434.343434334	0.0053217171717171	2025-11-05 23:21:26.802445+00:00	2025-11-05 23:21:26.806474+00:00	Negative	-2.827393225331363	0
2025-11-05 16:00:00	3395.0	3478.85	3276.69	3299.01	1051439.15	3564647182.0173	ETHUSDT	0.0	6.169640704491418	4.836355316672531	3.719238855389992	0.7167235127994172	-2.827393225331363	-2.827393225331363	6.169640704491418	-61.58811141588743	29.398036528062438	-171.27146087963274	-113.67150553215409	-57.599955347478655	229.1800930103352	-16.087112454120206	4300.202514506264	3391.974485493736	-0.1023580890746255	-0.045866	0.0	-45866000.0	-0.022933	2025-11-06 23:21:10.699794+00:00	2025-11-06 23:21:10.703592+00:00	Negative	-0.1136704647757963	0
2025-11-06 16:00:00	3299.01	3369.42	3192.04	3295.26	1022400.41	3363178875.7025	ETHUSDT	0.0	5.556947907920957	3.969333887990784	3.647200292547513	0.6429714488466548	-0.1136704647757963	-0.1136704647757963	5.556947907920957	-2.76180889783302	29.31812621282953	-189.7598018093422	-128.8891647875917	-60.8706370217505	225.4800863667398	-19.08885773284978	4330.215877151545	3303.8701228484547	-0.0083891055352013	-0.05147	0.0	-51470000.0	-0.025735	2025-11-07 23:20:35.510483+00:00	2025-11-07 23:20:35.514598+00:00	High	2.428639925225923	3
2025-11-07 16:00:00	3295.26	3486.07	3271.9	3375.29	819735.88	2800211339.5784	ETHUSDT	0.0	6.54573795042636	4.022439243674153	3.631147791274567	0.5508838989822638	2.428639925225923	2.428639925225923	6.54573795042636	-19.82242260642286	33.47417845182237	-195.69830479632992	-142.25099278933936	-53.44731200699056	224.67222305482983	-19.09058439145765	4328.8169815497495	3245.07801845025	0.1201506875579548	0.0	0.0	0.0	0.0	2025-11-09 23:19:55.372361+00:00	2025-11-09 23:19:55.376549+00:00	High	4.090018931706614	3
2025-11-08 16:00:00	3375.29	3562.25	3353.46	3513.34	715918.44	2460224659.4982	ETHUSDT	0.0	6.226106767338807	4.044542796327533	3.631778800752849	0.5640022634445218	4.090018931706614	4.090018931706614	6.226106767338807	-12.66474269736736	40.02521361816812	-187.108262352559	-151.2224467019833	-35.885815650575694	223.5377785509134	-14.217139285382917	4307.300503063274	3217.618496936726	0.2713833039369572	0.0301215686274509	0.0	30121568.627450984	0.0150607843137254	2025-11-09 23:19:55.372361+00:00	2025-11-09 23:19:55.376549+00:00	Low	0.1292217661826058	1
2025-11-09 16:00:00	3513.34	3656.36	3498.76	3517.88	793599.62	2844376899.6443	ETHUSDT	0.0	4.5044530062079104	0.8080595560809843	3.682463400730856	0.9011841560938918	0.1292217661826058	0.1292217661826058	4.5044530062079104	10.850562809920088	40.23365335631174	-177.88371898661217	-156.5547011589091	-21.32901782770307	218.82793722584816	-10.9512442697272	4268.692447957159	3200.029552042841	0.2974281685762238	0.0803576923076923	0.0	80357692.30769229	0.0401788461538461	2025-11-10 23:22:06.423643+00:00	2025-11-10 23:22:06.427552+00:00	Negative	-1.0699625911060164	0
2025-11-10 16:00:00	3517.88	3646.88	3466.35	3480.24	729783.43	2592839537.9645	ETHUSDT	0.0	5.208071891182374	0.8126765759147629	3.4733648496859955	0.8940273861041194	-1.0699625911060164	-1.0699625911060164	5.208071891182374	-8.04135843714239	39.02275366954268	-171.6319688396552	-159.5701546950583	-12.061814144596866	216.09237028114472	-7.739046755581012	4259.528058880708	3173.33194111929	0.2825530802975322	0.0342118811881188	0.0	34211881.188118815	0.0171059405940594	2025-11-11 23:20:59.385356+00:00	2025-11-11 23:20:59.389374+00:00	Negative	-1.547019745764651	0
2025-11-11 16:00:00	3480.24	3588.2	3405.04	3426.4	855261.52	2975286914.2896	ETHUSDT	0.0	5.379085120879632	0.8193496315778362	3.119774225716566	1.0924836657018795	-1.547019745764651	-1.547019745764651	5.379085120879632	17.193880381745576	37.29375396816481	-169.07288289728558	-161.47070033550378	-7.602182561781802	213.7400581182058	-11.190366342330757	4246.0120030651005	3141.971996934899	0.2576247250876867	0.1030127450980392	0.0	103012745.0980392	0.0515063725490196	2025-11-12 23:22:03.083252+00:00	2025-11-12 23:22:03.087291+00:00	Negative	-1.195131916880699	0
2025-11-12 16:00:00	3426.4	3564.56	3365.0	3385.45	1170128.49	4033089035.6581	ETHUSDT	0.0	5.930460624071321	0.6691040107134081	3.025784871016856	1.371879407924348	-1.195131916880699	-1.195131916880699	5.930460624071321	36.81528545794975	35.98768980674184	-168.40781120001884	-162.85812250840678	-5.549688691612062	212.72719682404824	-13.029013877542631	4229.0992350664055	3108.7347649335943	0.2469867997809703	0.0388647058823529	0.0	38864705.88235294	0.0194323529411764	2025-11-13 23:21:47.875778+00:00	2025-11-13 23:21:47.879880+00:00	Negative	-5.593938767372126	0
2025-11-13 16:00:00	3385.45	3397.87	3068.48	3196.07	1943766.14	6205830591.597	ETHUSDT	0.0	10.734630826989251	2.5026841095861974	3.2776721172895344	1.769460416413596	-5.593938767372126	-5.593938767372126	10.734630826989251	66.11561521760741	30.6429782357902	-181.07480276255865	-166.50145855923716	-14.573344203321485	221.06025419375905	-17.035404547377812	4214.663992373608	3049.6300076263924	0.1256958975367416	0.0459465346534653	0.0	45946534.65346535	0.0229732673267326	2025-11-14 23:20:42.123880+00:00	2025-11-14 23:20:42.127591+00:00	Negative	-0.3385407703836325	0
2025-11-14 16:00:00	3196.07	3256.66	3088.34	3185.25	826777.25	2619568290.1417	ETHUSDT	0.0	5.450177117804377	2.3598694141321817	1.7080344341413054	0.7481176428651701	-0.3385407703836325	-0.3385407703836325	5.450177117804377	-57.46518920223602	30.36550022231914	-189.79868728862172	-171.1609043051141	-18.637782983507662	217.2930931799191	-11.214523439198569	4164.471027054108	3011.078972945892	0.1510076529777848	0.0165176470588235	0.0	16517647.058823524	0.0082588235294117	2025-11-15 23:20:40.907712+00:00	2025-11-15 23:20:40.911699+00:00	Negative	-2.512518640609064	0
2025-11-15 16:00:00	3185.25	3249.2	3097.94	3105.22	786539.06	2501752858.7666	ETHUSDT	0.0	4.88259940476574	2.409772197174969	1.755928200825875	0.7044719572158893	-2.512518640609064	-2.512518640609064	4.88259940476574	-4.86687194162635	28.32262717345739	-200.854851093502	-177.09969366279168	-23.75515743071034	212.5764436670677	-11.42241809650137	4081.795308927252	2987.107691072748	0.1078959029049237	0.0324421568627451	0.0	32442156.862745102	0.0162210784313725	2025-11-16 23:20:33.649762+00:00	2025-11-16 23:20:33.653668+00:00	Low	0.476294755283053	1
2025-11-16 16:00:00	3105.22	3221.58	3002.36	3120.01	1628967.75	5078214128.9122	ETHUSDT	0.0	7.301589416325817	2.343582851307925	1.7887634032411457	1.2814049363989797	0.476294755283053	0.476294755283053	7.301589416325817	107.10576662270276	29.26966364155004	-206.0483144609325	-182.88941782241983	-23.15889663851266	213.0509834051343	-8.099852724594985	3996.980525391413	2974.3614746085877	0.1424269626894957	-0.0186813725490196	0.0	-18681372.54901961	-0.0093406862745098	2025-11-17 23:21:15.313788+00:00	2025-11-17 23:21:15.317791+00:00	Negative	-0.4727548950163621	0
2025-11-17 16:00:00	3120.01	3142.99	2944.74	3105.26	1509753.22	4579758744.7509	ETHUSDT	0.0	6.732343093108391	2.2909248188895432	1.7935490222634067	1.127387652608236	-0.4727548950163621	-0.4727548950163621	6.732343093108391	-7.318409465135208	28.86012827642986	-208.94577647859523	-188.1006895536549	-20.84508692494032	211.9937703047676	-5.872974013416146	3933.327270543639	2953.489729456361	0.1548933003477566	0.0059413461538461	0.0	5941346.153846154	0.002970673076923	2025-11-19 01:45:47.711656+00:00	2025-11-19 01:45:47.715825+00:00	Negative	-4.266309423365516	0
2025-11-18 16:00:00	3105.26	3168.86	2966.66	2972.78	1145034.65	3523990496.2325	ETHUSDT	0.0	6.815745653361029	1.020680148371625	1.802893933144097	0.9708501639389024	-4.266309423365516	-4.266309423365516	6.815745653361029	-24.157495752848934	25.41987740578631	-219.40292448128093	-194.3611365391801	-25.041787942100825	211.2942152829985	-9.786177721939998	3909.711229374662	2897.166770625338	0.0746764536819038	0.0180711538461538	0.0	18071153.84615385	0.0090355769230769	2025-11-20 01:44:21.395943+00:00	2025-11-20 01:44:21.400002+00:00	Negative	-0.6112124005139994	0
2025-11-19 16:00:00	2972.78	3062.0	2873.14	2954.61	1379753.75	4109084420.4995	ETHUSDT	0.0	6.57329611505183	0.9233120965123922	1.689894955979686	1.0695685195033489	-0.6112124005139994	-0.6112124005139994	6.57329611505183	20.49886437934434	24.98005779845367	-226.54498716735952	-200.79790666481605	-25.747080502543497	209.6917713342129	-12.46352165295426	3855.340763450525	2861.1842365494745	0.0939749032697588	-0.0099415841584158	0.0	-9941584.158415845	-0.0049707920792079	2025-11-21 01:45:15.059591+00:00	2025-11-21 01:45:15.063566+00:00	Negative	-8.481660862178083	0
2025-11-20 16:00:00	2954.61	2960.8	2621.65	2704.01	2481261.42	6882945402.8816	ETHUSDT	0.0	12.93650945015544	2.7329450027018383	2.570690379639635	1.523223601974439	-8.481660862178083	-8.481660862178083	12.93650945015544	79.83364205388098	19.87295680597495	-249.54979426138289	-210.5482841841294	-39.00151007725347	218.9387876674834	-23.03591454285665	3810.164124811251	2787.499875188749	-0.0816395754711943	-0.0548019417475728	0.0	-54801941.74757282	-0.0274009708737864	2025-11-22 01:41:27.980456+00:00	2025-11-22 01:41:27.984942+00:00	Medium	1.2529539461762216	2
2025-11-21 16:00:00	2704.01	2805.72	2673.21	2737.89	918372.31	2516205801.3596	ETHUSDT	0.0	4.9569618548486565	3.077577938202909	2.6084453648682606	0.6176692550035157	1.2529539461762216	1.2529539461762216	4.9569618548486565	-62.98768430454216	22.189115838874827	-262.0269531611293	-220.8440179795294	-41.1829351815999	212.76530283409173	-22.172160505759155	3743.809465747656	2742.4105342523435	-0.0045142191689714	-0.0293803921568627	0.0	-29380392.156862747	-0.0146901960784313	2025-11-23 01:58:00.800303+00:00	2025-11-23 01:58:00.804220+00:00	High	3.542874257183452	3
2025-11-22 16:00:00	2737.89	2857.68	2732.32	2834.89	653035.39	1831418593.4562	ETHUSDT	0.0	4.5880423962054095	3.365194693527336	2.715197080429544	0.4964193140087356	3.542874257183452	3.542874257183452	4.5880423962054095	-28.892086260745387	28.556553098421645	-261.07855112348125	-228.89092460831975	-32.18762651516147	206.5220669173709	-18.54326138427235	3710.085577326036	2700.865422673964	0.1328001395020105	0.010258	0.0	10258000.000000002	0.005129	2025-11-24 01:52:54.188193+00:00	2025-11-24 01:52:54.192025+00:00	Low	0.3548638571514219	1
2025-11-23 16:00:00	2834.89	2886.11	2761.35	2844.95	1164114.39	3285784402.1604	ETHUSDT	0.0	4.518079924674534	3.5766032602267703	2.49236463715504	0.8823677818504431	0.3548638571514219	0.3548638571514219	4.518079924674534	78.2620678490334	29.20361574804465	-256.5577398276205	-234.42428765217997	-22.13345217544054	200.6819192804158	-16.96970581368201	3680.6145512649055	2664.266448735094	0.1777772308672223	0.0086949999999999	0.0	8694999.999999994	0.0043474999999999	2025-11-25 01:47:22.298185+00:00	2025-11-25 01:47:22.302143+00:00	Medium	1.733949630046236	2
2025-11-24 16:00:00	2844.95	2986.32	2841.12	2894.28	1009879.07	2940999193.8595	ETHUSDT	0.0	5.110660584558213	3.650105934703231	2.510133445281973	0.8109312629559573	1.733949630046236	1.733949630046236	5.110660584558213	-13.249155007868252	32.43510599901981	-246.15690203368283	-236.77081052848052	-9.386091505202302	196.7189250461004	-14.50826330325362	3658.5813458557054	2636.227654144295	0.2524100494259752	-0.0032565656565656	0.0	-3256565.6565656546	-0.0016282828282828	2025-11-26 01:46:38.379279+00:00	2025-11-26 01:46:38.383223+00:00	Medium	1.117721851375814	2
2025-11-25 16:00:00	2894.28	2982.86	2870.5	2926.63	832665.42	2437857346.4135	ETHUSDT	0.0	3.914300644487027	0.4646727582285325	2.594222101676463	0.9094072852037902	1.117721851375814	1.117721851375814	3.914300644487027	-17.548007010383916	34.545102675131616	-232.6222638528634	-235.94110119335716	3.318837340493729	190.6932875428075	-8.430353527926487	3643.631622194765	2613.939377805235	0.3036738636214056	0.0125831683168316	0.0	12583168.316831684	0.0062915841584158	2025-11-27 01:44:56.088027+00:00	2025-11-27 01:44:56.091884+00:00	High	2.850719086457797	3
2025-11-26 16:00:00	2926.63	3069.94	2925.22	3010.06	749258.02	2259591774.2284	ETHUSDT	0.0	4.947320201557499	0.4629291561791187	2.604545568213372	0.8497007573651926	2.850719086457797	2.850719086457797	4.947320201557499	-10.016916518521931	39.76920759006784	-212.71185201486696	-231.2952513576591	18.58339934279215	187.40948128974983	-5.500039243387491	3625.9250856265294	2603.12591437347	0.3978631358568499	0.0840735294117647	0.0	84073529.4117647	0.0420367647058823	2025-11-28 01:44:58.388670+00:00	2025-11-28 01:44:58.392362+00:00	High	2.0650751147817603	3
2025-11-27 16:00:00	3010.06	3098.55	2992.74	3072.22	660599.69	2007733988.6075	ETHUSDT	0.0	3.535556045630439	0.6711135540925036	2.713487203595629	0.747874118140695	2.0650751147817603	2.0650751147817603	3.535556045630439	-11.832816951362105	43.39417663029192	-189.72982733250683	-222.98216655262868	33.252339220121854	181.5809469119106	-1.0627266345057678	3596.7343911234007	2602.009608876599	0.472704007696811	0.08669	0.0	86690000.0	0.043345	2025-11-29 01:44:23.187142+00:00	2025-11-29 01:44:23.191105+00:00	Negative	-2.1394952184413887	0
2025-11-28 16:00:00	3072.22	3072.98	2984.29	3006.49	534078.88	1613396287.7535	ETHUSDT	0.0	2.971896162906422	0.91719731950085	2.8220646674702854	0.7052443531554632	-2.1394952184413887	-2.1394952184413887	2.971896162906422	-19.152417404252787	40.61084436576857	-174.80522306760895	-213.34677785562477	38.54155478801579	174.94587927534553	-3.638449876763229	3534.737532336084	2613.3214676639163	0.4267003229165205	0.033419	0.0	33419000.0	0.0167095	2025-11-30 01:57:31.527692+00:00	2025-11-30 01:57:31.531726+00:00	Medium	0.7041433698432416	2
2025-11-29 16:00:00	3006.49	3051.8	2960.74	3027.66	493696.86	1482132660.3	ETHUSDT	0.0	3.0755824557374307	0.7981532011831353	2.877424509131191	0.7548191765115339	0.7041433698432416	0.7041433698432416	3.0755824557374307	-7.561059145420621	41.90333298736986	-159.43129980516642	-202.5636822455331	43.13238244036668	168.95403075567805	-2.4989855921887494	3462.8925526581047	2636.144447341896	0.4735608707665075	0.0440598039215686	0.0	44059803.92156861	0.0220299019607843	2025-12-01 02:05:37.377195+00:00	2025-12-01 02:05:37.381183+00:00	Negative	-9.333610775318222	0
2025-11-30 16:00:00	3027.66	3047.99	2718.03	2745.07	1208859.02	3444734354.8932	ETHUSDT	0.0	12.139674690860645	3.885264285174937	2.635818624641053	1.657564124902745	-9.333610775318222	-9.333610775318222	12.139674690860645	144.85855956223824	31.917766884126134	-168.11211434535926	-195.67336866549837	27.561254320139085	180.45445713027243	-7.65983355646903	3396.0444033351537	2629.475596664846	0.1507945566390233	-0.0039224489795918	0.0	-3922448.979591838	-0.0019612244897959	2025-12-02 01:49:08.019483+00:00	2025-12-02 01:49:08.023182+00:00	Very High	9.473346763470502	4
2025-12-01 16:00:00	2745.07	3024.0	2718.69	3005.12	1058852.18	2997071640.0966	ETHUSDT	0.0	11.23004093883451	4.666377114459692	3.2949083122648397	1.3382570694615956	9.473346763470502	9.473346763470502	11.23004093883451	-12.408960641249967	44.92447806069109	-152.25278540282807	-186.9892520129643	34.73646661013623	189.3727101923958	1.7095318840726783	3324.748892880372	2658.643107119628	0.52015295511158	0.036313	0.0	36313000.0	0.0181565	2025-12-03 01:48:38.652975+00:00	2025-12-03 01:48:38.657453+00:00	High	2.6544697050367367	3
2025-12-02 16:00:00	3005.12	3146.88	2970.75	3084.89	1038467.46	3167087662.6628	ETHUSDT	0.0	5.928805857106795	4.389182427667716	3.2762397732920774	1.1980599749734329	2.6544697050367367	2.6544697050367367	5.928805857106795	-1.925171462554856	48.19397823761742	-131.72889195323478	-175.9371800010184	44.20828804778361	188.4268023215104	14.085746724309436	3260.8324737541698	2692.5035262458305	0.6904214108298817	0.0374683168316831	0.0	37468316.83168317	0.0187341584158415	2025-12-04 01:49:23.071918+00:00	2025-12-04 01:49:23.075999+00:00	High	3.938876264631809	3
2025-12-03 16:00:00	3084.89	3238.91	3063.0	3206.4	1119333.23	3550264388.2617	ETHUSDT	0.0	5.743062357166172	3.888912422372822	3.2483750825560724	1.1377167415389722	3.938876264631809	3.938876264631809	5.743062357166172	7.787029744774094	52.79127102666729	-104.4546290858516	-161.64066981798504	57.18604073213345	187.53274501283107	17.11208266219608	3262.9751434769764	2691.393856523024	0.9010199515479692	0.022292	0.0	22292000.0	0.011146	2025-12-05 01:49:49.190866+00:00	2025-12-05 01:49:49.194731+00:00	Negative	-3.173652694610785	0
2025-12-04 16:00:00	3206.4	3224.6	3064.58	3104.64	1144736.2	3590222949.6176	ETHUSDT	0.0	5.221596434095374	3.3413828468604776	3.245721179088931	1.027545076542542	-3.173652694610785	-3.173652694610785	5.221596434095374	2.2694734078429866	48.879291418168656	-90.01314531128264	-147.31516491664456	57.30201960536192	185.567548940486	9.51536038435354	3249.201174620542	2697.106825379458	0.7381585686952641	0.0060414141414141	0.0	6041414.141414136	0.003020707070707	2025-12-06 01:43:44.005161+00:00	2025-12-06 01:43:44.009483+00:00	Negative	-2.073348278705418	0
2025-12-05 16:00:00	3104.64	3106.94	2981.12	3040.27	959877.6	2908791713.2467	ETHUSDT	0.0	4.220561399742384	2.743072985531683	3.2265974846996217	0.9019258566870508	-2.073348278705418	-2.073348278705418	4.220561399742384	-16.148576414373895	46.53040307413104	-82.8077304416206	-134.41367802163978	51.605947580019176	181.2998668733084	6.865498514912395	3241.148980837689	2698.664019162311	0.6297058996487083	0.0165544554455445	0.0	16554455.445544554	0.0082772277227722	2025-12-07 01:58:00.006607+00:00	2025-12-07 01:58:00.011575+00:00	Negative	-0.4960085781854877	0
2025-12-06 16:00:00	3040.27	3066.0	2911.62	3025.19	722485.7	2166759338.251	ETHUSDT	0.0	5.302202897356115	0.6636334085893092	3.2168747745347	0.7246741885116861	-0.4960085781854877	-0.4960085781854877	5.302202897356115	-24.731476179879603	45.97303363849684	-77.42174750451659	-123.01529191821515	45.59354441369857	179.37701923950067	4.52305927553657	3228.9601474418764	2701.370852558124	0.6137712621959579	0.055357	0.0	55357000.0	0.0276785	2025-12-08 01:50:40.223950+00:00	2025-12-08 01:50:40.227884+00:00	High	2.4771997791874245	3
2025-12-07 16:00:00	3025.19	3179.0	2998.19	3100.13	1238567.28	3847185055.5673	ETHUSDT	0.0	6.030638485219414	0.6894583504394689	3.104733852855313	1.194375388246142	2.4771997791874245	2.4771997791874245	6.030638485219414	71.4313902683472	49.22786711179624	-66.34154152810106	-111.68054184019232	45.33900031209127	179.47937500810775	5.928320286472837	3228.167698462148	2701.650301537853	0.7568215234480518	0.0445117647058823	0.0	44511764.70588236	0.0222558823529411	2025-12-09 01:56:01.854183+00:00	2025-12-09 01:56:01.858067+00:00	High	4.640450561750625	3
2025-12-08 16:00:00	3100.13	3255.0	3073.91	3243.99	1001841.89	3138900937.6164	ETHUSDT	0.0	5.891193951677185	0.7157441083217062	2.899352349060593	0.988495486876	4.640450561750625	4.640450561750625	5.891193951677185	-19.112840604024356	54.85098883691542	-45.42842811036098	-98.43011909422606	53.00169098386508	179.5944196503858	7.771605881610329	3268.528880229263	2688.4101197707373	0.9577002470841184	-0.0220087378640776	0.0	-22008737.864077672	-0.0110043689320388	2025-12-10 01:51:37.780901+00:00	2025-12-10 01:51:37.784928+00:00	High	2.564434538947409	3
2025-12-09 16:00:00	3243.99	3397.21	3243.48	3327.18	1198477.74	3990103109.2283	ETHUSDT	0.0	4.7396623379826615	0.7652736859803422	2.724855445864291	1.1701027003716733	2.564434538947409	2.564434538947409	4.7396623379826615	19.627433426645798	57.76405308944458	-21.889567989791885	-83.12200887333924	61.23244088354736	177.74696110392966	8.298884845486327	3324.1336363211576	2670.0623636788423	1.004657540861771	0.0013127450980392	0.0	1312745.0980392145	0.0006563725490196	2025-12-11 01:52:55.718549+00:00	2025-12-11 01:52:55.722904+00:00	Negative	-4.4566269333189	0
2025-12-10 16:00:00	3327.18	3446.73	3144.18	3178.9	1279775.85	4203491309.7959	ETHUSDT	0.0	9.62254069423507	1.9175322645279187	2.2326602960901982	1.1760162945452877	-4.4566269333189	-4.4566269333189	9.62254069423507	6.783447642506911	51.398340135098536	-15.026591337040372	-69.50292536607947	54.47633402903909	186.66146388222043	5.7345941612977365	3327.644358851905	2714.040641148094	0.7575888891147416	-0.0074343137254902	0.0	-7434313.7254902	-0.0037171568627451	2025-12-12 01:52:38.030159+00:00	2025-12-12 01:52:38.034222+00:00	Negative	-3.421938406366989	0
2025-12-11 16:00:00	3178.9	3271.83	3056.0	3070.12	1150980.99	3684275730.896	ETHUSDT	0.0	7.062499999999998	1.8447951036232024	1.497317154578781	0.9804521696908778	-3.421938406366989	-3.421938406366989	7.062499999999998	-10.063860792497382	47.28178080875892	-18.155978958536707	-59.23353608457092	41.07755712603421	188.74493074777607	1.4024031760501523	3315.836549409953	2759.071450590047	0.5586710626604237	-0.0338932692307692	0.0	-33893269.23076923	-0.0169466346153846	2025-12-13 01:46:14.976222+00:00	2025-12-13 01:46:14.980155+00:00	Medium	1.241970997876308	2
2025-12-12 16:00:00	3070.12	3133.88	3042.55	3108.25	542821.37	1676513461.2983	ETHUSDT	0.0	3.0017583934528576	2.491047412902798	1.769066653748528	0.5245768149917702	1.241970997876308	1.241970997876308	3.0017583934528576	-52.838372248007325	48.82886092118773	-17.35916323226138	-50.85866151410901	33.49949828184763	181.78672140864927	13.230263709122164	3314.836934776143	2787.407065223857	0.6083139262637768	-0.0810989999999999	0.0	-81098999.99999999	-0.0405494999999999	2025-12-14 01:58:11.965365+00:00	2025-12-14 01:58:11.969341+00:00	Negative	-0.8001286897772023	0
2025-12-13 16:00:00	3108.25	3128.73	3047.93	3083.38	462300.45	1430268672.2725	ETHUSDT	0.0	2.650979517246137	2.929900979145708	2.011172957312189	0.4987752452530409	-0.8001286897772023	-0.8001286897772023	2.650979517246137	-14.833778559602395	47.84266967994926	-18.52098380874349	-44.39112597303591	25.87014216429241	174.57338416517433	2.6042221275689563	3309.3843516080624	2816.702648391937	0.5412771569702057	-0.0668469999999999	0.0	-66846999.99999999	-0.0334234999999999	2025-12-15 01:56:15.447681+00:00	2025-12-15 01:56:15.451445+00:00	Negative	-2.3795315530359504	0
2025-12-14 16:00:00	3083.38	3176.55	2984.09	3010.01	1203112.41	3713082542.9481	ETHUSDT	0.0	6.449537379904763	2.9310860448104648	2.0381153438983675	1.2967393037038115	-2.3795315530359504	-2.3795315530359504	6.449537379904763	160.24469800970343	44.95785732228707	-25.073054245488493	-40.52751162752642	15.45445738203793	175.8509995819476	-2.427315074443486	3304.236387933687	2833.4236120663127	0.3750671115675735	0.0066445544554455	0.0	6644554.455445544	0.0033222772277227	2025-12-16 01:52:37.837723+00:00	2025-12-16 01:52:37.841439+00:00	Negative	-1.5926857385855877	0
2025-12-15 16:00:00	3010.01	3016.9	2875.65	2962.07	1200279.46	3529372580.3248	ETHUSDT	0.0	4.911932954288596	1.9813627812571908	2.0013944608285263	1.316241759492523	-1.5926857385855877	-1.5926857385855877	4.911932954288596	-0.235468438065563	43.12796585147177	-33.74498345666552	-39.17100599335424	5.42602253668872	173.3794996118085	-7.620072355289419	3302.202904713228	2839.001095286772	0.265691761579287	-0.048525	0.0	-48525000.0	-0.0242625	2025-12-17 01:48:18.126347+00:00	2025-12-17 01:48:18.130244+00:00	Negative	-1.9982647270321112	0
2025-12-16 16:00:00	2962.07	3030.0	2885.0	2902.88	1024759.27	3019017502.4717	ETHUSDT	0.0	5.025996533795494	1.5706988441585346	2.0073411574545923	1.1557592767759557	-1.9982647270321112	-1.9982647270321112	5.025996533795494	-14.623276982512053	40.91373039498285	-44.876381175317874	-40.31208102974697	-4.564300145570904	171.35239249667933	-6.498660070088634	3306.939443176116	2823.5465568238837	0.1641179368086711	0.0303553398058252	0.0	30355339.80582524	0.0151776699029126	2025-12-18 01:48:37.006221+00:00	2025-12-18 01:48:37.010186+00:00	High	2.0930937551672737	3
2025-12-17 16:00:00	2902.88	2996.77	2788.54	2963.64	1303720.53	3757503565.051	ETHUSDT	0.0	7.467348504952413	1.8208385748794536	2.0959248648999385	1.2549839511286736	2.0930937551672737	2.0930937551672737	7.467348504952413	27.22212603160936	44.08717118509614	-48.23919840588224	-41.89750450497403	-6.341693900908204	173.98650731834508	-2.5204998240287906	3305.484862529493	2814.143137470506	0.3042625018494939	-0.02992	0.0	-29919999.999999996	-0.01496	2025-12-19 01:52:03.834298+00:00	2025-12-19 01:52:03.838797+00:00			
