timestamp	close	high	low	open	volume	symbol	gap_apertura_pct	volatilidad_diaria	vol_5d	vol_10d	vol_rel_5d	return_pct	close_open_pct	range_pct	volume_change_pct	rsi_14	macd	macd_signal	macd_diff	atr_14	momentum_12	bb_upper	bb_lower	bb_pctb	vader	finbert	sentiment_ratio	sentiment_combined	download_date	added_date	target_category	target	target_num
2025-06-05	62.720001220703125	63.58599853515625	61.619998931884766	61.810001373291016	6408000	ETSY	0.0	3.190521969084608	0.0	0.0	0.0	0.0	1.4722534010577346	3.190521969084608	0.0	0.0	0.0	0.0	0.0	0.0	0.0	0.0	0.0	0.0	0.0	0.0	0.0	0.0	0	0	Medium	1.7378828625215246	2.0
2025-06-06	63.810001373291016	64.68000030517578	62.59999847412109	63.33000183105469	6148800	ETSY	0.9725774848202787	3.322686712068483	0.0	0.0	0.0	1.7378828625215246	0.7579338834014594	3.322686712068483	-4.044943820224719	0.0	0.0	0.0	0.0	0.0	0.0	0.0	0.0	0.0	0.0	0.0	0.0	0.0	0	0	Low	0.1097001932576647	1.0
2025-06-09	63.880001068115234	64.97000122070312	62.810001373291016	63.900001525878906	5156900	ETSY	0.141043959647307	3.438942525370834	0.0	0.0	0.0	0.10970019325766472	-0.03129962016600559	3.438942525370834	-16.131602914389802	0.0	0.0	0.0	0.0	0.0	0.0	0.0	0.0	0.0	0.0	0.0	0.0	0.0	0	0	Negative	-3.209140893524145	0.0
2025-06-10	61.83000183105469	63.84000015258789	61.400001525878906	63.84000015258789	5312200	ETSY	-0.06261883979101814	3.973939032689718	0.0	0.0	0.0	-3.2091408935241454	-3.148493603898783	3.973939032689718	3.0114991564699722	0.0	0.0	0.0	0.0	0.0	0.0	0.0	0.0	0.0	0.0	0.0	0.0	0.0	0	0	Negative	-2.6362623642953724	0.0
2025-06-11	60.20000076293945	61.7400016784668	59.720001220703125	59.88999938964844	6211800	ETSY	-3.1376393077055775	3.382452137431301	0.30085260980155504	0.0	1.0622928616136016	-2.6362623642953724	0.517617926949916	3.382452137431301	16.93460336583713	0.0	0.0	0.0	0.0	0.0	0.0	0.0	0.0	0.0	0.0	0.0	0.0	0.0	0	0	Negative	-1.5116276343510062	0.0
2025-06-12	59.290000915527344	59.52999877929688	57.95000076293945	59.5	12060000	ETSY	-1.1627919502791604	2.726484893107852	0.44328170625643437	0.0	1.728303768734039	-1.5116276343510062	-0.3529396377691702	2.726484893107852	94.14662416690814	0.0	0.0	0.0	0.0	0.0	0.0	0.0	0.0	0.0	0.0	0.0	0.0	0.0	0	0	Negative	-5.565861335981724	0.0
2025-06-13	55.9900016784668	59.0	54.47299957275391	58.7400016784668	10589400	ETSY	-0.9276424836696344	8.310540015700518	2.2487729081604093	0.0	1.346213987688881	-5.565861335981724	-4.681647806299108	8.310540015700518	-12.194029850746269	0.0	0.0	0.0	0.0	0.0	0.0	0.0	0.0	0.0	0.0	0.0	0.0	0.0	0	0	Negative	-3.750673737925605	0.0
2025-06-16	53.88999938964844	56.040000915527344	53.79499816894531	55.9900016784668	9042200	ETSY	0.0	4.173255549766005	2.1964230766540065	0.0	1.0461731411804995	-3.750673737925605	-3.750673737925605	4.173255549766005	-14.610837252346688	0.0	0.0	0.0	0.0	0.0	0.0	0.0	0.0	0.0	0.0	0.0	0.0	0.0	0	0	Medium	1.1876032601540167	2.0
2025-06-17	54.52999877929688	56.48500061035156	53.93999862670898	54.40999984741211	8843300	ETSY	0.964929418543577	4.718209211044362	2.1758524848562484	0.0	0.9458742542254319	1.1876032601540167	0.22054573097095906	4.718209211044362	-2.1996859171440577	0.0	0.0	0.0	0.0	0.0	0.0	0.0	0.0	0.0	0.0	0.0	0.0	0.0	0	0	Medium	1.4120676233281098	2.0
2025-06-18	55.29999923706055	56.09000015258789	54.369998931884766	54.369998931884766	4984500	ETSY	-0.29341619474391545	3.163511595536278	2.20998056534723	1.6070312601417867	0.5475138072997447	1.4120676233281098	1.710502710034801	3.163511595536278	-43.6352945167528	0.0	0.0	0.0	0.0	0.0	0.0	0.0	0.0	0.0	0.0	0.0	0.0	0.0	0	0	Medium	1.555154832217816	2.0
2025-06-20	56.15999984741211	56.52999877929688	55.56999969482422	56.119998931884766	6411900	ETSY	1.4828204450944682	1.7275491987488307	2.45530843182115	1.7529305987659958	0.8040746100578612	1.5551548322178161	0.07127747022214766	1.7275491987488307	28.636773999398134	0.0	0.0	0.0	0.0	0.0	0.0	0.0	0.0	0.0	0.0	0.0	0.0	0.0	0	0	Negative	-3.988606988164046	0.0
2025-06-23	53.91999816894531	55.970001220703125	53.869998931884766	55.970001220703125	5431900	ETSY	-0.3383166439195417	3.8982779477565623	1.1558763286678826	1.741508276518436	0.7823833749114185	-3.988606988164046	-3.6626818064093998	3.8982779477565623	-15.28408116159017	0.0	0.0	0.0	0.0	0.0	0.0	0.0	0.0	0.0	0.0	0.0	0.0	0.0	0	0	Negative	-1.020028293282312	0.0
2025-06-24	53.369998931884766	54.630001068115234	53.060001373291016	54.400001525878906	4601300	ETSY	0.8902139711311171	2.958913784752585	1.1154146447843303	1.763675225742512	0.7599701383085201	-1.0200282932823121	-1.8933870682046814	2.958913784752585	-15.291150426186048	0.0	0.0	0.0	0.0	0.0	-14.907528869326672	0.0	0.0	0.0	0.0	0.0	0.0	0.0	0	0	Negative	-0.5995872235872236	0.0
2025-06-25	53.04999923706055	53.915000915527344	52.22999954223633	53.38999938964844	3948800	ETSY	0.037475094929640386	3.2261179170189767	0.7914316725965026	1.7761579860414705	0.777984427702298	-0.5995872235872236	-0.6368236682426557	3.2261179170189767	-14.180774998370026	20.63900159855163	0.0	0.0	0.0	2.2284292493547717	-16.86256371204889	0.0	0.0	0.0	0.0	0.0	0.0	0.0	0	0	Negative	-4.561730827047232	0.0
2025-06-26	50.630001068115234	53.150001525878906	49.150001525878906	52.880001068115234	8448400	ETSY	-0.32044895643759475	8.138351731065326	2.4486002707117267	2.223769144424522	1.4645850018895858	-4.561730827047232	-4.254916706793847	8.138351731065326	113.94854132901135	16.557097055484988	0.0	0.0	0.0	2.3549700172580024	-20.74201593370596	0.0	0.0	0.0	0.0	0.0	0.0	0.0	0	0	Low	0.0197478201111468	1.0
2025-06-27	50.63999938964844	51.5	50.07899856567383	50.880001068115234	5905800	ETSY	0.49377838184056466	2.8375196689739393	2.2330497101907043	2.2152776032347856	1.0420945645499398	0.01974782011114685	-0.47170140217862094	2.8375196689739393	-30.095639411012737	16.630460262602895	0.0	0.0	0.0	2.2882579756200143	-18.098014087047897	0.0	0.0	0.0	0.0	0.0	0.0	0.0	0	0	Negative	-0.9478664060459034	0.0
2025-06-30	50.15999984741211	51.400001525878906	49.59999847412109	51.0	4032500	ETSY	0.7109016877775712	3.6290385224446635	2.245711491924933	1.7154123169518238	0.7485113302248225	-0.9478664060459034	-1.6470591227213542	3.6290385224446635	-31.719665413661147	15.90738085971519	0.0	0.0	0.0	2.253382623915572	-16.677742173233003	0.0	0.0	0.0	0.0	0.0	0.0	0.0	0	0	High	2.392346025896897	3.0
2025-07-01	51.36000061035156	52.75	49.7599983215332	50.04999923706055	6107200	ETSY	-0.2192994630904843	6.008846019540358	2.2527959043027685	1.8473307318604166	1.0735970916966393	2.392346025896897	2.6173854011190443	6.008846019540358	51.4494730316181	24.71966782068195	0.0	0.0	0.0	2.305998270669231	-13.374937059747976	0.0	0.0	0.0	0.0	0.0	0.0	0.0	0	0	High	3.1152617895386383	3.0
2025-07-02	52.959999084472656	53.88999938964844	51.400001525878906	51.400001525878906	6435500	ETSY	0.07788340158096026	4.844353676752063	2.0859728741894017	1.8529695807851903	1.0403531914618454	3.1152617895386383	3.0350146153367747	4.844353676752063	5.3756222164003145	34.5656545073211	0.0	0.0	0.0	2.321998306999777	-5.411685127988574	0.0	0.0	0.0	0.0	0.0	0.0	0.0	0	0	High	2.66238646485458	3.0
2025-07-03	54.369998931884766	54.84000015258789	53.18000030517578	53.80500030517578	4307800	ETSY	1.595546139181998	3.121473933595575	1.3200605426310654	1.8552334677284708	0.8040300424057816	2.66238646485458	1.0500857234539114	3.121473933595575	-33.06192215057105	41.79090258598504	0.0	0.0	0.0	2.2904270756508813	0.8907024451155028	64.65158319812127	47.154416939207835	0.4123857478350905	0.0	0.0	0.0	0.0	0	0	Negative	-1.287476138847125	0.0
2025-07-07	53.66999816894531	55.0	52.91999816894531	53.7599983215332	5651300	ETSY	-1.121943392192773	3.93046466935685	1.1392883071259583	1.6720086894411452	1.0649046705584846	-1.287476138847125	-0.16741100334417547	3.93046466935685	31.187613166813687	39.461296554785235	0.0	0.0	0.0	2.2753967010368674	-1.5771146700961993	63.66156804245932	47.239431789693995	0.39157916365286966	0.0	0.0	0.0	0.0	0	0	Negative	-0.3912783522213096	0.0
2025-07-08	53.459999084472656	54.0	51.845001220703125	53.70000076293945	3405100	ETSY	0.0559019843818456	4.156618243913408	1.083904970339063	1.6678006701292472	0.6571801334779538	-0.39127835222130963	-0.4469304935884317	4.156618243913408	-39.74660697538619	38.7631866895625	0.0	0.0	0.0	2.266796849484011	-3.3273059276188435	62.22454148304999	47.6414581202215	0.3989925051846244	0.0	0.0	0.0	0.0	0	0	Medium	1.2532772074760077	2.0
2025-07-09	54.130001068115234	54.34999847412109	52.310001373291016	53.36000061035156	3794800	ETSY	-0.18705289157054644	3.8998223040989517	0.6171900742420935	1.610211802372156	0.8041704634554663	1.2532772074760077	1.44302932712916	3.8998223040989517	11.444597809168599	42.27216790703597	0.0	0.0	0.0	2.250596867437301	-3.614670200876823	60.47336427859034	48.41763532468114	0.4738299745517916	0.0	0.0	0.0	0.0	0	0	Very High	7.445037317153699	4.0
2025-07-10	58.15999984741211	58.25	54.720001220703125	54.755001068115234	7012700	ETSY	1.154627725230455	6.451021017085271	1.2582096711213375	1.675227718237045	1.4506013230347887	7.445037317153699	6.218607821888371	6.451021017085271	84.79761779276906	57.899090175038836	0.0	0.0	0.0	2.3841255863264053	7.863504863597684	59.5585824763228	48.96541692858443	0.8679731169490422	0.0	0.0	0.0	0.0	0	0	Negative	-0.4986260596426869	0.0
2025-07-11	57.869998931884766	58.29499816894531	57.11000061035156	58.0099983215332	3410900	ETSY	-0.25791184022085367	2.0749387951835554	1.5572538784706997	1.3610008998506058	0.732745286747899	-0.49862605964268697	-0.24133665523046566	2.0749387951835554	-51.361102000655954	56.7094308050064	0.0	0.0	0.0	2.2984735843455013	8.431703372794281	58.99844308514098	49.29255613666078	0.8837361119858387	0.0	0.0	0.0	0.0	0	0	Negative	-0.2764815109128227	0.0
2025-07-14	57.709999084472656	58.77000045776367	57.37099838256836	57.9900016784668	3153100	ETSY	0.20736607706400537	2.438517917827252	1.7316491852338138	1.4070455193058407	0.7588103924607491	-0.2764815109128227	-0.4828463284871966	2.438517917827252	-7.558122489665483	56.02545433690284	-0.7955972285684396	0.0	0.0	2.2342256194062022	8.784165719943402	58.62435525105644	49.50864378763984	0.8996944813080906	0.0	0.0	0.0	0.0	0	0	Negative	-3.5002607690340035	0.0
2025-07-15	55.68999862670898	57.790000915527344	54.93000030517578	57.65999984741211	4686000	ETSY	-0.08663877638840507	5.206627697910424	1.8450318957211773	1.4419242798469234	1.0622237334240054	-3.5002607690340035	-3.4165820775518947	5.206627697910424	48.61564809235356	48.13247995240832	-0.7088343880417796	0.0	0.0	2.2789238330451567	9.994069626398504	58.58584900169678	49.51714973182373	0.6806763253680658	0.0	0.0	0.0	0.0	0	0	Medium	0.6284832060500447	2.0
2025-07-16	56.040000915527344	56.54499816894531	55.0099983215332	56.04999923706055	2631600	ETSY	0.6464367377069982	2.7904015528959696	1.927107691327072	1.3530592265430283	0.6297411255701316	0.6284832060500447	-0.017838218856909786	2.7904015528959696	-43.84122919334187	49.46105346902529	-0.6048595083155277	0.0	0.0	2.2257864054999392	10.663510250718419	58.77416062979563	49.54383825631277	0.7037850246570954	0.0	0.0	0.0	0.0	0	0	High	3.443969082165065	3.0
2025-07-17	57.970001220703125	59.01399993896485	56.95000076293945	57.7400016784668	4877600	ETSY	3.0335487779558967	3.6242302868739507	1.2466239333300946	1.3119692912625613	1.3000554394643695	3.443969082165065	0.3983365700560808	3.6242302868739507	85.34731722146222	56.13362223995833	-0.36254458380584254	0.0	0.0	2.2792301639240513	15.57017822378234	59.23595577491742	49.42604335533161	0.8709514927282351	0.0	0.0	0.0	0.0	0	0	High	2.880797194720253	3.0
2025-07-18	59.63999938964844	59.79999923706055	58.790000915527344	58.84000015258789	3904800	ETSY	1.5007743894510364	1.7179763663967678	1.3361013510850808	1.456134672667263	1.0140704613802454	2.8807971947202535	1.3596180064342869	1.7179763663967678	-19.944234869608003	60.93925615276072	-0.03534591911679286	0.0	0.0	2.2471421533835776	16.121492758759913	59.96275193655209	49.13324720895573	0.9701969245111279	0.0	0.0	0.0	0.0	0	0	Medium	1.291080592964122	2.0
2025-07-21	60.40999984741211	61.3650016784668	59.06999969482422	61.34999847412109	5386900	ETSY	2.8672017135691807	3.8852243025213165	1.298110432321554	1.4551641580233137	1.253531221348822	1.291080592964122	-1.5321901386933063	3.8852243025213165	37.9558492112272	62.9544403167866	0.2828336514910106	0.0	0.0	2.250560712687792	14.06722222758444	60.71800061162725	48.80299853388057	0.9741501711703112	0.0	0.0	0.0	0.0	0	0	Very High	5.42956263463288	4.0
2025-07-22	63.68999862670898	64.08499908447266	60.43000030517578	60.59999847412109	7328100	ETSY	0.31451519150618995	6.048318320104042	1.602559673044364	1.6428726146192176	1.5185254258361307	5.42956263463288	5.0990102811759295	6.048318320104042	36.03556776624775	70.04408148925079	0.7905487886177767	0.0	0.0	2.35230632157156	17.141805918555182	62.344293225061946	48.15370596622223	1.0948308464689334	0.0	0.0	0.0	0.0	0	0	Negative	-1.303184227121882	0.0
2025-07-23	62.86000061035156	64.00499725341797	62.040000915527344	63.68000030517578	4297300	ETSY	-0.015698416939521072	3.1673054624324264	1.5625444494604548	1.6548929510471375	0.8329811938111318	-1.303184227121882	-1.2876879568067006	3.1673054624324264	-41.358605914220604	66.57216833907543	1.1131115324849645	0.0	0.0	2.3246413227372074	17.12316518528185	63.49021899723198	47.95678036189888	0.9594282758843306	0.0	0.0	0.0	0.0	0	0	Medium	1.7817354772668077	2.0
2025-07-24	63.97999954223633	66.30999755859375	63.58000183105469	63.58000183105469	6350800	ETSY	1.145404412523276	4.29379623925339	1.5841891680692397	1.3800844455203303	1.1645194532765633	1.7817354772668077	0.6291250387889542	4.29379623925339	47.78581900262956	68.81823836846996	1.4424912433861294	0.37517145238470184	1.0673197910014276	2.4050238674161344	19.678265315981243	64.71581031109697	47.82418907855147	0.9564393045089751	0.0	0.0	0.0	0.0	0	0	Negative	-2.375743151983371	0.0
2025-07-25	62.459999084472656	64.54900360107422	61.90499877929688	64.19999694824219	3819500	ETSY	0.3438534035321903	4.271068369137229	1.0614890637241121	1.2959127790612603	0.7025634045308395	-2.375743151983371	-2.7102771752034682	4.271068369137229	-39.85797064936701	62.66439121963854	1.5628600260268541	0.6127091671131324	0.9501508589137218	2.4220939355847912	15.388874657281557	65.30149545003616	48.42150374124801	0.8316648245695437	0.0	0.0	0.0	0.0	0	0	Low	0.464298622763568	1.0
2025-07-28	62.75	63.77999877929688	62.15999984741211	62.52000045776367	4412600	ETSY	0.0960636794276415	2.606175894243053	1.3192446899854098	1.2781037364297234	0.8418325492305873	0.46429862276356804	0.3678815427899873	2.606175894243053	15.528210498756382	63.33798766469355	1.6624896578127704	0.8226652652530599	0.8398243925597104	2.3648014353205045	7.892022291317333	65.7712445234487	49.16275472887064	0.8180903525355446	0.0	0.0	0.0	0.0	0	0	Negative	-3.904383685959288	0.0
2025-07-29	60.29999923706055	62.915000915527344	60.0099983215332	62.915000915527344	8578400	ETSY	0.26294966617903387	4.840864314691619	0.9176374235476807	1.2367032304204573	1.5620607022936348	-3.904383685959288	-4.1564041014285635	4.840864314691619	94.40692562208221	54.407293699627004	1.5261596542446014	0.9633641430513683	0.5627955111932331	2.4033872323686216	4.199067478877935	65.64596255460376	50.30203663668043	0.651590906646743	0.0	0.0	0.0	0.0	0	0	High	2.786070193087579	3.0
2025-07-30	61.97999954223633	68.44999694824219	61.13999938964844	65.73999786376953	12894000	ETSY	9.021556709018242	11.956162302205387	3.654178860538373	2.8333501821378686	1.7880866335878498	2.786070193087579	-5.719498697467109	11.956162302205387	50.30774969691317	58.706878192454994	1.5359733834374651	1.0778859911285879	0.4580873923088773	2.8138594094266947	7.399065197546589	65.72938757649123	51.280611507981426	0.7405048000967736	0.0	0.0	0.0	0.0	0	0	Negative	-5.9858004386471055	0.0
2025-07-31	58.27000045776367	61.4900016784668	55.88999938964844	61.34999847412109	9795600	ETSY	-1.0164586524172636	10.019685721906724	4.0235407845366655	3.26693330130468	1.239946227984233	-5.9858004386471055	-5.020371789669452	10.019685721906724	-24.029781293624943	47.95237479272287	1.2302038895031444	1.1083495708034992	0.12185431869964525	3.047869462509637	4.632792053647714	65.53596043942267	52.005038782379096	0.46301071236513497	0.0	0.0	0.0	0.0	0	0	Medium	0.8580744741239863	2.0
2025-08-01	58.77000045776367	60.08000183105469	57.52999877929688	58.20000076293945	4639900	ETSY	-0.12012990265026205	4.43247541433195	3.999367069514049	3.0431260059781096	0.5753772894681366	0.8580744741239863	0.9793809061033255	4.43247541433195	-52.632814733145494	49.30036607373298	1.016507518021804	1.08998116024716	-0.07347364222535613	3.0123075760273634	4.871519446174582	65.44843890126396	52.5325604731257	0.48292805010065903	0.0	0.0	0.0	0.0	0	0	Negative	-2.4842591000521024	0.0
2025-08-04	57.310001373291016	59.75	57.02999877929688	58.68999862670898	4075000	ETSY	-0.1361269872920788	4.7694218462626665	3.5250553835083265	3.0018782910061304	0.5095928509437785	-2.4842591000521024	-2.351332911413538	4.7694218462626665	-12.174831354124011	45.58757969143035	0.721030291256298	1.0161909864489878	-0.2951606951926897	2.9914285506470604	-1.13851963690558	65.21201558087974	53.13298411394449	0.34580730009525684	0.0	0.0	0.0	0.0	0	0	Negative	-2.320715057031088	0.0
2025-08-05	55.97999954223633	57.630001068115234	55.83000183105469	57.630001068115234	4204900	ETSY	0.5583662312968513	3.224071606709713	3.8547301672038654	3.090788961082026	0.5904199452953434	-2.3207150570310873	-2.8630947341623374	3.224071606709713	3.187730061349693	42.45123029272035	0.3752171579370156	0.8879962207465933	-0.5127790628095777	2.9063264568194525	-6.136820732508871	64.94864366653455	53.64835607406604	0.20633487856754193	0.0	0.0	0.0	0.0	0	0	Low	0.3929996829262858	1.0
2025-08-06	56.20000076293945	56.95000076293945	55.33000183105469	56.150001525878906	4851900	ETSY	0.3036834316411764	2.927885194783276	2.8719405554903337	3.110509426047749	0.8800100118618799	0.3929996829262858	0.08904583384116702	2.927885194783276	15.38681062569859	43.14798720053084	0.11755491829352849	0.7339079602559805	-0.616353041962452	2.814445919324118	-6.96904336220257	64.73667316282561	54.067326547257395	0.19988798682106357	0.0	0.0	0.0	0.0	0	0	Very High	7.633453482720134	4.0
2025-08-07	60.4900016784668	60.52999877929688	57.81999969482422	58.09999847412109	5734500	ETSY	3.3807787996233776	4.686957970903016	0.8663310738347371	3.0983593429070693	1.219784567475815	7.633453482720134	4.113602869387796	4.686957970903016	18.190811846905337	54.67252981371914	0.2565654312839314	0.6384394544615707	-0.3818740231776393	2.9226996405407832	-5.024331947308651	64.84134570851728	54.19565418467119	0.5912577383720372	0.0	0.0	0.0	0.0	0	0	Medium	0.6943265949599456	2.0
2025-08-08	60.90999984741211	60.959999084472656	59.459999084472656	60.23500061035156	4443600	ETSY	-0.4215590362696411	2.5227043778944642	1.036727671829917	3.214626247010715	0.9531572422018112	0.6943265949599456	1.1206096625232644	2.5227043778944642	-22.51111692388177	55.62101363433166	0.3960571067189633	0.5899629849130492	-0.1939058781940859	2.8210782376450134	-3.1021329048767683	64.96993526655348	54.37106471818774	0.6169464094674335	0.0	0.0	0.0	0.0	0	0	Medium	1.41192023067802	2.0
2025-08-11	61.77000045776367	61.880001068115234	60.11000061035156	60.900001525878906	5597400	ETSY	-0.016414909798473633	2.944602295443763	0.8352952994525519	3.1859545830693596	1.1270401855647685	1.4119202306780199	1.4285696388941262	2.944602295443763	25.965433432352146	57.57846452865636	0.5694360224101374	0.5858575924124668	-0.016421570002329466	2.746001253367775	-3.454203032642612	65.16802986004525	54.57897026202507	0.6790999832584848	0.0	0.0	0.0	0.0	0	0	Very High	7.641245541568745	4.0
2025-08-12	66.48999786376953	66.69999694824219	62.02999877929688	62.869998931884766	8134900	ETSY	1.7807972575186188	7.528612382471887	2.0793092198323526	3.2617174219419662	1.4141602027654256	7.641245541568745	5.7579115530235345	7.528612382471887	45.33354771858363	66.35081110485216	1.0753089144146841	0.6837478568129103	0.39156105760177384	2.902000913161399	6.4521275029905	66.08103191445412	54.74596813132226	1.0360797219265774	0.0	0.0	0.0	0.0	0	0	Very High	5.414345901314484	4.0
2025-08-13	70.08999633789062	70.56999969482422	65.70999908447266	66.81999969482422	6450100	ETSY	0.49631800519955477	7.396135562418514	2.3766439705816294	2.4853926829363044	1.0622519391973122	5.414345901314484	4.893739386412622	7.396135562418514	-20.710764729744678	71.23640921468723	1.7465732076311582	0.89631292697656	0.8502602806545982	3.041858034389268	11.697205319347608	67.82780367423607	54.40419591377663	1.1685234479450504	0.0	0.0	0.0	0.0	0	0	Negative	-2.6822618799334177	0.0
2025-08-14	68.20999908447266	69.55500030517578	67.27100372314453	69.0999984741211	3926000	ETSY	-1.412466707797984	3.395217040957341	2.4888845833719446	1.800737502260422	0.6875175119080975	-2.6822618799334177	-1.2879875677301997	3.395217040957341	-39.13272662439342	65.8587164973008	2.1026172666291743	1.137573794907083	0.9650434717220913	3.0259390758433264	13.117744523204905	68.84501011715464	54.410989257235	0.9560059501891615	0.0	0.0	0.0	0.0	0	0	Negative	-2.6095862823462115	0.0
2025-08-15	66.43000030517578	68.55000305175781	66.02999877929688	68.36000061035156	5029700	ETSY	0.21991134421969613	3.8164536105535456	2.2547063812608883	1.809365836708848	0.8630796105442702	-2.6095862823462115	-2.8232888940078897	3.8164536105535456	28.11258278145695	61.151660245253545	2.2156135097563023	1.3531817378769269	0.8624317718793755	2.9898008756017274	7.179736682487382	69.41368072541485	54.521318740527526	0.7996502889691448	0.0	0.0	0.0	0.0	0	0	Negative	-2.2128574649255155	0.0
2025-08-18	64.95999908447266	66.5999984741211	63.93999862670898	66.0	5369300	ETSY	-0.6472983639927493	4.160149991465565	2.0298144393089848	1.8028422986215364	0.9286233137322726	-2.2128574649255155	-1.5757589629202178	4.160149991465565	6.751893751118357	57.49686567732381	2.1616291184208336	1.5148712139857083	0.6467579044351253	2.9662436593024695	11.481034107007005	69.71460312430777	54.675396265340666	0.6838527400798274	0.0	0.0	0.0	0.0	0	0	Negative	-2.2629270731582136	0.0
2025-08-19	63.4900016784668	65.62000274658203	63.470001220703125	65.30999755859375	3362400	ETSY	0.5387907620903178	3.387429469873088	1.688560159963747	1.7931237530379662	0.6965095805282238	-2.2629270731582136	-2.786703335112085	3.387429469873088	-37.37731175385991	54.019962829952284	1.9774349547196834	1.6073839621325035	0.37005099258718	2.907940649772215	8.031310505255577	69.69715249596553	54.67284719885869	0.5868593792024439	0.0	0.0	0.0	0.0	0	0	High	2.3153211011875308	3.0
2025-08-20	64.95999908447266	65.37000274658203	62.880001068115234	63.38999938964844	3405400	ETSY	-0.15750871975843095	3.959926266174016	0.344182529083809	1.735650514195834	0.807242281726466	2.3153211011875308	2.476730888059606	3.959926266174016	1.2788484415893409	56.831233780078804	1.92785316706005	1.6714778031180129	0.2563753639420372	2.8780878661075424	13.348451453269162	69.89508599195739	54.68491355027894	0.6755403709979146	0.0	0.0	0.0	0.0	0	0	Negative	-3.140395542300683	0.0
2025-08-21	62.91999816894531	64.7300033569336	61.41999816894531	64.37000274658203	4479800	ETSY	-0.9082456068439992	5.389132671224759	0.752358855681428	1.7634379086904228	1.034758345421452	-3.140395542300683	-2.252609159184341	5.389132671224759	31.54989134903389	52.073013180265974	1.7043020846970762	1.6780426594338258	0.026259425263250424	2.925367369637528	12.397282392746051	69.80893869773493	54.6650607071723	0.5451006318802442	0.0	0.0	0.0	0.0	0	0	Negative	-0.4132204849006614	0.0
2025-08-22	62.65999984741211	63.880001068115234	62.0	62.880001068115234	4420700	ETSY	-0.06356818498735911	3.032259787282636	0.9038385063540344	1.7080507565531202	1.0506664258280412	-0.41322048490066143	-0.3498747089154897	3.032259787282636	-1.3192553238983884	51.48140692019908	1.4889923724704772	1.6402326020411562	-0.15124022957067895	2.8506983481002215	11.49466013661096	69.82061844138431	54.67338103981687	0.5272657050168622	0.0	0.0	0.0	0.0	0	0	Negative	-8.410469949883547	0.0
2025-08-25	57.38999938964844	61.900001525878906	57.3650016784668	61.88999938964844	7935200	ETSY	-1.2288548669625847	7.905516804184842	1.9872138855489982	1.9138184736611148	1.680937149151609	-8.410469949883547	-7.270964686344235	7.905516804184842	79.50098400705771	41.251256381602715	0.8829349560329263	1.48877307283951	-0.6058381168065838	3.0252911924462995	-5.124817660439737	69.83647340008477	54.121526020081255	0.20798500246498766	0.0	0.0	0.0	0.0	0	0	Negative	-2.0386795284691144	0.0
2025-08-26	56.220001220703125	57.13999938964844	54.5	57.02000045776367	9320500	ETSY	-0.6447097679382502	4.844035577336583	1.8417455377714174	1.6950384955917464	1.576453913184672	-2.0386795284691144	-1.403015136159336	4.844035577336583	17.457657021877203	39.38027455307344	0.3047085227710298	1.2519601628258141	-0.9472516400547843	3.0156274922464523	-7.699882841008165	69.99952612713834	53.550473491391934	0.16229066733666372	0.0	0.0	0.0	0.0	0	0	Negative	-3.18392187239614	0.0
2025-08-27	54.43000030517578	55.790000915527344	54.27999877929688	55.7400016784668	4694800	ETSY	-0.8537878545252812	2.7818757741136806	2.0730736075527765	1.5056739495290261	0.7608829535509384	-3.18392187239614	-2.350199737789188	2.7818757741136806	-49.629311732203206	36.64207436816581	-0.29458244267875244	0.9426516417249009	-1.2372340844036533	2.938797131472152	-11.88279115783194	70.22100294048708	52.57399675433713	0.10517384825848326	0.0	0.0	0.0	0.0	0	0	Negative	-1.0288469045585598	0.0
2025-08-28	53.869998931884766	54.78499984741211	52.88999938964844	54.69499969482422	6938400	ETSY	0.4868627377597838	3.5829088289506745	2.0998925459026223	1.494726426053049	1.0415015491029613	-1.0288469045585598	-1.5083659704591292	3.5829088289506745	47.789043196728294	35.803328523450716	-0.8054278107132831	0.5930357512372642	-1.3984635619505472	2.8642402262072606	-18.980296792521656	70.50686256926407	51.848136972972256	0.10836013148263078	0.0	0.0	0.0	0.0	0	0	Negative	-1.59643702877919	0.0
2025-08-29	53.0099983215332	54.22999954223633	52.834999084472656	53.84000015258789	4382600	ETSY	-0.05568735825446475	2.640296170978149	2.1711918523459848	1.579638609828529	0.6586117247494102	-1.59643702877919	-1.5416081513788635	2.640296170978149	-36.835581690303236	34.49736628223705	-1.2650881584525706	0.2214109692992972	-1.4864991277518678	2.75929452846129	-24.36866729742427	70.83372609829179	50.94527323032149	0.10381526933836492	0.0	0.0	0.0	0.0	0	0	Negative	-2.4712273157375586	0.0
2025-09-02	51.70000076293945	52.23500061035156	51.14500045776367	52.23500061035156	4919600	ETSY	-1.4619840326741316	2.1311958995640827	1.0582808085460553	1.7060545801857383	0.8129984564993935	-2.4712273157375586	-1.0242171746162225	2.1311958995640827	12.253000501985124	32.54971662330438	-1.7153051802050356	-0.16593226060156935	-1.5493729196034662	2.6954161952690217	-24.204659937155085	71.23442831739786	49.98357095018027	0.08076990886057206	0.0	0.0	0.0	0.0	0	0	Medium	0.5222445914492492	2.0
2025-09-03	51.970001220703125	52.54999923706055	51.13999938964844	51.369998931884766	4411800	ETSY	-0.6383014046128321	2.7571370047718773	0.520971224576162	1.7410659415416183	0.870273639691958	0.5222445914492492	1.1680013651819348	2.7571370047718773	-10.321977396536305	33.3845096751367	-2.026953178620211	-0.5381364442052977	-1.4888167344149132	2.603600741850671	-21.767272343887118	71.51614862249016	49.30085081293464	0.12014920667056714	0.0	0.0	0.0	0.0	0	0	Low	0.4618007660810369	1.0
2025-09-04	52.209999084472656	52.400001525878906	50.2599983215332	51.775001525878906	5271100	ETSY	-0.3752158750124049	4.25786565024386	0.8423043903058008	1.7447046332323748	1.0166644164561112	0.4618007660810369	0.8401690888919113	4.25786565024386	19.477310848179883	34.1644885136141	-2.228877528090706	-0.8762846609823793	-1.3525928671083267	2.5704866320288877	-19.62746333081095	71.74682667765006	48.671172589928055	0.15335758115855638	0.0	0.0	0.0	0.0	0	0	High	3.543386939779804	3.0
2025-09-05	54.060001373291016	54.10499954223633	52.34999847412109	52.36000061035156	5067000	ETSY	0.28730421089686814	3.352437668136353	0.8132908006948756	1.6731440306946515	1.053338377937893	3.5433869397798037	3.246754666009999	3.352437668136353	-3.8720570658875757	39.99668820405766	-2.2141015221223626	-1.143848033210376	-1.0702534889119866	2.522237619581372	-14.852732801823269	71.73039822260958	48.04460101445096	0.2539665566657827	0.0	0.0	0.0	0.0	0	0	Very High	7.65815627909668	4.0
2025-09-08	58.20000076293945	58.334999084472656	54.150001525878906	54.25	9531100	ETSY	0.3514587900155982	7.728527129576704	2.2030979764982304	2.068391092799942	1.6320041369012965	7.65815627909668	7.2811073971234155	7.728527129576704	88.10144069469114	50.55325247993495	-1.8470365915242368	-1.2844857448731481	-0.5625508466510887	2.647434768981391	-10.406401503704824	71.60700854368065	47.89699078493263	0.4345424825422341	0.0	0.0	0.0	0.0	0	0	Negative	-3.7457049426088	0.0
2025-09-09	56.02000045776367	57.68000030517578	53.970001220703125	57.209999084472656	8251700	ETSY	-1.701033789499895	6.874187512616703	2.193907497474164	1.880144223540378	1.2682162869973903	-3.7457049426087985	-2.080053567125404	6.874187512616703	-13.4234243686458	45.96722529231894	-1.7123044156391742	-1.3700494790263533	-0.3422549366128209	2.7604751099281724	-10.966303102321435	71.38849684247997	47.54050248613332	0.35556440700740566	0.0	0.0	0.0	0.0	0	0	High	3.2131367767796752	3.0
2025-09-10	57.81999969482422	58.40999984741211	55.0	55.52000045776367	5866200	ETSY	-0.892538371856986	6.199999722567472	1.8257139393141322	1.9860754060228978	0.8630039044225604	3.2131367767796752	4.142649888503244	6.199999722567472	-28.909194469018505	50.000464173991006	-1.4436418952156842	-1.3847679622642195	-0.0588739329514647	2.806869734034168	-7.724226243814434	70.52444880574794	47.537550705970816	0.44731781313952496	0.0	0.0	0.0	0.0	0	0	High	3.061225297657886	3.0
2025-09-11	59.59000015258789	61.5	58.650001525878906	59.0099983215332	7905000	ETSY	2.058109015893868	4.859332310270362	1.7254325973106588	1.9254205978626966	1.0792987630048332	3.0612252976578866	0.9828873878192272	4.859332310270362	34.75503733251509	53.66322233844038	-1.075502939333333	-1.3229149576780421	0.24741201834470905	2.869236203401426	3.8334218266889755	68.83068333505236	48.18131655813611	0.5524955664599581	0.0	0.0	0.0	0.0	0	0	Negative	-1.0907896026422228	0.0
2025-09-12	58.93999862670898	59.59000015258789	57.84999847412109	58.86000061035156	4196900	ETSY	-1.2250369866874813	3.0077817188624216	1.850177792399526	1.9620543037210953	0.586964244256788	-1.0907896026422228	0.13591236073372673	3.0077817188624216	-46.90828589500316	52.152302442788084	-0.8266705122667446	-1.2236660685957828	0.39699555632903816	2.7885765944775245	4.838131175643247	67.36687170438452	48.718128143027585	0.5481264971042167	0.0	0.0	0.0	0.0	0	0	Negative	-1.9341693522399128	0.0
2025-09-15	57.79999923706055	59.25	56.630001068115234	58.84000015258789	4722800	ETSY	-0.16966148023588823	4.626521070930936	1.5013578283357663	1.8643774036225296	0.7631550031348368	-1.9341693522399128	-1.7675066499495966	4.626521070930936	12.530677404751126	49.51893815228326	-0.7132357071891917	-1.1215799963144646	0.4083442891252729	2.776535332863756	6.191436547841265	66.10457795652107	49.11742178407951	0.5111260157286875	0.0	0.0	0.0	0.0	0	0	High	2.7854682207664334	3.0
2025-09-16	59.40999984741211	59.650001525878906	55.95000076293945	57.810001373291016	5745700	ETSY	0.017304734191165044	6.613048637150842	1.4275259962752567	1.74532924155418	1.0102649402530541	2.7854682207664334	2.767684546121312	6.613048637150842	21.658761751503345	53.119234540720036	-0.48780114503840366	-0.9948242260592524	0.5070230810208487	2.8424971492977344	10.284018981571407	65.18707018475882	49.4799296321357	0.6322010159651922	0.0	0.0	0.0	0.0	0	0	High	2.0366926234310765	3.0
2025-09-17	60.619998931884766	62.0	59.18999862670898	59.45000076293945	5646000	ETSY	0.06733027374193165	4.74742598156276	1.2778218011889246	1.5614311084512056	1.0004819891977714	2.0366926234310765	1.968037264811404	4.74742598156276	-1.7352106792906001	55.677678771864805	-0.20909549393626037	-0.837678479634654	0.6285829856983937	2.840176022440112	14.355783533877803	64.68505876252517	49.69494077971116	0.7288173558539733	0.0	0.0	0.0	0.0	0	0	Very High	6.977894451943718	4.0
2025-09-18	64.8499984741211	65.05999755859375	62.2599983215332	62.56999969482422	7249300	ETSY	3.216761460406091	4.497268410770485	1.2818047452067907	1.5466917000776554	1.3151516470916922	6.977894451943718	3.6439168777644664	4.497268410770485	28.397095288699965	63.231939127464216	0.3490823499710203	-0.6003263137135192	0.9494086636845395	2.9544490656021742	25.435198292314272	64.65687061224659	49.71212886895458	1.0129227968734347	0.0	0.0	0.0	0.0	0	0	Low	0.2158818703817014	1.0
2025-09-19	64.98999786376953	65.06999969482422	63.52000045776367	64.51000213623047	6481300	ETSY	-0.5242811810185366	2.440175103731599	1.4789403366913054	1.6912401507010595	1.0858231334456911	0.21588187038170148	0.7440640391321343	2.440175103731599	-10.594126329438705	63.453953128618345	0.7935910695857586	-0.32154283705366365	1.1151339066394224	2.8541312207063436	25.052908095525833	65.1237797887374	49.45221966194621	0.9914633945895943	0.0	0.0	0.0	0.0	0	0	Negative	-5.108477925762549	0.0
2025-09-22	61.66999816894531	65.0	61.02999877929688	65.0	5881700	ETSY	0.015390270132697937	6.504999672472311	1.712338884891605	1.5203518246190313	0.948538898206683	-5.108477925762549	-5.123079740084135	6.504999672472311	-9.251230463024394	54.97619704749276	0.8679658335761644	-0.08364110292769805	0.9516069365038624	2.9338362207061133	18.11913282964618	64.9494239166476	49.52757536618931	0.7873519677636287	0.0	0.0	0.0	0.0	0	0	Medium	1.5647805760335314	2.0
2025-09-23	62.6349983215332	62.93000030517578	61.34000015258789	61.970001220703125	3303200	ETSY	0.4864651543136947	2.592109795618919	1.686257330887404	1.548205846969915	0.5782609456786233	1.5647805760335314	1.0730951875597412	2.592109795618919	-43.83936616964483	56.783559472401826	0.9933253806859028	0.13175219379502212	0.8615731868908807	2.8378479301262405	15.861999131355493	65.56319972469676	49.43829945132864	0.8184049914404884	0.0	0.0	0.0	0.0	0	0	High	2.2591279127378003	3.0
2025-09-24	64.05000305175781	64.45500183105469	62.72499847412109	63.220001220703125	3272600	ETSY	0.9339872512917503	2.758076363520935	1.745589678713184	1.5377294186335684	0.6248257796480081	2.2591279127378003	1.3128785432273617	2.758076363520935	-0.9263744248001937	59.359731362082904	1.1930994729329782	0.3440216496226134	0.8490778233103649	2.765144757225901	10.05155019266515	66.41518895132937	49.3693104078015	0.8612458786719683	0.0	0.0	0.0	0.0	0	0	Negative	-0.7025832259103627	0.0
2025-09-25	63.59999847412109	64.56500244140625	61.70500183105469	64.3499984741211	4191500	ETSY	0.4683769056511357	4.634957500174955	1.7611738634851535	1.529704503105998	0.9060626105152116	-0.7025832259103627	-1.1655011931377528	4.634957500174955	28.078591945242316	58.172092895710456	1.300123260119264	0.5352419717219435	0.7648812883973205	2.771920175306305	13.530878176397662	67.06383459162934	49.63766458439604	0.8012279166293867	0.0	0.0	0.0	0.0	0	0	Medium	0.9119525864307968	2.0
2025-09-26	64.18000030517578	64.30999755859375	62.560001373291016	63.220001220703125	3760200	ETSY	-0.5974799725389662	2.7973084189378983	1.699091343203852	1.5498914450089036	0.9212022029280913	0.9119525864307969	1.5185053241635784	2.7973084189378983	-10.28987236073005	59.302303236643176	1.415425538481884	0.7112786850739317	0.7041468534079522	2.6989256045917642	10.999655212590532	67.67735041045984	50.055148902894665	0.8015372764984754	0.0	0.0	0.0	0.0	0	0	Very High	15.83047052727342	4.0
2025-09-29	74.33999633789062	75.7699966430664	63.63999938964844	64.86000061035156	25784300	ETSY	1.0595205701813355	19.060335276167542	7.143835513552872	4.953359550535834	3.1981082462207095	15.830470527273421	14.616089482469214	19.060335276167542	585.7161853092921	73.04310063546764	2.3001158897975813	1.0290461260186616	1.2710697637789197	3.3725735795079217	24.752468782570002	70.6151668714895	49.250332243500715	1.174343940931864	0.0	0.0	0.0	0.0	0	0	Negative	-10.694104573408652	0.0
2025-09-30	66.38999938964844	71.95999908447266	64.80000305175781	71.88999938964844	16708600	ETSY	-3.2956646071200293	11.049376073325071	7.026396276636665	5.238218076615865	1.5552374286075967	-10.694104573408653	-7.650577335784418	11.049376073325071	-35.19855105626292	56.86448602910913	2.3328494182928736	1.2898067844735042	1.0430426338193695	3.8131035585525566	12.639974442692727	70.99873842363166	50.33576055402946	0.7769566873145012	0.0	0.0	0.0	0.0	0	0	Very High	6.175626618186666	4.0
2025-10-01	70.48999786376953	71.73999786376953	66.36499786376953	66.4800033569336	9057800	ETSY	0.13556856169995643	8.099148908334945	6.396612212106469	5.248694045839579	0.7611289628653635	6.175626618186666	6.031880722547695	8.099148908334945	-45.78959338304825	61.589600846670095	2.6589755719635946	1.5636405419715222	1.0953350299920723	3.9246675900845167	21.955015214900445	71.96043854918408	51.2260600927837	0.9290819983581112	0.0	0.0	0.0	0.0	0	0	High	2.908218348537465	3.0
2025-10-02	72.54000091552734	73.5199966430664	70.55999755859375	70.91999816894531	4716700	ETSY	0.6100160564720246	4.1950101855015545	6.476400161904381	5.261999836292938	0.3928776096329022	2.908218348537465	2.2842678911565506	4.1950101855015545	-47.92664885513038	63.729002765698	3.047718806780722	1.8604561949333625	1.1872626118473595	3.860762675028256	22.100658309776406	73.08365603056285	52.135842794510395	0.9740471662168612	0.0	0.0	0.0	0.0	0	0	Negative	-0.220573008119615	0.0
2025-10-03	72.37999725341797	76.51499938964844	72.30999755859375	72.88999938964844	7496600	ETSY	0.4824903083867701	5.815242667720074	5.8604583734288935	5.084088882252812	0.5878395332789662	-0.22057300811961508	-0.6996873926478553	5.815242667720074	58.93739266860305	63.43203296342035	3.3047940540984655	2.149323766766383	1.1554702873320823	3.885351186173001	19.399535679219067	74.05278143885744	52.9987169742285	0.9205481588483894	0.0	0.0	0.0	0.0	0	0	Negative	-3.288197490647983	0.0
2025-10-06	70.0	74.18000030517578	69.55999755859375	72.94999694824219	5580900	ETSY	0.7875099702318681	6.641752312728849	2.59216918833103	5.083538581476411	0.6405903499951792	-3.288197490647983	-4.043861647225567	6.641752312728849	-25.55425126057146	59.02598116455346	3.2786874834439885	2.3751965101019046	0.903490973342084	3.9378262976307887	7.9414057780341425	74.70520020094004	53.526298135851945	0.7778354993814233	0.0	0.0	0.0	0.0	0	0	High	2.057146344866072	3.0
2025-10-07	71.44000244140625	71.51499938964844	69.05000305175781	70.58000183105469	4372700	ETSY	0.8285740443638393	3.569871439459514	1.833857234641396	5.003141451346322	0.700198881014069	2.0571463448660716	1.2184763219617378	3.569871439459514	-21.64883800103926	60.80015735859096	3.335741647249179	2.5673055375313596	0.7684361097178196	3.8326241576493487	9.92461115502275	75.24915325136453	54.52434528379172	0.816203324251868	0.0	0.0	0.0	0.0	0	0	Negative	-1.819713056174726	0.0
2025-10-08	70.13999938964844	72.0	69.11000061035156	71.75	4255600	ETSY	0.43392713885753875	4.181738336167172	1.2895410702705514	4.892414130321831	0.8052985145236068	-1.819713056174726	-2.243903289688589	4.181738336167172	-2.677979280536053	58.344032427133854	3.238724105962021	2.701589251217492	0.5371348547445289	3.765293817077855	13.734395122729708	75.5721648194012	55.433333685237464	0.7302641154511905	0.0	0.0	0.0	0.0	0	0	High	3.877960143102816	3.0
2025-10-09	72.86000061035156	73.01000213623047	70.72000122070312	70.94000244140625	4198100	ETSY	1.1405803517527267	3.2381234106327352	1.4744888565478216	4.986616736462871	0.8103219978458842	3.877960143102816	2.7065098715370897	3.2381234106327352	-1.3511608233856565	61.81937920707149	3.342784829329176	2.8298283668398287	0.5129564624893472	3.701344454899582	16.32474265638021	76.33806867327387	55.99442987714117	0.829034122273962	0.6486	-0.8871321082115173	-1.3677624737111371	-0.426412475748062	0	0	Negative	-5.668401343426836	0.0
2025-10-10	68.7300033569336	73.06999969482422	68.72000122070312	73.06999969482422	4161700	ETSY	0.28822273224469436	6.330032591458365	1.5864801749258046	4.78760736330857	0.9219947715893482	-5.668401343426836	-5.93950507187157	6.330032591458365	-0.8670589076010575	54.39823191900842	3.0567610017307487	2.875214893818013	0.18154610791273562	3.747676884843976	7.306791697408579	76.31899406269794	56.992504960739566	0.6073269870317343	-0.033275	0.0002156049013137	0.0064792914206569	-0.0098315765690803	0	0	High	2.4443477711634656	3.0
2025-10-13	70.41000366210938	71.08999633789062	69.43000030517578	70.37000274658203	2429700	ETSY	2.3861476932155448	2.390891582051594	1.4832425024360203	2.6154625322992904	0.625637301857059	2.4443477711634656	0.05684370323445334	2.390891582051594	-41.61760818896124	56.67654685870322	2.9318504944613153	2.8865420139466735	0.04530848051464176	3.6485566059949086	10.707555583919216	76.17006622115659	58.40243324478578	0.6758114844724941	0.0	0.0	0.0	0.0	0	0	High	2.130379096695338	3.0
2025-10-14	71.91000366210938	73.06999969482422	67.62000274658203	68.16000366210938	2923200	ETSY	-3.1955686450430063	8.059740796916289	2.322949468668527	2.0202958363496966	0.8134325450933032	2.130379096695338	5.5017602677809885	8.059740796916289	20.311149524632672	58.6623859885973	2.920232854925871	2.893280182142513	0.026952672783358	3.7772309161554287	12.04425571856878	76.23161362186076	59.59088622555134	0.7402992154832228	0.0	0.0	0.0	0.0	0	0	Negative	-1.6826681299486026	0.0
2025-10-15	70.69999694824219	74.44499969482422	70.66000366210938	72.04000091552734	3314800	ETSY	0.18077770379320193	5.35663152639278	2.2990027357345606	1.760295413733098	0.9733666128321833	-1.6826681299486026	-1.8600832180116407	5.35663152639278	13.396278051450466	56.41589995170142	2.7813269566915864	2.870889537052328	-0.0895625803607416	3.777785567338244	-4.896421265752945	76.10520055633606	60.72529909271179	0.6485540807346539	0.0	0.0	0.0	0.0	0	0	Low	0.0282945874461383	1.0
2025-10-16	70.72000122070312	74.20999908447266	70.18000030517578	72.98999786376953	3234494	ETSY	3.23903962429277	5.742374981152091	2.0590199288323	1.7518187520953479	1.0067590087434592	0.028294587446138306	-3.110010562410466	5.742374981152091	-2.4226499336309884	56.44559580041305	2.642397297967122	2.825191089235287	-0.18279379126816497	3.7958007967638605	6.52206939427962	76.27914924435969	61.13835067934637	0.6328365376643744	0.0	0.0	0.0	0.0	0	0	Negative	-0.3676500731653744	0.0
2025-10-17	70.45999908447266	71.69999694824219	69.62999725341797	71.0999984741211	3413900	ETSY	0.5373264237256905	2.9728562063423136	2.2864534169799007	1.8562394425746886	1.114481277014884	-0.36765007316537446	-0.9001398078529972	2.9728562063423136	5.546648100135601	55.912366054270784	2.482695573877237	2.756691986163677	-0.27399641228644	3.6725292894824575	-0.042557497809620135	76.3889555947013	61.575544451075054	0.5997575134624079	0.0	0.0	0.0	0.0	2025-10-22 17:57:52.404546+00:00	2025-10-22 17:57:52.407549+00:00	Medium	1.2489316844341185	2.0
2025-10-20	71.33999633789062	72.55000305175781	70.69999694824219	71.22000122070312	2170800	ETSY	1.0786292167266736	2.616698986380397	2.2258192737547207	1.8605526626621922	0.7208514415102841	1.2489316844341185	0.16848513778544882	2.616698986380397	-36.41290020211488	57.37989901794209	2.39947952451962	2.6852494938348657	-0.28576996931524556	3.5594917664683647	-1.6542660083973821	76.1247428644851	62.806756998185804	0.6407304697099798	0.0	0.0	0.0	0.0	2025-10-22 17:57:52.404546+00:00	2025-10-22 17:57:52.407549+00:00	Medium	0.841051491892137	2.0
2025-10-21	71.94000244140625	72.55500030517578	70.52999877929688	72.02999877929688	2153300	ETSY	0.9672027990275783	2.8711208860439084	1.5066899074996123	1.9095833830137159	0.7535716700447265	0.841051491892137	-0.12494285633181501	2.8711208860439084	-0.8061544131195872	58.39675012363716	2.354801003798869	2.6191597958276667	-0.26435879202879775	3.449885320711975	-0.6078955909202401	75.87817656423823	63.98382371041998	0.6689038763830035	0.0	0.0	0.0	0.0	2025-10-22 17:57:52.404546+00:00	2025-10-22 17:57:52.407549+00:00	Negative	-0.4448146844099044	0.0
2025-10-22	71.62000274658203	73.68000030517578	71.37999725341797	71.58000183105469	1684484	ETSY	-0.5004178456134695	3.222195489293997	1.2804192171324003	1.9442243081803237	0.6654368839070431	-0.4448146844099044	0.05588280875118603	3.222195489293997	-21.771977894394652	57.607346095169504	2.2674340845154433	2.548814653565222	-0.2813805690497788	3.3677508729295345	2.3142896379743303	75.64327731255177	64.97572293158886	0.62284939712615	0.0	0.0	0.0	0.0	2025-10-22 17:57:52.404546+00:00	2025-10-22 17:57:52.407549+00:00	High	2.680812755256341	3.0
2025-10-23	73.54000091552734	73.83000183105469	70.55999755859375	72.95999908447266	1651169	ETSY	1.8709805731675633	4.634359956922465	0.7965158197993044	1.910933565934086	0.7455394349091488	2.6808127552563406	0.7949586599955474	4.634359956922465	-1.977756986709283	61.01275408718577	2.326306761408503	2.5043130751338785	-0.17800631372537534	3.3607689728960635	2.939527438907177	75.33914706855649	66.27385341972476	0.8015347077851137	0.1081589999999999	0.0	108158999.99999996	0.0540794999999999	2025-10-23 19:17:55.963402+00:00	2025-10-23 19:17:55.966196+00:00	Low	0.4895303316151461	1.0
2025-10-24	73.9000015258789	75.88999938964844	73.44499969482422	75.0	2223494	ETSY	1.9853128451136446	3.329021315247581	0.779781470082393	1.8106029731761006	1.1248803151433937	0.4895303316151461	-1.4666646321614585	3.329021315247581	34.66180627179895	61.635054708437494	2.374639457105957	2.4783783515282947	-0.10373889442233786	3.2953568816052177	5.36071024942921	74.86068650342631	67.72431410692525	0.8653818881399151	0.0852329999999999	0.0	85232999.99999999	0.0426164999999999	2025-10-24 23:31:56.705406+00:00	2025-10-24 23:31:56.708307+00:00	High	2.246273340242805	3.0
2025-10-27	75.55999755859375	76.0999984741211	74.4000015258789	74.69999694824219	3154672	ETSY	1.082537761630671	2.28494208787196	0.865545570426861	1.8221159913891478	1.451475777526684	2.246273340242805	1.1512726177852939	2.28494208787196	41.87904262390634	64.45261868714958	2.5178668713634664	2.4862760554953294	0.03159081586813706	3.2171168863650013	3.705732810354364	75.16164018288048	67.5453605495414	1.0523034072921282	0.133131	0.0	133131000.0	0.0665655	2025-10-27 23:31:50.175836+00:00	2025-10-27 23:31:50.178527+00:00	Negative	-1.0322906359175266	0.0
2025-10-28	74.77999877929688	76.2300033569336	73.33000183105469	74.93000030517578	5122080	ETSY	-0.8337708758254408	3.9547271968712514	0.8768133340904224	1.1837438881772633	1.8510109100969876	-1.0322906359175266	-0.20018887664217042	3.9547271968712514	62.3648987913799	62.14319130026172	2.5391663175601877	2.4968541079083013	0.04231220965188642	3.194465789187423	8.802553654688491	75.12246564404177	68.42353502734494	0.9488773829226852	0.172157	0.0	172157000.0	0.0860785	2025-10-28 23:33:43.234137+00:00	2025-10-28 23:33:43.236825+00:00	Negative	-12.797539249858492	0.0
2025-10-29	65.20999908447266	72.7300033569336	65.19999694824219	70.26000213623047	13182844	ETSY	-6.04439250715498	11.549090124450409	3.679926474891506	2.7418372898810968	2.601782037516866	-12.797539249858492	-7.187593080293565	11.549090124450409	157.3728641489395	42.175536984015004	1.7634987704911964	2.3501830404248807	-0.5866842699336843	3.6505755064636563	-7.385320703278222	75.89369103539941	67.1243097580576	-0.2182948389450367	0.1503673913043478	0.0	150367391.3043478	0.0751836956521739	2025-10-29 23:34:01.476093+00:00	2025-10-29 23:34:01.479044+00:00	Negative	-5.029901587712007	0.0
2025-10-30	61.93000030517578	64.20500183105469	61.709999084472656	64.08000183105469	6418817	ETSY	-1.7328588702388674	4.043109356016534	3.7100319575168603	2.6960079123797915	1.0661811226777094	-5.029901587712007	-3.3551833090569056	4.043109356016534	-51.30931534955583	37.703902998848356	0.8740328549748142	2.0549530033348673	-1.180920148360053	3.639820113144824	-13.878463146556937	76.9983547667901	64.95864596563177	-0.2515547269851419	0.1067108695652173	0.0	106710869.56521738	0.0533554347826086	2025-10-30 23:37:03.466031+00:00	2025-10-30 23:37:03.468902+00:00	Low	0.1130303479400573	1.0
2025-10-31	62.0	63.59999847412109	61.02849960327149	62.54999923706055	3845243	ETSY	1.0011285787656445	4.213603296109458	3.628710971942258	2.6642903916147938	0.6060529404303211	0.11303034794005733	-0.8792953537474628	4.213603296109458	-40.09421050639082	37.8553346400063	0.1727813828043594	1.6785186792287656	-1.5057372964244062	3.563511452980879	-12.305512480589286	77.59329743326846	63.32570357381163	-0.09291710900033286	0.073388	0.0	73387999.99999999	0.036694	2025-10-31 23:31:19.677082+00:00	2025-10-31 23:31:19.679854+00:00	Negative	-1.4838680144279237	0.0
2025-11-03	61.08000183105469	62.23500061035156	59.959999084472656	61.494998931884766	4388859	ETSY	-0.814517851798765	3.7941987335153993	3.37882616867852	2.608445217600226	0.6658292231078351	-1.4838680144279235	-0.674846911193139	3.7941987335153993	14.137364010544978	36.59621370214732	-0.45199134969865895	1.2524166734432807	-1.7044080231419396	3.4714750296164527	-13.631220621113831	78.23835110365175	61.788650086533806	-0.04307970429016812	0.099395	0.0	99395000.0	0.0496975	2025-11-03 23:21:01.765106+00:00	2025-11-03 23:21:01.767940+00:00	Negative	-4.600526013511573	0.0
2025-11-04	58.27000045776367	60.10499954223633	57.75	59.880001068115234	3922977	ETSY	-1.9646377324261	4.077921285257711	3.3650621349936816	2.557809766904932	0.6176216373823394	-4.600526013511573	-2.688711726174053	4.077921285257711	-10.615105201602512	32.98718852920749	-1.1604944109285356	0.7698344565689175	-1.930328867497453	3.461369801147755	-17.300594358644133	79.00324665556235	59.70675433625894	-0.07445673828802545	0.144171	0.0	144170999.99999997	0.0720855	2025-11-04 23:21:33.658633+00:00	2025-11-04 23:21:33.661423+00:00	High	3.449456505479409	3.0
2025-11-05	60.27999877929688	60.77999877929688	57.682498931884766	57.88999938964844	3512373	ETSY	-0.6521384333790656	5.369912720095302	0.6171150589519825	2.5276228748236207	0.7950765630389598	3.449456505479409	4.12851859534794	5.369912720095302	-10.466643062143877	37.71855190700746	-1.5420226479415646	0.30746303566682104	-1.8494856836083857	3.435379090166638	-15.503221371374638	79.27662212993505	58.447378800851084	0.08798303181214956	0.137131	0.0	137131000.00000003	0.0685655	2025-11-05 23:21:39.769626+00:00	2025-11-05 23:21:39.772384+00:00	Negative	-5.7730584152426	0.0
2025-11-06	56.79999923706055	60.29999923706055	56.65999984741211	60.2400016784668	3438640	ETSY	-0.0663521925017394	6.424284150107866	1.09967161333595	2.5832483323473476	0.8997863313616032	-5.7730584152426	-5.710495261549607	6.424284150107866	-2.099236043552322	33.33079719126728	-2.100974675774708	-0.1742245066214848	-1.9267501691532232	3.449994825843909	-21.045319280711652	79.53883844737574	56.579162346081304	0.00961846717719124	0.152567	0.0	152567000.0	0.0762835	2025-11-06 23:21:25.994655+00:00	2025-11-06 23:21:25.997401+00:00	High	4.031691806842801	3.0
2025-11-07	59.09000015258789	59.29999923706055	55.900001525878906	56.33000183105469	3212400	ETSY	-0.8274602329557746	6.082285542707207	1.1756771970849291	2.5431357266234778	0.8693793518019703	4.031691806842801	4.899695068022558	6.082285542707207	-6.579345322569388	38.40830542426586	-2.33227918664722	-0.6058354426266319	-1.7264437440205882	3.4464236033680327	-17.495116047858737	79.69541305059904	55.458587422423406	0.14983037737181712	0.161661	0.0	161661000.0	0.0808305	2025-11-07 23:20:56.598570+00:00	2025-11-07 23:20:56.601535+00:00	Medium	1.946186364713592	2.0
2025-11-10	60.2400016784668	61.34000015258789	59.20009994506836	59.29999923706055	2984099	ETSY	0.35538853262883124	3.614690193944165	1.2289529689960759	2.4060442702678553	0.8740519969873154	1.946186364713592	1.585164339797798	3.614690193944165	-7.106867139833146	40.8448015965937	-2.3951839758743887	-0.9637051492761832	-1.4314788265982055	3.3609647745560305	-18.085394440418572	79.51770764686295	54.61929262779525	0.22574565675634775	0.1689979999999999	0.0	168997999.99999997	0.0844989999999999	2025-11-10 23:22:22.582206+00:00	2025-11-10 23:22:22.585038+00:00	Very High	5.8100927996008	4.0
2025-11-11	63.7400016784668	63.880001068115234	60.43000030517578	60.59999847412109	4424030	ETSY	0.5976042258029569	5.709086125296549	1.0943515718052914	2.3595623519827895	1.2588621988895454	5.8100927996008	5.18152356998265	5.709086125296549	48.253459419409346	47.63439845710931	-2.1379705318116464	-1.1985582257832759	-0.9394123060283706	3.380895818491202	-13.74830803468143	78.9824603206289	54.33753975566505	0.3815172338663831	0.1728169999999999	0.0	172816999.99999997	0.0864084999999999	2025-11-11 23:21:13.150499+00:00	2025-11-11 23:21:13.153446+00:00	Low	0.2510195218055068	1.0
2025-11-12	63.900001525878906	65.66000366210938	63.76499938964844	64.25	3136807	ETSY	0.8001228555120908	2.971856489609833	1.5594353991679344	1.171037618185876	0.9120758833345661	0.2510195218055068	-0.5447447068032587	2.971856489609833	-29.09616345277948	47.9286280163761	-1.899322170067947	-1.3387110146402101	-0.5606111554277369	3.2765462588591574	-15.431440457198248	78.5527363218422	54.08726421221541	0.4010851403027834	0.161594	0.0	161594000.0	0.080797	2025-11-12 23:22:24.765339+00:00	2025-11-12 23:22:24.768320+00:00	Negative	-8.482006031639182	0.0
2025-11-13	58.47999954223633	62.720001220703125	57.290000915527344	62.619998931884766	7138700	ETSY	-2.00313390207941	9.478094289406942	2.5558052209764672	1.9016543400348285	1.7081469423195863	-8.482006031639182	-6.6113054299980805	9.478094289406942	127.57855360562509	39.775559965858754	-2.123067091384769	-1.495582229989122	-0.627484861395647	3.5146501411086146	-21.797271333432093	78.22050495114952	53.195495415061416	0.21116891562235876	0.144003	0.0	144002999.99999997	0.0720015	2025-11-13 23:22:00.884701+00:00	2025-11-13 23:22:00.887484+00:00	Negative	-2.3597829666851413	0.0
2025-11-14	57.09999847412109	58.09999847412109	56.650001525878906	57.2599983215332	3099891	ETSY	-2.086185414249186	2.559570890002168	2.8484810374053886	2.059788366571561	0.7457567235820947	-2.3597829666851413	-0.2794269160010557	2.559570890002168	-56.57625337946685	38.00297006750853	-2.3842568774355115	-1.6733171594783998	-0.7109397179571117	3.394317846483529	-12.436743941440517	77.8883899108376	52.191610394338184	0.1910117988377228	0.1386	0.0	138600000.0	0.0693	2025-11-14 23:21:06.900780+00:00	2025-11-14 23:21:06.903242+00:00	Negative	-4.343256757459124	0.0
2025-11-17	54.619998931884766	58.3849983215332	54.02999877929688	57.29999923706055	4092350	ETSY	0.3502640425290112	8.060336184766047	3.0469150784831007	2.2162626534087497	0.9346773934944892	-4.343256757459124	-4.677138465723414	8.060336184766047	32.01593217309899	34.9855387393158	-2.7595564524692193	-1.8905650180765639	-0.8689914343926555	3.4629379676087284	-11.803651440770436	77.47286726286482	50.935133301710366	0.13885381606312927	0.128076	0.0	128076000.0	0.064038	2025-11-17 23:21:29.131403+00:00	2025-11-17 23:21:29.134222+00:00	Negative	-0.2196977924412142	0.0
2025-11-18	54.5	55.459999084472656	53.75	54.0	2503727	ETSY	-1.1351134090243222	3.181393645530523	3.2589204262254867	2.2940195751738472	0.626825760240543	-0.21969779244121423	0.9259259259259258	3.181393645530523	-38.81933363470866	34.84138506057732	-3.031719208643473	-2.118795856189946	-0.912923352453527	3.337728047384723	-12.096774193548388	76.74414661450416	49.919853705930414	0.17074620791236778	0.1224499999999999	0.0	122450000.0	0.0612249999999999	2025-11-19 01:46:00.255702+00:00	2025-11-19 01:46:00.258503+00:00	Negative	-2.5504575956852062	0.0
2025-11-19	53.11000061035156	54.790000915527344	52.459999084472656	54.380001068115234	3204627	ETSY	-0.22018152639406538	4.4414827901595055	3.062405737952482	2.311626104468009	0.7995857638704356	-2.5504575956852062	-2.335418228794987	4.4414827901595055	27.99426614802652	33.138102449461	-3.321285772812999	-2.3592938395145566	-0.9619919332984423	3.265747603361149	-13.048462642073735	75.95711363012548	48.85588647668605	0.15697127327777183	0.1611649999999999	0.0	161164999.99999997	0.0805824999999999	2025-11-20 01:44:41.045126+00:00	2025-11-20 01:44:41.047958+00:00	Negative	-2.8996439424389413	0.0
2025-11-20	51.56999969482422	54.209999084472656	51.540000915527344	53.43000030517578	3610074	ETSY	0.6025224838010043	5.180438730145478	2.1491821040659302	2.2747273157551735	1.0932549129293307	-2.8996439424389413	-3.481191464959404	5.180438730145478	12.6519248574015	31.311729720331172	-3.6331538289102454	-2.6140658373936945	-1.019087991516551	3.2231940723314465	-11.498199262579156	74.63043589892084	47.98556408582038	0.13452628461291694	0.1476509999999999	0.0	147650999.99999997	0.0738254999999999	2025-11-21 01:45:29.490433+00:00	2025-11-21 01:45:29.493113+00:00	High	2.947450972966024	3.0
2025-11-21	53.09000015258789	54.09999847412109	51.66999816894531	51.560001373291016	3373319	ETSY	-0.019387864247372873	4.702923149388173	1.8056535913410492	2.25213512385623	1.0049152480470054	2.9474509729660237	2.967414155441511	4.702923149388173	-6.558175815786601	35.11298466910493	-3.7148378382940663	-2.8342202375737693	-0.880617600720297	3.1736801228289764	-11.927668832631747	72.71547729603179	47.81952255138032	0.21170015993621843	0.162826	0.0	162826000.00000003	0.081413	2025-11-22 01:41:40.295658+00:00	2025-11-22 01:41:40.298654+00:00	Negative	-1.94009940918538	0.0
2025-11-24	52.060001373291016	53.2599983215332	51.540000915527344	52.720001220703125	3498623	ETSY	-0.696927728049234	3.337208722259994	0.8731511415554261	2.2725792692924416	1.0804641895151252	-1.94009940918538	-1.2518964949358302	3.337208722259994	3.7145612377601998	33.74998522051152	-3.818666091991176	-3.031109408457251	-0.7875566835339249	3.0698456430558965	-8.345066773657285	69.86887019732342	48.31613003155842	0.1737074410463811	0.143283	0.0	143282999.99999997	0.0716415	2025-11-25 01:47:39.877028+00:00	2025-11-25 01:47:39.879726+00:00	High	3.6880486329190783	3.0
2025-11-25	53.97999954223633	55.040000915527344	52.22999954223633	52.869998931884766	3928470	ETSY	1.555892311230927	5.380052456287462	0.8024024964370271	2.262926080788464	1.1150850976658508	3.6880486329190783	2.099490510263931	5.380052456287462	12.286176590046999	38.53930860715377	-3.703333205006196	-3.16555416776704	-0.5377790372391558	3.0634280644259273	-8.647826361746533	66.28728989057237	49.81771041460341	0.25272588979616534	0.123466	0.0	123466000.0	0.061733	2025-11-26 01:46:51.935734+00:00	2025-11-26 01:46:51.938532+00:00	Low	0.3334574040426604	1.0
2025-11-26	54.15999984741211	55.310001373291016	53.7599983215332	53.900001525878906	3315521	ETSY	-0.14819936464584055	2.883190290459829	1.1223075699410516	2.2716051602962866	0.9352137229777694	0.33345740404266044	0.4823716403947978	2.883190290459829	-15.602741016222602	38.984641181265225	-3.556410454904153	-3.2437254251944627	-0.31268502970969037	2.955326277806776	-10.092964245763005	65.20552358182236	49.79447679964738	0.2832723246816735	0.147388	0.0	147387999.99999997	0.073694	2025-11-27 01:45:08.362874+00:00	2025-11-27 01:45:08.365518+00:00	Low	0.1107854015141446	1.0
2025-11-28	54.220001220703125	55.150001525878906	54.02009963989258	54.16999816894531	1297339	ETSY	0.018460711893227354	2.0916323618772483	1.342746110102507	1.77062757866474	0.42085126376800464	0.11078540151414464	0.09230764897178519	2.0916323618772483	-60.87073494633272	39.142937436155044	-3.3959847097479496	-3.2741772821051605	-0.12180742764278918	2.8249388212481725	-14.935676509371355	64.66482131032414	49.56417916269833	0.30831947492622375	0.136063	0.0	136062999.99999997	0.0680315	2025-11-29 01:44:36.653685+00:00	2025-11-29 01:44:36.656414+00:00	Medium	1.0881596077179865	2.0
2025-12-01	54.810001373291016	55.470001220703125	52.66999816894531	53.52999877929688	2909643	ETSY	-1.2725976131899743	5.316125211883373	1.4805762174147032	1.7033032957898027	0.9731510470249496	1.0881596077179865	2.3911874148765793	5.316125211883373	124.27777165413202	40.77016251259625	-3.1845288036812676	-3.256247586420382	0.07171878273911458	2.823157694856004	-14.225352011778162	64.0199097285237	49.49009088182787	0.3661374272861583	0.135401	0.0	135401000.0	0.0677005	2025-12-02 01:49:24.859479+00:00	2025-12-02 01:49:24.862132+00:00	Negative	-0.2554336815140582	0.0
2025-12-02	54.66999816894531	54.9900016784668	54.08000183105469	54.77999877929688	2382442	ETSY	-0.05473926882394464	1.6826919685671213	1.7674267267259263	1.364738453647721	0.8611185307460233	-0.25543368151405826	-0.2008043315129506	1.6826919685671213	-18.119095710367215	40.49347331285706	-2.9937356422528225	-3.20374519758687	0.21000955533404753	2.686503562895726	-6.515050278923648	63.46986412131107	49.39913612282955	0.374597678718868	0.155878	0.0	155877999.99999997	0.077939	2025-12-03 01:48:51.045492+00:00	2025-12-03 01:48:51.048672+00:00	Negative	-1.536485030225912	0.0
2025-12-03	53.83000183105469	54.77000045776367	53.29999923706055	54.650001525878906	2776073	ETSY	-0.03657699604198107	2.757976063311093	1.4126820503492417	1.393018532665054	1.0945781324496187	-1.536485030225912	-1.5004568562288454	2.757976063311093	16.52216507264395	38.79240944461732	-2.877145429999551	-3.1384252440694063	0.2612798140698551	2.5996105384533976	-5.726789370315711	63.282300802978156	49.14269957849157	0.3315017289487464	0.136845	0.0	136845000.0	0.0684225	2025-12-04 01:49:39.164830+00:00	2025-12-04 01:49:39.167587+00:00	Negative	-3.0466341232773053	0.0
2025-12-04	52.18999862670898	53.525001525878906	51.01620101928711	53.27000045776367	3541089	ETSY	-1.04031460940421	4.917654502818278	1.661101652593839	1.4259902064354086	1.3718147463628259	-3.0466341232773053	-2.027410966348684	4.917654502818278	27.557488581892482	35.644114529839	-2.8838383064440904	-3.0875078565443435	0.203669550100253	2.614909843690125	-4.4489204553192705	62.82617619152206	48.78982417468888	0.24224060838189415	0.155755	0.0	155755000.0	0.0778775	2025-12-05 01:50:10.331376+00:00	2025-12-05 01:50:10.334255+00:00	High	2.0502006571746456	3.0
2025-12-05	53.2599983215332	53.95000076293945	52.2400016784668	52.70000076293945	3486294	ETSY	0.9772028159615145	3.273351894200864	1.5143090452855563	1.3500779995477654	1.154742980062788	2.0502006571746456	1.0626139477925027	3.273351894200864	-1.5474053320885184	39.11592497874026	-2.7708616578440726	-3.0241786168042895	0.2533169589602169	2.5538450074430075	-2.275232437553756	62.718392372347594	48.54360790231061	0.3327310146543827	0.137746	0.0	137746000.0	0.068873	2025-12-06 01:43:56.621295+00:00	2025-12-06 01:43:56.624113+00:00	High	2.027791710646824	3.0
2025-12-08	54.34000015258789	55.5	53.45000076293945	54.91999816894531	2925555	ETSY	3.1167853919007085	3.83535866753804	1.2055479011712649	1.300750391521586	0.9679926212257682	2.0277917106468233	-1.0560779965309315	3.83535866753804	-16.084099619825523	42.488399746725676	-2.564616426317251	-2.9322661787068816	0.3676497523896307	2.53142762680185	2.3159471438540926	62.31779820023834	48.469202074419854	0.4239273082145037	0.130101	0.0	130101000.0	0.0650505	2025-12-09 01:56:20.375980+00:00	2025-12-09 01:56:20.378680+00:00	Medium	1.4906171715430885	2.0
2025-12-09	55.150001525878906	56.52999877929688	53.375	53.7400016784668	3155205	ETSY	-1.104156187773804	5.911004738729521	1.274271892148101	1.4946916895419748	0.9931887730562213	1.4906171715430885	2.6237435864783114	5.911004738729521	7.849792603454729	44.9512521639867	-2.3091863897722646	-2.807650220919958	0.49846383114769344	2.575968423408638	6.942024146286725	61.69651227422379	48.58148798517563	0.5008388391768656	0.119141	0.0	119141000.0	0.0595705	2025-12-10 01:51:49.526905+00:00	2025-12-10 01:51:49.529674+00:00	Negative	-0.761562959242157	0.0
2025-12-10	54.72999954223633	55.64500045776367	54.290000915527344	54.970001220703125	2551177	ETSY	-0.3263831372539797	2.4958547050766176	1.348524147847967	1.4340147948863862	0.8145874150346247	-0.761562959242157	-0.43660482651837024	2.4958547050766176	-19.14385911533482	43.90143912401421	-2.1162520590971354	-2.6693705885553936	0.5531185294582581	2.4887563604677587	3.0890928328025162	59.925596060613884	49.451403985162486	0.5039620735469809	0.1155829999999999	0.0	115583000.0	0.0577914999999999	2025-12-11 01:53:09.560037+00:00	2025-12-11 01:53:09.563295+00:00	Negative	-2.2656639395960494	0.0
2025-12-11	53.4900016784668	55.4900016784668	53.380001068115234	54.61000061035156	2107431	ETSY	-0.21925622672837744	3.9527923719205416	1.2664139593269927	1.4213641730805662	0.7407145621764386	-2.2656639395960494	-2.0509044485754226	3.9527923719205416	-17.39377550048468	40.86687787415436	-2.0398930591356006	-2.543475082671435	0.5035820235358344	2.461702378316602	2.7468310938413305	57.27612190852156	51.05987815251359	0.39093118309662545	0.128711	0.0	128711000.0	0.0643555	2025-12-12 01:52:50.939911+00:00	2025-12-12 01:52:50.942748+00:00	Medium	0.69171605958972	2.0
2025-12-12	53.86000061035156	54.380001068115234	53.04999923706055	53.040000915527344	1888209	ETSY	-0.8412801436134703	2.507072290635497	1.3996109127555274	1.3769961135845725	0.7476529345257605	0.69171605958972	1.5460024145364704	2.507072290635497	-10.402333457180804	42.15178382058047	-1.9273054029568542	-2.420241146728519	0.4929357437716648	2.380866624940751	-0.22230258040456852	56.334349136100094	51.53965103174658	0.4839407045248876	0.1171419999999999	0.0	117141999.99999996	0.0585709999999999	2025-12-13 01:46:27.247478+00:00	2025-12-13 01:46:27.250142+00:00	Negative	-1.3553648978162594	0.0
2025-12-15	53.130001068115234	54.0	52.782501220703125	53.43999862670898	2356407	ETSY	-0.7798031542574164	2.306633356017107	1.5341905739738138	1.3029127730736851	0.9770787720357271	-1.3553648978162594	-0.5800852667664704	2.306633356017107	24.795877998674936	40.291575511030814	-1.8753656882036722	-2.3112660550235495	0.4359003668198773	2.297768921680474	-1.901770277324125	55.66697406694856	51.810026360297535	0.3422329801209124	0.110823	0.0	110823000.0	0.0554115	2025-12-16 01:52:50.464956+00:00	2025-12-16 01:52:50.467562+00:00	Medium	1.166946959195233	2.0
2025-12-16	53.75	54.91999816894531	53.43999862670898	53.71500015258789	1646705	ETSY	1.1010710948841487	2.7694602924196947	0.6616989802076357	1.1872809546332421	0.7804341621635559	1.166946959195233	0.06515842374138603	2.7694602924196947	-30.11797198022243	42.608163399992925	-1.7638418864865457	-2.201781221316149	0.43793933482960323	2.2614995059054457	-0.8668410367421051	55.58075233782266	51.80924819623496	0.5145829703233566	0.1494029999999999	0.0	149402999.99999997	0.0747014999999999	2025-12-17 01:48:31.320710+00:00	2025-12-17 01:48:31.323494+00:00	Negative	-1.6558128179505816	0.0
2025-12-17	52.86000061035156	55.31999969482422	52.790000915527344	53.790000915527344	3475283	ETSY	0.07442030795784883	4.792571955710491	1.0659517546421613	1.2249232884809593	1.5144118873613337	-1.6558128179505816	-1.728946438644365	4.792571955710491	111.04466191576512	40.19719054238744	-1.7273620286289955	-2.1068973827787185	0.37953535414972306	2.280678025433405	-3.5577462398855024	55.49422459672931	51.73177599836346	0.299864458607654	0.103424	0.0	103424000.0	0.051712	2025-12-18 01:48:50.999074+00:00	2025-12-18 01:48:51.001913+00:00	Medium	1.551266903813918	2.0
2025-12-18	53.68000030517578	56.16999816894531	53.5	53.790000915527344	3832494	ETSY	1.7593649156970679	4.99065078307535	1.306993617815106	1.2333322467083117	1.451801479161682	1.551266903813918	-0.20450010871780644	4.99065078307535	10.278616158741604	43.37630648189116	-1.613682824981069	-2.0082544712191885	0.39457164623811947	2.3542008492305726	-1.8108613442974077	55.50859747591629	51.7744030886589	0.5103101282085272	0.1076169999999999	0.0	107616999.99999996	0.0538084999999999	2025-12-19 01:52:16.618818+00:00	2025-12-19 01:52:16.621725+00:00	Medium	1.2108821203121969	2.0
2025-12-19	54.33000183105469	55.11249923706055	54.06999969482422	54.369998931884766	2572812	ETSY	1.285392367336584	1.928055387683163	1.433530283587208	1.3508141966660618	0.9265584155118293	1.2108821203121969	-0.07356465259487471	1.928055387683163	-32.86846633027997	45.83437457966962	-1.4543764004006903	-1.8974788570554888	0.4431024566547985	2.2883649979915863	0.928850052001203	55.406294706858716	52.15270607133952	0.6691982311303227	0.080998	0.0	80998000.00000001	0.040499	2025-12-20 01:46:50.766217+00:00	2025-12-20 01:46:50.769010+00:00	High	2.576840905573853	3.0
2025-12-22	55.72999954223633	56.86000061035156	54.27999877929688	54.27999877929688	2332566	ETSY	-0.0920357998759057	4.753135388865793	1.4023698489432186	1.40262057920707	0.8414825257975189	2.576840905573853	2.6713352902515095	4.753135388865793	-9.337876222592245	50.78946345798997	-1.2013088554596933	-1.7582448567363298	0.5569360012766364	2.309196200353236	6.782910535881303	55.71221439989112	52.110786317271966	1.0049383583226454	0.1221009999999999	0.0	122101000.0	0.0610504999999999	2025-12-23 01:53:14.570288+00:00	2025-12-23 01:53:14.573432+00:00	Negative	-1.238109873275797	0.0
2025-12-23	55.040000915527344	56.790000915527344	54.57500076293945	55.5	1973002	ETSY	-0.41270329109193227	4.058635128947251	1.2667328813671426	1.173003975112902	0.6953969281462203	-1.238109873275797	-0.8288271792300113	4.058635128947251	-15.414955032354927	48.437580462868176	-1.0443890585002507	-1.6154736970891141	0.5710846385888635	2.30246791122714	3.3421003569098486	55.71060944988891	52.41039122149781	0.7967987302801791	0.1012069999999999	0.0	101206999.99999996	0.0506034999999999	2025-12-24 01:51:49.845330+00:00	2025-12-24 01:51:49.848152+00:00	Medium	1.6896807589140477	2.0
2025-12-24	55.970001220703125	55.970001220703125	54.459999084472656	54.52999877929688	1465656	ETSY	-0.926602703028998	2.7726811634504642	1.3136969481373684	1.150898768236938	0.6018364837930018	1.6896807589140477	2.6407527482890045	2.7726811634504642	-25.714418941288454	51.68503657334973	-0.835356269489516	-1.4594502115691945	0.6240939420796785	2.245863213013092	2.9996339041924114	56.006944293254826	52.313056545978576	0.9899988643187815	0.073031	0.0	73031000.0	0.0365155	2025-12-25 01:53:17.579396+00:00	2025-12-25 01:53:17.582231+00:00	Negative	-0.3930698872698027	0.0
2025-12-26	55.75	56.06999969482422	55.51499938964844	55.93999862670898	1662258	ETSY	-0.05360477637983303	0.9997303634651017	1.5287598967492666	1.3742058105951631	0.830606216447368	-0.39306988726980274	-0.33964717800021715	0.9997303634651017	13.413925232114494	50.868851556684156	-0.6796143667082504	-1.3034830425970056	0.6238686758887553	2.125087291024713	1.0879391795475237	56.21219918799008	52.266801666502104	0.8828510472080984	0.089981	0.0	89981000.0	0.0449905	2025-12-27 01:50:43.015257+00:00	2025-12-27 01:50:43.017948+00:00	Medium	1.5067267310993555	2.0
2025-12-29	56.59000015258789	56.77999877929688	55.560001373291016	55.75	3340520	ETSY	0.0	2.1958196109626944	1.4902995289572456	1.3947106637196218	1.550268878732341	1.5067267310993555	1.5067267310993555	2.1958196109626944	100.96278676354693	53.86454621050504	-0.4828409051579925	-1.139354615109203	0.6565137099512106	2.060438013523367	3.3985028794238517	56.580671109515045	52.13532963816562	1.0020986111264956	0.0884049999999999	0.0	88404999.99999999	0.0442024999999999	2025-12-30 01:53:59.961544+00:00	2025-12-30 01:53:59.964381+00:00	Negative	-2.17352807725709	0.0
2025-12-30	55.36000061035156	56.5	55.13999938964844	56.5	2280930	ETSY	-0.15903896862558123	2.466450173024265	1.1009257275546778	1.3847673677982095	1.063631851402946	-2.1735280772570906	-2.0176980347759956	2.466450173024265	-31.719313160825262	49.13974247636623	-0.42129082434792053	-0.9957418569569467	0.5744510326090262	2.016835352767373	3.4959784505625877	56.643193875948526	52.12780679543819	0.7158176602100002	0.076575	0.0	76575000.0	0.0382875	2025-12-31 01:54:18.893141+00:00	2025-12-31 01:54:18.895806+00:00	Low	0.1445050857576331	1.0
2025-12-31	55.43999862670898	55.81499862670898	55.0099983215332	55.11000061035156	2113591	ETSY	-0.4515895903968856	1.463370895724357	0.7313324714378336	1.4849950406233345	0.9728434850369904	0.14450508575763316	0.5987987891537597	1.463370895724357	-7.336437330387166	49.45031154710012	-0.36188518338448006	-0.8689705222424534	0.5070853388579734	1.9302757065108302	2.9335276614418544	56.72562079653093	52.122379920632156	0.720713687490677	0.0984169999999999	0.0	98417000.0	0.0492084999999999	2026-01-01 02:04:29.829768+00:00	2026-01-01 02:04:29.832556+00:00	High	3.318903676345799	3.0
2026-01-02	57.27999877929688	57.869998931884766	55.66999816894531	55.93999862670898	2669752	ETSY	0.9018759242160553	3.951860670558978	1.131603471797933	1.3960158490365613	1.1062155948458325	3.318903676345799	2.3954239997927202	3.951860670558978	26.313558299595336	56.091576625845924	-0.16443761566097947	-0.7280639409261587	0.5636263252651792	1.9659703207011845	7.811025085170146	57.19249912676431	52.00050128522299	1.0168527906218459	0.075582	0.0	75581999.99999999	0.037791	2026-01-03 01:49:35.237639+00:00	2026-01-03 01:49:35.240340+00:00	High	2.234641447752219	3.0
2026-01-05	58.560001373291016	59.58000183105469	56.4900016784668	56.93999862670898	3590407	ETSY	-0.5935756980336975	5.469994796912452	1.599966651744685	1.479308265337663	1.2827280067451698	2.234641447752219	2.845104997635423	5.469994796912452	34.48466374404814	60.02605379434528	0.09424017413515173	-0.5636031179138966	0.6578432920490483	2.0462581658359493	8.948839764262354	57.79893157987147	52.031069106774034	1.1319500589636697	0.0773189999999999	0.0	77318999.99999999	0.0386594999999999	2026-01-06 01:55:44.018589+00:00	2026-01-06 01:55:44.021281+00:00	0	0.0	0.0
2026-01-06	61.41999816894531	61.470001220703125	58.6349983215332	56.939998626708984	4555958	ETSY	-2.7663980679496842	4.835001245542444	1.657487855844711	1.5287459979388391	1.497622256213053	4.883874194987178	7.8679305414223935	4.835001245542444	26.8925222126628	67.11627217056372	0.5239818885958698	-0.34608611661194333	0.8700680052078131	2.1079540002342467	16.193714452809612	59.26842761368103	51.37757305770569	1.2726663557161895	0.0	0.0	0.0	0.0	2026-01-07 01:55:18.097426+00:00	2026-01-07 01:55:18.100051+00:00	0	0.0	0.0
