timestamp	close	high	low	open	volume	symbol	gap_apertura_pct	volatilidad_diaria	vol_5d	vol_10d	vol_rel_5d	return_pct	close_open_pct	range_pct	volume_change_pct	rsi_14	macd	macd_signal	macd_diff	atr_14	momentum_12	bb_upper	bb_lower	bb_pctb	vader	finbert	sentiment_ratio	sentiment_combined
2025-06-05 00:00:00+00:00	9.966166496276855	10.1141784879787	9.897093417917008	10.06484084373232	133191400	F	0.0	2.193422461474363	0.0	0.0	0.0	0.0	-0.9803865653465532	2.193422461474363	0.0	0.0	0.0	0.0	0.0	0.0	0.0	0.0	0.0	0.0	0.0	0.0	0.0	0.0
2025-06-06 00:00:00+00:00	10.124046325683594	10.212853898177936	10.015503318840596	10.025371036014922	105916700	F	0.5940552945827714	1.9704509404544472	0.0	0.0	0.0	1.5841580558153305	0.9842557379092743	1.9704509404544472	-20.47782364326826	0.0	0.0	0.0	0.0	0.0	0.0	0.0	0.0	0.0	0.0	0.0	0.0	0.0
2025-06-09 00:00:00+00:00	10.202985763549805	10.311527824914515	10.153648120734113	10.153648120734113	63638900	F	0.29239094822613254	1.5549062002454694	0.0	0.0	0.0	0.7797222111276817	0.4859105045697075	1.5549062002454694	-39.91608499887175	0.0	0.0	0.0	0.0	0.0	0.0	0.0	0.0	0.0	0.0	0.0	0.0	0.0
2025-06-10 00:00:00+00:00	10.459541320800781	10.508878025255767	10.222720810645194	10.242456245257042	87955500	F	0.3868522667967031	2.799227523778102	0.0	0.0	0.0	2.514514507777929	2.1194630501278877	2.799227523778102	38.210277047529104	0.0	0.0	0.0	0.0	0.0	0.0	0.0	0.0	0.0	0.0	0.0	0.0	0.0
2025-06-11 00:00:00+00:00	10.518745422363281	10.62728842734968	10.469407778372853	10.499010929389483	93094900	F	0.37735506154757315	1.5080189091781102	0.528457293376817	0.0	0.9621269151095065	0.5660296158949285	0.18796525793259583	1.5080189091781102	5.84318206365719	0.0	0.0	0.0	0.0	0.0	0.0	0.0	0.0	0.0	0.0	0.0	0.0	0.0
2025-06-12 00:00:00+00:00	10.390467643737793	10.44967300313452	10.291793299459599	10.439805286395522	76393300	F	-0.7504710191001401	1.534034925509164	0.5515173973883458	0.0	0.8945365952590555	-1.2195159543719396	-0.4725915982554085	1.534034925509164	-17.94040275031178	0.0	0.0	0.0	0.0	0.0	0.0	0.0	0.0	0.0	0.0	0.0	0.0	0.0
2025-06-13 00:00:00+00:00	10.291793823242188	10.370733679097153	10.242456178073507	10.33126375116967	90106200	F	-0.5697904521535573	1.2524095665476787	0.6102613128679949	0.0	1.0956791624674602	-0.9496571653834558	-0.38204356096333497	1.2524095665476787	17.950396173486418	0.0	0.0	0.0	0.0	0.0	0.0	0.0	0.0	0.0	0.0	0.0	0.0	0.0
2025-06-16 00:00:00+00:00	10.479275703430176	10.528613348400135	10.360865920124656	10.360865920124656	75195200	F	0.6711375885366209	1.6190483456566258	0.6063293373277435	0.0	0.8893680849287194	1.8216637780344351	1.1428560529436436	1.6190483456566258	-16.548250841784473	0.0	0.0	0.0	0.0	0.0	0.0	0.0	0.0	0.0	0.0	0.0	0.0	0.0
2025-06-17 00:00:00+00:00	10.281926155090332	10.489143512958268	10.242456226974408	10.449673584842344	100969400	F	-0.28248248662970127	2.408477815450044	0.4378626449711941	0.0	1.158546352456289	-1.8832365320367077	-1.6052887048580753	2.408477815450044	34.2763899823393	0.0	0.0	0.0	0.0	0.0	0.0	0.0	0.0	0.0	0.0	0.0	0.0	0.0
2025-06-18 00:00:00+00:00	10.291793823242188	10.390468172542239	10.262190671518592	10.291793823242188	82770200	F	0.09597100779575454	1.2500011462432115	0.47456570604987997	0.5167080159281068	0.9727729992621658	0.09597100779575454	0.0	1.2500011462432115	-18.024470780256195	0.0	0.0	0.0	0.0	0.0	0.0	0.0	0.0	0.0	0.0	0.0	0.0	0.0
2025-06-20 00:00:00+00:00	10.449673652648926	10.459541370001267	10.321396150180464	10.350998361200164	116743400	F	0.5752596580809195	1.3384353997340532	0.49047639929161524	0.5167671213949947	1.2531913906949224	1.5340360691077461	0.9532925038287902	1.3384353997340532	41.04520709144112	0.0	0.0	0.0	0.0	0.0	0.0	0.0	0.0	0.0	0.0	0.0	0.0	0.0
2025-06-23 00:00:00+00:00	10.607552528381348	10.607552528381348	10.400335185534269	10.410202902107285	77576500	F	-0.37772232754498863	1.992410236309455	0.4808525556759306	0.5179783349839217	0.8557716003827429	1.5108498215386905	1.8957327549697838	1.992410236309455	-33.54956254486335	0.0	0.0	0.0	0.0	0.0	0.0	0.0	0.0	0.0	0.0	0.0	0.0	0.0
2025-06-24 00:00:00+00:00	10.587817192077637	10.72596240225166	10.577950416451621	10.647022551020006	77244400	F	0.3720935864616597	1.399250138002537	0.5021553174615638	0.5259582975872137	0.8482729886565874	-0.18604985693832277	-0.5560743264951342	1.399250138002537	-0.42809355926085857	0.0	0.0	0.0	0.0	0.0	6.237610981444234	0.0	0.0	0.0	0.0	0.0	0.0	0.0
2025-06-25 00:00:00+00:00	10.341130256652832	10.627288402932377	10.281925836830178	10.617420685949506	91927300	F	0.2795995938994899	3.3589287802981427	0.8832375143739919	0.6658966437389061	1.0299705240287205	-2.3299130590334416	-2.6022368093815973	3.3589287802981427	19.008368244170452	54.75695477706087	0.0	0.0	0.0	0.21285576297788392	2.1442407905475522	0.0	0.0	0.0	0.0	0.0	0.0	0.0
2025-06-26 00:00:00+00:00	10.489143371582031	10.508877864855348	10.331263661246286	10.360865871674914	88416400	F	0.1908458218035242	1.7191914700165165	0.8241374829631841	0.6601262162447576	0.9782566363065048	1.4313050049241658	1.238096328008734	1.7191914700165165	-3.819213661230124	60.16775811413004	0.0	0.0	0.0	0.2103385087372538	2.8046457641303926	0.0	0.0	0.0	0.0	0.0	0.0	0.0
2025-06-27 00:00:00+00:00	10.656890869140625	10.77530065267096	10.53848108561029	10.558215579013357	182008200	F	0.6585114244740067	2.2471888039352743	0.7491315195159992	0.6682074779492252	1.7596459055851352	1.5992487814883698	0.9345830210495575	2.2471888039352743	105.85343895476404	65.24132783558842	0.0	0.0	0.0	0.21575413533380203	1.8867897003033656	0.0	0.0	0.0	0.0	0.0	0.0	0.0
2025-06-30 00:00:00+00:00	10.706228256225586	10.716095032170715	10.548347607618808	10.577950758566052	88472200	F	-0.7407424129974093	1.5902720576893676	0.7898729020287252	0.6421901346898092	0.837696245846893	0.462962300081614	1.2126876045027373	1.5902720576893676	-51.391091170617585	66.58926512887946	0.0	0.0	0.0	0.21232508456366664	1.7823687743569547	0.0	0.0	0.0	0.0	0.0	0.0	0.0
2025-07-01 00:00:00+00:00	11.199603080749512	11.229205291367439	10.64702315000346	10.666758584440284	140150700	F	-0.36866084713213815	5.468027383445582	1.607679181001409	1.2884621421356102	1.1857586820960895	4.608297270675434	4.995374106305297	5.468027383445582	58.41213398106976	76.4319836479319	0.0	0.0	0.0	0.238743445763689	7.787286046738952	0.0	0.0	0.0	0.0	0.0	0.0	0.0
2025-07-02 00:00:00+00:00	11.61403751373291	11.623904289676293	11.21933730384172	11.22920502082239	122331600	F	0.2643124033900735	3.605979345108399	1.6298478184252576	1.3559001943499391	0.984355605137025	3.70043857800417	3.4270680087942402	3.605979345108399	-12.714242597432621	81.39118088518094	0.0	0.0	0.0	0.2519975717039099	12.84755323707195	0.0	0.0	0.0	0.0	0.0	0.0	0.0
2025-07-03 00:00:00+00:00	11.653507232666016	11.801519220585693	11.594301872875784	11.594301872875784	60311500	F	-0.1699291984703002	1.7872343672082764	1.6174881822111742	1.3154453283872902	0.5082936355567123	0.3398449409728087	0.5106418690782875	1.7872343672082764	-50.69834776950518	81.78430260533699	0.0	0.0	0.0	0.24879898427576697	11.20527374665292	11.431932105669832	9.699300537457608	1.1278835795568536	0.0	0.0	0.0	0.0
2025-07-07 00:00:00+00:00	11.436422348022461	11.633771982031682	11.327879343539426	11.446290064982243	73842100	F	-1.7781528216923481	2.700352194929713	1.5812716143837349	1.256684437978474	0.7610891263205046	-1.8628287631301481	-0.08620886683599317	2.700352194929713	22.434527411853463	72.68881384038706	0.0	0.0	0.0	0.2542867631936829	11.22840385661169	11.538394994539857	9.739863233762144	0.9433022820384882	0.0	0.0	0.0	0.0
2025-07-08 00:00:00+00:00	11.525230407714844	11.692977839001177	11.485760479237902	11.495627255579144	74190200	F	0.5176873129989018	1.8041239858505593	1.5347906237696576	1.2679410609353674	0.7878726349282675	0.776537075930386	0.2575166319987645	1.8041239858505593	0.4714112951825585	73.96445980593566	0.0	0.0	0.0	0.25444881517832807	11.98466084393528	11.654185143649453	9.764191492855673	0.9317697517764413	0.0	0.0	0.0	0.0
2025-07-09 00:00:00+00:00	11.67324161529541	11.742313750202412	11.604169480388409	11.62390397277444	63886900	F	0.856152645708031	1.1904709772420425	0.944962684979422	1.290837144606277	0.8095920466805876	1.2842364303753058	0.42444984608035413	1.1904709772420425	-13.887683278923632	75.9782796150363	0.0	0.0	0.0	0.25177985284327375	11.709150001410022	11.785713585310921	9.779688636368766	0.9439329156525091	0.0	0.0	0.0	0.0
2025-07-10 00:00:00+00:00	11.752182006835938	11.811387368788584	11.62390450680296	11.702844362048285	67263000	F	0.25359491158040315	1.612907795963895	0.5512564671160177	1.2869172315863637	0.9906369396545502	0.6762508148301497	0.421586780626183	1.612907795963895	5.284494943407803	77.00008819215381	0.0	0.0	0.0	0.24718721063915589	10.790702901466128	11.922701461614297	9.771964828668905	0.9207157900384872	0.0	0.0	0.0	0.0
2025-07-11 00:00:00+00:00	11.62390422821045	11.702844081563805	11.554832091785583	11.692977305672597	65340700	F	-0.5037762445212494	1.2809531856671912	0.6026553847007805	1.3187083906275876	0.9482780389924733	-1.0915230767433013	-0.5907227531232688	1.2809531856671912	-2.8578862078705978	71.66536840968787	0.0	0.0	0.0	0.24362740381138437	9.785652862500001	12.01758965373417	9.78759251713375	0.8234592237531367	0.0	0.0	0.0	0.0
2025-07-14 00:00:00+00:00	11.722579956054688	11.742314449616176	11.515362597953823	11.60417017157381	62098100	F	-0.16977132854163327	1.9708615315568099	0.333510893414972	1.3234938267335787	0.93302339781759	0.8489034829172009	1.0204071702683328	1.9708615315568099	-4.962603706418817	73.2033277203364	0.40545417841002873	0.0	0.0	0.2424362929435964	13.358788305689483	12.11265585679901	9.8257375453006	0.8294316422309193	0.0	0.0	0.0	0.0
2025-07-15 00:00:00+00:00	11.41668701171875	11.771917297009951	11.367350308572565	11.74231414587749	65101900	F	0.1683434013398206	3.5590263118071266	0.9648643367551845	1.3521240125696605	1.0056192549304799	-2.6094336356216914	-2.773108691467445	3.5590263118071266	4.837185034646793	61.97341221203606	0.3794926217356682	0.0	0.0	0.25401705690743853	8.842892191269776	12.14039408497274	9.910488635974524	0.6754539195466268	0.0	0.0	0.0	0.0
2025-07-16 00:00:00+00:00	11.091059684753418	11.298277033891928	11.002252114974446	11.199602688277619	107978100	F	-1.9014651379888363	2.6905847623195394	0.9119813912660585	0.8755142385534067	1.467964157008313	-2.852205080432609	-0.9691683405681002	2.6905847623195394	65.86013618650148	52.70448799694357	0.3288516994353241	0.0	0.0	0.2654754740386432	4.0740664509385605	12.14257487496345	9.96948624411614	0.5161195105972112	0.0	0.0	0.0	0.0
2025-07-17 00:00:00+00:00	11.002252578735352	11.199603160357137	10.962782650618458	11.041722506852246	70345300	F	-0.4448373672444926	2.1602226121423604	0.8512937108418834	0.7282445598772757	0.9483972700512129	-0.8007089362267804	-0.35746169216261164	2.1602226121423604	-34.85225244748704	50.48673700396913	0.27834383790016126	0.0	0.0	0.26342869087436005	2.7649730178097953	12.119724230992897	10.064369530451195	0.45631201662514564	0.0	0.0	0.0	0.0
2025-07-18 00:00:00+00:00	11.012120246887207	11.091060102768761	10.903578180309397	11.021987964131728	68812600	F	0.17937586194413058	1.7194531864588702	0.729824044072262	0.7315354960220052	0.9191288040690716	0.08968770786927074	-0.08952756323662656	1.7194531864588702	-2.1788236029983525	50.73479713030912	0.23638730637446947	0.0	0.0	0.2580039217018603	-1.6740131994906178	12.08937932933157	10.166747074477025	0.4396957193845365	0.0	0.0	0.0	0.0
2025-07-21 00:00:00+00:00	11.16013240814209	11.298276675831568	11.06145712461768	11.110794766379886	65515600	F	0.8960537778414771	2.1409435352494106	0.7072701064572694	0.6985268122714587	0.8671739639738613	1.3440841358113698	0.44405141845923013	2.1409435352494106	-4.791273691155399	54.423266303871124	0.2126287454629967	0.0	0.0	0.2600148150763247	-3.9082455610643967	12.073115903408082	10.254056375949828	0.4981013642023628	0.0	0.0	0.0	0.0
2025-07-22 00:00:00+00:00	11.041722297668457	11.14039758660996	10.933180232662641	11.091059942139209	79403800	F	-0.6189215636230967	1.8953072165431066	0.3669262795591412	0.6960888014924579	1.0126604556396877	-1.061009906900786	-0.4448415636390092	1.8953072165431066	21.19831002081947	51.12550253657778	0.18214554795368443	0.0	0.0	0.2576531979622621	-5.2497923825254995	12.060791539070422	10.309797717216199	0.41800523298088116	0.0	0.0	0.0	0.0
2025-07-23 00:00:00+00:00	11.229205131530762	11.308144986079808	11.130529842825807	11.130529842825807	76163200	F	0.804290696353611	1.59574742408587	0.2504651386717622	0.6527397948717549	1.0571160099988757	1.6979491858973226	0.8865282255054227	1.59574742408587	-4.081164881277722	55.70241298680997	0.17114286374077636	0.0	0.0	0.2582795901371971	-1.8119059456345663	12.0488511418497	10.385876908382231	0.5071204388958606	0.0	0.0	0.0	0.0
2025-07-24 00:00:00+00:00	11.110795021057129	11.278542442271318	11.081191870698907	11.160132663950233	63557800	F	-0.6151144873698934	1.7809507666251039	0.2063914195371061	0.6419503504886641	0.8990983242467881	-1.0544834570805564	-0.4420883190078503	1.7809507666251039	-16.550512583504894	52.36692671423723	0.1511263603026709	0.2414846313167571	-0.0903582710140862	0.2539275173825695	-3.595896758647853	11.986710625343557	10.524983901328808	0.40076651134853997	0.0	0.0	0.0	0.0
2025-07-25 00:00:00+00:00	11.318012237548828	11.33774672985559	11.091059459278902	11.18973474392448	52312300	F	0.710477717550775	2.2241993335479466	0.2579541806507255	0.5776745471334397	0.7762558365016811	1.865008004368563	1.1463854734715337	2.2241993335479466	-17.693343696603723	57.197273542870555	0.1502518251889331	0.22323807009119231	-0.07298624490225922	0.2534103568964351	-3.0431082423679654	11.937991060335541	10.656590352933502	0.5161710000584578	0.0	0.0	0.0	0.0
2025-07-28 00:00:00+00:00	11.130529403686523	11.337746748961628	11.100927194657867	11.327879032272989	54173600	F	0.0871778057583876	2.133331298828139	0.25639674232878507	0.5736053469611306	0.8318768394281884	-1.6564996567180628	-1.7421586867605037	2.133331298828139	3.5580542243411206	52.05395091526808	0.1328984810146352	0.20517015227588092	-0.07227167126124573	0.25222529956838696	-5.289678144771881	11.896987463620798	10.744957803102833	0.3346889527222181	0.0	0.0	0.0	0.0
2025-07-29 00:00:00+00:00	10.93317985534668	11.140397202142703	10.913445362861816	11.140397202142703	58371500	F	0.08865524808650116	2.079561785805954	0.2640267876936105	0.3127336048514075	0.9582343987623548	-1.7730472754914957	-1.8600534885431876	2.079561785805954	7.748977361666938	47.23863192525247	0.1020450595744471	0.18454513373559417	-0.08250007416114707	0.25042005240499404	-5.9422751538801135	11.866897179045786	10.797743247589956	0.12667643430193834	0.0	0.0	0.0	0.0
2025-07-30 00:00:00+00:00	10.72596263885498	10.982517631535819	10.676624995487547	10.982517631535819	79866900	F	0.4512664827791283	2.865068653975922	0.39877084454690603	0.35495627034869853	1.295354157766539	-1.8953060247185385	-2.3360307835441296	2.865068653975922	36.82516296480303	42.76524270128729	0.06017909605274596	0.15967192619902454	-0.09949283014627858	0.2543823798080853	-8.50168922656788	11.90323075236998	10.714045630076308	0.010021155289671945	0.0	0.0	0.0	0.0
2025-07-31 00:00:00+00:00	10.923312187194824	11.002252039560094	10.538480642173452	10.627288211343698	101090900	F	-0.919958709848872	4.400742508656297	0.9803037842131901	0.823496614156367	1.4616318195382967	1.8399238836143403	2.785508118008378	4.400742508656297	26.574212846623567	47.83208981050418	0.04243530973034382	0.1362246029052884	-0.09378929317494458	0.26933873820655363	-4.32152360853457	11.87394421720493	10.67425963258755	0.2075983619366968	0.0	0.0	0.0	0.0
2025-08-01 00:00:00+00:00	10.67662525177002	10.775300540873497	10.538480976269911	10.775300540873497	73541500	F	-1.3550070142171573	2.24718880393527	0.9773257109277048	0.7999032581682674	1.0018065934257545	-2.2583528804934345	-0.9157544026653955	2.24718880393527	-27.25210676727579	42.738835772434406	0.008371159674855022	0.11065391425920172	-0.1022827545843467	0.2775882005435793	-3.7366531671731087	11.852054275322375	10.598461376380504	0.06235188110549432	0.0	0.0	0.0	0.0
2025-08-04 00:00:00+00:00	10.804903030395508	10.873976110967757	10.71609545611499	10.74569860823338	56696800	F	0.646958704970078	1.4733039239835612	1.1154419571307754	0.8446324864199101	0.767069407599584	1.2014824497490142	0.5509592658476952	1.4733039239835612	-22.905026413657595	45.961179100613606	-0.008179689619860042	0.08688719348338937	-0.09506688310324941	0.27185696187601915	-1.7937194854194847	11.838125156398746	10.54923856354144	0.1983607155748982	0.0	0.0	0.0	0.0
2025-08-05 00:00:00+00:00	10.913445472717285	10.952915399121585	10.755564826062816	10.834504678871413	58864300	F	0.2739649619495183	1.8348694489809585	1.1495524919273716	0.847818074963905	0.7953336806640213	1.0045665566496453	0.7286054709987433	1.8348694489809585	3.8229670810345553	48.59709842431352	-0.012395007034553984	0.0670307533798007	-0.07942576041435469	0.26653507696050127	-0.8960560905409133	11.799713342454426	10.526471883986003	0.3039278890563073	0.0	0.0	0.0	0.0
2025-08-06 00:00:00+00:00	11.061457633972168	11.110795278006258	10.933180135898452	10.96278234590399	59519800	F	0.45207421716673757	1.6245515019423944	1.2011047551222904	0.8453426862551717	0.850979931275133	1.3562367780633626	0.9000934703866058	1.6245515019423944	1.11357817896416	52.03307815535851	-0.003749114572348944	0.052874779789370774	-0.05662389436171972	0.26159327184110637	-0.8841720739615221	11.72542726207244	10.539579566235666	0.4400886130391704	0.0	0.0	0.0	0.0
2025-08-07 00:00:00+00:00	11.130529403686523	11.239072405187024	10.952915208477332	11.1502648370638	71775000	F	0.802852626030815	2.6126121791594956	0.46728613102428657	0.8331008171529544	1.1200933590597177	0.6244364169711312	-0.17699519846089196	2.6126121791594956	20.59012295068196	53.59206714953789	0.008577456474368361	0.044015315126370295	-0.035437858652001934	0.26334783790314814	0.8042867192631596	11.6218961797053	10.580945388287864	0.5279634925396469	0.0	0.0	0.0	0.0
2025-08-08 00:00:00+00:00	11.170000076293945	11.219337721998874	11.06145800857296	11.160133299982817	48465300	F	0.2659702447440536	1.4272956901662839	0.4842069916308444	0.8830399625107413	0.8205523342042494	0.35461630957417767	0.08841091809488665	1.4272956901662839	-32.476071055381404	54.50208789755975	0.021285935234930164	0.03946943914808227	-0.018183503913152106	0.25581440044048864	-0.5272417285402782	11.542597521788448	10.614853631013066	0.5983832939249041	0.0	0.0	0.0	0.0
2025-08-11 00:00:00+00:00	11.140000343322754	11.569999694824219	11.0600004196167	11.300000190734863	84333000	F	1.1638327086211646	4.611204845010253	1.303747852759171	1.148290653215094	1.3056365947954747	-0.2685741518915451	-1.4159278293047908	4.611204845010253	74.00696993519075	53.641124889442246	0.02860700473641664	0.037296952265749146	-0.008689947529332505	0.273970462923848	0.2628553781279846	11.409630508942366	10.689562682585956	0.6255489333776263	0.0	0.0	0.0	0.0
2025-08-12 00:00:00+00:00	11.25	11.319999694824219	11.130000114440918	11.199999809265137	63944100	F	0.5385948302806481	1.7070941458192865	1.319295637904469	1.1699165029560101	0.9746470827089123	0.9874295627215056	0.44643028202108453	1.7070941458192865	-24.176656824730532	56.36309832988255	0.04279178103535308	0.03839591801966993	0.004395863015683149	0.26797254274238036	-0.6009203393789377	11.373569036003168	10.708955454353276	0.814073862745311	0.0	0.0	0.0	0.0
2025-08-13 00:00:00+00:00	11.4399995803833	11.489999771118164	11.1899995803833	11.270000457763672	63823300	F	0.17778184678819445	2.6809669524990913	1.2473841617827723	1.1646271165610909	0.9602089061014796	1.6888851589626737	1.5084216123746472	2.6809669524990913	-0.1889150054500728	60.65978530317081	0.06857421581825385	0.04443157757938672	0.02414263823886713	0.27026023188470055	2.7803724825009515	11.433559274267294	10.683859205652139	1.0085905102395192	0.0	0.0	0.0	0.0
2025-08-14 00:00:00+00:00	11.4399995803833	11.449999809265137	11.220000267028809	11.300000190734863	52469200	F	-1.2237709334229432	2.0499067447636947	1.2719868667154453	0.9466656346579589	0.8380726877418461	0.0	1.238932630843903	2.0499067447636947	-17.78989804663814	60.65978530317081	0.08799265656476152	0.05314379337646168	0.034848863188299835	0.26738446833838825	4.6356113385326765	11.489296134532466	10.671897045551763	0.9396909602497374	0.0	0.0	0.0	0.0
2025-08-15 00:00:00+00:00	11.4399995803833	11.520000457763672	11.40999984741211	11.430000305175781	46141400	F	-0.08740625502002425	0.9640719703998211	1.381385837402881	1.027146265220049	0.7425131392194032	0.0	0.08748272038970653	0.9640719703998211	-12.060027597142705	60.65978530317081	0.10220376932553243	0.06295578856627584	0.03924798075925659	0.25614276419647214	6.65708958319237	11.537996073201693	10.665985040232144	0.8876201227813886	0.0	0.0	0.0	0.0
2025-08-18 00:00:00+00:00	11.460000038146973	11.479999542236328	11.369999885559082	11.399999618530273	37113800	F	-0.3496500290228781	0.9674552135832077	0.7347766392069199	1.0728030626789342	0.7042685958348609	0.17482918266856926	0.5263194879337607	0.9674552135832077	-19.56507604884117	61.162558096803174	0.11376859482209412	0.0731183498174395	0.04065024500465461	0.2457039708022417	4.913233658022671	11.579757821697251	10.654210054737076	0.8706087488670569	0.0	0.0	0.0	0.0
2025-08-19 00:00:00+00:00	11.579999923706055	11.729999542236328	11.489999771118164	11.520000457763672	58020200	F	0.5235638692580755	2.088770895552491	0.758529527724661	1.0701997365146656	1.1263088296328851	1.047119416750765	0.5208286767206454	2.088770895552491	56.3305293448798	64.125016951031	0.13110548777913245	0.08471577740977809	0.04638971036935435	0.24743936603703556	8.461237990780557	11.646894973447722	10.640900665590365	0.9335035504483663	0.0	0.0	0.0	0.0
2025-08-20 00:00:00+00:00	11.489999771118164	11.600000381469727	11.470000267028809	11.520000457763672	46469900	F	-0.5181301065430459	1.1333924273272333	0.5780790586782799	1.103829997003232	0.9672584294453499	-0.7772033953441257	-0.26042261678287915	1.1333924273272333	-19.90737708591146	60.403573370039815	0.13601494458713148	0.09497561084524878	0.041039333741882705	0.2390508480658843	6.340609802747843	11.681177804725486	10.632697298271339	0.8176618139960786	0.0	0.0	0.0	0.0
2025-08-21 00:00:00+00:00	11.329999923706055	11.430000305175781	11.199999809265137	11.420000076293945	51779300	F	-0.6092227695267103	2.0535758913172297	0.5790472254838767	1.0847136880012294	1.0808764527735355	-1.3925139303683274	-0.7880923991823453	2.0535758913172297	11.425460351754577	54.36337297847823	0.12554783665639668	0.10109005600747836	0.02445778064891832	0.24269007047925167	3.816892218228619	11.696964546220979	10.638831047040739	0.653196290638922	0.0	0.0	0.0	0.0
2025-08-22 00:00:00+00:00	11.739999771118164	11.770000457763672	11.390000343322754	11.390000343322754	58538700	F	0.5295712270143865	3.336260781271076	0.9457971981775836	1.1452010883999706	1.161842221736181	3.6187100633094973	3.0728658230514716	3.336260781271076	13.054251409346978	64.23334374707194	0.14862290702665604	0.11059662621131391	0.03802628081534212	0.2567836750205635	6.1342922388641075	11.771306503051697	10.606687843566956	0.9731184695706454	0.0	0.0	0.0	0.0
2025-08-25 00:00:00+00:00	11.819999694824219	11.850000381469727	11.680000305175781	11.720000267028809	45038800	F	-0.17035353048776625	1.4554800672275054	0.8430515188911767	0.7667279403223246	0.8666410875019098	0.6814303685325812	0.8532374190872052	1.4554800672275054	-23.061496070121134	65.78812661033525	0.17138971781721146	0.12275524453249342	0.04863447328471804	0.2505848465400908	6.1944069875898	11.866338950495571	10.580602425236851	0.9639589801168419	0.0	0.0	0.0	0.0
2025-08-26 00:00:00+00:00	11.84000015258789	11.869999885559082	11.770000457763672	11.8100004196167	48613300	F	-0.0845962391344058	0.8496127774527742	0.9854946426275925	0.8291134592744659	0.9705578182398977	0.16920861489048722	0.25401974517597065	0.8496127774527742	7.936490315017274	66.18390304398301	0.18886928167338368	0.13597805196067148	0.05289122971271221	0.239828745201185	5.998210131760735	11.950151805222049	10.587471600234494	0.9191654415827047	0.0	0.0	0.0	0.0
2025-08-27 00:00:00+00:00	11.90999984741211	11.979999542236328	11.8100004196167	11.819999694824219	40381500	F	-0.1689227829891568	1.4394506060919032	0.9450809541415167	0.7661016672908053	0.8262990706833923	0.5912136310988035	0.7614226303855168	1.4394506060919032	-16.93322609244795	67.59677313072335	0.20599576141364473	0.14998159385126614	0.05601416756237859	0.2348409150167881	6.9120240606714916	12.016121345629742	10.639905780682515	0.9228888984250794	0.0	0.0	0.0	0.0
2025-08-28 00:00:00+00:00	11.710000038146973	11.989999771118164	11.630000114440918	11.989999771118164	47723700	F	0.6717038180603978	3.0954398377884464	1.1083182373921547	0.8904519988424825	0.9930190265339415	-1.6792595451509944	-2.3352772169826252	3.0954398377884464	18.182088332528508	59.896622793130845	0.20111201276263024	0.16020767763353896	0.04090433512909128	0.24378082513539226	4.08888922797309	12.048324926846366	10.686370984561105	0.7515885976792223	0.0	0.0	0.0	0.0
2025-08-29 00:00:00+00:00	11.770000457763672	11.829999923706055	11.720000267028809	11.739999771118164	44069700	F	0.2561890083130919	0.9385636021417312	0.9046785649538603	0.892949523332645	0.9757402790631767	0.5123861607279198	0.2555424806677865	0.9385636021417312	-7.6565731491900255	61.320155180817544	0.19978019743268227	0.16812218159336761	0.03165801583931466	0.2349393294513701	2.8846231598315697	12.045539914090627	10.798493517916208	0.7790463472953122	0.0	0.0	0.0	0.0
2025-09-02 00:00:00+00:00	11.720000267028809	11.890000343322754	11.640000343322754	11.760000228881836	57704200	F	-0.08496370852084066	2.1477662596755134	0.9378708100404848	0.8574042374161109	1.2097702065139182	-0.42481044001899243	-0.340135723422776	2.1477662596755134	30.938490618270603	59.427058912936175	0.19247143576304282	0.17299203242730266	0.019479403335740164	0.2360150916334151	2.4475585394744073	12.035222129135713	10.900321026534455	0.7222472853498885	0.0	0.0	0.0	0.0
2025-09-03 00:00:00+00:00	11.619999885559082	11.729999542236328	11.569999694824219	11.670000076293945	47728700	F	-0.4266227781199451	1.3828854937972428	0.8433794249131659	0.8649370032565957	1.0043588636399983	-0.8532455562398902	-0.4284506461695063	1.3828854937972428	-17.287303177238396	55.721874319946075	0.17657455290448176	0.1737085365227385	0.002866016381743275	0.23058543133189327	1.5734292987600818	12.013184724812621	10.993013872141724	0.6145892247125601	0.0	0.0	0.0	0.0
2025-09-04 00:00:00+00:00	11.680000305175781	11.699999809265137	11.569999694824219	11.649999618530273	33136700	F	0.258173263912627	1.1235965243721904	0.8878692453122251	0.8657599283632826	0.7192279142049721	0.5163547350053384	0.25751663199876224	1.1235965243721904	-30.572800013409125	57.436617409849084	0.16689384279492359	0.1723455977771755	-0.005451754982251922	0.22340076583968077	1.919723091592429	12.006901164992781	11.061151699081927	0.6543472964035345	0.0	0.0	0.0	0.0
2025-09-05 00:00:00+00:00	11.739999771118164	11.90999984741211	11.65999984741211	11.710000038146973	47547800	F	0.2568470221520248	2.1440823608199833	0.5687322857232249	0.8693768950918884	1.032807659508287	0.5136940443040496	0.2561890083130919	2.1440823608199833	43.489846605123624	59.14065440755676	0.16219359890625817	0.17031519800299205	-0.008121599096733878	0.2253007111368464	1.3816912648208648	12.007014362247379	11.121985538570492	0.6982984237508876	0.0	0.0	0.0	0.0
2025-09-08 00:00:00+00:00	11.6899995803833	11.75	11.579999923706055	11.75	39734500	F	0.08518082688926217	1.4680490277545581	0.46727719416007213	0.6807645383425508	0.8796583070587407	-0.4258960111555527	-0.5106418690782912	1.4680490277545581	-16.432516330934344	57.08945564124657	0.15267409233764084	0.16678697686992183	-0.01411288453228099	0.2213506657909249	1.7406424129604092	11.996872920694997	11.18412693053181	0.6224240488100332	0.0	0.0	0.0	0.0
2025-09-09 00:00:00+00:00	11.489999771118164	11.680000305175781	11.449999809265137	11.670000076293945	41262700	F	-0.17108216259405296	2.0087379890131722	0.4334047539218283	0.6897312935041024	0.9852113362087078	-1.7108624161180592	-1.5424190574036754	2.0087379890131722	3.8460280109224985	49.66871654686049	0.12752151303523718	0.15893388410298492	-0.031412371067747746	0.22268274474287056	1.4121787157062333	11.962039579269042	11.253960214737305	0.3333518362549028	0.0	0.0	0.0	0.0
2025-09-10 00:00:00+00:00	11.420000076293945	11.520000457763672	11.3100004196167	11.489999771118164	47021300	F	0.0	1.8567641941262603	0.4186573824089649	0.6291513080764922	1.1265123165455215	-0.6092227695267103	-0.6092227695267103	1.8567641941262603	13.955945684601348	47.34890630788641	0.10077781840452538	0.14730267096329303	-0.04652485255876765	0.22177683712887783	-2.725721474130325	11.942829638393228	11.290170163242514	0.19892442842640157	0.0	0.0	0.0	0.0
2025-09-11 00:00:00+00:00	11.760000228881836	11.789999961853027	11.430000305175781	11.460000038146973	64196100	F	0.3502623606462204	3.149603211420996	0.6259446380061473	0.7525098932423592	1.338744106665599	2.9772342409495725	2.617802702759606	3.149603211420996	36.52557458003075	57.68643616402879	0.10579883542844826	0.13900190385632408	-0.03320306842787582	0.23236419773103528	-0.507609708049786	11.953988797254912	11.311011069230684	0.6982965973499999	0.0	0.0	0.0	0.0
2025-09-12 00:00:00+00:00	11.680000305175781	11.8100004196167	11.65999984741211	11.75	50100800	F	-0.08503595822452445	1.2864543239070614	0.728643197152434	0.6524059840633101	1.0337931472782993	-0.680271446845552	-0.5957420836103723	1.2864543239070614	-21.956629764113398	54.95247835602851	0.10214523564524569	0.1316305702141084	-0.02948533456886271	0.22648108162200348	-1.3513500451867637	11.954046518649648	11.334953420315195	0.5573424833661798	0.0	0.0	0.0	0.0
2025-09-15 00:00:00+00:00	11.680000305175781	11.760000228881836	11.609999656677246	11.739999771118164	47942400	F	0.5136940443040496	1.2919946308380825	0.7615050580076779	0.6118361238566091	0.9568451317701787	0.0	-0.5110687147540568	1.2919946308380825	-4.308114840481589	54.95247835602852	0.09811868042313243	0.12492819225591321	-0.026809511832780783	0.2210181880921882	-1.931146475088361	11.95167967229964	11.361320339144452	0.5398067721367885	0.0	0.0	0.0	0.0
2025-09-16 00:00:00+00:00	11.609999656677246	11.779999732971191	11.510000228881836	11.6899995803833	58065000	F	0.08561023070426234	2.3457819176393286	0.7859905993693435	0.627840526804495	1.08603515712674	-0.5993206050475498	-0.6843449664472236	2.3457819176393286	21.11408690428514	52.43081800743257	0.08826171299939034	0.11759489640460864	-0.029333183405218302	0.22451685352055728	-0.8539742198459543	11.946163141128594	11.381836832168524	0.40431009663394285	0.0	0.0	0.0	0.0
2025-09-17 00:00:00+00:00	11.65999984741211	11.880000114440918	11.550000190734863	11.630000114440918	68585900	F	0.17226923647813405	2.857142149406827	0.8678883896903665	0.687732889812193	1.1870582664278677	0.43066487694602756	0.2579512697849493	2.857142149406827	18.119176784637904	54.05267954991817	0.08352180544112997	0.11078027821191291	-0.027258472770782943	0.2320513585338071	-0.9345845885588255	11.947542544845637	11.388457420822087	0.4856906666301929	0.0	0.0	0.0	0.0
2025-09-18 00:00:00+00:00	11.739999771118164	11.779999732971191	11.619999885559082	11.6899995803833	55040100	F	0.2572875931713646	1.3769350171074566	0.7264980617523199	0.6577908870588011	0.9837928290498623	0.6861057011403852	0.42771764353839126	1.3769350171074566	-19.750123567672073	56.60219945655901	0.08523814750233605	0.10567185206999755	-0.020433704567661498	0.22690482202511442	0.17064422895636705	11.94923595512737	11.411764010540352	0.6107030587987635	0.0	0.0	0.0	0.0
2025-09-19 00:00:00+00:00	11.619999885559082	11.800000190734863	11.59000015258789	11.770000457763672	71676300	F	0.2555424806677865	1.8119071215032079	0.6631585149418275	0.6568897662593133	1.1894124218370667	-1.0221455527988719	-1.2744313200569775	1.8119071215032079	30.225599154071304	51.94605219003945	0.07603884459968135	0.09974525057593432	-0.023706405976252967	0.22569733746239	0.0	11.913036714276934	11.476963247576094	0.3280104131653469	0.0	0.0	0.0	0.0
2025-09-22 00:00:00+00:00	11.65999984741211	11.699999809265137	11.569999694824219	11.600000381469727	58432700	F	-0.1721127735483899	1.1235965243721904	0.7069220427507719	0.6927502599963675	0.9370221295702373	0.34423375427686415	0.5172367583558721	1.1235965243721904	-18.476958213523854	53.3243627549432	0.07115575415881281	0.09402735129251003	-0.022871597133697213	0.21886182153228487	-0.1712367914477625	11.908522449921106	11.473477519561316	0.42874267652432163	0.0	0.0	0.0	0.0
2025-09-23 00:00:00+00:00	11.729999542236328	11.930000305175781	11.699999809265137	11.699999809265137	55667600	F	0.3430528505701926	1.965816236411465	0.6667131124552517	0.6922094164459572	0.8995981287810768	0.6003404437415572	0.256407978292742	1.965816236411465	-4.732110616144728	55.71804266452546	0.07210310050412438	0.08964250113483291	-0.017539400630708524	0.22251458126309823	-0.08518082688926217	11.896764169593427	11.476235784630207	0.6034402591594761	0.0	0.0	0.0	0.0
2025-09-24 00:00:00+00:00	11.630000114440918	11.829999923706055	11.59000015258789	11.729999542236328	60193800	F	0.0	2.0707486450254735	0.4039455399985669	0.6938033119890941	0.9998621310552289	-0.8525100741508232	-0.8525100741508232	2.0707486450254735	8.130761879441541	51.64351157807167	0.06404647333794955	0.08452329557545624	-0.020476822237506687	0.22376352339560293	-0.5132546458176648	11.87523856735432	11.476761383054615	0.38456086677988605	0.0	0.0	0.0	0.0
2025-09-25 00:00:00+00:00	11.619999885559082	11.649999618530273	11.369999885559082	11.539999961853027	67656300	F	-0.7738620094778662	2.462618608526251	0.48983061704461106	0.5848620358701182	1.0786119294052452	-0.08598648996932252	0.693240242378725	2.462618608526251	12.39745621642096	51.239970487371515	0.056206687660624866	0.07885997399248997	-0.0226532863318651	0.22778039550814497	1.131419643433699	11.830411287545804	11.492588666677829	0.3771541957548393	0.0	0.0	0.0	0.0
2025-09-26 00:00:00+00:00	12.010000228881836	12.319999694824219	11.649999618530273	11.649999618530273	117681800	F	0.258173263912627	5.751073804571251	1.7876136116750556	1.3292874107843393	1.636141035202076	3.3562852595844883	3.0901340956179277	5.751073804571251	73.9406381962951	63.288078388715434	0.08053501188036805	0.07919498157006559	0.0013400303103024563	0.2615103536336444	5.166376082716799	11.90332825552347	11.44967171777365	1.235138181602034	0.0	0.0	0.0	0.0
2025-09-29 00:00:00+00:00	12.09000015258789	12.119999885559082	11.890000343322754	12.100000381469727	83325000	F	0.7493767766253396	1.9343947484870547	1.642618798561819	1.2897875551382265	1.0834810265665777	0.6661109257406143	-0.08264651707904541	1.9343947484870547	-29.194658817251266	65.18823832506212	0.10505964714155702	0.08436791468436389	0.020691732457193135	0.25925958139097893	2.806121745606732	11.980380285653414	11.404619657126126	1.1903913909759136	0.0	0.0	0.0	0.0
2025-09-30 00:00:00+00:00	11.960000038146973	12.199999809265137	11.90999984741211	12.109999656677246	70765000	F	0.1654218679647786	2.4349283423042247	1.593073962210323	1.2899096281320623	0.885399423805352	-1.0752697502083253	-1.238642632393191	2.4349283423042247	-15.073507350735074	59.77403617583003	0.11270646453163025	0.09003562465381716	0.022670839877813084	0.26145532285255385	2.3972579251313424	12.015078581763314	11.393921338128044	0.9113291454286218	0.0	0.0	0.0	0.0
2025-10-01 00:00:00+00:00	12.270000457763672	12.279999732971191	12.039999961853027	12.119999885559082	73578400	F	1.3377913620550372	1.9933535870312966	1.6038586860911865	1.283231463572138	0.8907656417029756	2.591976744380757	1.2376284952223042	1.9933535870312966	3.975694199109729	66.84552162674376	0.14214253482624883	0.10045700668830351	0.04168552813794532	0.26563706370767276	5.051371037434329	12.130400780349332	11.343599196762485	1.1774267875490763	0.0	0.0	0.0	0.0
2025-10-02 00:00:00+00:00	12.220000267028809	12.430000305175781	12.119999885559082	12.279999732971191	74530500	F	0.08149368243252697	2.557759261912726	1.597698368758225	1.2433256276331426	0.8875199550729529	-0.4074995017887416	-0.4885950101553115	2.557759261912726	1.293993889511052	64.86487126906337	0.1595965059121145	0.11228490653306572	0.047311599379048774	0.2688058748440318	5.254096713092783	12.208810333218391	11.31918964007873	1.012578320060121	0.0	0.0	0.0	0.0
2025-10-03 00:00:00+00:00	12.670000076293945	12.670000076293945	12.199999809265137	12.25	100778600	F	0.24549699112638065	3.852461265383568	0.774342824389758	1.3002902164296901	1.2504246515003938	3.6824860837302618	3.4285720513791453	3.852461265383568	35.217930914189495	72.70388873204764	0.20734992666535845	0.13129791055952428	0.07605201610583417	0.28317690285723013	8.662094700678761	12.404856182288853	11.216143821525844	1.2230513476236606	0.0	0.0	0.0	0.0
2025-10-06 00:00:00+00:00	12.699999809265137	12.800000190734863	12.479999542236328	12.630000114440918	90544900	F	-0.31570609007231815	2.5641078544558447	0.6954461261261587	1.1920349665816043	1.1036747185623312	0.23677768579750882	0.5542335248610358	2.5641078544558447	-10.154636004072293	73.13422621873414	0.244793754368132	0.15399707932124584	0.09079667504688615	0.2858071704030376	8.177172545681731	12.566971808591656	11.155028218111223	1.0942162290125315	0.0	0.0	0.0	0.0
2025-10-07 00:00:00+00:00	11.920000076293945	12.529999732971191	11.739999771118164	12.5	154390200	F	-1.57480167140813	6.729130981727308	1.9090222565205426	1.6883593976514912	1.5632152112924762	-6.141730273115057	-4.6399993896484375	6.729130981727308	70.51230936253727	50.73697511396437	0.20911821327866242	0.16502130611272917	0.04409690716593326	0.3339638038133187	2.581757260666523	12.567857700624044	11.197142356596414	0.5273580126224663	0.0	0.0	0.0	0.0
2025-10-08 00:00:00+00:00	11.739999771118164	12.010000228881836	11.680000305175781	11.979999542236328	78469700	F	0.5033512211271503	2.8253417387311295	1.7719131599252984	1.6468936282675348	0.7867206027343533	-1.5100696646282679	-2.0033370641795774	2.8253417387311295	-49.17442946508263	47.1485348535087	0.16442517852755145	0.16490208059569364	-0.0004769020681421876	0.3336806695199427	0.6861057011403852	12.554221878199542	11.24277814850334	0.379140645805677	0.0	0.0	0.0	0.0
2025-10-09 00:00:00+00:00	11.5	11.770000457763672	11.479999542236328	11.75	70320500	F	0.08518082688926217	2.526140479887606	1.7770833947308131	1.6433785978629507	0.7110206815355754	-2.0442911055977437	-2.127659574468085	2.526140479887606	-10.385155034363583	42.80177907946846	0.10839019601480615	0.15359970367951617	-0.04520950766471002	0.3305606870918999	-1.9607804877414228	12.561679842569784	11.209320161244914	0.21494269813657457	0.0	0.0	0.0	0.0
2025-10-10 00:00:00+00:00	11.40999984741211	11.59000015258789	11.350000381469727	11.550000190734863	84460100	F	0.4347842672596807	2.114535357285038	1.905027506577051	1.4338778971219688	0.8831313126665933	-0.7826100225033968	-1.212124164595762	2.114535357285038	20.107365561962727	41.26539381256764	0.05607342892783862	0.13409444872918067	-0.07802101980134205	0.324092050236633	-1.891661778710004	12.574327700784437	11.169672257253893	0.17109362389552465	0.0	0.0	0.0	0.0
2025-10-13 00:00:00+00:00	11.539999961853027	11.630000114440918	11.460000038146973	11.489999771118164	71510902	F	0.7011386921639564	1.483421254171597	2.070835191402727	1.4759559607278614	0.7787289953652368	1.139352464324556	0.4351626782495353	1.483421254171597	-15.33173415612816	44.371530725125744	0.024815874909940305	0.1122387339653326	-0.0874228590553923	0.3166569228646456	-0.6884675085537283	12.577558910380908	11.152441013325145	0.27194869233525426	-0.27466	0.18918314227843477	0.6887877866840753	0.050030199594904345
