timestamp	close	high	low	open	volume	symbol	gap_apertura_pct	volatilidad_diaria	vol_5d	vol_10d	vol_rel_5d	return_pct	close_open_pct	range_pct	volume_change_pct	rsi_14	macd	macd_signal	macd_diff	atr_14	momentum_12	bb_upper	bb_lower	bb_pctb	vader	finbert	sentiment_ratio	sentiment_combined	download_date	added_date	target_category	target	target_num
2025-06-05	7.539999961853027	7.809999942779541	7.489999771118164	7.71999979019165	1409300	FSLY	0.0	4.272365573298341	0.0	0.0	0.0	0.0	-2.331604057390195	4.272365573298341	0.0	0.0	0.0	0.0	0.0	0.0	0.0	0.0	0.0	0.0	0.0	0.0	0.0	0.0	0	0	Low	0.0	1.0
2025-06-06	7.659999847412109	7.769999980926514	7.610000133514404	7.619999885559082	1506400	FSLY	1.0610069510715745	2.102494672864338	0.0	0.0	0.0	1.5915104266073616	0.5249338904693767	2.102494672864338	6.889945362946144	0.0	0.0	0.0	0.0	0.0	0.0	0.0	0.0	0.0	0.0	0.0	0.0	0.0	0	0	Medium	1.5915104266073616	2.0
2025-06-09	8.279999732971191	8.359999656677246	7.735000133514404	7.760000228881836	7191400	FSLY	1.305488034748606	8.080148834837482	0.0	0.0	0.0	8.093993445294203	6.7010243395867	8.080148834837482	377.3898035050452	0.0	0.0	0.0	0.0	0.0	0.0	0.0	0.0	0.0	0.0	0.0	0.0	0.0	0	0	Very High	8.093993445294203	4.0
2025-06-10	8.079999923706055	8.34000015258789	7.980000019073486	8.3100004196167	2624700	FSLY	0.3623271450848511	4.511279857818871	0.0	0.0	0.0	-2.4154567115350485	-2.7677555270358623	4.511279857818871	-63.50223878521567	0.0	0.0	0.0	0.0	0.0	0.0	0.0	0.0	0.0	0.0	0.0	0.0	0.0	0	0	Negative	-2.4154567115350485	0.0
2025-06-11	8.029999732971191	8.170000076293945	7.989999771118164	8.130000114440918	1936000	FSLY	0.6188142476111521	2.252819904030998	2.415529139395265	0.0	0.6599490039406046	-0.6188142476111521	-1.2300169749333807	2.252819904030998	-26.239189240675127	0.0	0.0	0.0	0.0	0.0	0.0	0.0	0.0	0.0	0.0	0.0	0.0	0.0	0	0	Negative	-0.6188142476111521	0.0
2025-06-12	7.800000190734863	8.029999732971191	7.795000076293945	7.909999847412109	1177800	FSLY	-1.4943946394713106	3.0147486129207883	2.476520244335478	0.0	0.4079300097670456	-2.8642534232217924	-1.3906404399392542	3.0147486129207883	-39.163223140495866	0.0	0.0	0.0	0.0	0.0	0.0	0.0	0.0	0.0	0.0	0.0	0.0	0.0	0	0	Negative	-2.8642534232217924	0.0
2025-06-13	7.019999980926514	7.434000015258789	7.010000228881836	7.300000190734863	4785700	FSLY	-6.410256253505212	6.048498894907815	2.349203202790564	0.0	1.350702205965364	-10.0000024453187	-3.835619212225843	6.048498894907815	306.3253523518424	0.0	0.0	0.0	0.0	0.0	0.0	0.0	0.0	0.0	0.0	0.0	0.0	0.0	0	0	Negative	-10.0000024453187	0.0
2025-06-16	7.239999771118164	7.256999969482422	7.03000020980835	7.139999866485596	2501000	FSLY	1.7094000838336785	3.229014977230857	1.491428917386303	0.0	0.9600620335964132	3.133900153695077	1.400558914601068	3.229014977230857	-47.74014250788808	0.0	0.0	0.0	0.0	0.0	0.0	0.0	0.0	0.0	0.0	0.0	0.0	0.0	0	0	High	3.133900153695077	3.0
2025-06-17	6.630000114440918	7.050000190734863	6.570000171661377	7.0	5576400	FSLY	-3.3149140705165783	7.305936172481213	2.182778289515898	0.0	1.745144552447596	-8.425409888970703	-5.285712650844029	7.305936172481213	122.96681327469013	0.0	0.0	0.0	0.0	0.0	0.0	0.0	0.0	0.0	0.0	0.0	0.0	0.0	0	0	Negative	-8.425409888970703	0.0
2025-06-18	6.800000190734863	6.860000133514404	6.519999980926514	6.610000133514404	4155500	FSLY	-0.3016588322970216	5.214726281940503	1.83938920198086	2.0592362675992866	1.14184673891539	2.564103670581622	2.8744334853657527	5.214726281940503	-25.480596800803383	0.0	0.0	0.0	0.0	0.0	0.0	0.0	0.0	0.0	0.0	0.0	0.0	0.0	0	0	High	2.564103670581622	3.0
2025-06-20	6.760000228881836	6.96999979019165	6.644999980926514	6.900000095367432	11853100	FSLY	1.470586791583039	4.890892553769759	1.503371260661498	2.0574833575175697	2.052719444992848	-0.5882347166332156	-2.0289835442116844	4.890892553769759	185.23884009144507	0.0	0.0	0.0	0.0	0.0	0.0	0.0	0.0	0.0	0.0	0.0	0.0	0.0	0	0	Negative	-0.5882347166332156	0.0
2025-06-23	6.760000228881836	6.784999847412109	6.539999961853027	6.769999980926514	2157100	FSLY	0.1479253210962062	3.746175642020407	1.581818631273796	1.8887559542227776	0.4109842206141805	0.0	-0.1477068253005993	3.746175642020407	-81.80138529161147	0.0	0.0	0.0	0.0	0.0	0.0	0.0	0.0	0.0	0.0	0.0	0.0	0.0	0	0	Low	0.0	1.0
2025-06-24	6.96999979019165	7.054999828338623	6.800000190734863	6.849999904632568	2553100	FSLY	1.3313561050813627	3.749994565459011	1.4584443443629012	1.5213124941641774	0.4854688308132283	3.1065022810590976	1.751823171237238	3.749994565459011	18.357980622131564	0.0	0.0	0.0	0.0	0.0	-7.559684012535378	0.0	0.0	0.0	0.0	0.0	0.0	0.0	0	0	High	3.1065022810590976	3.0
2025-06-25	6.849999904632568	7.098999977111816	6.849999904632568	6.960000038146973	1963400	FSLY	-0.1434684698089894	3.6350376050494897	0.7455582677719241	1.539091937833633	0.4328063415365352	-1.7216626853841333	-1.580461679763017	3.6350376050494897	-23.097410990560498	37.94589657612566	0.0	0.0	0.0	0.3697142260415213	-10.574411996276934	0.0	0.0	0.0	0.0	0.0	0.0	0.0	0	0	Negative	-1.7216626853841333	0.0
2025-06-26	6.889999866485596	6.985000133514404	6.730000019073486	6.860000133514404	1684400	FSLY	0.1459887448330168	3.7890061473732897	0.522302323875988	1.3794696312567472	0.4167017134149057	0.5839410570790793	0.4373138831970026	3.7890061473732897	-14.210043801568707	39.20991700147189	0.0	0.0	0.0	0.3615203609271925	-16.78743854242624	0.0	0.0	0.0	0.0	0.0	0.0	0.0	0	0	Medium	0.5839410570790793	2.0
2025-06-27	6.920000076293945	6.985000133514404	6.820000171661377	6.889999866485596	5228800	FSLY	0.0	2.4193542184740555	0.5889624497224283	1.459426218905056	1.924220567020932	0.4354166965122441	0.4354166965122441	2.4193542184740555	210.4250771788174	40.19387965545479	0.0	0.0	0.0	0.3474831895647521	-14.356433890658408	0.0	0.0	0.0	0.0	0.0	0.0	0.0	0	0	Low	0.4354166965122441	1.0
2025-06-30	7.059999942779541	7.09499979019165	6.920000076293945	7.0	2401700	FSLY	1.1560682489023788	2.528897571796377	0.6883813101635329	1.4427673464847035	0.8682056769379817	2.023119435579163	0.8571420397077287	2.528897571796377	-54.06785495716034	44.69286955238284	0.0	0.0	0.0	0.3351629413028202	-12.079698909687751	0.0	0.0	0.0	0.0	0.0	0.0	0.0	0	0	High	2.023119435579163	3.0
2025-07-01	6.980000019073486	7.079999923706055	6.840000152587891	6.980000019073486	1844100	FSLY	-1.1331434044538888	3.508768505324681	0.6497078386766313	1.4276936299317562	0.702653478022313	-1.1331434044538888	0.0	3.508768505324681	-23.216888037640004	42.7154404955945	0.0	0.0	0.0	0.3283655720039162	-10.512822456535377	0.0	0.0	0.0	0.0	0.0	0.0	0.0	0	0	Negative	-1.1331434044538888	0.0
2025-07-02	6.920000076293945	7.019999980926514	6.855000019073486	6.929999828338623	2277700	FSLY	-0.7163351088572092	2.4070016250026	0.6648368751981105	0.9618328094274052	0.8475667388570111	-0.8595980317419155	-0.1442965698756019	2.4070016250026	23.51282468412776	41.24162084210418	0.0	0.0	0.0	0.3166965998502812	-1.4245000698613988	0.0	0.0	0.0	0.0	0.0	0.0	0.0	0	0	Negative	-0.8595980317419155	0.0
2025-07-03	7.03000020980835	7.184999942779541	6.96999979019165	6.980000019073486	1303900	FSLY	0.867051186676784	3.084650775606105	0.4887963328658326	0.7805766612374011	0.4993413091098482	1.589597287595922	0.7163351088572092	3.084650775606105	-42.75365500285376	44.989067991381766	0.0	0.0	0.0	0.313003976038518	-2.9005465186276047	8.185246191700447	6.236753787318719	0.4071077827687678	0.0	0.0	0.0	0.0	0	0	Medium	1.589597287595922	2.0
2025-07-07	7.050000190734863	7.127999782562256	6.900000095367432	6.940000057220459	1976100	FSLY	-1.2802297283337376	3.304343247008072	0.4813228760577238	0.5717566137436777	1.0078543377365228	0.2844947415308669	1.5850163199920848	3.304343247008072	51.5530332080681	45.6675619042915	0.0	0.0	0.0	0.3069322411211113	6.33484267035133	8.15101576308878	6.221984238818568	0.4292392018992789	0.0	0.0	0.0	0.0	0	0	Low	0.2844947415308669	1.0
2025-07-08	7.309999942779541	7.375	7.080999851226807	7.119999885559082	2353900	FSLY	0.9929034458213578	4.151958126679763	0.6349965740467789	0.6253481160891069	1.2064229117336531	3.6879396455388807	2.6685401723927087	4.151958126679763	19.118465664693083	53.66787852240402	0.0	0.0	0.0	0.3082227817028274	7.499996143228977	8.110953126785724	6.227046884658368	0.5748444555809076	0.0	0.0	0.0	0.0	0	0	High	3.6879396455388807	3.0
2025-07-09	7.099999904632568	7.329999923706055	7.085000038146973	7.309999942779541	1747300	FSLY	0.0	3.4580082461532333	0.631044942365075	0.606346414357327	0.904502583109878	-2.872777562117499	-2.872777562117499	3.4580082461532333	-25.76999872551935	47.574559956713095	0.0	0.0	0.0	0.3037068605497027	5.029580831936915	7.902110997901067	6.317889030709162	0.4936876839990598	0.0	0.0	0.0	0.0	0	0	Negative	-2.872777562117499	0.0
2025-07-10	6.929999828338623	7.150000095367432	6.929999828338623	7.130000114440918	1755900	FSLY	0.4225381719903298	3.174607106470171	0.4249053275524128	0.5893048952254655	0.96086285582953	-2.3943673039069284	-2.8050530559911144	3.174607106470171	0.4921879471184112	43.2896836076614	0.0	0.0	0.0	0.2977278181553532	2.5147868890665195	7.710158626664142	6.394841392409345	0.4068664364703444	0.0	0.0	0.0	0.0	0	0	Negative	-2.3943673039069284	0.0
2025-07-11	6.710000038146973	6.880000114440918	6.659999847412109	6.860000133514404	2015900	FSLY	-1.0100966314309456	3.303307388427262	0.3896599997576423	0.5526533692555942	1.0233930003756688	-3.174600225702927	-2.186590268921555	3.303307388427262	14.80722136795945	38.46185766701747	0.0	0.0	0.0	0.2957472583532932	-3.730269151665623	7.483944462854774	6.48905558673629	0.2220795273867044	0.0	0.0	0.0	0.0	0	0	Negative	-3.174600225702927	0.0
2025-07-14	6.800000190734863	6.829999923706055	6.679999828338623	6.710000038146973	1869800	FSLY	0.0	2.2455104673967936	0.6842751743563589	0.5797064191329434	0.9595804080962352	1.341283935562316	1.341283935562316	2.2455104673967936	-7.247383302743191	41.343809439590686	-0.1317774407401311	0.0	0.0	0.285336746711446	-0.7299228407856021	7.271240077045546	6.601759972545519	0.2961106937410658	0.0	0.0	0.0	0.0	0	0	Medium	1.341283935562316	2.0
2025-07-15	6.829999923706055	6.909999847412109	6.699999809265137	6.860000133514404	2270400	FSLY	0.8823520749498234	3.134329016794489	0.4742394305705845	0.5418767521622443	1.1752404418539646	0.441172531319435	-0.4373208341758499	3.134329016794489	21.424751310300564	42.31359261710653	-0.1331001132628166	0.0	0.0	0.279955553242555	-0.8708264723108823	7.262505473655554	6.591494570213464	0.3554418449374338	0.0	0.0	0.0	0.0	0	0	Low	0.441172531319435	1.0
2025-07-16	6.820000171661377	6.885000228881836	6.610000133514404	6.869999885559082	1732900	FSLY	0.5856509853564215	4.160364444973462	0.679873953968829	0.6197515197242683	0.8983504235399019	-0.1464092555838818	-0.7277978854527462	4.160364444973462	-23.674242424242426	42.06394506083197	-0.1334172857640654	0.0	0.0	0.2796015919657604	-1.4450853111279736	7.211771094373424	6.600228989549916	0.3593721190708316	0.0	0.0	0.0	0.0	0	0	Negative	-0.1464092555838818	0.0
2025-07-17	6.849999904632568	6.960000038146973	6.800000190734863	6.829999923706055	1733000	FSLY	0.1466239265833003	2.3529388665328623	0.7804981313349124	0.6280292606798152	0.9005404281854085	0.4398787714969128	0.2928254926782107	2.3529388665328623	0.0057706734375901	43.14764419221928	-0.129752216737268	0.0	0.0	0.2710586102119282	-2.9745048137251837	7.197007082264677	6.636992980677827	0.3803599290645844	0.0	0.0	0.0	0.0	0	0	Low	0.4398787714969128	1.0
2025-07-18	7.119999885559082	7.139999866485596	6.783999919891357	6.860000133514404	2351200	FSLY	0.1459887448330168	5.247640784169399	1.2735512084972405	0.888281275432835	1.180641338515461	3.941605615847033	3.790083775282361	5.247640784169399	35.672244662435084	51.87294010986816	-0.1038636061524789	0.0	0.0	0.2771258485249503	2.0057287407311364	7.220895737008421	6.645104295416505	0.8247701439076832	0.0	0.0	0.0	0.0	0	0	High	3.941605615847033	3.0
2025-07-21	7.150000095367432	7.349999904632568	7.102000236511231	7.210000038146973	1952500	FSLY	1.264047107225811	3.4919693024843337	1.0934370917056064	0.8867656070639167	0.9723605577689244	0.4213512681256723	-0.8321767331774035	3.4919693024843337	-16.957298400816605	52.740826864203925	-0.0800036967221071	0.0	0.0	0.2750454070675494	3.32369966094949	7.24369576617032	6.661304252903167	0.839119100006685	0.0	0.0	0.0	0.0	0	0	Low	0.4213512681256723	1.0
2025-07-22	7.179999828338623	7.324999809265137	7.060999870300293	7.119999885559082	1999600	FSLY	-0.4195833483664859	3.738846393062124	1.0509663875724318	0.8608154629812799	1.0234205462064447	0.4195766793154112	0.8426958391001386	3.738846393062124	2.4122919334186936	53.64112102837147	-0.0580051713561973	0.0	0.0	0.2742564450602133	2.1337071700366663	7.266708059737029	6.680291919282135	0.8521387366126301	0.0	0.0	0.0	0.0	0	0	Low	0.4195766793154112	1.0
2025-07-23	7.300000190734863	7.385000228881836	7.09499979019165	7.230000019073486	2325500	FSLY	0.6963815032072612	4.087391786693091	1.045173116203577	0.8856792522218906	1.1221505915960548	1.6713142794601856	0.9681904768562832	4.087391786693091	16.298259651930387	57.15695604722293	-0.0305361533842747	0.0	0.0	0.2753810160337827	3.54609919484188	7.315883417834701	6.664116601238785	0.9756305066545212	0.0	0.0	0.0	0.0	0	0	Medium	1.6713142794601856	2.0
2025-07-24	7.21999979019165	7.315000057220459	7.159999847412109	7.260000228881836	1900600	FSLY	-0.5479446686014496	2.164807445692509	1.1108809537795543	0.9787745272844368	0.9025205614754876	-1.0958958692185945	-0.5509702125222425	2.164807445692509	-18.27133949688239	54.20552008374708	-0.015048650989387	-0.0752106205481007	0.0601619695587137	0.2667823870176803	-1.2311922475018398	7.342402640216961	6.674597367412434	0.816708769741716	0.0	0.0	0.0	0.0	0	0	Negative	-1.0958958692185945	0.0
2025-07-25	7.159999847412109	7.21999979019165	7.070000171661377	7.179999828338623	2036100	FSLY	-0.554016108246529	2.121635288376875	0.9173738983471234	1.0588253854152154	0.9966909137190018	-0.8310241623697936	-0.2785512730456632	2.121635288376875	7.129327580763969	52.03529081054335	-0.0075293935400297	-0.0616743751464865	0.0541449816064567	0.2584407606971513	0.8450696279642564	7.357475716903015	6.68652428881903	0.7056778460777235	0.0	0.0	0.0	0.0	0	0	Negative	-0.8310241623697936	0.0
2025-07-28	7.269999980926514	7.425000190734863	7.139999866485596	7.150000095367432	2257600	FSLY	-0.1396613443824585	3.991601254602664	0.9920649281085704	1.0132664851374429	1.0730650037074358	1.5363147466289744	1.6783200553637942	3.991601254602664	10.878640538283976	55.54903660569962	0.007222507061499	-0.0478949987048894	0.0551175057663885	0.2603378723794453	4.9062072295808585	7.388124375036829	6.690875621148474	0.8305850050622975	0.0	0.0	0.0	0.0	0	0	Medium	1.5363147466289744	2.0
2025-07-29	6.989999771118164	7.360000133514404	6.889999866485596	7.320000171661377	2327100	FSLY	0.6877605346085721	6.82148441417232	1.9191435660434129	1.4588571728764856	1.0727027998783063	-3.851447187661002	-4.508202087491409	6.82148441417232	3.0784904323175053	46.25940674925455	-0.003638242902773	-0.0390436475444661	0.0354054046416931	0.2753137577115427	4.1728723007357225	7.385136010147759	6.686863968871405	0.4341227835682273	0.0	0.0	0.0	0.0	0	0	Negative	-3.851447187661002	0.0
2025-07-30	6.849999904632568	7.014999866485596	6.730000019073486	6.96999979019165	2127600	FSLY	-0.2861227694048171	4.234767408683382	1.9250658340994644	1.4609861958434132	0.9989670391586064	-2.00285938583372	-1.7216626853841333	4.234767408683382	-8.572901895062524	42.43793970879086	-0.0232739965499533	-0.0358897173455635	0.0126157207956102	0.2760056212615832	0.7352898896360429	7.387297367213684	6.671702600361389	0.2491595977643331	0.0	0.0	0.0	0.0	0	0	Negative	-2.00285938583372	0.0
2025-07-31	6.789999961853027	6.960000038146973	6.755000114440918	6.920000076293945	1590700	FSLY	1.0219003304516356	3.0347878642933472	1.7654675921458314	1.3992412623618775	0.7692642493060324	-0.8759115856186189	-1.8786143498215169	3.0347878642933472	-25.235006580184244	40.87931496379749	-0.0431792235146302	-0.0373476185793769	-0.0058316049352532	0.2709337857219026	-0.5856509853564215	7.393032373190777	6.652967582940204	0.1851626786168635	0.0	0.0	0.0	0.0	0	0	Negative	-0.8759115856186189	0.0
2025-08-01	6.360000133514404	6.610000133514404	6.289999961853027	6.610000133514404	2930000	FSLY	-2.650954776876024	5.087443141527544	1.4248018290695796	1.3828360329210976	1.3041930027597255	-6.332839922745357	-3.782148183816753	5.087443141527544	84.19563714088137	31.850906455491696	-0.0925843964910093	-0.0483949741617034	-0.0441894223293059	0.2872956581703381	-6.744868424760098	7.458902712361553	6.520097236140034	-0.1705327745530246	0.0	0.0	0.0	0.0	0	0	Negative	-6.332839922745357	0.0
2025-08-04	6.46999979019165	6.559999942779541	6.420000076293945	6.510000228881836	2128300	FSLY	2.358492016014231	2.180683252677047	1.8076576022796225	1.4820652185560654	0.9583742356151552	1.729554313962924	-0.6144460412262699	2.180683252677047	-27.361774744027308	35.75953160041085	-0.1214621588715711	-0.0630084111036769	-0.0584537477678942	0.2810602403913951	-5.547447003377747	7.480325847103304	6.440674061343962	0.0282072605937661	0.0	0.0	0.0	0.0	0	0	Medium	1.729554313962924	2.0
2025-08-05	6.380000114440918	6.590000152587891	6.329999923706055	6.590000152587891	2738500	FSLY	1.8547197262379764	4.107428625838156	1.1317676332040842	1.4864348028088807	1.1890908459327318	-1.391030582213767	-3.186646939067304	4.107428625838156	28.670770098200443	34.03933040612202	-0.1498824635444746	-0.0803832215918365	-0.0694992419526381	0.279555953854998	-10.393255379386249	7.465847701316594	6.362152224296809	0.0161710277116495	0.0	0.0	0.0	0.0	0	0	Negative	-1.391030582213767	0.0
2025-08-06	6.519999980926514	6.570000171661377	6.309999942779541	6.380000114440918	4252100	FSLY	0.0	4.120447404747621	1.1200907923121943	1.4872229716644638	1.5587333939411714	2.194355234707765	2.194355234707765	4.120447404747621	55.27113383238999	38.95841808334763	-0.1592729412347129	-0.0961611655204117	-0.0631117757143011	0.278159116356915	-8.811190294236534	7.455350673516694	6.314649259726103	0.1800214488364864	0.0	0.0	0.0	0.0	0	0	High	2.194355234707765	3.0
2025-08-07	7.460000038146973	7.778999805450439	7.199999809265137	7.53000020980835	10471300	FSLY	15.490801101786378	8.041666826716169	2.1418767758482256	1.8835309238778677	2.3248683404232646	14.417178833900577	-0.9296171276356254	8.041666826716169	146.26184708732154	60.34311334085969	-0.089829317296548	-0.094894795875639	0.0050654785790909	0.3482191669402729	3.899724463825492	7.534565740552535	6.288434213671098	0.940162253504516	0.0	0.0	0.0	0.0	0	0	Very High	14.417178833900577	4.0
2025-08-08	6.989999771118164	7.570000171661377	6.96999979019165	7.409999847412109	3628600	FSLY	-0.6702438402035596	8.60832710947942	2.781325074933045	2.123292436042226	0.7813926645649215	-6.30027164377273	-5.668017340656592	8.60832710947942	-65.34718707323827	50.76654705408879	-0.0718911224949101	-0.0902940611994932	0.0184029387045831	0.3662035394066624	-4.246580979684778	7.542378351709384	6.308621575811368	0.5522791919913395	0.0	0.0	0.0	0.0	0	0	Negative	-6.30027164377273	0.0
2025-08-11	6.739999771118164	6.96999979019165	6.715000152587891	6.929999828338623	3345400	FSLY	-0.8583683082144515	3.797462871322282	2.3762648890232083	2.13462650703408	0.6845256364611084	-3.5765380284126733	-2.7417036353088773	3.797462871322282	-7.8046629554098	46.535989159462936	-0.0769607291603504	-0.0876273947916647	0.0106666656313142	0.3596889736297775	-6.648199903351314	7.542366840349651	6.302633045209431	0.3527908391488713	0.0	0.0	0.0	0.0	0	0	Negative	-3.5765380284126733	0.0
2025-08-12	6.849999904632568	6.920000076293945	6.695000171661377	6.75	2444100	FSLY	0.1483713534336946	3.3607154423228973	2.523061690298302	2.087138063928983	0.5062030114118841	1.632049514093015	1.4814800686306424	3.3607154423228973	-26.941471871824	48.56694385232797	-0.071280658442264	-0.0843580475217846	0.0130773890795205	0.3500683258442625	-4.329608231648029	7.542831009277974	6.30416887437376	0.4406617550321887	0.0	0.0	0.0	0.0	0	0	Medium	1.632049514093015	2.0
2025-08-13	7.239999771118164	7.25	6.864999771118164	6.960000038146973	2608600	FSLY	1.605841387530715	5.608160840755971	2.3913474776496746	2.1013775581189416	0.5797404213707885	5.693428787084271	4.02298464707679	5.608160840755971	6.730493842314145	55.08195907618747	-0.0349070449299002	-0.0744678470034077	0.0395608020735074	0.3536348808102031	-0.4126576325592546	7.576717417902317	6.312282425695096	0.7337011006027505	0.0	0.0	0.0	0.0	0	0	Very High	5.693428787084271	4.0
2025-08-14	6.909999847412109	7.179999828338623	6.900000095367432	7.090000152587891	1926200	FSLY	-2.0718180009984604	4.057967088423369	2.143200015578841	2.02985655248815	0.6902507722408961	-4.558010140034696	-2.538791273651526	4.057967088423369	-26.159625852947944	49.38195168559887	-0.0323361787422937	-0.0660415133511849	0.0337053346088911	0.3526609375916695	-1.1444910776192685	7.578463438347355	6.316536399528011	0.4702834867848948	0.0	0.0	0.0	0.0	0	0	Negative	-4.558010140034696	0.0
2025-08-15	6.949999809265137	7.070000171661377	6.909999847412109	6.929999828338623	2052000	FSLY	0.2894353309429369	2.31548954822611	1.1967490038825286	2.184352976257803	0.8290038218207381	0.5788706618858738	0.2886000205184479	2.31548954822611	6.530993666285951	50.0565955957116	-0.0267625837324763	-0.0581857274274432	0.0314231436949669	0.3388994652100693	1.4598526426976983	7.564999886975935	6.312999943270038	0.5087858583360564	0.0	0.0	0.0	0.0	0	0	Medium	0.5788706618858738	2.0
2025-08-18	7.079999923706055	7.190000057220459	6.839000225067139	6.880000114440918	3090700	FSLY	-1.0071898812270643	5.132326664748348	1.329746687566294	2.0106535279430187	1.27487295406547	1.8705052950881107	2.9069739235228065	5.132326664748348	50.61890838206627	52.28254516281815	-0.0117204408066209	-0.0488926701032787	0.0371722292966578	0.3397637771345873	4.270986207397338	7.557511923940718	6.313487889139116	0.6161553258809689	0.0	0.0	0.0	0.0	0	0	Medium	1.8705052950881107	2.0
2025-08-19	7.409999847412109	7.539999961853027	7.099999904632568	7.099999904632568	4292300	FSLY	0.2824856093507498	6.1971839877542845	1.5284129177374592	2.02593375340525	1.536278257383785	4.661015921781464	4.366196435823527	6.1971839877542845	38.87792409486524	57.46503060109903	0.0265230604230266	-0.0338095239980176	0.0603325844210443	0.3483520814926147	16.50942911722074	7.594644830371015	6.299354984616167	0.8574489072356608	0.0	0.0	0.0	0.0	0	0	High	4.661015921781464	3.0
2025-08-20	7.199999809265137	7.340000152587891	6.974999904632568	7.320000171661377	2394600	FSLY	-1.214570547962483	5.232978536858488	1.4787661487638593	1.9950135125208368	0.8703964872999026	-2.834008670328296	-1.6393491746190008	5.232978536858488	-44.21172797800713	53.48417573825471	0.039431520617744	-0.0191613150748653	0.0585928356926093	0.3545412144416809	11.282844555577068	7.5801408567269215	6.303858920113288	0.7021496296731934	0.0	0.0	0.0	0.0	0	0	Negative	-2.834008670328296	0.0
2025-08-21	7.230000019073486	7.300000190734863	7.010000228881836	7.150000095367432	2128000	FSLY	-0.69444048919785	4.136946539005822	1.4721066669989344	1.7520194258542297	0.762308706367857	0.416669591709497	1.1188800369091962	4.136946539005822	-11.133383446087027	53.97469825506179	0.0514888036539558	-0.0050312913291011	0.0565200949830569	0.3499311249710629	13.32288227877335	7.581526441848221	6.303473357880173	0.724951625887612	0.0	0.0	0.0	0.0	0	0	Low	0.416669591709497	1.0
2025-08-22	7.5	7.599999904632568	7.28000020980835	7.360000133514404	2265100	FSLY	1.798065201908219	4.395600076948939	0.808299608442803	1.14933382173042	0.7992195163259401	3.7344395603627367	1.902172064482636	4.395600076948939	6.44266917293233	58.24261238277416	0.0818870859510632	0.0123523841269317	0.0695347018241314	0.3513646078702071	15.030675183134356	7.637658404613608	6.281341410373575	0.8985057289717581	0.0	0.0	0.0	0.0	0	0	High	3.7344395603627367	3.0
2025-08-25	7.25	7.46999979019165	7.239999771118164	7.460000038146973	1495800	FSLY	-0.5333328247070312	3.176795943986121	1.143402139065173	1.2024289756238065	0.5947136563876652	-3.333333333333333	-2.815013901784585	3.176795943986121	-33.963180433534944	53.31299650402907	0.0848271978824026	0.0268473468780259	0.0579798510043767	0.3448385807996091	-2.815013901784585	7.634880680536911	6.28211913635762	0.7154851997434515	0.0	0.0	0.0	0.0	0	0	Negative	-3.333333333333333	0.0
2025-08-26	7.269999980926514	7.46999979019165	7.235000133514404	7.239999771118164	2096200	FSLY	-0.1379341914735991	3.248094710996155	0.8560468289292565	1.2133211272941369	1.0097594342803742	0.2758618058829472	0.4143675518889733	3.248094710996155	40.13905602353256	53.650973472956224	0.0877594527414658	0.0390297680507139	0.0487296846907518	0.3369929433622975	4.005725593372359	7.662365817818703	6.282634020056664	0.7156216610151214	0.0	0.0	0.0	0.0	0	0	Low	0.2758618058829472	1.0
2025-08-27	7.489999771118164	7.550000190734863	7.199999809265137	7.300000190734863	2326600	FSLY	0.4126576325592546	4.861116538077368	0.7336922728574707	1.148526979061336	1.1281360008533996	3.026131922542493	2.6027339098490385	4.861116538077368	10.991317622364278	57.31177801033593	0.106606536503981	0.0525451217413673	0.0540614147626136	0.3379220460842567	11.127596817048188	7.72725777548333	6.281742049040596	0.8358661894678702	0.0	0.0	0.0	0.0	0	0	High	3.026131922542493	3.0
2025-08-28	7.71999979019165	7.78000020980835	7.53000020980835	7.550000190734863	2802500	FSLY	0.8010737176263211	3.3200530283433136	0.7752481936112039	1.1871095045173248	1.2754637636307369	3.0707613631762527	2.251650267047749	3.3200530283433136	20.4547408235193	60.79784813893372	0.1385054607852724	0.0697371895501483	0.0687682712351241	0.3344990741275374	12.700728433159716	7.830047977522615	6.2719518298351735	0.929370092151052	0.0	0.0	0.0	0.0	0	0	High	3.0707613631762527	3.0
2025-08-29	7.610000133514404	7.71999979019165	7.525000095367432	7.699999809265137	2568200	FSLY	-0.2590671174877994	2.5913580379123875	0.8456144737105857	1.1407056622459657	1.1374487346425377	-1.4248660578592496	-1.1688269867544543	2.5913580379123875	-8.360392506690454	58.343866001034925	0.1531441842817145	0.0864185884964616	0.0667255957852529	0.3245348327487289	5.110502404602928	7.86068864574971	6.366311161608079	0.8322455237076186	0.0	0.0	0.0	0.0	0	0	Negative	-1.4248660578592496	0.0
2025-09-02	7.449999809265137	7.510000228881836	7.260000228881836	7.449999809265137	2508400	FSLY	-2.10250093879272	3.443526062236837	0.8332223398665721	1.1169143532389725	1.019517310334176	-2.10250093879272	0.0	3.443526062236837	-2.3284790904135195	54.87436578132692	0.1501044781432972	0.0991557664258287	0.0509487117174684	0.3263537664547175	7.814760836141911	7.861438366862127	6.46356144240301	0.7056689681345238	0.0	0.0	0.0	0.0	0	0	Negative	-2.10250093879272	0.0
2025-09-03	7.360000133514404	7.539999961853027	7.28000020980835	7.449999809265137	1971400	FSLY	0.0	3.571425062521013	0.8219506371080331	0.8307350662763069	0.8094702351134506	-1.2080493698644796	-1.2080493698644796	3.571425062521013	-21.408068888534523	52.96637304701478	0.1388328883380012	0.1070911908082632	0.031741697529738	0.3216141939968575	5.899285402895849	7.815032056645042	6.607967754527443	0.6230259462297429	0.0	0.0	0.0	0.0	0	0	Negative	-1.2080493698644796	0.0
2025-09-04	7.300000190734863	7.360000133514404	7.054999828338623	7.309999942779541	2428000	FSLY	-0.6793504052694651	4.32317948401149	0.6187448103752062	0.6947885610366579	0.988720120535896	-0.8152165990639868	-0.1367955146778762	4.32317948401149	23.161205234858475	51.67636118860307	0.123633409284908	0.1103996345035921	0.0132337747813158	0.3204274876524949	3.107348437846431	7.764405632158946	6.736594199994374	0.5481608523792689	0.0	0.0	0.0	0.0	0	0	Negative	-0.8152165990639868	0.0
2025-09-05	7.429999828338623	7.614999771118164	7.302999973297119	7.400000095367432	2162600	FSLY	1.3698616715036245	4.272214144349571	0.7087635089914974	0.7053301114335174	0.9290636330830168	1.7808169069468642	0.4054017916833801	4.272214144349571	-10.930807248764417	54.27487119706853	0.1206863992454927	0.1124569874519723	0.0082294117935204	0.3200397799904096	0.2699052812193852	7.760620925841546	6.73737888533094	0.6768886691383983	0.0	0.0	0.0	0.0	0	0	Medium	1.7808169069468642	2.0
2025-09-08	7.519999980926514	7.539999961853027	7.300000190734863	7.46999979019165	1615100	FSLY	0.5383575070952793	3.2876680116086985	0.4838457729637352	0.673785693578427	0.7557437649150718	1.211307599828236	0.669346614982709	3.2876680116086985	-25.316748358457414	56.037391018171945	0.124181644016545	0.1148019187648868	0.0093797252516582	0.3143226364995349	4.444446946367871	7.785616628583807	6.765383203569512	0.7396511022430264	0.0	0.0	0.0	0.0	0	0	Medium	1.211307599828236	2.0
2025-09-09	7.650000095367432	7.670000076293945	7.400000095367432	7.440000057220459	1826200	FSLY	-1.0638287753851583	3.648648343876912	0.4561286811964834	0.6564110412692831	0.9127987764037868	1.728724930460719	2.8225811361811664	3.648648343876912	13.070398117763608	58.52428961714155	0.1358752877211584	0.1190165925561411	0.0168586951650172	0.3111567325300334	5.809129670621601	7.792843179867611	6.849156684710636	0.8486329037945821	0.0	0.0	0.0	0.0	0	0	Medium	1.728724930460719	2.0
2025-09-10	7.360000133514404	7.795000076293945	7.284999847412109	7.659999847412109	2466800	FSLY	0.130715711372778	7.000689630254503	1.4603885667205831	1.2240541873945268	1.1748121195957597	-3.790849127291397	-3.916445429160921	7.000689630254503	35.07830467637717	51.52248041596607	0.1203546379661713	0.1192842016381472	0.001070436328024	0.325359839412305	-1.8666648864746096	7.76598897324346	6.927010914222971	0.5160912310352312	0.0	0.0	0.0	0.0	0	0	Negative	-3.790849127291397	0.0
2025-09-11	7.889999866485596	7.900000095367432	7.429999828338623	7.449999809265137	2544400	FSLY	1.2228216592131709	6.325710334961104	1.6586827109955784	1.408071292650217	1.1984814085595048	7.201083197781359	5.906041187722665	6.325710334961104	3.145775904005189	60.76189646011515	0.149102202891262	0.1252478018887702	0.0238544010024918	0.3406912767294995	8.827584365318561	7.857075277809252	6.900924619193922	1.034434519685448	0.0	0.0	0.0	0.0	0	0	Very High	7.201083197781359	4.0
2025-09-12	7.730000019073486	7.849999904632568	7.619999885559082	7.849999904632568	1708200	FSLY	-0.5069703742700357	3.0183729990517074	1.8610758858358745	1.4315420360532285	0.8405916915173167	-2.027881497080142	-1.528660981107347	3.0183729990517074	-32.864329507939004	57.21658290342696	0.1571625328493704	0.1316307480808902	0.0255317847684801	0.3356418984578577	6.327373306104859	7.8699777438934	6.970022170275912	0.8444615168532655	0.0	0.0	0.0	0.0	0	0	Negative	-2.027881497080142	0.0
2025-09-15	8.760000228881836	9.095000267028809	7.840000152587891	7.860000133514404	9577300	FSLY	1.681760855370602	16.007654209377247	5.207614195651477	3.9252018337867134	2.6423199377583058	13.324711607592011	11.45038269821274	16.007654209377247	460.6661983374312	69.53847498889333	0.2438518390650861	0.1540749662777294	0.0897768727873567	0.4091674948505338	16.95594788481651	8.206674605098394	6.814325351032587	1.397404330966295	0.0	0.0	0.0	0.0	0	0	Very High	13.324711607592011	4.0
2025-09-16	8.420000076293945	8.670000076293945	8.25	8.630000114440918	6003900	FSLY	-1.4840195324687993	5.0909100156841856	4.997411835200895	3.863864144755316	1.3461297005461736	-3.881280179273349	-2.4333723680440205	5.0909100156841856	-37.31114197111921	63.08013331896462	0.2818693535397312	0.1796338437301297	0.1022355098096014	0.4163698329956268	9.06736146536757	8.34891111707028	6.80608885431949	1.0460772189642356	0.6901	1.6869696750632102e-09	2.4445257651607664e-09	0.2070300011808788	0	0	Negative	-3.881280179273349	0.0
2025-09-17	8.630000114440918	8.824999809265137	8.302000045776367	8.329999923706055	4793100	FSLY	-1.0688854129738217	6.299683938870189	5.024285467275817	3.796152047421696	0.9731431889519184	2.494062188172853	3.601442898950133	6.299683938870189	-20.16689152051167	65.22820099766028	0.3251951089086304	0.2087460967658299	0.1164490121428005	0.4239862566022799	13.40341607136692	8.53076182834953	6.746238169743123	1.0556105185900908	0.0	0.0	0.0	0.0	0	0	High	2.494062188172853	3.0
2025-09-18	8.949999809265137	8.984999656677246	8.710000038146973	8.850000381469727	3846700	FSLY	2.549249873828779	3.157286077220027	5.373219641530152	3.868120139489223	0.7417698964873579	3.707991779614819	1.129936988531555	3.157286077220027	-19.74505017629509	68.25878455837523	0.3809609030564678	0.2431890580239575	0.1377718450325103	0.4190586341475691	20.134228703395888	8.760918372245232	6.691081625847419	1.0913508939045398	0.2023	-0.0001130839591496	-0.0005589886315424	0.0606108412285952	0	0	High	3.707991779614819	3.0
2025-09-19	8.630000114440918	8.949999809265137	8.510000228881836	8.930000305175781	14508500	FSLY	-0.2234581510119337	5.170382709156685	5.081374325636075	3.838738905128389	1.8730554228688725	-3.5754156608243903	-3.359464507083888	5.170382709156685	277.1674422232043	62.40171586476537	0.3947835763423697	0.2735079616876399	0.1212756146547298	0.4205544160215499	17.2554342104351	8.87567406676817	6.716325940861224	0.8862277233671776	0.0	0.0	0.0	0.0	0	0	Negative	-3.5754156608243903	0.0
2025-09-22	8.760000228881836	8.805000305175781	8.40999984741211	8.539999961853027	2345500	FSLY	-1.0428754506884634	4.696795064570897	1.1341923998360344	3.757158096882233	0.3723287732120123	1.5063744231403158	2.5761155504861675	4.696795064570897	-83.8336147775442	63.76210629264802	0.4114847274893769	0.3011033148479873	0.1103814126413895	0.4187291332888443	20.0	9.007109837000977	6.710890193516601	0.8923841589717582	0.0	0.0	0.0	0.0	0	0	Medium	1.5063744231403158	2.0
2025-09-23	8.5600004196167	9.079999923706056	8.489999771118164	8.789999961853027	3770500	FSLY	0.3424626962026997	6.9493541636478415	1.4732071012630443	3.6674904949495017	0.6442149649914742	-2.283102785839374	-2.616604587423021	6.9493541636478415	60.75463653805159	60.15594908771402	0.403925989586372	0.3216678497956643	0.0822581397907077	0.4309627775244906	15.208622037488642	9.075629595173748	6.773370477305499	0.7760333875734675	0.0	0.0	0.0	0.0	0	0	Negative	-2.283102785839374	0.0
2025-09-24	8.460000038146973	8.75	8.369999885559082	8.6899995803833	2518800	FSLY	1.5186817102098074	4.540025324212241	1.367556836068267	3.702975033552812	0.4666172656539459	-1.1682286982201386	-2.646715228335871	4.540025324212241	-33.19718870176369	58.37812454388349	0.3854235178974132	0.3344189834160141	0.0510045344813991	0.4273225873042354	12.50000079261496	9.11652652709888	6.851473551102416	0.7101496097842565	0.0	0.0	0.0	0.0	0	0	Negative	-1.1682286982201386	0.0
2025-09-25	8.34000015258789	8.484999656677246	8.15999984741211	8.319999694824219	2123700	FSLY	-1.6548503864240969	3.9828408742949706	1.1340300179252611	3.762545940799456	0.4202517117188427	-1.4184383571866517	0.2403901261692827	3.9828408742949706	-15.686040971891376	56.230558301955874	0.3569623481489605	0.3389276563626034	0.0180346917863571	0.4200138174442998	9.019608478675686	9.145397373721837	6.907602742626429	0.6400933267322653	0.0	0.0	0.0	0.0	0	0	Negative	-1.4184383571866517	0.0
2025-09-26	8.5	8.539999961853027	8.244999885559082	8.329999923706055	1944400	FSLY	-0.1199068189313267	3.5779269907648006	1.3082779960839064	3.718981468910131	0.7653370490203024	1.9184633631266976	2.0408172611160302	3.5779269907648006	-8.442812073268351	58.42657508070783	0.34335928448548	0.3398139819871787	0.0035453024983013	0.4110842645049887	15.489128339746989	9.193285134886835	6.937715002442268	0.6926341926085628	0.0	0.0	0.0	0.0	0	0	Medium	1.9184633631266976	2.0
2025-09-29	8.670000076293945	8.994999885559082	8.35099983215332	8.569999694824219	4782900	FSLY	0.8235258214613971	7.711652093755402	1.8574668441054687	1.471847725375211	1.579526165267531	2.0000008975758274	1.1668656362977583	7.711652093755402	145.98333676198314	60.68367996116543	0.3423499468525204	0.340321174960247	0.0020287718922733	0.4277211065693297	9.88593438539285	9.255272325522908	6.981727806084146	0.7425727782214528	0.0	0.0	0.0	0.0	0	0	High	2.0000008975758274	3.0
2025-09-30	8.550000190734863	8.734999656677246	8.279999732971191	8.65999984741211	2494900	FSLY	-0.1153428926624716	5.495168337919532	1.6468002736711853	1.4765746865781837	0.8997309714598946	-1.3840817128386562	-1.2702039101088156	5.495168337919532	-47.83708628656255	58.27843020326419	0.328085090920533	0.3378739581523042	-0.0097888672317711	0.4296695935076672	10.608022893118465	9.281656714167273	7.065343455586757	0.6698767556437332	0.0	0.0	0.0	0.0	0	0	Negative	-1.3840817128386562	0.0
2025-10-01	8.640000343322754	8.96500015258789	8.350000381469727	8.350000381469727	5008900	FSLY	-2.339179003549788	7.365266383495839	1.88988640309764	1.6012930044497171	1.5313241372563406	1.052633340118735	3.473053276699168	7.365266383495839	100.76556174596176	59.57265751753033	0.3203495596597978	0.334369078453803	-0.0140195187940052	0.4429074633369884	-1.3698616715036245	9.297120392323588	7.177879798411278	0.6899266412277758	0.7096	1.966584932233673e-05	2.7713953788589257e-05	0.2128937660945256	0	0	Medium	1.052633340118735	2.0
2025-10-02	9.050000190734863	9.18000030517578	8.609999656677246	8.739999771118164	3823000	FSLY	1.1574007386781258	6.620216855136402	1.671901294201446	1.4634246846238517	1.0587622756049873	4.745368415742822	3.546915649141245	6.620216855136402	-23.67585697458524	64.91248967855003	0.3433447915464001	0.3361642210723224	0.0071805704740776	0.4519855479913844	7.482186564518559	9.348924038089084	7.301076152645781	0.8540302483016154	0.5029	-0.2259136953280531	-0.4492210103540322	-0.0072695867296372	0	0	High	4.745368415742822	3.0
2025-10-03	8.829999923706055	9.170000076293944	8.59000015258789	9.079999923706056	3271300	FSLY	0.3314887551262824	6.752036244508303	0.8495916935104986	1.4956336826733003	0.843945100871988	-2.43094212588016	-2.753303987892136	6.752036244508303	-14.431075071933035	60.30928004609626	0.3398983588564377	0.3369110486291455	0.0029873102272921	0.4611294319710036	2.317494862259262	9.353968351714784	7.436031848556824	0.7268061653000536	0.0	0.0	0.0	0.0	0	0	Negative	-2.43094212588016	0.0
2025-10-06	8.65999984741211	9.0600004196167	8.550000190734863	8.920000076293945	3632100	FSLY	1.0192542850002255	5.964914824615951	0.7253230758199202	1.4475996303037086	0.9961766738708298	-1.9252556938029315	-2.914800747287213	5.964914824615951	11.02925442484639	56.948607576402	0.3197634170860812	0.3334815223205327	-0.0137181052344514	0.4646202031789203	-3.240223106516899	9.328096002632488	7.575904184287678	0.6187083239256944	0.0	0.0	0.0	0.0	0	0	Negative	-1.9252556938029315	0.0
2025-10-07	8.229999542236328	8.755000114440918	7.980000019073486	8.729999542236328	4220900	FSLY	0.808310578032365	9.71178062048943	1.446054586917394	1.872246401719456	1.057541014822461	-4.965361579126117	-5.727377161716517	9.71178062048943	16.21100740618375	49.443520113697375	0.26604213161567	0.3199936441795602	-0.0539515125638901	0.4867901954780996	-4.6350007752057065	9.284365548037828	7.677634583569229	0.343781859491197	0.3981	-0.9999468922615052	-2.5117919629980965	-0.5805328245830536	0	0	Negative	-4.965361579126117	0.0
2025-10-08	8.579999923706055	8.600000381469727	8.21500015258789	8.300000190734863	2243800	FSLY	0.8505547070724863	4.686551694835369	1.848183422104888	1.858576935896052	0.6526051270715661	4.25273877201968	3.373490681165886	4.686551694835369	-46.8407211732095	54.67900079651941	0.2488412445795624	0.3057631642595607	-0.0569219196799982	0.4795194835783665	-2.054797950601849	9.159368768400656	7.924631342225565	0.5307756674313003	0.836	0.0003677403728943	0.0004398803026483	0.251057418261026	0	0	High	4.25273877201968	3.0
2025-10-09	8.550000190734863	8.670000076293945	8.395000457763672	8.489999771118164	1876400	FSLY	-1.0489528366920529	3.27575465795186	2.4217855933750965	1.9622995664251848	0.6154350749450621	-0.3496472405355604	0.7067187424528864	3.27575465795186	-16.374008378643374	54.16127220945973	0.2301358273817246	0.2906376968839935	-0.0605018695022688	0.464910921789217	-0.1168250980329242	9.115166781723834	8.034833361327314	0.4768591063474321	0.0	0.0	0.0	0.0	0	0	Negative	-0.3496472405355604	0.0
2025-10-10	8.229999542236328	9.109999656677246	8.229999542236328	8.600000381469727	4548800	FSLY	0.5847975394087778	10.692590077614955	3.209091362033855	2.213476151776647	1.3765887907033048	-3.742697559764984	-4.302335149084794	10.692590077614955	142.4216584949904	48.84817158213045	0.1873308382167913	0.2699763251505531	-0.0826454869337617	0.4945601498357671	-2.718681972500587	9.01265018386199	8.187349911505443	0.0516777131420353	-0.1027	-0.9999983310699464	-9.73698728415445	-0.7308088317489624	0	0	Negative	-3.742697559764984	0.0
2025-10-13	8.220000267028809	8.44950008392334	8.119999885559082	8.359999656677246	2474770	FSLY	1.5795883556707124	4.057884273499234	3.4474806060787824	2.3487589015527472	0.8053443386678659	-0.1214978829124265	-1.6746339162420667	4.057884273499234	-45.59510200492438	48.6874483914865	0.1508616784474625	0.246153395809935	-0.0952917173624724	0.4827701533020879	-1.4388475223450234	9.01017746250578	8.135822636676348	0.0962739929668801	0.0	0.0	0.0	0.0	0	0	Negative	-0.1214978829124265	0.0
2025-10-14	8.069999694824219	8.270000457763672	7.901000022888184	8.010000228881836	2618600	FSLY	-2.554744906630994	4.670300389906864	2.972260184036211	2.4004109766954467	0.9513623016965828	-1.8248244200946828	0.7490569816220655	4.670300389906864	5.811853222723728	46.23011391376557	0.1086038959059134	0.2186434958291307	-0.1100395999232172	0.474643744843045	-5.058827119715073	9.041112181009968	8.069887880025188	0.0001151276784539	0.0	0.0	0.0	0.0	0	0	Negative	-1.8248244200946828	0.0
2025-10-15	8.380000114440918	8.526000022888184	8.149999618530273	8.229999542236328	2237200	FSLY	1.982649980950148	4.613502109902135	2.977289840232288	2.4323927830409864	0.8131860302985584	3.841393201235451	1.8226072970573988	4.613502109902135	-14.565034751393874	51.66019374126774	0.098987673588871	0.1947123313810788	-0.0957246577922077	0.4733120722159679	-3.344866889286003	9.033147102643396	8.052852958391762	0.3337234624602428	0.0	0.0	0.0	0.0	0	0	High	3.841393201235451	3.0
2025-10-16	8.005000114440918	8.579500198364258	7.940000057220459	8.40999984741211	1684016	FSLY	0.3579920353401197	8.054157890871192	2.86487108307081	2.507283671561037	0.6207948369234644	-4.474940273017151	-4.815692512715279	8.054157890871192	-24.726622563919182	45.6539967662966	0.0604110017041357	0.1678520654456901	-0.1074410637415544	0.4851826485679558	-6.374269755976498	9.001786532643585	7.9897135589091475	0.0151042028870356	0.0	0.0	0.0	0.0	0	0	Negative	-4.474940273017151	0.0
2025-10-17	7.860000133514404	7.925000190734863	7.735000133514404	7.789999961853027	2609200	FSLY	-2.685823229409243	2.456367859610266	2.042065508495694	2.765962456626257	1.1223537666643209	-1.8113676309002864	0.8985901412601014	2.456367859610266	54.939145471301934	43.54579985263985	0.0179317189660714	0.1378679961497664	-0.1199362771836949	0.4698124580221385	-9.027779847383416	9.029416893319024	7.88508320014106	-0.0219193638850191	0.0	0.0	0.0	0.0	2025-10-22 17:57:52.962734+00:00	2025-10-22 17:57:52.965780+00:00	Negative	-1.8113676309002864	0.0
2025-10-20	8.279999732971191	8.324999809265137	7.989999771118164	7.989999771118164	1795600	FSLY	1.6539393816222956	4.192741523697077	2.031162724829616	2.811921141268592	0.8203120146015173	5.343506263644231	3.629536547689327	4.192741523697077	-31.1819714855128	50.653861093336666	0.0179501211197958	0.1138844211437723	-0.0959343000239764	0.4694686878598952	-8.508292171661795	8.992734513016941	7.873765530852076	0.363043309148012	0.0	0.0	0.0	0.0	2025-10-22 17:57:52.962734+00:00	2025-10-22 17:57:52.965780+00:00	Very High	5.343506263644231	4.0
2025-10-21	8.229999542236328	8.359999656677246	8.180000305175781	8.329999923706055	2011800	FSLY	0.6038670573352933	2.200480987605499	2.3457615746629967	2.598899529355303	0.9730295064257286	-0.6038670573352933	-1.2004847825405014	2.200480987605499	12.040543550902203	49.84918621445336	0.0137713597728428	0.0938618088695864	-0.0800904490967436	0.4487923066914359	-6.79502136640902	8.979762330334996	7.853737625795987	0.3341506762006447	0.0	0.0	0.0	0.0	2025-10-22 17:57:52.962734+00:00	2025-10-22 17:57:52.965780+00:00	Negative	-0.6038670573352933	0.0
2025-10-22	7.937900066375732	8.239999771118164	7.9328999519348145	8.149999618530273	832007	FSLY	-0.9720525899849126	3.871217600676392	2.344721990378785	2.618706472880585	0.4657125908033955	-3.549204035328826	-2.6024486145042287	3.871217600676392	-58.64365245054181	45.31979697605378	-0.0129609198100641	0.0724972631336563	-0.0854581829437205	0.4386714147265725	-8.338334800919931	8.990430240256527	7.790859718697328	0.1225774933909523	0.0	0.0	0.0	0.0	2025-10-22 17:57:52.962734+00:00	2025-10-22 17:57:52.965780+00:00	Negative	-3.549204035328826	0.0
2025-10-23	8.229999542236328	8.229999542236328	8.010100364685059	8.029999732971191	534460	FSLY	1.1602522811490827	2.7452736862169838	0.8857000166406951	2.6582798442528346	0.3433479372591808	3.679807926757659	2.4906577324521844	2.7452736862169838	-35.76255969000261	50.19343065818104	-0.0104559280207841	0.0559066249027682	-0.0663625529235523	0.42820199052186	0.0	8.98869260184916	7.781597296069543	0.371472114935597	0.0	0.0	0.0	0.0	2025-10-23 19:17:56.666202+00:00	2025-10-23 19:17:56.669048+00:00	High	3.679807926757659	3.0
2025-10-24	8.329999923706055	8.449999809265137	8.260000228881836	8.300000190734863	2744130	FSLY	0.8505547070724863	2.3002369869064907	0.9159998598321192	1.742710937273214	1.7328435461645162	1.2150715313715994	0.3614425576119812	2.3002369869064907	413.43973356284846	51.77804343953127	-0.0003969333333557	0.0446459132555434	-0.0450428465888992	0.4133304388437849	-2.913752939662204	8.978268271871205	7.7750216184181	0.4612340318547864	0.0	0.0	0.0	0.0	2025-10-24 23:31:57.350326+00:00	2025-10-24 23:31:57.353295+00:00	Medium	1.2150715313715994	2.0
2025-10-27	8.319999694824219	8.470000267028809	8.279999732971191	8.449999809265137	1352926	FSLY	1.4405748698457794	2.2946925143128896	0.697468992806964	1.8145020088724608	0.9049281215005692	-0.1200507679883241	-1.5384629275183803	2.2946925143128896	-50.69745238017149	51.60124043770181	0.0066908298110437	0.0370548965666435	-0.0303640667555997	0.39737830278763	-2.690064219646248	8.945792959285022	7.772496892857312	0.4666365273292595	0.0	0.0	0.0	0.0	2025-10-27 23:31:50.790538+00:00	2025-10-27 23:31:50.793092+00:00	Negative	-0.1200507679883241	0.0
2025-10-28	8.289999961853027	8.454999923706055	8.279999732971191	8.359999656677246	1350349	FSLY	0.4807687899064574	2.1135289417704644	0.713390633194161	1.8486473500417373	0.9908822766262708	-0.360573726821816	-0.8373169581210334	2.1135289417704644	-0.1904760496878617	51.03821039491792	0.0097745307291994	0.0315988233991546	-0.0218242926699552	0.3814941519267181	0.729045236379143	8.926791943801318	7.765497885452833	0.4516531128611012	0.0	0.0	0.0	0.0	2025-10-28 23:33:44.977690+00:00	2025-10-28 23:33:44.980546+00:00	Negative	-0.360573726821816	0.0
2025-10-29	8.020000457763672	8.289999961853027	7.920000076293945	8.289999961853027	2281050	FSLY	0.0	4.671715681753104	1.0582424545230982	1.852685805664816	1.3802937583165262	-3.256930100503929	-3.256930100503929	4.671715681753104	68.92299694375306	46.15688072355262	-0.0094592769201611	0.0233872033352915	-0.0328464802554526	0.3806731329004584	-2.433087624915959	8.89592957291985	7.734360267778393	0.2459088654641172	0.0	0.0	0.0	0.0	2025-10-29 23:34:02.029124+00:00	2025-10-29 23:34:02.031985+00:00	Negative	-3.256930100503929	0.0
2025-10-30	7.980000019073486	8.170000076293945	7.900000095367432	8.0	1451954	FSLY	-0.2493822521457671	3.4177212362926674	1.0878778603075634	0.9378710125964468	0.7907893863987977	-0.4987585586913972	-0.2499997615814209	3.4177212362926674	-36.34712084347121	45.463153512295065	-0.0276116195959978	0.0131874387490336	-0.0407990583450315	0.3727679077594624	-1.115237659902945	8.751873201724536	7.771416621807568	0.2127410856721288	0.0	0.0	0.0	0.0	2025-10-30 23:37:04.711298+00:00	2025-10-30 23:37:04.714206+00:00	Negative	-0.4987585586913972	0.0
2025-10-31	8.289999961853027	8.359999656677246	8.029999732971191	8.09000015258789	1619727	FSLY	1.378447785106344	4.109588227644323	1.1143329445747294	0.9713376951345444	1.0052915799715143	3.884711053115178	2.4721854819886406	4.109588227644323	11.554980391940791	51.541728017761976	-0.0167895379995428	0.0071920433993183	-0.0239815813988612	0.3732844598911979	-1.073987486381975	8.650533233467584	7.818756593879217	0.5665503760805556	0.0	0.0	0.0	0.0	2025-10-31 23:31:20.650492+00:00	2025-10-31 23:31:20.653260+00:00	High	3.884711053115178	3.0
2025-11-03	8.3100004196167	8.34000015258789	8.0649995803833	8.270000457763672	4454530	FSLY	-0.241248542598124	3.409802684596296	0.958101545414695	0.9113901772420094	1.996184666787959	0.241260046510317	0.483675449080252	3.409802684596296	175.01733316787335	51.91411317115033	-0.0065238872633415	0.0044488572667863	-0.0109727445301278	0.3662641821992973	3.810122433671982	8.586858919664362	7.847430964902898	0.6255774504265584	0.0	0.0	0.0	0.0	2025-11-03 23:21:02.342358+00:00	2025-11-03 23:21:02.345160+00:00	Low	0.241260046510317	1.0
2025-11-04	7.960000038146973	8.239999771118164	7.960000038146973	8.0600004196167	2501076	FSLY	-3.008423434129397	3.517584568207781	0.5546815653723847	0.8584280366849726	1.0160089051835357	-4.211797398271015	-1.240699457364075	3.517584568207781	-43.85320112335084	45.346844662736	-0.026326910567171	-0.0017062963000051	-0.0246206142671659	0.3651024821471851	1.2722633961057692	8.589845795593675	7.817444138564649	0.1845618769522743	0.0	0.0	0.0	0.0	2025-11-04 23:21:34.303061+00:00	2025-11-04 23:21:34.306001+00:00	Negative	-4.211797398271015	0
