timestamp	close	high	low	open	volume	symbol	gap_apertura_pct	volatilidad_diaria	vol_5d	vol_10d	vol_rel_5d	return_pct	close_open_pct	range_pct	volume_change_pct	rsi_14	macd	macd_signal	macd_diff	atr_14	momentum_12	bb_upper	bb_lower	bb_pctb	vader	finbert	sentiment_ratio	sentiment_combined
2025-06-05 00:00:00+00:00	46.9785041809082	47.57505509784019	46.55097463308826	47.23700856683787	10095800	GM	0.0	2.199911973537972	0.0	0.0	0.0	0.0	-0.5472496963136412	2.199911973537972	0.0	0.0	0.0	0.0	0.0	0.0	0.0	0.0	0.0	0.0	0.0	0.0	0.0	0.0
2025-06-06 00:00:00+00:00	47.34755325317383	47.71659777983356	47.0782492564684	47.517112915067614	7949200	GM	1.1465003910837546	1.3559308883548864	0.0	0.0	0.0	0.7855700786991094	-0.3568391501328323	1.3559308883548864	-21.26230709800115	0.0	0.0	0.0	0.0	0.0	0.0	0.0	0.0	0.0	0.0	0.0	0.0	0.0
2025-06-09 00:00:00+00:00	47.806365966796875	48.44471449267318	47.606881101246195	47.746519365674466	6467700	GM	0.8426330086526576	1.75989977088638	0.0	0.0	0.0	0.969031517150871	0.12534233262966066	1.75989977088638	-18.63709555678559	0.0	0.0	0.0	0.0	0.0	0.0	0.0	0.0	0.0	0.0	0.0	0.0	0.0
2025-06-10 00:00:00+00:00	48.80378341674805	49.20275312272816	47.716594963052195	47.965950078075494	7942600	GM	0.33381351636193274	3.1145519935500947	0.0	0.0	0.0	2.0863695237657507	1.7467252025838924	3.1145519935500947	22.804088006555652	0.0	0.0	0.0	0.0	0.0	0.0	0.0	0.0	0.0	0.0	0.0	0.0	0.0
2025-06-11 00:00:00+00:00	49.74135971069336	50.26999516768367	49.142908927329835	49.2027555276091	10605800	GM	0.8175024207736664	2.2934870258097946	0.6587918378384225	0.0	1.231482707130101	1.9211139553241348	1.0946626409613045	2.2934870258097946	33.53058192531413	0.0	0.0	0.0	0.0	0.0	0.0	0.0	0.0	0.0	0.0	0.0	0.0	0.0
2025-06-12 00:00:00+00:00	49.132930755615234	49.41221107495891	48.47463339657045	49.33241561090153	6602200	GM	-0.8221409751770761	1.9341614627967414	0.6639296139132372	0.0	0.8342958235925949	-1.223185209686428	-0.40436871540953073	1.9341614627967414	-37.74915612212186	0.0	0.0	0.0	0.0	0.0	0.0	0.0	0.0	0.0	0.0	0.0	0.0	0.0
2025-06-13 00:00:00+00:00	48.52450942993164	49.05314108372846	48.28512683291843	48.49458422726918	8701700	GM	-1.2992233895453118	1.5905814091937702	0.604567121812083	0.0	1.0790798611111112	-1.2383167792490362	0.061708339476048334	1.5905814091937702	31.800006058586533	0.0	0.0	0.0	0.0	0.0	0.0	0.0	0.0	0.0	0.0	0.0	0.0	0.0
2025-06-16 00:00:00+00:00	49.142906188964844	49.34239104058932	48.52450657330033	49.12295732331669	5884700	GM	1.233289940311907	1.6855080557151219	0.6170023839936963	0.0	0.7404559981880867	1.2744008467023349	0.04061006652521821	1.6855080557151219	-32.3729845892182	0.0	0.0	0.0	0.0	0.0	0.0	0.0	0.0	0.0	0.0	0.0	0.0	0.0
2025-06-17 00:00:00+00:00	48.155460357666016	49.12295945690972	48.12553896032272	48.74393860284663	9078700	GM	-0.8118518359172657	2.0725388601036223	0.28563601458296245	0.0	1.1105959665403407	-2.00933544203082	-1.2072849713179525	2.0725388601036223	54.2763437388482	0.0	0.0	0.0	0.0	0.0	0.0	0.0	0.0	0.0	0.0	0.0	0.0	0.0
2025-06-18 00:00:00+00:00	47.96595001220703	48.5743771008055	47.81633542145567	48.17540739537326	8418000	GM	0.04142217218793929	1.585319478517982	0.21900340923475642	0.5024637870624631	1.088010174407333	-0.39353864349220297	-0.4347807200616383	1.585319478517982	-7.277473647108066	0.0	0.0	0.0	0.0	0.0	0.0	0.0	0.0	0.0	0.0	0.0	0.0	0.0
2025-06-20 00:00:00+00:00	48.07566833496094	48.6142763122336	47.66672608662959	48.29509825525715	22249800	GM	0.6862122880217202	1.9878651281439639	0.22989148031932954	0.495603687840077	2.047543937466986	0.22874210294174022	-0.45435236333187956	1.9878651281439639	164.31218816821098	0.0	0.0	0.0	0.0	0.0	0.0	0.0	0.0	0.0	0.0	0.0	0.0	0.0
2025-06-23 00:00:00+00:00	48.39484405517578	48.454690656085084	47.507140401736386	47.83628719459425	10626500	GM	-0.4979257671444772	1.994542812587527	0.2152835285737683	0.45144670829973393	0.9444484932729209	0.663902825002928	1.1676425854485053	1.994542812587527	-52.24002013501246	0.0	0.0	0.0	0.0	0.0	0.0	0.0	0.0	0.0	0.0	0.0	0.0	0.0
2025-06-24 00:00:00+00:00	48.87360382080078	49.24264833531212	48.72398922593708	48.8337060881895	12550400	GM	0.9068363408989727	1.0644840818964396	0.42339537220535767	0.5381021905098774	0.9972760531058398	0.98927845511633	0.0817012178826404	1.0644840818964396	18.104738154613468	0.0	0.0	0.0	0.0	0.0	4.033971862098444	0.0	0.0	0.0	0.0	0.0	0.0	0.0
2025-06-25 00:00:00+00:00	48.0058479309082	48.97334319233966	47.69664621774971	48.893551533856346	6906500	GM	0.040814901083834454	2.6767017721989146	0.5936607026906283	0.44010506034237296	0.568424985843901	-1.7755103410713864	-1.8155842132544873	2.6767017721989146	-44.96988143804182	51.289925212691756	0.0	0.0	0.0	1.0385093257548494	1.3903457148342673	0.0	0.0	0.0	0.0	0.0	0.0	0.0
2025-06-26 00:00:00+00:00	49.0331916809082	49.06311307838629	47.59690752910133	47.91608178505842	10386300	GM	-0.18699002250513572	3.080463890198122	0.7699663666979607	0.5713563224075617	0.8279960777748547	2.140038754192179	2.3313882400921453	3.080463890198122	50.38442047346703	60.2560892532353	0.0	0.0	0.0	1.069059056007	2.5662392221224257	0.0	0.0	0.0	0.0	0.0	0.0	0.0
2025-06-27 00:00:00+00:00	49.551849365234375	50.010661869298715	48.95339860383368	49.192777386451105	10695800	GM	0.32546464970388467	2.159734146389245	0.7641295263125105	0.574351270902894	1.0452160146974034	1.0577685574731186	0.7299282493493991	2.159734146389245	2.9798869664846963	63.87172617515325	0.0	0.0	0.0	1.0682164995397165	1.5328031888396865	0.0	0.0	0.0	0.0	0.0	0.0	0.0
2025-06-30 00:00:00+00:00	49.08306121826172	49.49200346545546	48.80378469964858	49.45210953769445	9634700	GM	-0.20128376401205578	1.4101749895881246	0.8430988092493424	0.5908788246718804	0.9601344927721097	-0.9460558041281875	-0.7462741688530489	1.4101749895881246	-9.920716542942088	58.67590165932115	0.0	0.0	0.0	1.0453485114001506	-1.3234428979433792	0.0	0.0	0.0	0.0	0.0	0.0	0.0
2025-07-01 00:00:00+00:00	51.89578628540039	51.99553061617738	48.674118596018545	48.69406746217395	13748000	GM	-0.7925213840228922	6.823774350647459	2.1036246089849895	1.6317148192641144	1.338101235514772	5.730541244424617	6.5751722747613375	6.823774350647459	42.69255918710495	72.91344241766798	0.0	0.0	0.0	1.2079244763114854	5.623225578639839	0.0	0.0	0.0	0.0	0.0	0.0	0.0
2025-07-02 00:00:00+00:00	52.54411315917969	52.633881157936834	51.82596916912251	51.89578830094948	9461800	GM	3.8838395756636665e-06	1.558894125410148	2.2325928191440307	1.6540918724358837	0.8772850504203862	1.2492861563245796	1.2492822239648866	1.558894125410148	-31.17689845795752	75.04745902570824	0.0	0.0	0.0	1.1793521557759739	8.283656602551066	0.0	0.0	0.0	0.0	0.0	0.0	0.0
2025-07-03 00:00:00+00:00	52.753570556640625	53.82081020587271	52.56406202808279	52.65383002684331	6612300	GM	0.2088090578886353	2.39088862104777	2.248134562780367	1.627560210863056	0.6592180664611605	0.398631520959155	0.18942692249826368	2.39088862104777	-30.115834196453108	75.71319306579603	0.0	0.0	0.0	1.1863053622700488	7.3472748107163515	52.19813680668912	45.98294916132846	1.0893671730677528	0.0	0.0	0.0	0.0
2025-07-07 00:00:00+00:00	51.68632888793945	53.13258934263678	51.27738664397676	52.14514139485229	11028600	GM	-1.153342144177855	3.6179743549351393	2.2276637045228975	1.650398371506443	1.092256375110428	-2.023070016758946	-0.879875851593968	3.6179743549351393	66.78916564584185	66.0443713852579	0.0	0.0	0.0	1.2340837434407608	7.332228794094267	52.470927469383014	46.180940969337684	0.87526227895117	0.0	0.0	0.0	0.0
2025-07-08 00:00:00+00:00	52.05537414550781	52.72364785415853	51.86586562163888	52.02545274828041	7523400	GM	0.656119069853472	1.6538473275991605	2.1820007482011263	1.6694756134348034	0.7776268705774371	0.7140094208828068	0.057512997286493776	1.6538473275991605	-31.782819215494264	67.58585223964542	0.0	0.0	0.0	1.2200291164963546	8.525681514199237	52.782585417979035	46.34006510997507	0.8871231695509347	0.0	0.0	0.0	0.0
2025-07-09 00:00:00+00:00	52.43439483642578	52.65382856170273	52.125193114886194	52.49424143555328	5322600	GM	0.8430777748685873	1.0141649655885236	1.0057067497647123	1.6748315702494492	0.6661793750484997	0.7281105882718486	-0.1140060271200785	1.0141649655885236	-29.252731477789297	69.13556994676198	0.0	0.0	0.0	1.1756309236176805	9.066387743371525	53.13895739201299	46.44649602290401	0.8947229551687329	0.0	0.0	0.0	0.0
2025-07-10 00:00:00+00:00	53.012901306152344	53.15253956792625	52.12519386156901	52.304729856666114	6397200	GM	-0.24728993280874081	1.9709196844151824	0.9720140584569747	1.6878706780690764	0.8672029411047036	1.1032957880629117	1.353933863011769	1.9709196844151824	20.189381129523166	71.38437211874536	0.0	0.0	0.0	1.1650391223847918	9.542457138019573	53.594616324406594	46.41174887945083	0.9190135384354384	0.0	0.0	0.0	0.0
2025-07-11 00:00:00+00:00	53.252281188964844	53.42184465663875	52.42442413223826	52.68375179444515	7698200	GM	-0.6208856780094663	1.9025874693149525	0.963688307005197	1.6892397761594788	1.013721358967606	0.451550239497492	1.0791361191167816	1.9025874693149525	20.337022447320702	72.28425032462054	0.0	0.0	0.0	1.153066365385913	8.959186607598767	54.035248942490256	46.32220840919432	0.8984877947749051	0.0	0.0	0.0	0.0
2025-07-14 00:00:00+00:00	53.19243621826172	53.55150439628809	52.55408391265917	53.21238127965997	6934000	GM	-0.07492619736474265	1.8978933878603048	0.39540060500835356	1.6962588111915846	1.0234565495905583	-0.11238010723102379	-0.03748199369885617	1.8978933878603048	-9.92699592112442	71.67739196193571	1.404061703135575	0.0	0.0	1.1419488024032702	10.804075984280594	54.41973573355864	46.34367216439058	0.8480324597762733	0.0	0.0	0.0	0.0
2025-07-15 00:00:00+00:00	52.574031829833984	53.61135002724784	52.55408296393867	53.3220971790514	7702700	GM	0.24375826716724797	2.0117695974918637	0.41937134336360843	1.666713734887544	1.130930532349426	-1.162579555277875	-1.4029180936103625	2.0117695974918637	11.085953273723682	65.55296335654505	1.3619072539393215	0.0	0.0	1.1359001067536916	7.221312803719567	54.63549348411842	46.53286665382104	0.7455810692680295	0.0	0.0	0.0	0.0
2025-07-16 00:00:00+00:00	53.042823791503906	53.38194692199115	52.6039601305205	52.6039601305205	8242500	GM	0.05692601393665716	1.4789509944504533	0.2141834327306354	0.6931475336894979	1.11461652053031	0.8916796854904674	0.8342787499163623	1.4789509944504533	7.007932283485012	67.79913623864836	1.3507564630049345	0.0	0.0	1.1124726057110828	7.045094120581506	54.908894889428126	46.64945700876524	0.7740680267971878	0.0	0.0	0.0	0.0
2025-07-17 00:00:00+00:00	53.0727424621582	53.75098868827616	52.75356821514472	53.16251045693432	6827000	GM	0.2256415795299066	1.8907166034033276	0.20593493948324157	0.6801765804602525	0.9125931708569045	0.05640474717541165	-0.1688558234074302	1.8907166034033276	-17.173187746436156	67.94280542956689	1.3290135268777092	0.0	0.0	1.1042545962411083	8.128427903376355	55.08559354642121	46.96448656222137	0.7521457249388362	0.0	0.0	0.0	0.0
2025-07-18 00:00:00+00:00	53.08271789550781	53.57145178831654	52.743594788211986	53.27222641243365	6497300	GM	0.3758689319996715	1.5695877450688553	0.23143903993396264	0.675014200365103	0.8973303686107696	0.018795775169753164	-0.3557360555173077	1.5695877450688553	-4.829354035447488	67.99407983154168	1.2976287707275418	0.0	0.0	1.0845119108027828	2.2871444775494925	55.17978634287913	47.38197055409352	0.7310697631011996	0.0	0.0	0.0	0.0
2025-07-21 00:00:00+00:00	53.0727424621582	54.15993093006576	53.04282106551855	53.21238071961946	13055500	GM	0.24426560894430174	2.106052887283945	0.2748885819171059	0.32757908086537113	1.5422917897223862	-0.018792243022005394	-0.2624168578305548	2.106052887283945	100.93731242208301	67.87716127494645	1.2574560209896646	0.0	0.0	1.0868403360702419	1.006067609090785	55.21030498670601	47.851159322986376	0.7095365926664663	0.0	0.0	0.0	0.0
2025-07-22 00:00:00+00:00	48.763885498046875	51.95563171906814	48.743936632338716	51.58658721560985	33792400	GM	-2.8002231985807113	6.588911993207071	2.173507465250464	1.5613232943645363	2.4696739151088876	-8.118775786240214	-5.471774486195982	6.588911993207071	158.83650568725824	37.71195185176938	0.8679251798016523	0.0	0.0	1.3184092999094739	-7.562872079549747	55.16888360108322	47.929484852896266	0.11525827961328655	0.0	0.0	0.0	0.0
2025-07-23 00:00:00+00:00	52.992950439453125	53.13258869595686	49.74135758862126	49.77128278991287	25657000	GM	2.0658675607511645	6.817729293563493	2.663368783855989	2.054473310529614	1.494654499867178	8.672534803600987	6.47294477648704	6.817729293563493	-24.074644002793526	57.61943559493063	0.8902076194411492	0.0	0.0	1.5362874354809393	2.527982891465446	55.207350779638915	48.302952336205806	0.6792768612170776	0.0	0.0	0.0	0.0
2025-07-24 00:00:00+00:00	52.20499038696289	53.26225751232588	52.10524985648939	52.83336638254657	10219800	GM	-0.3011420492408421	2.2205203103778928	2.6079366410345415	2.0444559326298117	0.5727174912017216	-1.4869148555721856	-1.1893544527029505	2.2205203103778928	-60.16759558794871	54.14702721807664	0.8346633429550252	1.1061273222451944	-0.2714639792901692	1.5091960226491934	0.2874174740092411	54.96016576693767	48.97005159451252	0.5400462661199457	0.0	0.0	0.0	0.0
2025-07-25 00:00:00+00:00	53.26225662231445	53.3320757534507	51.94566185680621	52.723648635100005	6491300	GM	0.9935031963278338	2.668969548345134	2.4049396549554327	2.019268017448532	0.3637968525824964	2.0252206302782745	1.0215681220056485	2.668969548345134	-36.48310143055637	57.820120640343774	0.8659742409161169	1.0580967059793789	-0.19212246506326203	1.5004258707917146	1.5788525613221391	54.89847451724363	49.454649338347195	0.6994359956171724	0.0	0.0	0.0	0.0
2025-07-28 00:00:00+00:00	53.31212615966797	53.800860070956546	52.893207573706235	53.082719902654944	6954500	GM	-0.3370805727076381	1.7160095575325145	2.489821106592611	2.0303374585808256	0.41836611923238887	0.09363016236270877	0.432167487712986	1.7160095575325145	7.135704712461294	57.99105991655842	0.8846151156213367	1.0234003879077704	-0.13878527228643378	1.4580849155387572	0.5644377993718651	54.843988872793744	49.88516266224043	0.691083605659403	0.0	0.0	0.0	0.0
2025-07-29 00:00:00+00:00	51.975582122802734	53.65124884330267	51.94566072578362	53.65124884330267	8443000	GM	0.6361079702937341	3.2834082648841307	2.0272306512615126	2.007739738805669	0.7307982605564557	-2.5070169455675644	-3.1232576251747552	3.2834082648841307	21.403407865410884	51.91825623465268	0.7825198080692601	0.9752242719400684	-0.1927044638708083	1.4757637156802066	-2.3974542266682697	54.494250486836606	50.52415313865167	0.36559027571820985	0.0	0.0	0.0	0.0
2025-07-30 00:00:00+00:00	51.975582122802734	52.613930624925146	51.55666354024915	52.25485864126699	7854200	GM	0.5373225408123584	2.050689497877639	0.6070623508983136	1.966245868899377	0.9826889006776302	0.0	-0.5344508161078554	2.050689497877639	-6.973824469975128	51.91825623465268	0.6936130023453373	0.9189020180211223	-0.22528901567578496	1.445871099179906	-2.2876449773158183	54.49360793398062	50.53277527524789	0.36426856973464494	0.0	0.0	0.0	0.0
2025-07-31 00:00:00+00:00	53.20240783691406	54.56887281070041	52.32467676100751	52.43439362110297	14455100	GM	0.8827443186998877	4.28898215643691	1.0252327675193291	1.9497342714974104	1.6352626017860497	2.3603885978856503	1.4647145943192412	4.28898215643691	84.04293244378803	56.740794660840265	0.7139186901278407	0.877905352442466	-0.16398666231462533	1.5278296412311754	1.1952212626833312	54.549235863334395	50.54297681366756	0.6638190367314526	0.0	0.0	0.0	0.0
2025-08-01 00:00:00+00:00	52.39449691772461	52.89320716077886	51.74617588466841	52.01547987250057	9540500	GM	-2.2309666285253194	2.216649359108089	1.0592541355277125	1.8947411858998553	1.0096344129717465	-1.5185608171457432	0.7286620178321508	2.216649359108089	-33.99907299153932	52.972772228599695	0.6572431449494189	0.8337729109438567	-0.17652976599443782	1.5227155205893523	-1.2222706625267228	54.529958680477	50.526346632633356	0.4666162112528969	0.0	0.0	0.0	0.0
2025-08-04 00:00:00+00:00	52.633880615234375	53.10266947111666	52.34462775501521	52.56406148412731	7417700	GM	0.3236304886541168	1.4481748149003186	1.1267797950954328	1.9549624377283916	0.7773655694239213	0.4568870999671421	0.13282674347405682	1.4481748149003186	-22.250406163198992	53.948607714486904	0.6244454128309229	0.7919074113212701	-0.16746199849034715	1.468095963125931	-0.8269062923152017	54.5399006365623	50.61115984927755	0.5148521817736867	0.0	0.0	0.0	0.0
2025-08-05 00:00:00+00:00	52.44437026977539	53.192435624141744	52.11521968752276	53.182459288696855	6913100	GM	1.0422539000548225	2.066989150343901	1.0885465378532542	1.6099294020609107	0.7484852946908442	-0.3600539106062653	-1.3878429632499787	2.066989150343901	-6.802647720991682	53.01079825547183	0.5765153625267558	0.7488290015623673	-0.17231363903561148	1.4401759612325777	-1.2025526405580729	54.5460223290821	50.6439377691845	0.46140273819133754	0.0	0.0	0.0	0.0
2025-08-06 00:00:00+00:00	52.33465576171875	52.99295315096049	51.95563489977432	52.59398342208663	5390500	GM	0.2852797193323614	1.9965461940504112	1.0933267215966609	0.8337436651636715	0.6165235869880984	-0.20920168836476816	-0.4930747653903253	1.9965461940504112	-22.02485136913975	52.44242588095688	0.5236411986824905	0.703791440986392	-0.18015024230390153	1.4114004105149773	-1.390707670638505	54.54316045231673	50.636825738479175	0.43463506013073844	0.0	0.0	0.0	0.0
2025-08-07 00:00:00+00:00	52.81341552734375	53.29217690433706	52.40447328002505	52.663800932408314	6029200	GM	0.6289239241166925	1.6939462773884517	0.30938253714483166	0.8621802077377207	0.8542121220707829	0.9148044611295573	0.2840938031181219	1.6939462773884517	11.848622576755403	54.72370170732236	0.5144398128864651	0.6659211153664066	-0.15148130247994152	1.3789804628080726	8.304362927476461	54.52647148352116	50.63356612939387	0.5599543784538157	0.0	0.0	0.0	0.0
2025-08-08 00:00:00+00:00	53.39191818237305	53.68117104072801	52.95305453183457	52.9630270627039	4126600	GM	0.2832832034555515	1.3750226787308566	0.312402660236099	0.9039162267722988	0.6905958074913563	1.0953706539388302	0.8097934416803136	1.3750226787308566	-31.556425396404165	57.38384345124641	0.5475165479160111	0.6422402018763276	-0.09472365396031646	1.342464394992086	0.7528694658655793	54.544021815002935	50.62997949725292	0.7056486519307298	0.0	0.0	0.0	0.0
2025-08-11 00:00:00+00:00	53.87067794799805	54.608770770448096	53.20240805896509	53.81083515486503	6690700	GM	0.7846074588687233	2.6434192789249518	0.47241701078244347	0.8947155269666331	1.147628996126943	0.8966895776055093	0.11120956023222882	2.6434192789249518	62.135898802888576	59.504348119372935	0.6053835262036387	0.6348688667417899	-0.029485340538151217	1.347028560455723	3.1906673072602016	54.64120646675445	50.60061901847505	0.809302848009263	0.0	0.0	0.0	0.0
2025-08-12 00:00:00+00:00	54.020294189453125	54.60877243731898	53.810836797379835	54.17988131744095	6780600	GM	0.573973414148198	1.482853059772527	0.5086907940117762	0.8566125352037876	1.1683598919276577	0.27773224164638194	-0.29455053076399834	1.482853059772527	1.3436561196885228	60.17131867177607	0.6557571435398941	0.6390465221014108	0.016710621438483342	1.307807637561682	1.4232171432651781	54.80317470036036	50.58327702083105	0.8144787930036834	0.0	0.0	0.0	0.0
2025-08-13 00:00:00+00:00	55.4366340637207	55.64609145875667	54.02029495354516	54.33946921403539	6942100	GM	0.5908428107831003	3.00960316231079	0.7376654313658855	0.8997881881358659	1.1354729597110818	2.6218662736274085	2.0190937923293624	3.00960316231079	2.3817951213756894	65.89741884348334	0.8007350144025907	0.6713842205616467	0.12935079384094395	1.3305211826861008	3.9850369082821926	55.23683774284995	50.38899500556314	1.0412134493006622	0.0	0.0	0.0	0.0
2025-08-14 00:00:00+00:00	56.27446365356445	56.36423165214639	54.67859235083823	55.48650433807562	6647600	GM	0.08995905901789317	3.0828140024023796	0.8300341835769586	0.6333506813636337	1.0657440777745002	1.5113283914039963	1.4200918311376218	3.0828140024023796	-4.242232177583152	68.75872698951503	0.9720318888904913	0.7315137542274157	0.2405181346630756	1.3558867625876763	8.270963701002424	55.82884637379548	50.11715849375823	1.0780184928042793	0.0	0.0	0.0	0.0
2025-08-15 00:00:00+00:00	56.16474914550781	56.84299538290148	56.15477280989064	56.773172448152906	5597300	GM	0.8862079924183588	1.225581617685082	0.8740357618608345	0.688488816824966	0.8569490757326621	-0.19496322298522922	-1.0716739551602916	1.225581617685082	-15.799687105120643	67.95466468351074	1.086409400864916	0.8024928835549158	0.28391651731000034	1.3081964633321879	8.059875140613782	56.30450818229755	49.94969981025616	0.9780073562242059	0.0	0.0	0.0	0.0
2025-08-18 00:00:00+00:00	56.08495330810547	56.40412755830876	55.945315049248684	55.98521278173839	6740600	GM	-0.3196602254989009	0.8201089021595128	1.0514702027513694	0.7686547430000982	1.0304143914981565	-0.14207459058637317	0.17815512599000521	0.8201089021595128	20.425919639826347	67.33789605086099	1.1572751978513622	0.8734493464142051	0.2838258514371571	1.2475261808841798	5.418073332371575	56.70617581071308	49.849253266435355	0.909402140888111	0.0	0.0	0.0	0.0
2025-08-19 00:00:00+00:00	56.91281509399414	57.26191074701594	56.164749719069775	56.33430937772115	5987900	GM	0.4446042207538789	1.9534690948220184	1.022758452251738	0.7674030361471563	0.9380865096896492	1.4760853616847502	1.0269154315785003	1.9534690948220184	-11.16666172150847	70.34509288422498	1.2656487687480862	0.9518892308809814	0.31375953786710475	1.2424855564574864	8.623650272593844	56.79291854545444	50.57740349128872	1.0192898814490592	0.0	0.0	0.0	0.0
2025-08-20 00:00:00+00:00	56.62356185913086	57.042476639969905	56.49389612964663	56.75322758861509	7258200	GM	-0.2804069788420844	0.9710438612064403	0.9310102940014435	0.8237284989179804	1.125944725052433	-0.5082391977721822	-0.2284728728102187	0.9710438612064403	21.21444913909718	67.98968670194742	1.3130591571966193	1.0241232161441092	0.2889359410525101	1.1929209103050429	7.58006287444766	57.20695389303984	50.5264292856711	0.9126727213510318	0.0	0.0	0.0	0.0
2025-08-21 00:00:00+00:00	56.36423110961914	56.4839243098145	54.94789581768954	56.244541714281056	8192100	GM	-0.6693682495508444	2.795427321223204	0.8196045038156407	0.8761185779319509	1.2127066179931965	-0.45799088046931163	0.21280179674340693	2.795427321223204	12.866826485905596	65.86048216415446	1.3145530580747788	1.0822091845302433	0.23234387354453556	1.2274027053862053	7.474321494718823	57.49220391441951	50.65710333655705	0.8349734883999144	0.0	0.0	0.0	0.0
2025-08-22 00:00:00+00:00	58.21943283081055	58.628375078777815	56.852967827338055	56.90283809077656	6320200	GM	0.9555829478271777	3.1228048759594307	1.0396779307424335	0.9247714148157961	0.9159975651468159	3.2914521934723897	2.31375935578755	3.1228048759594307	-22.850062865443537	72.496211576441	1.4487361313014233	1.1555145738844794	0.2932215574169439	1.3014556527985246	11.244512805979584	58.161490838011005	50.48353403381516	1.0075465380018649	0.0	0.0	0.0	0.0
2025-08-25 00:00:00+00:00	58.12966537475586	58.26930363562392	57.730699458683866	58.04987371348436	3802000	GM	-0.29124144479204606	0.9329597285158787	1.0103000240617805	0.9722583949169733	0.6023371059935869	-0.15418813219214547	0.1374536345510864	0.9329597285158787	-39.84367583304326	71.7692985536649	1.5301945695994021	1.230450573027464	0.2997439965719382	1.2469662616657768	10.066097400308566	58.71072287076721	50.41605592256775	0.9299480618522622	0.0	0.0	0.0	0.0
2025-08-26 00:00:00+00:00	58.64832305908203	58.78796131654311	57.95012796691949	58.08977002923772	7311100	GM	-0.06863164489411522	1.445783433130458	1.0357024089840705	0.9742622298075589	1.1116635648165043	0.8922426801916717	0.9615342418521904	1.445783433130458	92.29615991583377	73.42717243189863	1.617951570780825	1.307950772578136	0.3100007982026889	1.2177424822341945	9.844944807479024	59.227512275035814	50.566540611927074	0.9331265314698085	0.0	0.0	0.0	0.0
2025-08-27 00:00:00+00:00	58.598453521728516	59.07721489817424	58.269302935189906	58.408944999236624	9848100	GM	-0.4081584048093905	1.3865138628532003	0.9611784151110055	0.9085042813726888	1.3880925197682776	-0.08503148044536124	0.3244511992030815	1.3865138628532003	34.70066063930189	72.98336668793041	1.6642906647861508	1.3792187510197391	0.2850719137664117	1.1884688737163474	8.776157556981632	59.6267639229603	50.82957610389517	0.8831091909845046	0.0	0.0	0.0	0.0
2025-08-28 00:00:00+00:00	58.33912658691406	58.84780936662396	57.61100627528993	58.83783683578376	7209300	GM	0.4085147297726581	2.146817372750026	0.8541151432031967	0.8004273894133047	1.0451078116709722	-0.442549110478306	-0.8476012642368176	2.146817372750026	-26.795016297559936	70.5939038299038	1.6609428984542873	1.435563580506649	0.22537931794763844	1.1919213178318964	7.994833168280195	59.979295357171594	50.99071654468388	0.8175274640770945	0.0	0.0	0.0	0.0
2025-08-29 00:00:00+00:00	58.438865661621094	58.5186573209304	57.710749172959346	58.32914880082079	4972500	GM	-0.017103077603344452	1.3999266333378402	0.43550886295193314	0.7912748975857032	0.7501584044896358	0.17096429196354054	0.18809954037724722	1.3999266333378402	-31.02659065373892	70.98733289178857	1.6473482738295573	1.4779205191712306	0.1694277546583267	1.164491805698979	5.415609458628975	60.22209772940112	51.352351046844	0.7989534389649642	0.0	0.0	0.0	0.0
2025-09-02 00:00:00+00:00	58.37902069091797	58.48873755477683	56.84299601146567	57.39157652590273	5675900	GM	-1.7921106507824605	2.89524067834004	0.6635674745544212	0.8075514582998108	0.810451524835151	-0.10240611282506011	1.7205384915146462	2.89524067834004	14.145801910507794	70.37889185781462	1.6131500571719855	1.5049664267713816	0.10818363040060386	1.198866786956992	3.739808255320816	60.397998644483074	51.7509641393304	0.7665120970244749	0.0	0.0	0.0	0.0
2025-09-03 00:00:00+00:00	57.60103225708008	58.6981932543197	57.5511619944523	57.97007676635418	6762600	GM	-0.7004980894230823	1.9930635978782953	0.6231261106330945	0.8079125018567539	0.9809854823548526	-1.3326507101872684	-0.6366120761949684	1.9930635978782953	19.14586233020314	62.83850472380097	1.5059113507418473	1.5051554115654748	0.000755939176372511	1.1951642493077352	2.557267918799461	60.36436359337875	52.3002653891652	0.6573291561783302	0.0	0.0	0.0	0.0
2025-09-04 00:00:00+00:00	58.000003814697266	58.08977181222858	57.33173009866254	57.85038921719266	5880100	GM	0.43290363096214923	1.3222027527540476	0.6385082357585449	0.7693266126033997	0.9639381778599625	0.6926465411878926	0.2586233204808669	1.3222027527540476	-13.049714606808033	64.91452711262522	1.4365578292091499	1.49143589509421	-0.05487806588506006	1.163941211040471	3.4145530906861454	60.26201038608757	52.96915340175423	0.6898325887577956	0.0	0.0	0.0	0.0
2025-09-05 00:00:00+00:00	58.27000045776367	58.810001373291016	57.7599983215332	58.08000183105469	7378100	GM	0.13792760533776083	1.8178723723514485	0.6302390051267536	0.7088593331223024	1.2028517209447915	0.465511422945784	0.32713261143079775	1.8178723723514485	25.47575721501335	66.28710200539581	1.3873881889457067	1.4706263538645095	-0.08323816491880276	1.1558027710917096	2.3846744560571764	60.15258391443953	53.62423836644426	0.7116293182039108	0.0	0.0	0.0	0.0
2025-09-08 00:00:00+00:00	58.20000076293945	58.2599983215332	57.400001525878906	58.130001068115234	6399200	GM	-0.2402598053005241	1.4982522174090285	0.6125803782799641	0.5527858358098674	0.9968874529145467	-0.12012990265026205	0.12041922163771324	1.4982522174090285	-13.267643431235685	65.57088891763291	1.3274702536656307	1.4419951338247339	-0.11452488015910323	1.1353882111483564	2.784068772873186	60.01370836695157	54.243922171988864	0.6856542785596513	0.0	0.0	0.0	0.0
2025-09-09 00:00:00+00:00	58.0099983215332	58.15999984741211	57.599998474121094	58.13999938964844	4616400	GM	-0.10309514176024417	0.9722246321631705	0.4037849285354028	0.5469682980686591	0.7437073887435398	-0.326464671676155	-0.2236000507051613	0.9722246321631705	-27.859732466558317	63.56333322690556	1.250241246326432	1.4036443563250736	-0.15340310999864148	1.0971463595533566	2.919878759125298	59.822440373241385	54.849122203052566	0.6355668409529146	0.0	0.0	0.0	0.0
2025-09-10 00:00:00+00:00	57.34000015258789	57.880001068115234	56.61000061035156	57.880001068115234	7207400	GM	-0.22409456503934083	2.2434206749177155	0.4844635106059808	0.5655975221687538	1.1447149409806487	-1.1549701574402742	-0.932966319215944	2.2434206749177155	56.12598561649771	56.94277955299203	1.122039278423145	1.3473233407446878	-0.22528406232154286	1.118778598955377	-1.51054834350301	59.47021306718862	55.5333201054188	0.45891012651685165	0.0	0.0	0.0	0.0
2025-09-11 00:00:00+00:00	58.709999084472656	58.709999084472656	57.470001220703125	57.540000915527344	5808500	GM	0.3487979811775892	2.157643705291643	0.5200532036149479	0.560418502867142	0.9246376903876522	2.3892551939990434	2.0333648771798765	2.157643705291643	-19.409218303410384	64.97592481250939	1.1180970328552746	1.3014780791668055	-0.18338104631153085	1.1367229084503332	0.9983434550593855	59.45614504540894	55.87472462927368	0.7916620015972728	0.0	0.0	0.0	0.0
2025-09-12 00:00:00+00:00	58.5	60.0	58.47999954223633	59.849998474121094	12020300	GM	1.941746563491157	2.5991800096815556	0.650993027918403	0.6040743523851544	1.6670873576354024	-0.35768878853243896	-2.2556366057466617	2.5991800096815556	106.9432727898769	63.03459010560458	1.0855144686734448	1.2582853570681334	-0.17277088839468857	1.164099876258429	-0.2529024724758308	59.48242340179674	56.07099990752944	0.7120195122512218	0.0	0.0	0.0	0.0
2025-09-15 00:00:00+00:00	58.95000076293945	59.02000045776367	58.31999969482422	58.959999084472656	4773400	GM	0.78632322132078	1.2002756628984974	0.7074837096405854	0.6250044687157301	0.6932841457038285	0.7692320734007746	-0.016957804763325077	1.2002756628984974	-60.2888447043751	65.41892354389421	1.0835137801766024	1.2233310416898273	-0.13981726151322493	1.1309499395927878	0.5999258002271042	59.52454911371759	56.30739935735175	0.8214107535276323	0.0	0.0	0.0	0.0
2025-09-16 00:00:00+00:00	58.459999084472656	59.38999938964844	58.15999984741211	58.97999954223633	6786900	GM	0.05088851383990916	2.1148547893111083	0.5186473335927883	0.5231860869515422	0.9272608036287623	-0.8312157287958	-0.8816555812132433	2.1148547893111083	42.18167344031508	60.818713189510106	1.0305101008193134	1.1847668535157245	-0.15425675269641115	1.1380249112101837	0.20718941922882064	59.42028409956903	56.64916894913702	0.6534662174010818	0.0	0.0	0.0	0.0
2025-09-17 00:00:00+00:00	58.72999954223633	59.56999969482422	58.220001220703125	58.27000045776367	6252600	GM	-0.32500620883425435	2.318788124039118	0.5262387338933571	0.5467122353061623	0.8771467129794595	0.4618550495930228	0.7894269450127793	2.318788124039118	-7.872519117712063	62.388173501192185	0.9987777948103442	1.1475690417746485	-0.14879124696430424	1.1531658799895343	0.49818537255837336	59.441523459354315	56.809648034175964	0.7296513693957343	0.0	0.0	0.0	0.0
2025-09-18 00:00:00+00:00	59.2599983215332	59.400001525878906	58.47999954223633	58.79999923706055	5922800	GM	0.11918899262697541	1.5731908188168164	0.5674624454997312	0.5264785531579131	0.8282246336279225	0.9024327999793709	0.7823113783013919	1.5731908188168164	-5.274605764002175	65.32440701579115	1.0048133232679035	1.1190178980732997	-0.11420457480539614	1.1365113159647517	1.5090654488356092	59.46916138868062	57.04565375108989	0.9136940755196674	0.0	0.0	0.0	0.0
2025-09-19 00:00:00+00:00	58.97999954223633	59.52000045776367	58.72999954223633	59.5	13159600	GM	0.4049977814116607	1.3451403400049509	0.4863608720690183	0.5503245781203918	1.7833707816442745	-0.4724920472958102	-0.8739503491826417	1.3451403400049509	122.1854528263659	62.54639326821293	0.9757550646138995	1.0903653313814197	-0.11461026676752017	1.1117605730763656	2.393997522477999	59.27562445747519	57.50076752555704	0.8334373267374467	0.0	0.0	0.0	0.0
2025-09-22 00:00:00+00:00	58.880001068115234	59.18000030517578	58.459999084472656	58.779998779296875	7633800	GM	-0.33909929550987883	1.2316134655813942	0.4782775751907912	0.5726974349280266	0.9600887419917143	-0.16954641386438732	0.17012979056675578	1.2316134655813942	-41.99063801331347	61.53983901368854	0.9338918205577826	1.0590706292166923	-0.12517880865890962	1.0837777621925626	1.5172365440344617	59.32998401077187	57.51246479599082	0.752419155188496	0.0	0.0	0.0	0.0
2025-09-23 00:00:00+00:00	58.58000183105469	59.91999816894531	58.459999084472656	59.04999923706055	5898800	GM	0.2887197110418704	2.4974326160405997	0.5780846353513827	0.5369403267629015	0.7588325494756558	-0.5095095645692894	-0.7959312651622913	2.4974326160405997	-22.727868165265004	58.49832508441543	0.8665187777219998	1.0205602589177538	-0.154041481195754	1.1106507137839978	0.5320085307288036	59.34477214445546	57.542710307937114	0.5756137231792559	0.0	0.0	0.0	0.0
2025-09-24 00:00:00+00:00	59.91999816894531	60.15999984741211	59.060001373291016	60.099998474121094	10756100	GM	2.5947364212280015	1.8625100720342198	0.5058855209425267	0.5254787242233316	1.2400077470942632	2.2874638033559433	-0.2995013473307972	1.8625100720342198	82.34386654912865	66.46978603993956	0.9107530670958255	0.9985988205533682	-0.08784575345754275	1.144175521110671	2.9553219647053988	59.61330025570875	57.40134970767015	1.138654959311147	0.0	0.0	0.0	0.0
2025-09-25 00:00:00+00:00	60.59000015258789	60.630001068115234	59.11000061035156	59.529998779296875	7740100	GM	-0.6508668250436666	2.5714776553351677	0.6252619261881387	0.5637918926679731	0.8564255428384275	1.1181608880452527	1.780617159460885	2.5714776553351677	-28.039902938797518	69.61262838780588	0.9884780609744865	0.9965746686375919	-0.008096607663105382	1.171020159443028	4.447512335295131	60.03846265713925	57.1753419693256	1.1926350844364195	0.0	0.0	0.0	0.0
2025-09-26 00:00:00+00:00	61.2400016784668	61.97999954223633	60.459999084472656	60.650001525878906	8641400	GM	0.09902850823553411	2.5140596771097843	0.5822184938797366	0.5531322111003285	1.0623749084095973	1.0727868035021677	0.9727949509385287	2.5140596771097843	11.644552395963876	72.32299668291562	1.0899609777760304	1.0152519304652796	0.07470904731075079	1.1959473236087883	6.801537348274475	60.578833021290535	56.925059114329585	1.1809549999567963	0.0	0.0	0.0	0.0
2025-09-29 00:00:00+00:00	61.119998931884766	62.13999938964844	60.75	61.849998474121094	9788400	GM	0.9960757330755984	2.288064838927469	0.2911754391487026	0.49959465947956244	1.1428424651136724	-0.19595483881938985	-1.1802741475276999	2.288064838927469	13.273312194783252	71.06279815184381	1.1474763091293738	1.0416968061980985	0.10577950293127536	1.2098081854687632	4.104922304537209	60.97587406466667	56.79613139797982	1.0344817561058943	0.0	0.0	0.0	0.0
2025-09-30 00:00:00+00:00	60.970001220703125	62.060001373291016	60.54999923706055	61.709999084472656	6964800	GM	0.9653144026481689	2.493810330729532	0.29071081598814846	0.5205353961748678	0.793423678766393	-0.24541510766190575	-1.19915390495562	2.493810330729532	-28.846389604021088	69.43419932505132	1.1674958959458053	1.0668566241476398	0.10063927179816545	1.2312506105231706	4.222224308894231	61.2777706180827	56.75333289754231	0.931976210881998	0.0	0.0	0.0	0.0
2025-10-01 00:00:00+00:00	61.34000015258789	61.59000015258789	60.130001068115234	60.939998626708984	8094400	GM	-0.04920878037304823	2.428070943851756	0.10847803830701988	0.527449248633406	0.9816367565627191	0.6068540667162196	0.6563858465589008	2.428070943851756	16.218699747300715	71.18824937796292	1.1993915451865718	1.0933636083554263	0.10602793683114542	1.2475897872338482	4.054282203081796	61.58121290257056	56.82378740260521	0.9492976295720387	0.0	0.0	0.0	0.0
2025-10-02 00:00:00+00:00	59.36000061035156	61.5	59.209999084472656	61.47999954223633	9614600	GM	0.2282350656996714	3.867591540172609	0.6485206169384569	0.7388850726978098	1.1152896741803469	-3.2279092554791804	-3.448274150406168	3.867591540172609	18.780885550504053	53.49619083689034	1.0527640528157676	1.0852436972474946	-0.03247964443172702	1.3220477249690978	1.5395168319767427	61.58470400766384	56.95629597707737	0.5193372359112468	0.0	0.0	0.0	0.0
2025-10-03 00:00:00+00:00	60.130001068115234	60.61000061035156	58.66999816894531	59.31999969482422	13031900	GM	-0.06738698638147948	3.3066345695458277	0.6821058513538764	0.7142385490539543	1.3719493579202469	1.2971705691481992	1.3654777098080293	3.3066345695458277	35.542820294136	57.880158661338555	0.9873121901495168	1.0656573958278992	-0.07834520567838243	1.3661873475717514	2.3837928431654074	61.658819773551635	57.06818027222473	0.6669704286310215	0.0	0.0	0.0	0.0
2025-10-06 00:00:00+00:00	58.189998626708984	59.939998626708984	58.130001068115234	59.939998626708984	8921500	GM	-0.3159860935159727	3.1137063914257315	0.598789496759217	0.5755936596244254	0.9566840813945509	-3.2263469265676816	-2.919586319810505	3.1137063914257315	-31.541064618359567	46.09082436577065	0.7700227902828729	1.006530474718894	-0.236507684436021	1.4114596798880548	-1.8056019661333922	61.65933759968182	57.0666622324715	0.24459303225688694	0.0	0.0	0.0	0.0
2025-10-07 00:00:00+00:00	57.2599983215332	58.65999984741211	56.630001068115234	58.630001068115234	10702900	GM	0.7561478807189567	3.584670211916769	0.5454953466535669	0.6339898661197626	1.0625271764488646	-1.5982133134969945	-2.336692344573536	3.584670211916769	19.967494255450315	41.705347614290886	0.516818560455583	0.9085880918662318	-0.39176953141064874	1.4556410441315417	-2.9162448864914117	61.730898476712326	56.92010135544099	0.07065294119124865	0.0	0.0	0.0	0.0
2025-10-08 00:00:00+00:00	56.400001525878906	57.70000076293945	56.2400016784668	57.33000183105469	5430000	GM	0.12225552143468864	2.5960153643303707	0.4830486555158031	0.5499413321005351	0.5691716508493551	-1.5019155097161194	-1.6221878169765134	2.5960153643303707	-49.266086761531916	38.09560954684902	0.2439457749209808	0.7756596284771816	-0.5317138535562008	1.4559523327273356	-4.2119556678800745	61.86700777213014	56.68999219735228	-0.056015027825335344	0.0	0.0	0.0	0.0
2025-10-09 00:00:00+00:00	55.91999816894531	56.869998931884766	55.90999984741211	56.779998779296875	5441800	GM	0.6737539771937924	1.7170436184808746	0.7356915385578843	0.6582856859156224	0.6250904588070695	-0.8510697587718082	-1.5146189306808087	1.7170436184808746	0.2173112338858195	36.21167964783897	-0.010914319426149177	0.6183448388965155	-0.6292591583226647	1.4205271007091442	-4.540805017010502	62.10780436986061	56.17019550806908	-0.042137726641743534	0.0	0.0	0.0	0.0
2025-10-10 00:00:00+00:00	55.349998474121094	56.54999923706055	55.220001220703125	56.2400016784668	5453700	GM	0.572252360514553	2.408543982173579	0.709661252115068	0.6640378744548914	0.7585139318885449	-1.0193127923612184	-1.5825092065857245	2.408543982173579	0.2186776434268073	34.05779999120753	-0.2559367129385066	0.44348852852951104	-0.6994252414680177	1.414060737541164	-7.6268355047993115	62.37328654353604	55.58971318180576	-0.035337527126488626	0.0	0.0	0.0	0.0
2025-10-13 00:00:00+00:00	55.619998931884766	56.20000076293945	55.349998474121094	55.900001525878906	3315252	GM	0.993682144390603	1.5356862009956118	0.8140041351627237	0.7614934667015091	0.5462842771858839	0.4878057185311589	-0.5008990811288502	1.5356862009956118	-39.21095769844326	35.999710725333884	-0.4234506689121744	0.27010068904117396	-0.6935513579533483	1.373770848346678	-8.20267570256946	62.51000545845132	55.119994083785016	0.06765955054058724	-0.026100000000000012	-0.023721541534691172	-0.9088365018463339	-0.024435079074283824
