timestamp	close	high	low	open	volume	symbol	gap_apertura_pct	volatilidad_diaria	vol_5d	vol_10d	vol_rel_5d	return_pct	close_open_pct	range_pct	volume_change_pct	rsi_14	macd	macd_signal	macd_diff	atr_14	momentum_12	bb_upper	bb_lower	bb_pctb	vader	finbert	sentiment_ratio	sentiment_combined
2025-06-05 00:00:00+00:00	167.8564910888672	170.57076063975376	167.23778374687686	169.98200425737	36379100	GOOGL	0.0	1.9929568654901184	0.0	0.0	0.0	0.0	-1.2504342314287362	1.9929568654901184	0.0	0.0	0.0	0.0	0.0	0.0	0.0	0.0	0.0	0.0	0.0	0.0	0.0	0.0
2025-06-06 00:00:00+00:00	173.31497192382812	174.1332558504034	170.47097086402252	170.47097086402252	35731800	GOOGL	1.5575684670848766	2.148333506765872	0.0	0.0	0.0	3.2518735495734203	1.6683198584433154	2.148333506765872	-1.7793183448738426	0.0	0.0	0.0	0.0	0.0	0.0	0.0	0.0	0.0	0.0	0.0	0.0	0.0
2025-06-09 00:00:00+00:00	175.93264770507812	176.31231302715454	174.21418342483807	174.38402968862113	28935900	GOOGL	0.616829436560652	1.2043391422384853	0.0	0.0	0.0	1.5103575601076562	0.8880503674689707	1.2043391422384853	-19.019192987758803	0.0	0.0	0.0	0.0	0.0	0.0	0.0	0.0	0.0	0.0	0.0	0.0	0.0
2025-06-10 00:00:00+00:00	178.44041442871094	180.94816607880887	174.7537092641778	176.04254985052344	61766100	GOOGL	0.06246830641095714	3.544678302230958	0.0	0.0	0.0	1.4254129386131147	1.3620937553014913	3.544678302230958	113.45836832446892	0.0	0.0	0.0	0.0	0.0	0.0	0.0	0.0	0.0	0.0	0.0	0.0	0.0
2025-06-11 00:00:00+00:00	177.1915283203125	180.20881870896204	176.59205837486806	179.60936400867158	31646800	GOOGL	0.6550923924398574	2.048087760785004	0.8466632851507698	0.0	0.8137110157014539	-0.6998897152289356	-1.3461634930361108	2.048087760785004	-48.76348029096867	0.0	0.0	0.0	0.0	0.0	0.0	0.0	0.0	0.0	0.0	0.0	0.0	0.0
2025-06-12 00:00:00+00:00	175.54299926757812	176.56209210971562	174.59385119423692	176.02256609234394	20941900	GOOGL	-0.6597167703499958	1.1273254481848964	0.9751826070930636	0.0	0.5848957533270958	-0.9303656153099473	-0.2724462183526081	1.1273254481848964	-33.82616883855556	0.0	0.0	0.0	0.0	0.0	0.0	0.0	0.0	0.0	0.0	0.0	0.0	0.0
2025-06-13 00:00:00+00:00	174.513916015625	176.9717245091389	172.2359546046385	172.28591297451578	27663100	GOOGL	-1.855435025407994	2.749582638172852	1.031260868073169	0.0	0.8090811669585584	-0.5862285914259135	1.2932009371182778	2.749582638172852	32.09450909420826	0.0	0.0	0.0	0.0	0.0	0.0	0.0	0.0	0.0	0.0	0.0	0.0	0.0
2025-06-16 00:00:00+00:00	176.61204528808594	176.78189154925582	174.49392932110277	174.57385966373928	27389200	GOOGL	0.03434892155472433	1.3111987546241526	1.0080021270002364	0.0	0.8083840641862118	1.2022704666561277	1.1675205143957783	1.3111987546241526	-0.9901276429612009	0.0	0.0	0.0	0.0	0.0	0.0	0.0	0.0	0.0	0.0	0.0	0.0	0.0
2025-06-17 00:00:00+00:00	175.7927703857422	177.20151408744945	174.4239994778565	175.5429937823964	24973000	GOOGL	-0.6053106422870131	1.5923924562603282	0.6503646759306906	0.0	0.9415672553425731	-0.4638839332885623	0.14228799336498577	1.5923924562603282	-8.82172535159844	0.0	0.0	0.0	0.0	0.0	0.0	0.0	0.0	0.0	0.0	0.0	0.0	0.0
2025-06-18 00:00:00+00:00	173.16513061523438	176.4022256326498	173.04522747911062	175.85271405711507	28707500	GOOGL	0.034099053812818005	1.9399541972022376	0.6403482873871109	0.7453161371533783	1.1069044308565974	-1.4947371070732778	-1.5283150199250222	1.9399541972022376	14.954150482521122	0.0	0.0	0.0	0.0	0.0	0.0	0.0	0.0	0.0	0.0	0.0	0.0	0.0
2025-06-20 00:00:00+00:00	166.4910888671875	174.18420505107113	165.312150640077	173.79455416726213	75659900	GOOGL	0.3634816950684559	5.366849548954611	1.6423651472564262	1.3092397165415175	2.051596944998365	-3.8541487679042694	-4.202355669352956	5.366849548954611	163.55447182791954	0.0	0.0	0.0	0.0	0.0	0.0	0.0	0.0	0.0	0.0	0.0	0.0	0.0
2025-06-23 00:00:00+00:00	165.04238891601562	167.19046158134836	161.85523705575486	166.1214256591391	57671000	GOOGL	-0.2220318279876707	3.2962940357349444	1.6733855755432336	1.344010508086289	1.3449356018593233	-0.8701366307523674	-0.6495470038509861	3.2962940357349444	-23.77600287602812	0.0	0.0	0.0	0.0	0.0	0.0	0.0	0.0	0.0	0.0	0.0	0.0	0.0
2025-06-24 00:00:00+00:00	166.62098693847656	168.06968824197463	165.98155942026995	166.77084680791774	40524300	GOOGL	1.047281188338629	1.2580486826355723	1.6845555097995952	1.3387181504983299	0.8905042153824653	0.9564803520047396	-0.08985975205473246	1.2580486826355723	-29.73192765861525	0.0	0.0	0.0	0.0	0.0	-0.7360478837464319	0.0	0.0	0.0	0.0	0.0	0.0	0.0
2025-06-25 00:00:00+00:00	170.52748107910156	172.2059878377665	167.40028826627824	167.48021861146748	35479000	GOOGL	0.5156803406213049	2.8707833309366686	1.5692500645011453	1.2921569157423012	0.7452265716469005	2.3445390718201913	1.819476050902071	2.8707833309366686	-12.450060827700911	50.08289591233547	0.0	0.0	0.0	4.356700077868737	-1.6083381682406896	0.0	0.0	0.0	0.0	0.0	0.0	0.0
2025-06-26 00:00:00+00:00	173.38491821289062	173.53479332021178	169.78814431449064	172.275909497391	31796700	GOOGL	1.0253059549260666	2.206661142830677	1.5305427512185008	1.2889266274142643	0.6593244582092134	1.6756461279479056	0.6437398698025203	2.206661142830677	-10.378815637419319	56.067252097388646	0.0	0.0	0.0	4.313125001286766	-1.448127749693363	0.0	0.0	0.0	0.0	0.0	0.0	0.0
2025-06-27 00:00:00+00:00	178.37046813964844	178.52032800475203	171.57654142712704	173.3849216100962	108140200	GOOGL	1.959343182581608e-06	4.047048926309192	1.0624834929587776	1.306250510114626	1.9761654493675698	2.8754230634041114	2.8754210477215625	4.047048926309192	240.098815285863	64.14421907125453	0.0	0.0	0.0	4.501029399596638	-0.03919868113198335	0.0	0.0	0.0	0.0	0.0	0.0	0.0
2025-06-30 00:00:00+00:00	176.07252502441406	181.0680572633364	174.4240054836315	180.6184624108643	63378900	GOOGL	1.260295100787587	3.809138404592141	1.1511752914821904	1.3559997000728377	1.1345249930992904	-1.2882979672595167	-2.516873040425577	3.809138404592141	-41.391915309940245	58.78006902154969	0.0	0.0	0.0	4.6541024267472295	-0.6315218941368315	0.0	0.0	0.0	0.0	0.0	0.0	0.0
2025-07-01 00:00:00+00:00	175.682861328125	175.9326379218849	173.37492804100808	175.5829598377131	35904500	GOOGL	-0.2780474617678567	1.4752478399136486	1.0784345595004676	1.3372551094079335	0.6535236893577814	-0.22130863190326375	0.056897030614036545	1.4752478399136486	-43.34944279563072	57.895917513540994	0.0	0.0	0.0	4.514352037937141	0.0796739608702281	0.0	0.0	0.0	0.0	0.0	0.0	0.0
2025-07-02 00:00:00+00:00	178.48036193847656	178.70016656024188	174.91356011283625	175.38312608280393	29128900	GOOGL	-0.17061154574506537	2.164844420845875	1.1254204100688174	1.291955851761428	0.542742441564946	1.592358292210779	1.7659828085230578	2.164844420845875	-18.871172137197288	62.28230208806306	0.0	0.0	0.0	4.4623702100420335	2.2728536574105807	0.0	0.0	0.0	0.0	0.0	0.0	0.0
2025-07-03 00:00:00+00:00	179.36956787109375	179.50944215502514	176.89178830781478	178.34048951535135	21689700	GOOGL	-0.07836852279211914	1.4798051804729928	1.2515106993500351	1.3351833924094596	0.4199487922578107	0.4982093956777738	0.5770301284576307	1.4798051804729928	-25.53889779565998	63.58105548874705	0.0	0.0	0.0	4.330604755554057	1.561344572228807	182.4495835295061	165.3909728059431	0.8194451055643156	0.0	0.0	0.0	0.0
2025-07-07 00:00:00+00:00	176.63201904296875	179.13978593904164	175.52301029591823	178.89999490759814	34175600	GOOGL	-0.26179076477068436	2.060570655110013	0.9557624611735727	0.9940158624692501	0.9272857905681429	-1.5262058445122502	-1.2677338899874209	2.060570655110013	57.56603364730724	57.06620143674982	0.0	0.0	0.0	4.29602995695559	0.4774079476562083	182.48898420922936	166.22912492163002	0.6397899229836848	0.0	0.0	0.0	0.0
2025-07-08 00:00:00+00:00	174.20419311523438	177.7909814447806	172.6555751408571	177.691079951528	40442500	GOOGL	0.5995860287944801	2.974364598266751	0.6167255679826376	0.969067932593484	1.2533221520603541	-1.3745106583103512	-1.9623308256355931	2.974364598266751	18.337351794847788	51.97935957752567	0.0	0.0	0.0	4.355985410310441	0.6000414149825308	182.51983397577413	166.2871972742259	0.48772087902721156	0.0	0.0	0.0	0.0
2025-07-09 00:00:00+00:00	176.46217346191406	179.27966092294577	172.61562283881983	175.09340252603724	43025600	GOOGL	0.5104408768247385	3.8606227956252215	0.9249618524854455	0.9674419656971003	1.2770097523303434	1.29616876970697	0.7817375847004182	3.8606227956252215	6.387092786054274	55.915266228139856	0.0	0.0	0.0	4.520846315582976	5.988959927267128	182.56951186367883	166.29047196200474	0.6248342384653345	0.0	0.0	0.0	0.0
2025-07-10 00:00:00+00:00	177.46127319335938	178.27054693495992	174.22417822695712	175.47306122205768	29252400	GOOGL	-0.5605236637697104	2.3225069844965534	0.9129464701231167	0.9718931183783499	0.8675819671644943	0.5661835122193759	1.133058235523487	2.3225069844965534	-32.01163958201629	57.572330623218775	0.0	0.0	0.0	4.486955057898678	7.524663426717177	182.4348062250115	166.32726347713694	0.6912295618580061	0.0	0.0	0.0	0.0
2025-07-11 00:00:00+00:00	180.02899169921875	181.26787392679407	176.32230010231936	176.6320206592132	34282900	GOOGL	-0.4672864784660009	2.8048487466445273	0.6946217614190352	0.9605958096294516	0.9461057848867694	1.4469176624590223	1.923190952199734	2.8048487466445273	17.196879572274412	61.57031623128337	0.0	0.0	0.0	4.519713541225537	8.047008367375104	182.86454035206103	166.18127568797806	0.8300363442086448	0.0	0.0	0.0	0.0
2025-07-14 00:00:00+00:00	181.3977508544922	183.5058659137902	179.5194259926096	180.84823929966979	32536600	GOOGL	0.4550642608829268	2.220617573356492	0.654281264212775	0.842352164582671	0.9061100590397683	0.7602992953269856	0.30385231117005707	2.220617573356492	-5.093793115518232	63.54248218240317	2.234741459476936	0.0	0.0	4.481622568365183	6.374497357612582	183.6748004332411	165.95649076548938	0.8714860716712008	0.0	0.0	0.0	0.0
2025-07-15 00:00:00+00:00	181.83737182617188	184.05538933948807	181.4377353487915	182.6466456022175	33448300	GOOGL	0.6884841415300128	1.442728540270001	0.8898073627725636	0.7682358925723042	0.9692585968479094	0.2423519418563952	-0.4430816527603337	1.442728540270001	2.802075201465427	64.17833767856845	2.4514625486182524	0.0	0.0	4.351337990981662	4.87496473188222	184.55150429780858	165.8121324819766	0.8551641699459923	0.0	0.0	0.0	0.0
2025-07-16 00:00:00+00:00	182.80650329589844	184.1652886399438	181.86734081977315	183.07626629854497	33104200	GOOGL	0.6813200498505972	1.2635296748787253	0.6428094938952063	0.7953365205446643	1.0178115953079612	0.5329660564237628	-0.14735006787096117	1.2635296748787253	-1.0287518349213562	65.60258722141226	2.67063101150066	0.0	0.0	4.206807906895253	2.486978479406677	185.42257120162702	165.5605113789394	0.8682881871727949	0.0	0.0	0.0	0.0
2025-07-17 00:00:00+00:00	183.41595458984375	183.89552139280437	180.31871865434178	181.9772389358081	31992600	GOOGL	-0.4536295728757888	1.9836003522845942	0.6191636703580785	0.7997845053159334	0.967335209591412	0.3333860026625139	0.7906019799229749	1.9836003522845942	-3.3578820814277344	66.50450660991042	2.8605268504668686	0.0	0.0	4.161807537721491	4.17068453150851	186.38865709800092	165.35674390297567	0.8586575324559483	0.0	0.0	0.0	0.0
2025-07-18 00:00:00+00:00	184.89462280273438	186.25340807875182	183.54583834733725	185.2343153104504	34014500	GOOGL	0.9913863407754693	1.4751463480696483	0.4050029283789497	0.8002785878824275	1.0301418203447446	0.8061829823895281	-0.18338530155533164	1.4751463480696483	6.319898976638348	68.65216829047475	3.0946634837283398	0.0	0.0	4.0672108199491035	5.243403599514728	187.59570790781476	165.3226423119118	0.8787286333149741	0.0	0.0	0.0	0.0
2025-07-21 00:00:00+00:00	189.9301300048828	190.11994741222205	185.98364758555138	186.08356432217508	45803100	GOOGL	0.6430373698369775	2.2240126378680642	0.4061431697255704	0.7978528620149558	1.2839876274579831	2.7234470780260938	2.067117371015098	2.2240126378680642	34.6575725058431	74.62013024630146	3.64452992780852	0.0	0.0	4.149933233487572	6.415141667156113	189.2478931863315	166.0143611471646	1.0293643178058847	0.0	0.0	0.0	0.0
2025-07-22 00:00:00+00:00	191.1690216064453	191.47874216205827	187.29249900550474	191.328882294876	44660200	GOOGL	0.7364562378582185	2.235136579832005	0.44429351370820935	0.7572343991002184	1.1779056898972753	0.6522880816912251	-0.08355282616678124	2.235136579832005	-2.495245954968113	75.83886886396039	4.132632825969665	0.0	0.0	4.152526799420855	6.578291889419832	190.47361476499196	167.40130283754712	1.0301403189953475	0.0	0.0	0.0	0.0
2025-07-23 00:00:00+00:00	190.0600128173828	192.35796066638142	189.01094801184496	191.32888225818212	58681900	GOOGL	0.08362267609754671	1.770803590872792	0.32185422643561734	0.48080235245671044	1.3637293210437444	-0.5801195087693588	-0.6631876096401771	1.770803590872792	31.396411122207248	72.4834525056936	4.379486158153952	0.0	0.0	4.094990074786255	7.602242134336626	191.15441624354656	169.06440394688315	0.9504570929401857	0.0	0.0	0.0	0.0
2025-07-24 00:00:00+00:00	191.99827575683594	197.7731095502254	190.8293230940032	196.85393348830104	74881700	GOOGL	3.5746186534492628	3.6387418577184105	0.8303261956700818	0.7115263284888143	1.4509629075024395	1.0198162731449907	-2.466629772350305	3.6387418577184105	27.606127272634325	74.59875266069517	4.67760035764897	3.5971642160343205	1.0804361416146495	4.353426264647421	10.214497322593694	192.46517315545876	169.9007265027444	0.9793082717334592	0.0	0.0	0.0	0.0
2025-07-25 00:00:00+00:00	193.0073699951172	194.1563515198352	191.08908750710862	191.80844534575607	39785900	GOOGL	-0.09887089367421513	1.6051487045865338	0.8007717265876237	0.6810744568534509	0.7540555272526579	0.5255746356593632	0.6250635352368987	1.6051487045865338	-46.86832697441431	75.64832092106087	4.938357172755531	3.8654028073785627	1.072954365376968	4.261557532367362	9.376058454121946	193.96405886233012	170.36408597409567	0.9594622895651765	0.0	0.0	0.0	0.0
2025-07-28 00:00:00+00:00	192.4079132080078	193.87660084223495	190.6694625759226	193.47694913334269	38139500	GOOGL	0.24329596234453524	1.6820408590784652	0.8480306169778508	0.6817496667324525	0.7444782181634766	-0.3105875113082679	-0.5525391681662825	1.6820408590784652	-4.138149444903847	73.70011591467	5.038556333508296	4.10003351260451	0.9385228209037866	4.186241870506288	8.422479871629672	195.33102187081994	170.4008674724418	0.8827480722300584	0.0	0.0	0.0	0.0
2025-07-29 00:00:00+00:00	195.5750732421875	195.7449194968108	191.90835466905762	192.2580327538162	41389200	GOOGL	-0.07789724013564082	1.999165088132446	0.8511986751214558	0.6597227487344902	0.8183623578465838	1.6460653729744177	1.7253065793192266	1.999165088132446	8.520562671246346	77.06135856137558	5.312291446984119	4.342485099480432	0.9698063475036873	4.161264938881067	8.635321120357203	197.05655298242726	170.6255911826118	0.9439490794372036	0.0	0.0	0.0	0.0
2025-07-30 00:00:00+00:00	196.35438537597656	197.42343657324804	194.51603320447785	195.42522371418744	32445400	GOOGL	-0.0766199523875403	1.494685718638879	0.8891822413366763	0.6351193238515862	0.7157861946852675	0.3984721165483153	0.47545636337509717	1.494685718638879	-21.609018777845428	77.81276569455703	5.528384695314628	4.579665018647272	0.9487196766673565	4.071703398158862	8.245214977048864	198.5998491112984	171.1494474585258	0.9181992393508371	0.0	0.0	0.0	0.0
2025-07-31 00:00:00+00:00	191.728515625	195.8148724632573	190.91924186518514	195.53512388567077	51329200	GOOGL	-0.41723615631862837	2.5642415873037767	0.43156291739488684	0.6584642403034382	1.2637107241547063	-2.355877991784606	-1.946764440590475	2.5642415873037767	58.201778988701015	64.34003678990508	5.265671736574689	4.716866362232755	0.5488053743419332	4.169091977632616	5.439554971286982	199.24266510895475	171.8314468295218	0.7258732024474543	0.0	0.0	0.0	0.0
2025-08-01 00:00:00+00:00	188.96099853515625	190.65947636814528	187.65217158882444	188.86108179697592	34832200	GOOGL	-1.4955698262602017	1.6025952451593863	0.4319546208654092	0.6468252099776023	0.8789994725831565	-1.4434561707329496	0.05290488502429302	1.6025952451593863	-32.139600850977615	57.88294536096809	4.779064246217445	4.729305939029693	0.04975830718775143	4.162467124671397	3.3666719335995845	199.49478988162477	172.53846512325802	0.6092274655060674	0.0	0.0	0.0	0.0
2025-08-04 00:00:00+00:00	194.86570739746094	195.0955128481526	189.95010569222902	190.11995195242244	31547400	GOOGL	0.6133294310733473	2.708820370050513	0.5492634639341442	0.676182947015032	0.823505273478491	3.1248294135184276	2.49619011382147	2.708820370050513	-9.430354671826644	65.77502754804605	4.814387697247128	4.74632229067318	0.06806540657394766	4.3033276381231795	6.24250645655184	200.20924769366152	173.6473761466705	0.7988266645011348	0.0	0.0	0.0	0.0
2025-08-05 00:00:00+00:00	194.4960479736328	197.68319994217242	193.71674617353807	194.5360207683401	31602300	GOOGL	-0.1691865816330517	2.0475533721184167	0.5480423817491159	0.675548103276497	0.8693581797624844	-0.18969957760404876	-0.020547760023783466	2.0475533721184167	0.17402384982597613	64.95442973005524	4.757709447608903	4.748599722060325	0.00910972554857814	4.279265218873978	5.192917471235645	200.2449023547763	175.64090697139557	0.766344681359083	0.0	0.0	0.0	0.0
2025-08-06 00:00:00+00:00	195.91476440429688	196.45429038129967	193.49692881868756	194.32618893507828	21562900	GOOGL	-0.08733289972943906	1.528376486731344	0.5391264489155325	0.6932460441572188	0.6309590692557089	0.7294320092593312	0.8174788369617634	1.528376486731344	-31.76794094100746	66.67291249387773	4.77225846076459	4.753331469801178	0.018926990963412216	4.184843529140987	3.1509663049565684	200.48721455605948	177.34385386435065	0.8024292922418695	0.0	0.0	0.0	0.0
2025-08-07 00:00:00+00:00	196.34439086914062	197.36346840439734	194.15634544876863	196.88390160867925	26321800	GOOGL	0.49467287844750213	1.6518249497413195	0.49086658156745033	0.436214203753607	0.9022558968262783	0.2192925408914854	-0.2740248111351143	1.6518249497413195	22.06985145782803	67.19747760317742	4.763544745067691	4.75537412485448	0.008170620213210356	4.115006345318681	2.707221713646529	200.58981720686913	179.12956298111916	0.8021725980937143	0.0	0.0	0.0	0.0
2025-08-08 00:00:00+00:00	201.24000549316406	202.42894452614235	196.99380337261508	197.04376174071106	39161800	GOOGL	0.3561960025822959	2.759041685817225	0.5761314868311823	0.5007860301062756	1.3036881092863868	2.4933814520254165	2.129599899729288	2.759041685817225	48.78085845192958	72.50771315891878	5.0929657099557915	4.8228924418747425	0.2700732680810489	4.255688296153184	5.882348690843997	201.74661350625615	180.09386806112667	0.9766030587494832	0.0	0.0	0.0	0.0
2025-08-11 00:00:00+00:00	200.8203887939453	201.29995560301907	198.8921207366326	200.76044484845534	25832400	GOOGL	-0.2383028382122643	1.2106235568652155	0.5950521956213496	0.5538239683668493	0.8939709803074726	-0.20851554748789947	0.029858444244445406	1.2106235568652155	-34.03673988427498	71.44018500060507	5.259545866440931	4.91022312678798	0.34932273965295035	4.123698765455562	4.594891804279795	202.6107467723389	181.17199858898923	0.9164896213583934	0.0	0.0	0.0	0.0
2025-08-12 00:00:00+00:00	203.15829467773438	204.31726177746063	200.41075203769518	201.19005382143942	30397900	GOOGL	0.184077438408611	1.9492515746014867	0.5880416380266783	0.5536235416413804	1.0608102637691517	1.164177550810294	0.9782992841394692	1.9492515746014867	17.67354175376659	73.75835426574272	5.516619155084072	5.031502332447198	0.48511682263687383	4.1081852636205545	5.259345631658517	203.70596677289723	182.20887087358716	0.9745234380621417	0.0	0.0	0.0	0.0
2025-08-13 00:00:00+00:00	201.779541015625	204.3472366094903	197.33350521250262	203.94760013613634	28342900	GOOGL	0.38851746597599063	3.5542526797133616	0.933493386351112	0.7221585445957556	0.944405718367978	-0.6786597929936664	-1.0630471351779334	3.5542526797133616	-6.760335417907158	70.14246504631484	5.54517634943582	5.1342371358449235	0.4109392135908969	4.3157242731467775	4.870708096857604	204.24479752686446	183.56734389159257	0.8807756237917908	0.0	0.0	0.0	0.0
2025-08-14 00:00:00+00:00	202.75865173339844	204.2573113073674	201.05017311120625	201.31993610316366	25230400	GOOGL	-0.22777577456465442	1.5951929543413945	0.9424867802242296	0.726541897002283	0.8468543702094581	0.48523785555524634	0.7146414101271776	1.5951929543413945	-10.981586217359549	71.22141941389555	5.582463025067312	5.223882313689401	0.35858071137791114	4.236539553362089	3.673054225225962	204.7125654947804	185.03384563803212	0.9007093055033296	0.0	0.0	0.0	0.0
2025-08-15 00:00:00+00:00	203.71778869628906	206.25552748751167	201.10013480886678	203.66784557245273	34931400	GOOGL	0.4484118587697897	2.563594839727367	0.9179465562952859	0.7227537590262603	1.206736449372992	0.47304366777491047	0.02452185012118756	2.563594839727367	38.44964804362991	72.27824508583763	5.624570770535456	5.304020005058613	0.3205507654768436	4.302171919453718	3.7500579914286924	205.24838714977284	186.38034057239514	0.9188788067059934	0.0	0.0	0.0	0.0
2025-08-18 00:00:00+00:00	203.3181610107422	205.08658368227987	202.30906899226142	204.01753247133055	18526600	GOOGL	0.14713677041152368	1.372906663973968	0.8773117262315685	0.7327872938841425	0.6740416156100741	-0.1961672999222746	-0.3427996859469151	1.372906663973968	-46.962904435550826	71.10658023895601	5.561584365197234	5.355532877086337	0.20605148811089702	4.193267831636914	6.044820901033973	206.051678161143	186.91585266161093	0.8571518563195689	0.0	0.0	0.0	0.0
2025-08-19 00:00:00+00:00	201.389892578125	203.2582167438639	199.7813305987235	202.84857944432244	24240200	GOOGL	-0.2309589876700381	1.7403458745221707	0.8974023022753322	0.7380762310354985	0.9232849476085823	-0.9483995050079707	-0.7191013465281956	1.7403458745221707	30.83998143210303	65.58226070096791	5.295034179892156	5.3434331376475015	-0.04839895775534586	4.146379444521325	6.5774917254453165	206.46396989247165	187.52564802745025	0.7320735516847275	0.0	0.0	0.0	0.0
2025-08-20 00:00:00+00:00	199.1418914794922	201.10013145192505	196.4243208994537	200.55061989251405	28955500	GOOGL	-0.4167402220969814	2.380464155894837	0.5154552726378699	0.7276475665174573	1.0977631117018656	-1.11624325821652	-0.702430345903132	2.380464155894837	19.45239725744837	59.75386888775944	4.846528571800491	5.2440522244781	-0.39752365267760936	4.204893175532037	2.194426171306408	206.40121637767842	188.4965894084544	0.5945559262047638	0.0	0.0	0.0	0.0
2025-08-21 00:00:00+00:00	199.57150268554688	202.29905887913935	199.25178132101763	199.57150268554688	19774600	GOOGL	0.2157312069615093	1.529360258622835	0.5268757346458477	0.736588095613949	0.7820480066567375	0.2157312069615093	0.0	1.529360258622835	-31.706929598867227	60.47676944138299	4.47417517367262	5.090076814317005	-0.6159016406443847	4.130055620111689	2.6095413067735573	206.4606168749139	189.19451160409	0.6010035800599346	0.0	0.0	0.0	0.0
2025-08-22 00:00:00+00:00	205.9058380126953	208.353645687597	201.12012497867053	202.54883983863883	42827000	GOOGL	1.4918648770126102	3.596617051472903	0.9081991706482835	0.8612793180323011	1.5941690198095797	3.173967847067363	1.657377142584894	3.596617051472903	116.57580937161813	69.24764472462203	4.636760655097987	4.999413582473202	-0.3626529273752146	4.462347575964435	5.099704271282226	207.48751620128962	189.45745907947207	0.9122754754514685	0.0	0.0	0.0	0.0
2025-08-25 00:00:00+00:00	208.30369567871094	210.3318804204715	205.0965574752735	206.2455237198617	29928900	GOOGL	0.16497138228078703	2.5526137589262876	0.8125075564630428	0.8012336395288581	1.026888095620417	1.164540883910141	0.9979232139092669	2.5526137589262876	-30.11674877997525	71.79895207238218	4.902583958288943	4.980047657636351	-0.07746369934740738	4.51756010233826	6.090983682615581	208.79191316851794	189.7426403593141	0.9743708069753134	0.0	0.0	0.0	0.0
2025-08-26 00:00:00+00:00	206.95489501953125	207.66426725745978	205.5161793925774	207.32455950181813	28464100	GOOGL	-0.47005223488835013	1.0452159393149718	0.9859706331073467	0.8892945463314059	0.9491190736118216	-0.6475164325745267	-0.1783023116871194	1.0452159393149718	-4.894266077269796	68.36324507998485	4.94738354258331	4.9735148346257425	-0.026131292042432364	4.393985544037922	2.839837691497835	209.76184676399376	189.91068894157266	0.858600099320546	0.0	0.0	0.0	0.0
2025-08-27 00:00:00+00:00	207.29458618164062	208.72331622375268	205.46621968804243	205.51617805576655	23022900	GOOGL	-0.6951838291280458	1.5852223984338973	1.017426037633881	0.7635081326364932	0.7993091117398927	0.16413777604889068	0.8653372900850224	1.5852223984338973	-19.11600928889373	68.76857713023084	4.95320036323767	4.9694519403481285	-0.016251577110458548	4.312779186300231	3.223874541114576	210.67991997330014	190.08663581283267	0.8356098150600826	0.0	0.0	0.0	0.0
2025-08-28 00:00:00+00:00	211.4508819580078	212.0303655105851	206.71511204255788	207.0648053873533	32339300	GOOGL	-0.11084746520393551	2.5712940943248253	0.9873674142151492	0.7689272638343257	1.0326620778096105	2.005018969827441	2.118214422025776	2.5712940943248253	40.465797097672315	73.27954510724621	5.232867331799696	5.022135018638442	0.21073231316125351	4.384384492137874	4.081835444340479	211.93578209870543	190.80301032072816	0.9770545886837742	0.0	0.0	0.0	0.0
2025-08-29 00:00:00+00:00	212.71974182128906	214.45817715575657	210.01215683893824	210.3218773757616	39728400	GOOGL	-0.533932311746243	2.1170299775684223	0.6568483781877331	0.7513765190436729	1.2942229658413016	0.6000731004438344	1.140092735689797	2.1170299775684223	22.848670193850825	74.49088298315579	5.493565403592413	5.116421095629237	0.3771443079631762	4.3887870510436215	5.42185830664413	212.6060215700057	192.50864517804118	1.0056584625309015	0.0	0.0	0.0	0.0
2025-09-02 00:00:00+00:00	211.16114807128906	211.4908397743193	206.01574085860813	208.25374472878948	47523000	GOOGL	-2.0994746675894183	2.65761193435643	0.681187903783331	0.7325059433498953	1.3889302930773562	-0.7326982143995886	1.3960869449362903	2.65761193435643	19.619717884435318	70.27648601387932	5.510879030739517	5.195312682651293	0.3155663480882236	4.55415947330343	4.144087695423635	213.4365787684447	193.30763204698502	0.8869572894874937	0.0	0.0	0.0	0.0
2025-09-03 00:00:00+00:00	230.45388793945312	231.1033010071871	224.5891229524102	226.00786746880672	103336100	GOOGL	7.0309900912763235	2.90048688429013	0.5206867121128725	0.7472853298453355	2.1007567807563903	9.136500745700973	1.967197213282868	2.90048688429013	117.44439534541169	83.05565756004883	7.000663781882196	5.556382902497473	1.4442808793847224	5.653301863488759	13.124086715384168	219.97849737674605	190.36149743526565	1.353695194766694	0.0	0.0	0.0	0.0
2025-09-04 00:00:00+00:00	232.09242248535156	232.16235200669	225.90795135774627	229.4447813472723	51684200	GOOGL	-0.4378778770900733	2.768561536392899	0.2983553498514409	0.7622267003454286	0.941043876610915	0.711003212203965	1.1539339106048172	2.768561536392899	-49.984371386185465	83.696753491662	8.218803721260741	6.088867066250127	2.1299366550106145	5.696237491021257	14.152332153490757	225.25550387100458	188.70225674911262	1.187039980102132	0.0	0.0	0.0	0.0
2025-09-05 00:00:00+00:00	234.79000854492188	235.54932393536487	231.69277254690593	231.9925075217388	46588900	GOOGL	-0.043049644853907935	1.66451087190395	0.5175334354388251	0.7474610359907573	0.8064253138018823	1.162289587347717	1.2058583499387148	1.66451087190395	-9.858525429434914	84.72164808035883	9.294717334115518	6.730037119823206	2.564680214292312	5.564831340838235	16.584802513780573	230.1456336798663	187.656688707829	1.109307841560013	0.0	0.0	0.0	0.0
2025-09-08 00:00:00+00:00	234.0399932861328	238.1300048828125	233.6699981689453	235.47000122070312	32474700	GOOGL	0.2896173819300954	1.9086775147927064	0.5552082094334044	0.6119453396986233	0.576596312093205	-0.31944087546023653	-0.6072994127307043	1.9086775147927064	-30.295199071023355	83.15641033491197	9.971916613182486	7.3784130184950625	2.593503594687424	5.485915296054588	17.524239399038983	234.1043253470802	186.977995819912	0.9986349019413809	0.0	0.0	0.0	0.0
2025-09-09 00:00:00+00:00	239.6300048828125	240.47000122070312	233.22999572753906	234.1699981689453	38061000	GOOGL	0.0555481484113523	3.1042342862373022	0.6404303739756232	0.671516356790968	0.699278215391874	2.3884856251236712	2.3316422925912086	3.1042342862373022	17.20200648504836	85.33159486760157	10.834772624571968	8.069684939710443	2.765087684861525	5.611207452990979	20.07225563680976	238.75890080293985	186.20438197293905	1.016575246035273	0.0	0.0	0.0	0.0
2025-09-10 00:00:00+00:00	239.1699981689453	241.66000366210938	237.85000610351562	238.89999389648438	35141100	GOOGL	-0.30464089281520734	1.6018488378493405	0.6837116487362769	0.5788629895650352	0.8615130480573906	-0.19196540687471378	0.11301979043914527	1.6018488378493405	-7.671632379601166	84.36606570575526	11.350630529545043	8.725874057677364	2.624756471867679	5.482549603391178	16.155034979726544	242.61232810199596	185.95212502300404	0.9392460713871502	0.0	0.0	0.0	0.0
2025-09-11 00:00:00+00:00	240.3699951171875	242.25	236.25	239.8800048828125	30599300	GOOGL	0.2968627835024909	2.5396825396825395	0.6434031695761075	0.5264334035183005	0.836663658983403	0.5017338953168079	0.2042647258634052	2.5396825396825395	-12.924467361579461	84.84771864306819	11.721167043220817	9.324932654786055	2.3962343884347614	5.5195103460060935	15.394013694282144	246.08738024361412	186.3361182915421	0.9043135669500557	0.0	0.0	0.0	0.0
2025-09-12 00:00:00+00:00	240.8000030517578	242.0800018310547	238.0	240.3699951171875	26771600	GOOGL	0.0	1.714286483636423	0.634064017864671	0.5610645746764427	0.8209744755675793	0.17889418118125386	0.17889418118125386	1.714286483636423	-12.509109685515682	85.02574818485103	11.912201502639391	9.842386424356723	2.0698150782826676	5.41668830922385	16.35385721561814	249.14285420646704	187.08477946052514	0.8655638095628356	0.0	0.0	0.0	0.0
2025-09-15 00:00:00+00:00	251.61000061035156	252.41000366210938	244.66000366210938	244.66000366210938	58383800	GOOGL	1.6029902663754907	3.167661196761539	0.7430926959888927	0.6188666945241531	1.5448980931091127	4.489201587040776	2.8406755678139217	3.167661196761539	118.08110086808409	88.63941781467831	12.788456778907715	10.431600495266922	2.356856283640793	5.859067759304401	21.377989288094494	254.0168481763806	187.00000668201787	0.9640859295609823	0.0	0.0	0.0	0.0
2025-09-16 00:00:00+00:00	251.16000366210938	253.0399932861328	249.47000122070312	252.0800018310547	34109700	GOOGL	0.1867975118488945	1.4310306040650387	0.7377765316064211	0.6811601952121906	0.9218563772428388	-0.17884700415348836	-0.3649627746202176	1.4310306040650387	-41.576773008951115	87.69072495877822	13.293346976364631	11.003949791486464	2.289397184878167	5.695562352599064	18.779359696398632	257.95374502094927	187.84729410258583	0.903093919748541	0.0	0.0	0.0	0.0
2025-09-17 00:00:00+00:00	249.52999877929688	251.60000610351562	246.27999877929688	251.22000122070312	34108000	GOOGL	0.02388818192345065	2.16014591139667	0.6856638238286598	0.6455410027385933	0.9269868741180742	-0.6489906271085178	-0.6727181089062809	2.16014591139667	-0.004983919530221609	84.17631310332175	13.407396206212042	11.48463907443158	1.922757131780461	5.668736993429042	17.3045795575161	260.73122223496296	189.88382750868936	0.8418964663564102	0.0	0.0	0.0	0.0
2025-09-18 00:00:00+00:00	252.02999877929688	253.99000549316406	249.8000030517578	251.67999267578125	31239500	GOOGL	0.8616174035194829	1.6773428303514046	0.6881165152489398	0.6319788497582104	0.8460825534118473	1.0018835459584112	0.13906790913114386	1.6773428303514046	-8.41005042805207	85.15875126812583	13.543390375394921	11.89638933462425	1.6470010407706717	5.5823991163174815	19.354341971189832	263.0625677149402	192.84129275869256	0.8428885128827791	0.0	0.0	0.0	0.0
2025-09-19 00:00:00+00:00	254.72000122070312	256.0	251.80999755859375	253.25	55571400	GOOGL	0.4840698435155262	1.6639539660975045	0.6942324464709375	0.6320212131581622	1.3019721440741026	1.0673342278439995	0.5804545787574038	1.6639539660975045	77.88825045215192	86.15482896986285	13.71018497192793	12.259148462084985	1.451036509842945	5.482942210966679	10.529704444658972	265.1267851439565	196.29192518319192	0.8488152089045408	0.0	0.0	0.0	0.0
2025-09-22 00:00:00+00:00	252.52999877929688	255.77999877929688	250.3000030517578	254.42999267578125	32290500	GOOGL	-0.113853856600211	2.189371019067024	0.3346779719111227	0.6289593920210688	0.8619115722849405	-0.8597685422860508	-0.7467649063314351	2.189371019067024	-41.893671924767055	81.36690568743785	13.509922025487697	12.509303174765527	1.0006188507221694	5.482731747864706	8.805792138791272	266.7304217313298	199.35070467247877	0.7892478096987269	0.0	0.0	0.0	0.0
2025-09-23 00:00:00+00:00	251.66000366210938	254.36000061035156	250.47999572753906	253.0399932861328	26628000	GOOGL	0.20195402894752965	1.5490278461330684	0.3026344323504179	0.5468240726193574	0.7403354363441642	-0.34451159125369807	-0.5453642351558916	1.5490278461330684	-17.536117433920193	79.47731540441326	13.129660311373016	12.633374602087027	0.4962857092859885	5.368251257503835	7.185141830240957	267.8145599621507	202.60219723999774	0.7522777027897264	0.0	0.0	0.0	0.0
2025-09-24 00:00:00+00:00	247.13999938964844	252.35000610351562	246.44000244140625	251.66000366210938	28201000	GOOGL	0.0	2.3981511132773754	0.37425504785044666	0.545325294222009	0.8106978423553329	-1.7960757397626477	-1.7960757397626477	2.3981511132773754	5.907315607631065	70.33794580367726	12.321538567054091	12.571007395080441	-0.24946882802634995	5.406947857832803	5.597336557559976	267.48040773158294	206.9548599075772	0.6639368155563053	0.0	0.0	0.0	0.0
2025-09-25 00:00:00+00:00	245.7899932861328	246.49000549316406	240.74000549316406	244.39999389648438	31020400	GOOGL	-1.108685562810934	2.388468833096905	0.40449178127588103	0.5321465992668922	0.8928722541366049	-0.5462515605930566	0.5687395353361473	2.388468833096905	9.997517818517073	67.82911834756544	11.44028556177102	12.344863028418558	-0.9045774666475381	5.477879717736486	2.5706248290287204	266.2834401635777	212.00136818603164	0.6224638056203514	0.0	0.0	0.0	0.0
2025-09-26 00:00:00+00:00	246.5399932861328	249.4199981689453	245.97000122070312	247.07000732421875	18503200	GOOGL	0.5207754884454665	1.40260882673517	0.4755255702548885	0.5612791831392587	0.6770630935627192	0.3051385412289338	-0.21451978078036163	1.40260882673517	-40.35151061881858	68.50129591454382	10.679300608209985	12.011750544376845	-1.33244993616686	5.345888658099058	3.081488135473192	265.0195495083417	216.7741699740802	0.616967336549076	0.0	0.0	0.0	0.0
2025-09-29 00:00:00+00:00	244.0500030517578	251.14999389648438	242.77000427246094	247.85000610351562	32505800	GOOGL	0.5313591518851141	3.451822497238403	0.8207032568993109	0.6298158669067302	1.187570510834556	-1.009974163293309	-1.5331865879279925	3.451822497238403	75.67663971637339	63.73970414895266	9.762754194464605	11.5619512743944	-1.7991970799297938	5.5626101556650855	1.5309764152452554	262.84195902961164	222.0847865758571	0.5389288597196905	0.0	0.0	0.0	0.0
2025-09-30 00:00:00+00:00	243.10000610351562	243.2899932861328	239.25	242.80999755859375	34724300	GOOGL	-0.5080948484565615	1.6886074341202977	0.793325909807175	0.6074123585195415	1.1977638531210095	-0.38926323964876713	0.11943846951849317	1.6886074341202977	6.8249358576007975	61.96982786264913	8.857622584468544	11.02108553640923	-2.1634629519406854	5.508138219671709	0.955150756897394	258.52410068085146	229.5965307278399	0.46680296331873244	0.0	0.0	0.0	0.0
2025-10-01 00:00:00+00:00	244.89999389648438	246.3000030517578	238.61000061035156	240.75	31658200	GOOGL	-0.9666828648761765	3.2228332516389244	0.9054863899656481	0.7115126158458637	1.0665654169241146	0.7404309945604396	1.7237773194119936	3.2228332516389244	-8.829839622396996	64.0090218859535	8.191121089073476	10.455092646942079	-2.2639715578686026	5.663985664081319	-2.6668283047534516	257.8297744335936	231.73546757080086	0.5044980269031207	0.0	0.0	0.0	0.0
2025-10-02 00:00:00+00:00	245.69000244140625	246.80999755859375	242.3000030517578	245.14999389648438	25483300	GOOGL	0.10208248519012676	1.8613266405417896	0.9416244580396147	0.6998357148848033	0.8918052728682735	0.32258414234824356	0.22027679313338916	1.8613266405417896	-19.504899204629446	64.89863499940338	7.63860782317002	9.891795682187666	-2.253187859017647	5.581557724278078	-2.177895023469592	257.13878842533614	233.78621157466387	0.5097420701304617	0.0	0.0	0.0	0.0
2025-10-03 00:00:00+00:00	245.35000610351562	246.3000030517578	241.66000366210938	244.49000549316406	30249600	GOOGL	-0.4884191201586929	1.9200526853157363	0.8375259145957021	0.6832774282793559	0.9781841041202629	-0.1383842787708505	0.3517528696589637	1.9200526853157363	18.703621587471012	64.16357429033215	7.091555182494602	9.331747582249054	-2.240192399754452	5.514303557518817	-1.6751463536367626	256.59439973179803	235.38660002406132	0.46979914072932333	0.0	0.0	0.0	0.0
2025-10-06 00:00:00+00:00	250.42999267578125	251.32000732421875	244.5800018310547	244.77999877929688	28894700	GOOGL	-0.23232415326627634	2.755746766990282	0.6650925496776924	0.7047686246985038	0.9567141535566164	2.0705059897664433	2.3081926320208166	2.755746766990282	-4.479067491801544	69.68787206730727	6.987378336647623	8.862873733128769	-1.8754953964811456	5.601853695779192	-0.6348474829445813	256.0368773805357	237.58312231428852	0.6961656484208071	0.0	0.0	0.0	0.0
2025-10-07 00:00:00+00:00	245.75999450683594	250.44000244140625	245.52000427246094	248.27000427246094	23181300	GOOGL	-0.8625118661871853	2.003909287768439	0.606189941981647	0.6671817015429125	0.8310669684821725	-1.8647918801767953	-1.0110000090346878	2.003909287768439	-19.77317639567118	60.46077789235029	6.453594591106395	8.381017904724294	-1.9274233136178989	5.553149729576772	-3.5175905586243132	255.75765307033475	238.47534558689182	0.4215090448380849	0.0	0.0	0.0	0.0
2025-10-08 00:00:00+00:00	244.6199951171875	246.00999450683594	243.82000732421875	244.9600067138672	21307100	GOOGL	-0.3255158735554488	0.8981983089292012	0.6610343273147932	0.8003241442334958	0.8251146256079804	-0.46386694951554774	-0.13880290143723262	0.8981983089292012	-8.084965036473363	58.427043411705526	5.870902593105171	7.87899484240047	-2.0080922492952986	5.312923833365373	-3.1323025780483467	255.3256007056551	239.45239764639567	0.32555480147892285	0.0	0.0	0.0	0.0
2025-10-09 00:00:00+00:00	241.52999877929688	244.75999450683594	239.14999389648438	244.47000122070312	27892100	GOOGL	-0.06131710386655801	2.345808385334871	0.691004082892261	0.7990799262559041	1.0603361495322554	-1.263182241668484	-1.2026025388497743	2.345808385334871	30.905191227337365	53.203132585436	5.100977216228614	7.3233913171661	-2.2224141009374856	5.334143603150101	-4.025274074307621	255.19222248628068	239.70177623198106	0.11802258742599908	0.0	0.0	0.0	0.0
2025-10-10 00:00:00+00:00	236.57000732421875	244.08999633789062	235.83999633789062	241.42999267578125	33073600	GOOGL	-0.04140525153026962	3.4981343826770295	0.961515284299244	0.8527843426834698	1.2308855754573171	-2.053571597791636	-2.0129998339058988	3.4981343826770295	18.576944726284502	46.080981074658695	4.043959699852081	6.667504993703297	-2.6235452938512154	5.54241906006795	-4.276924856977407	255.87464489010145	238.59635425540634	-0.11727704864037009	0.0	0.0	0.0	0.0
2025-10-13 00:00:00+00:00	244.14999389648438	244.39500427246094	239.7100067138672	240.2100067138672	24450526	GOOGL	1.5386563287626842	1.9544438810959006	0.9329937351333907	0.7679165817813615	0.9410952770842819	3.2041198535692934	1.6402260823839918	1.9544438810959006	-26.072377969135502	55.81553024175329	3.7743983557508898	6.088883666112816	-2.314485310361926	5.7054603377946815	-0.6672360284982214	255.35691693356034	238.36808154056075	0.3403360043329465	0.273	-0.15227559142500544	-0.5577840060109869	-0.0246929139975038
