timestamp	close	high	low	open	volume	symbol	gap_apertura_pct	volatilidad_diaria	vol_5d	vol_10d	vol_rel_5d	return_pct	close_open_pct	range_pct	volume_change_pct	rsi_14	macd	macd_signal	macd_diff	atr_14	momentum_12	bb_upper	bb_lower	bb_pctb	vader	finbert	sentiment_ratio	sentiment_combined
2025-06-05 00:00:00+00:00	265.0678405761719	265.71349963790925	263.31968077572793	263.4190152708131	2658400	IBM	0.0	0.9090922695672564	0.0	0.0	0.0	0.0	0.6259325294583199	0.9090922695672564	0.0	0.0	0.0	0.0	0.0	0.0	0.0	0.0	0.0	0.0	0.0	0.0	0.0	0.0
2025-06-06 00:00:00+00:00	267.0643310546875	268.3556187653661	265.7333337991607	266.1902360659523	2495200	IBM	0.423437067031866	0.9868106980463849	0.0	0.0	0.0	0.7531998126124616	0.32837229556331704	0.9868106980463849	-6.139030996087872	0.0	0.0	0.0	0.0	0.0	0.0	0.0	0.0	0.0	0.0	0.0	0.0	0.0
2025-06-09 00:00:00+00:00	270.2527770996094	271.6334568169306	264.9188452962652	266.29952501358645	4331500	IBM	-0.28637521082680334	2.5345918721472236	0.0	0.0	0.0	1.1938868932178623	1.4845133823731889	2.5345918721472236	73.59329913433793	0.0	0.0	0.0	0.0	0.0	0.0	0.0	0.0	0.0	0.0	0.0	0.0	0.0
2025-06-10 00:00:00+00:00	274.38482666015625	275.6065771785638	270.7295479599283	271.3553218763656	5163500	IBM	0.40796797301730314	1.8014395751723926	0.0	0.0	0.0	1.528957298752897	1.116434630005497	1.8014395751723926	19.208126515064066	0.0	0.0	0.0	0.0	0.0	0.0	0.0	0.0	0.0	0.0	0.0	0.0	0.0
2025-06-11 00:00:00+00:00	279.62939453125	279.857860840402	273.26243831880254	274.8417870834885	4656000	IBM	0.16653997558626799	2.4135854756243114	0.7658290641940144	0.0	1.2059301928037878	1.911391360422963	1.7419503411637962	2.4135854756243114	-9.828604628643362	0.0	0.0	0.0	0.0	0.0	0.0	0.0	0.0	0.0	0.0	0.0	0.0	0.0
2025-06-12 00:00:00+00:00	279.1426696777344	281.1590354790967	277.9507164607412	279.6393117993766	3418000	IBM	0.003546575689316483	1.1542762181757684	0.7056843026398458	0.0	0.8517658316803062	-0.17406068998273036	-0.17760096691933008	1.1542762181757684	-26.5893470790378	0.0	0.0	0.0	0.0	0.0	0.0	0.0	0.0	0.0	0.0	0.0	0.0	0.0
2025-06-13 00:00:00+00:00	275.3582763671875	277.960676397425	273.97759663255977	276.34161812953323	3243800	IBM	-1.0034480043609644	1.4537976147761729	0.5973569254382042	0.0	0.7792800584255842	-1.355720110764827	-0.3558428039184442	1.4537976147761729	-5.096547688706846	0.0	0.0	0.0	0.0	0.0	0.0	0.0	0.0	0.0	0.0	0.0	0.0	0.0
2025-06-16 00:00:00+00:00	279.9372863769531	282.5893686576239	276.79853482725844	277.43422098363965	3685300	IBM	0.7539067442751917	2.0920753189605312	0.49929285269031654	0.0	0.9137137643430226	1.6629280478424995	0.9022194105827642	2.0920753189605312	13.610580183735124	0.0	0.0	0.0	0.0	0.0	0.0	0.0	0.0	0.0	0.0	0.0	0.0	0.0
2025-06-17 00:00:00+00:00	281.14910888671875	282.8774441806734	279.1128881975189	279.26187477993795	3069600	IBM	-0.24127246704309552	1.3487574892960466	0.5348942139255437	0.0	0.8492366940191559	0.4328907111480069	0.6757936822804619	1.3487574892960466	-16.706916668927903	0.0	0.0	0.0	0.0	0.0	0.0	0.0	0.0	0.0	0.0	0.0	0.0	0.0
2025-06-18 00:00:00+00:00	281.30804443359375	284.9832085511898	281.0398685791178	283.0860318580638	3534100	IBM	0.6889308591497156	1.4031247566435183	0.35496890339241055	0.5766213652708734	1.042458173065578	0.05653069558155301	-0.6280731736567999	1.4031247566435183	15.132264790200677	0.0	0.0	0.0	0.0	0.0	0.0	0.0	0.0	0.0	0.0	0.0	0.0	0.0
2025-06-20 00:00:00+00:00	279.0830993652344	282.21193894167686	275.33842835431756	277.40444642280875	7677000	IBM	-1.3876595739182624	2.4963862212920644	0.5105810568319742	0.5807720754687804	1.8097766126979038	-0.790928347903894	0.6051283474624243	2.4963862212920644	117.22645086443508	0.0	0.0	0.0	0.0	0.0	0.0	0.0	0.0	0.0	0.0	0.0	0.0	0.0
2025-06-23 00:00:00+00:00	287.2379455566406	287.63525321267264	278.3281842054671	279.7585160172872	3786200	IBM	0.24201273871081597	3.343918990372491	0.8288137836896131	0.6953056618186495	0.8703027739722878	2.9220136260326006	2.673530602689943	3.343918990372491	-50.68125569884069	0.0	0.0	0.0	0.0	0.0	0.0	0.0	0.0	0.0	0.0	0.0	0.0	0.0
2025-06-24 00:00:00+00:00	291.8169860839844	292.3632802922933	286.4731120094533	288.5093325814733	4219100	IBM	0.44262502378258084	2.056098124366259	0.8294556283568697	0.6707812587601416	0.9465808130664991	1.5941628180322736	1.1464632609681737	2.056098124366259	11.433627383656436	0.0	0.0	0.0	0.0	0.0	10.091433743779893	0.0	0.0	0.0	0.0	0.0	0.0	0.0
2025-06-25 00:00:00+00:00	289.1053161621094	294.1710719834285	287.55579513148894	292.51227392093307	3862300	IBM	0.23826160576841518	2.3005193996923667	0.7053733236888415	0.676517122794359	0.8367672355895263	-0.9292364910843766	-1.1647230091085357	2.3005193996923667	-8.456779881965348	75.87839855823702	0.0	0.0	0.0	5.453131157938019	8.253062106938003	0.0	0.0	0.0	0.0	0.0	0.0	0.0
2025-06-26 00:00:00+00:00	289.969482421875	290.9429119618432	288.22132264236177	289.84035061107363	3621100	IBM	0.2542445288526284	0.9442706370682058	0.8660364408408405	0.7352308605460345	0.7815649861648903	0.2989105393278424	0.044552737577469234	0.9442706370682058	-6.244983559019237	76.62639132553433	0.0	0.0	0.0	5.2580210266196925	7.295653178430974	0.0	0.0	0.0	0.0	0.0	0.0	0.0
2025-06-27 00:00:00+00:00	287.75445556640625	291.1514706816667	286.5823571292194	291.00248410865163	3562500	IBM	0.35624496693542407	1.5943457225411377	0.8898396236088519	0.7007009269368145	0.9349804736709498	-0.7638827496495372	-1.1161514831030317	1.5943457225411377	-1.6182927839606749	70.58457601956343	0.0	0.0	0.0	5.2088133498930915	4.872583177789626	0.0	0.0	0.0	0.0	0.0	0.0	0.0
2025-06-30 00:00:00+00:00	292.80035400390625	292.8301513213436	288.05245611221704	288.97620326540726	3495400	IBM	0.42457994146299727	1.6586198477909455	0.5174097486627828	0.6889964371886222	0.9315899447772968	1.7535431128487038	1.3233445160142594	1.6586198477909455	-1.8835087719298247	75.35228674184376	0.0	0.0	0.0	5.199304950253394	4.710148407228457	0.0	0.0	0.0	0.0	0.0	0.0	0.0
2025-07-01 00:00:00+00:00	289.244384765625	293.12809949512854	288.13188094670625	292.5718627419839	3272800	IBM	-0.07803653882169857	1.734004072026451	0.482543072096031	0.6885845035915805	0.9185981890749463	-1.2144688999364428	-1.137319886189257	1.734004072026451	-6.3683698575270355	67.09852493963622	0.0	0.0	0.0	5.18479877869403	3.618835880430924	0.0	0.0	0.0	0.0	0.0	0.0	0.0
2025-07-02 00:00:00+00:00	285.7182312011719	288.2411818846059	284.97326795435185	288.05245543706764	3257500	IBM	-0.4120838264580956	1.1467440275055978	0.34886413368547353	0.7088281709571328	0.9464359387075593	-1.2190914500588734	-0.810346932246766	1.1467440275055978	-0.4674896113419702	60.07178411439595	0.0	0.0	0.0	5.119535781021109	3.7623546205560494	0.0	0.0	0.0	0.0	0.0	0.0	0.0
2025-07-03 00:00:00+00:00	290.00921630859375	290.3568718737525	285.9665419600921	286.00628181935826	1853300	IBM	0.100816324172039	1.5352599935530418	0.22866017726235055	0.7003847629169706	0.6001036168765987	1.5018240486028445	1.3995967024821299	1.5352599935530418	-43.10667689946278	64.89025370237661	0.0	0.0	0.0	5.085186130418216	3.59792368569228	297.89430319929124	265.7090995106697	0.7550089486155678	0.0	0.0	0.0	0.0
2025-07-07 00:00:00+00:00	290.505859375	293.2373911900472	288.4100137470683	290.5356566913862	4488100	IBM	0.1815253975350403	1.6737898175797892	0.23654377778631488	0.6676198352535416	1.3710736782936501	0.17125078738110885	-0.0102559929220086	1.6737898175797892	142.16802460475907	65.41054314382234	0.0	0.0	0.0	5.06677122417255	3.3280384651872734	297.6217623218808	268.525442267963	0.7554363254977103	0.0	0.0	0.0	0.0
2025-07-08 00:00:00+00:00	288.4696350097656	293.62475255454933	287.5458575883251	291.13162961505077	2925300	IBM	0.21540709760452473	2.1140610465435095	0.34963600294496283	0.41794236238275684	0.9259036525922644	-0.7009236817512555	-0.914361180475296	2.1140610465435095	-34.82097101223235	61.39350733951855	0.0	0.0	0.0	5.139065777176243	2.545817909541672	296.85729230580796	271.4304426795436	0.6701259723745562	0.0	0.0	0.0	0.0
2025-07-09 00:00:00+00:00	288.1915283203125	289.6417149458402	286.69165929100484	289.43313372533356	2971300	IBM	0.3340035132416344	1.028999470068613	0.4344963047944498	0.4397290128410028	0.958762221290052	-0.09640761303827011	-0.4289783236080087	1.028999470068613	1.5724882917991319	60.84390883405587	0.0	0.0	0.0	4.982707911294751	3.2636977931644577	296.1357325297709	273.94587757765095	0.6419893583531767	0.0	0.0	0.0	0.0
2025-07-10 00:00:00+00:00	285.49969482421875	286.9598239359895	280.314749642893	286.9598239359895	3487800	IBM	-0.42739090614558556	2.370576040526589	0.5218402263205376	0.4529653051922138	1.1089419934120999	-0.9340432426250548	-0.508827016877616	2.370576040526589	17.38296368592872	55.65092548094704	0.0	0.0	0.0	5.1894272517322335	-0.6051605504465316	295.5561746404159	275.63692228341216	0.49513768709992595	0.0	0.0	0.0	0.0
2025-07-11 00:00:00+00:00	281.68548583984375	285.499693844463	281.02000234610693	283.0959628575657	3790700	IBM	-0.8419385415220835	1.5940827916010258	0.516579237415321	0.3944520623315883	1.0730501834322206	-1.3359765539236026	-0.4982328265951386	1.5940827916010258	8.684557600779861	49.23819584747384	0.0	0.0	0.0	5.138731910759347	-3.4718678923045276	295.45075166862136	275.94795438606616	0.2941901805496219	0.0	0.0	0.0	0.0
2025-07-14 00:00:00+00:00	281.8841552734375	283.01648359394477	279.81810698889365	280.93058053628	2857100	IBM	-0.2679958114678908	1.143019885120612	0.5874477859903832	0.4254963280639248	0.8910505108469206	0.0705288144333806	0.3394342955961546	1.143019885120612	-24.628696546811934	49.56419818989857	3.13649011174698	0.0	0.0	5.00013510320876	-2.4977613641053797	295.2877629534421	276.38509166081576	0.2909146293395498	0.0	0.0	0.0	0.0
2025-07-15 00:00:00+00:00	280.8014831542969	282.2417271987394	278.84471187483865	281.8642743154991	2864100	IBM	-0.007052882386787867	1.218246278030734	0.5457119875268328	0.4412427662221475	0.8966564397971323	-0.38408406392703953	-0.37705777498165133	1.218246278030734	0.24500367505512582	47.763941585907894	2.5272667313386705	0.0	0.0	4.885626547543902	-3.1617117742892864	294.60230671402985	277.61486857893885	0.18758653011812434	0.0	0.0	0.0	0.0
2025-07-16 00:00:00+00:00	280.0267333984375	281.9636196664438	277.9904823216526	280.85114605992345	2804800	IBM	0.017686126536335604	1.4292350269006633	0.49131469810887063	0.4380864888379608	0.887342212660951	-0.2759065754056789	-0.29354078594717614	1.4292350269006633	-2.0704584337139065	46.463393448271674	1.9593508062625915	0.0	0.0	4.820448747347277	-2.6855265030589224	294.59386078154847	277.6322592135687	0.14117028838768925	0.0	0.0	0.0	0.0
2025-07-17 00:00:00+00:00	280.1061706542969	281.5563572346867	279.0135518693603	279.6095285077467	3337200	IBM	-0.14898752187963052	0.9113555052397524	0.2632628025010267	0.46611969642714446	1.0659324513380053	0.028367740070855053	0.17761989342806928	0.9113555052397524	18.981745579007416	46.623873404091846	1.4984105229095803	0.0	0.0	4.657759934345784	-4.335439891387571	294.6749415585183	277.4468846133567	0.15435786225950565	0.0	0.0	0.0	0.0
2025-07-18 00:00:00+00:00	283.9501647949219	285.23150996991046	280.32468333093567	281.4768967029044	4478200	IBM	0.48935946159474936	1.7504083410243492	0.31681406665486284	0.472750682137292	1.3702008395853476	1.3723346871101973	0.8786753445800451	1.7504083410243492	34.190339206520434	53.835328062816636	1.42684247710838	0.0	0.0	4.691158461579199	-1.8303622298469289	294.5897314434088	277.79630676459897	0.36644449527248124	0.0	0.0	0.0	0.0
2025-07-21 00:00:00+00:00	282.7979736328125	285.79771171507707	282.4702031408609	284.36737985220583	3051800	IBM	0.14693249344837697	1.1780033919389392	0.3131087002358635	0.4811465218437755	0.922768972127648	-0.40577231675196435	-0.5518938987337423	1.1780033919389392	-31.85208342637667	51.58559608271343	1.2625976479265546	0.0	0.0	4.593754898196124	-1.0220760348692084	294.2883677515384	278.4691578832273	0.2736429812627149	0.0	0.0	0.0	0.0
2025-07-22 00:00:00+00:00	280.0664367675781	282.96684030284115	279.36121339197433	282.8277659487784	4824200	IBM	0.010534840679083075	1.2906684027777788	0.31019028132495197	0.42678659721668444	1.304105708199522	-0.9658969016450689	-0.9763288876313362	1.2906684027777788	58.07720034078249	46.61243611518274	0.901626847803243	0.0	0.0	4.523174327672602	-3.428435712344978	294.37895510213536	277.661419653724	0.14386194192772955	0.0	0.0	0.0	0.0
2025-07-23 00:00:00+00:00	280.1161193847656	286.14533213946464	279.5499400501606	282.3907186411148	8105900	IBM	0.8299037543958024	2.3592893949898874	0.5690046926496911	0.5019596558081231	1.7031133784084749	0.01773958270791679	-0.8054794673474817	2.3592893949898874	68.0257866589279	46.713061332036006	0.6125033032338933	0.0	0.0	4.671189882074847	-3.5764304419150323	293.7267617245777	277.1435263613598	0.1792528995879238	0.0	0.0	0.0	0.0
2025-07-24 00:00:00+00:00	258.760498046875	260.29013401631516	251.05260231723193	259.49551871563534	22647700	IBM	-7.361447357767356	3.6795203928659626	1.0219713684318907	0.8181711482589951	2.6268679914075874	-7.623845919611891	-0.2832498504784602	3.6795203928659626	179.39772264646737	24.94706335168526	-1.3245804159412273	1.0278128307708125	-2.35239324671204	6.413498966750479	-10.298878411200844	298.0301729418863	269.80563333252775	-0.39133092828165955	0.0	0.0	0.0	0.0
2025-07-25 00:00:00+00:00	257.9757995605469	259.0485332667897	254.62843632019013	258.27377272543896	7758700	IBM	-0.1880987728458727	1.7359007542430975	1.0230602104863071	0.8182196409181076	0.8362776820879403	-0.30325281186697023	-0.11537105055140409	1.7359007542430975	-65.7417751029906	24.495415088293	-2.88974069721354	0.244302125173942	-3.134042822387482	6.271113108168272	-10.484599924180332	300.100075669934	264.5363623183473	-0.1844735023292422	0.0	0.0	0.0	0.0
2025-07-28 00:00:00+00:00	261.4423522949219	262.22705537999724	257.8665227499411	258.55189134242204	5192500	IBM	0.2233123350548837	1.6910037734074665	0.9359264194605065	0.7971150721175969	0.5349893877887448	1.3437511349049625	1.117942296802523	1.6910037734074665	-33.07512856535244	30.48299912527085	-3.806540235670866	-0.5658663469950196	-3.2406738886758464	6.134643074017404	-8.426398684632186	300.76421770088893	261.2410099602439	0.0050942812131849645	0.0	0.0	0.0	0.0
2025-07-29 00:00:00+00:00	260.6477355957031	264.01495359457033	259.26705587502215	262.5250271514573	4627300	IBM	0.4141160936748798	1.8312769061707816	0.8377253332137549	0.7771906373519466	0.4786984219597328	-0.3039357212952158	-0.715090510083498	1.8312769061707816	-10.884930187770824	29.897722785061234	-4.544839323167196	-1.3616609422294548	-3.1831783809377407	6.03558983441246	-7.468524756047223	300.2566692699452	258.53329655036737	0.05067756769201934	0.0	0.0	0.0	0.0
2025-07-30 00:00:00+00:00	258.5121765136719	260.2404814615042	257.16129412977705	259.8431738118753	3718300	IBM	-0.3086778337011078	1.1973758889909911	0.9559078901521002	0.7923168571315424	0.42306773316342206	-0.819327694196341	-0.5122310040621176	1.1973758889909911	-19.644285004214122	28.323765811582703	-5.241843727912794	-2.137697499366123	-3.1041462285466714	5.853507808092004	-8.291341787939087	300.0750655176796	255.6416794774376	0.06460225726741926	0.0	0.0	0.0	0.0
2025-07-31 00:00:00+00:00	251.4499053955078	258.2439661244664	250.52615830492192	257.82680370861544	6739100	IBM	-0.26512205896815244	3.0806395115638705	0.7004746791081328	0.8294874660741925	1.2018697455762077	-2.731891090550066	-2.4733263653667765	3.0806395115638705	81.24142753408816	23.85184415397903	-6.291565744157765	-2.9684711483244515	-3.3230945958333136	6.005829979567572	-10.452785871740122	300.8221565829851	251.46775583156574	-0.0003616787112426535	0.0	0.0	0.0	0.0
2025-08-01 00:00:00+00:00	248.37074279785156	249.7911320749745	243.96055807104682	249.72161005510424	9683400	IBM	-0.6873318714060064	2.3899658412117994	0.7212431638384841	0.8345096870824549	1.616022376053884	-1.2245630368454534	-0.5409492822645936	2.3899658412117994	43.68981021204612	22.205655126796856	-7.287929972719269	-3.832362913203415	-3.455567059515854	6.111795504202817	-11.304631602992005	300.66123619459705	247.46482886887947	0.017029607345948286	0.0	0.0	0.0	0.0
2025-08-04 00:00:00+00:00	250.2877655029297	250.38709999221447	246.4437602373869	249.36401840910457	5280600	IBM	0.39991651193048794	1.6000972193530707	0.7332250666399425	0.7956463157548658	0.8786736198238193	0.7718391802042425	0.37044121269718294	1.6000972193530707	-45.46750108432989	25.646298428241266	-7.83257899614199	-4.63240612979113	-3.2001728663508597	5.956905807818871	-10.645393881082558	299.443163614144	244.66109206212553	0.1027101254369567	0.0	0.0	0.0	0.0
2025-08-05 00:00:00+00:00	248.986572265625	251.1022726627786	247.32778931268734	250.30764219597273	5823000	IBM	0.007941536016794443	1.5261056432762272	0.7648670854411823	0.7726623879930898	0.9318469869800668	-0.5198788820900063	-0.5277785043867861	1.5261056432762272	10.271560049994319	24.84314696377568	-8.27383704771239	-5.360692313375383	-2.913144734337008	5.801018489409756	-12.31328481691452	298.1346455810167	242.0213038208387	0.12412856241132551	0.0	0.0	0.0	0.0
2025-08-06 00:00:00+00:00	250.58575439453125	252.61206279263675	247.6059015848709	249.84079119211617	3692100	IBM	0.34307831089777385	2.0218262875490876	0.6380219165020792	0.767876592965602	0.5913377452896067	0.64227645465162	0.29817516941908656	2.0218262875490876	-36.59453889747552	27.834338178631413	-8.397693219739836	-5.968092494648273	-2.4296007250915626	5.744242969292334	-11.390541036940347	296.187041197251	240.20833081202636	0.1853816122431425	0.0	0.0	0.0	0.0
2025-08-07 00:00:00+00:00	248.47999572753906	253.2874879395426	247.2085930790144	251.1121929710514	6251300	IBM	0.2100832019729684	2.4590143832844857	0.4323598775146858	0.550921871729987	1.0171198552573348	-0.8403345481789859	-1.0482156252029469	2.4590143832844857	69.31556566723545	26.347348811539703	-8.567012071888996	-6.487876410096417	-2.079135661792579	5.76814667580918	-11.278195775473108	294.410645587597	238.28275651201236	0.1816786517981211	0.0	0.0	0.0	0.0
2025-08-08 00:00:00+00:00	242.27000427246094	249.47999572753906	241.64999389648438	248.8800048828125	6828400	IBM	0.160982438084091	3.2402243032577216	0.705381537034543	0.6761151228382888	1.2248075363940967	-2.4991917103409187	-2.6558986180765882	3.2402243032577216	9.231679810599395	22.525537695508646	-9.097423458771232	-7.0097858198313805	-2.087637638939851	5.9154220440410015	-13.510866563276752	293.3747369974176	235.3771169454535	0.1188477616983527	0.0	0.0	0.0	0.0
2025-08-11 00:00:00+00:00	236.3000030517578	243.14999389648438	234.6999969482422	242.24000549316406	9382000	IBM	-0.012382374527528332	3.600339607207428	0.8534235081717915	0.8040894258282469	1.4670010757799405	-2.464193303100437	-2.452114558581396	3.600339607207428	37.396754730244275	19.584427601084883	-9.885553007880105	-7.5849392574411265	-2.3006137504389788	6.096463108626801	-8.680032371497608	292.37039972331706	231.82303899738613	0.07394152281280703	0.0	0.0	0.0	0.0
2025-08-12 00:00:00+00:00	234.77000427246094	237.9600067138672	233.36000061035156	236.52999877929688	8792800	IBM	0.09733208826437702	1.971205901390272	0.7319470803361031	0.7963089475580445	1.2580336856804382	-0.647481489436017	-0.7440893400072124	1.971205901390272	-6.2801108505649115	18.903229437486445	-10.51242873378817	-8.170437152710535	-2.341991581077634	5.989573322547431	-8.995338061793483	291.0150587092206	228.57523212329883	0.09921187306049999	0.0	0.0	0.0	0.0
2025-08-13 00:00:00+00:00	240.07000732421875	240.83999633789062	236.1999969482422	236.1999969482422	5663600	IBM	0.6091036545374342	1.964436684842628	0.7447651317520657	0.7095883545712142	0.7670492251768103	2.257529903865796	1.6384464123530815	1.964436684842628	-35.5882085342553	28.21753862742895	-10.460978660398837	-8.628545454248195	-1.8324332061506414	5.995317518467592	-8.174783000190383	288.6950496533746	226.89956857172305	0.2131294800520016	0.0	0.0	0.0	0.0
2025-08-14 00:00:00+00:00	237.11000061035156	239.0	235.6199951171875	238.25	4556700	IBM	-0.7581152450088436	1.434515301272045	0.9278539487951575	0.7212215197706351	0.6468266924070578	-1.2329764750119936	-0.4784887259804565	1.434515301272045	-19.544106222190834	26.394241152973535	-10.537581233517415	-9.01035261010204	-1.5272286234153754	5.884938567650711	-9.030477449403781	286.0158978367273	225.27910338397584	0.19478962189187074	0.0	0.0	0.0	0.0
2025-08-15 00:00:00+00:00	239.72000122070312	240.6199951171875	236.77000427246094	237.61000061035156	4344300	IBM	0.21087259023783722	1.6260467015476423	0.8590142208073585	0.7414820303316366	0.6634666487473808	1.1007551784543401	0.8880100184889439	1.6260467015476423	-4.661268022911318	30.64945025625785	-10.26930592179005	-9.26214327243964	-1.0071626493504091	5.7395851588704145	-7.269357887277272	281.59989421696605	225.27209064631518	0.25649696346256806	0.0	0.0	0.0	0.0
2025-08-18 00:00:00+00:00	239.4499969482422	241.4199981689453	239.1199951171875	239.57000732421875	3569600	IBM	-0.0625704554148905	0.9618614497840847	0.41998233668588614	0.8171450186988114	0.6628291306123965	-0.11263318500167724	-0.05009407367682221	0.9618614497840847	-17.832562207950648	30.453313774840908	-9.963628386794966	-9.402440295310706	-0.5611880914842597	5.493900722648085	-4.772285926451578	276.5887697197799	225.94841747504432	0.26661701340360333	0.0	0.0	0.0	0.0
2025-08-19 00:00:00+00:00	241.27999877929688	242.8300018310547	239.49000549316406	240.0	3328300	IBM	0.22969432397892128	1.3946286948437858	0.36529600421116376	0.8280423172896761	0.7753756552125801	0.764252183912221	0.5333328247070312	1.3946286948437858	-6.759861048857014	33.55681352147735	-9.464608765882247	-9.414873989425015	-0.04973477645723179	5.342908162659829	-2.8549030931255173	271.2417953360214	227.41674805997468	0.31633167745375984	0.0	0.0	0.0	0.0
2025-08-20 00:00:00+00:00	242.5500030517578	242.8800048828125	240.33999633789062	242.11000061035156	3240100	IBM	0.34399943437247155	1.0568397202398692	0.27689514334619053	0.888002820865131	0.8509112873575293	0.5263611898566997	0.18173658266780304	1.0568397202398692	-2.650001502268425	35.70126413296883	-8.864469305929447	-9.304793052725902	0.44032374679645514	5.142701047107118	-3.0915464188285715	264.3528077869333	230.549123975762	0.355016901206188	0.0	0.0	0.0	0.0
2025-08-21 00:00:00+00:00	239.39999389648438	242.5	238.64999389648438	242.2100067138672	2991900	IBM	-0.14017577143384866	1.6132437469014076	0.30910705881560685	0.8765519384870174	0.8560906937084387	-1.2987050569532486	-1.1601555425009331	1.6132437469014076	-7.660257399462979	32.86774095639569	-8.544537760735466	-9.152741994327815	0.6082042335923497	5.053937340547569	-3.850239104024223	262.8935011460188	230.07238020163746	0.28419546397130924	0.0	0.0	0.0	0.0
2025-08-22 00:00:00+00:00	242.08999633789062	243.67999267578125	240.22000122070312	240.74000549316406	3134900	IBM	0.5597375233263804	1.4403427847372474	0.27386950721082814	0.7421457127490741	0.9637069007918941	1.1236434878813726	0.5607671404514013	1.4403427847372474	4.779571509742973	37.434456279855084	-7.981918403668033	-8.918577276195858	0.9366588725278255	4.998656014743949	-3.3903595506329527	261.3163611089682	230.06093991642248	0.38486304015435974	0.0	0.0	0.0	0.0
2025-08-25 00:00:00+00:00	239.42999267578125	242.57000732421875	239.42999267578125	242.57000732421875	3513300	IBM	0.19827791052471352	1.3114541805501705	0.2037123256360719	0.3336416436189439	1.0837832001727488	-1.0987664514632594	-1.2944776986548714	1.3114541805501705	12.070560464448626	34.9058286765935	-7.662351753328608	-8.667332171622409	1.0049804182938011	4.865895917150631	-3.6421455277555768	258.64428503146524	230.53178003201137	0.31652151396479045	0.0	0.0	0.0	0.0
2025-08-26 00:00:00+00:00	242.6300048828125	244.97999572753906	240.3800048828125	241.02000427246094	5386600	IBM	0.6640820470778555	1.913632894287152	0.32171598003247226	0.32454767578463	1.4744235443536908	1.3365126779937193	0.6679945987103785	1.913632894287152	53.320240229983206	40.14394921560044	-7.069387144629076	-8.347743166223744	1.2783560215946679	4.914760712479715	0.14859479258798367	255.66695442903216	231.70733756315536	0.4558782129447638	0.0	0.0	0.0	0.0
2025-08-27 00:00:00+00:00	244.83999633789062	245.9600067138672	242.0	242.8699951171875	3698400	IBM	0.09891201811206843	1.6363664106889206	0.22757909702347792	0.2831457147667822	0.9875514683499688	0.9108483743160808	0.8111340471483838	1.6363664106889206	-31.340734415029893	43.523983348442776	-6.347955302141713	-7.947785593407338	1.5998302912656248	4.846563998293106	3.6140470485995975	252.9008109450671	233.1062630295423	0.5927760188524234	0.0	0.0	0.0	0.0
2025-08-28 00:00:00+00:00	245.72999572753906	245.8800048828125	243.36000061035156	245.42999267578125	2820800	IBM	0.24097220499725971	1.0355047115962845	0.33138276864298405	0.31061330272008664	0.7601595343322195	0.36350245178904383	0.12223569274767633	1.0355047115962845	-23.72918018602639	44.87404302541341	-5.63939245085183	-7.486106964896237	1.8467145140444075	4.680381160733665	4.668395133800216	251.9288034002984	233.50627960751413	0.6635201700655542	0.0	0.0	0.0	0.0
2025-08-29 00:00:00+00:00	243.49000549316406	245.4600067138672	241.72000122070312	245.22999572753906	2967600	IBM	-0.20347536267179642	1.5472470107052665	0.33264208860112904	0.3051648746404089	0.8069963615004324	-0.9115656506414709	-0.7095340148797308	1.5472470107052665	5.204197390811117	42.14343159499209	-5.198672714824397	-7.028620114881869	1.8299474000574723	4.632496399740971	1.42458369000945	251.32430872115603	233.6227005561877	0.5574242094288281	0.0	0.0	0.0	0.0
2025-09-02 00:00:00+00:00	241.5	241.5500030517578	238.25	240.89999389648438	3469500	IBM	-1.0637034532213692	1.3851009661103095	0.32435095630566024	0.26583144188980085	0.9457337716500662	-0.8172842614765687	0.24906854243153276	1.3851009661103095	16.912656692276588	39.82490397039539	-4.952882217792336	-6.613472535463963	1.6605903176716268	4.6758899064140484	1.8514610848753812	250.1298863927778	233.93834633427298	0.46701262748352135	0.0	0.0	0.0	0.0
2025-09-03 00:00:00+00:00	244.10000610351562	244.25	239.41000366210938	240.02000427246094	3163200	IBM	-0.6128346697884317	2.0216349625563432	0.36011141474439606	0.32337721104109685	0.9811718725766928	1.076607082201087	1.6998590777555507	2.0216349625563432	-8.828361435365327	44.148286433957516	-4.496460319064624	-6.190070092184095	1.693609773119471	4.68761179437666	1.8271336811732948	249.30570174221847	234.2738743686214	0.6536884365871255	0.0	0.0	0.0	0.0
2025-09-04 00:00:00+00:00	247.17999267578125	249.27999877929688	242.85000610351562	245.4199981689453	4765100	IBM	0.540758718731829	2.6477218505979545	0.6248818551072879	0.4498433294427706	1.3863157649742235	1.2617724273876065	0.7171357346455404	2.6477218505979545	50.64175518462317	48.83767555026003	-3.841926166785953	-5.720441307104467	1.8785151403185143	4.812067571619845	3.2282296204037637	248.4539730889462	234.78502685001865	0.9067974669812647	0.0	0.0	0.0	0.0
2025-09-05 00:00:00+00:00	248.52999877929688	249.02999877929688	245.4499969482422	248.22999572753906	3147500	IBM	0.4247928970266905	1.4585462927545276	0.529066222255395	0.4540873793234155	0.8986233005384602	0.5461631780555914	0.12085688954653986	1.4585462927545276	-33.94682168265094	50.78806700415611	-3.1776390800559966	-5.211880861694774	2.0342417816387774	4.724062875865191	3.0048077075098565	248.4665392715272	234.77746097261343	1.0046357765208123	0.0	0.0	0.0	0.0
2025-09-08 00:00:00+00:00	256.0899963378906	257.1499938964844	247.02000427246094	248.6300048828125	6940300	IBM	0.04023904720026729	4.100878248245088	1.1162493887492448	0.8922676821924358	1.6151050005585137	3.0418853239955497	3.000438928758524	4.100878248245088	120.50198570293884	59.98709959623414	-2.0178970948378208	-4.573084108323384	2.555187013485563	5.1102005007336375	5.582351315511429	251.62527095130906	233.00072849937453	1.2397226883883965	0.0	0.0	0.0	0.0
2025-09-09 00:00:00+00:00	259.1099853515625	260.6600036621094	254.8800048828125	256.1199951171875	4931100	IBM	0.011714155072771357	2.2677333131543116	0.9939865729150502	0.8725161317856618	1.0744448124389905	1.179268638704355	1.1674177305082847	2.2677333131543116	-28.949757215105976	62.96526850265551	-0.8453605515410629	-3.82753939696692	2.982178845425857	5.158043234916726	8.233079347362327	254.88643205482222	232.02056562584184	1.1847099610180225	0.0	0.0	0.0	0.0
2025-09-10 00:00:00+00:00	256.8800048828125	260.0799865722656	254.55999755859375	259.6499938964844	5185400	IBM	0.2084090060015198	2.168443222270735	0.9783951340815856	0.8733873048962966	1.03835094155246	-0.8606308497622523	-1.0668165140709367	2.168443222270735	5.157064346697491	59.44676568952475	-0.09496300599181495	-3.081024118771899	2.9860611127800842	5.183896504827808	6.109301816948734	256.67498161831185	232.4430161233874	1.00846085987303	0.0	0.0	0.0	0.0
2025-09-11 00:00:00+00:00	257.010009765625	258.54998779296875	255.66000366210938	257.55999755859375	3576000	IBM	0.2647121857894154	1.1304013492383795	1.1521220961802794	0.9123144956830121	0.7518828610236203	0.05060918730198859	-0.21353773807348725	1.1304013492383795	-31.037142746943342	59.588542318951994	0.5044082583066256	-2.3639376433561945	2.86834590166282	5.02004562097292	7.342445653268401	258.4789759510911	232.33302203474878	0.9438166918611469	0.0	0.0	0.0	0.0
2025-09-12 00:00:00+00:00	253.44000244140625	257.25	252.42999267578125	256.95001220703125	3433300	IBM	-0.023344444307232835	1.9094431977461264	1.0932547402238812	0.8520445879435709	0.7133062689841727	-1.3890538066880527	-1.366028254085816	1.9094431977461264	-3.9904921700223714	54.00502988708048	0.6834659778813261	-1.7544569191086905	2.437922896990017	5.005757171204765	4.45534243129363	259.16005532203917	233.28494284690612	0.7789361153065477	0.0	0.0	0.0	0.0
2025-09-15 00:00:00+00:00	256.239990234375	259.04998779296875	254.0	254.02000427246094	4028400	IBM	0.22885173037700718	1.9881841704601377	0.44921626349667027	0.83355616664053	0.9521513458320333	1.1047931526184742	0.8739413922428383	1.9881841704601377	17.33317799201934	57.37827185337264	1.0393254285213231	-1.195700449582688	2.235025878104011	5.048916326944604	4.656099520909914	260.32497363678203	233.7720234335305	0.8461570796789726	0.0	0.0	0.0	0.0
2025-09-16 00:00:00+00:00	257.5199890136719	258.0	254.41000366210938	256.260009765625	2719900	IBM	0.007812805187702644	1.4111065941646783	0.4335732395949809	0.8310878192600282	0.7179169086205986	0.4995312316887378	0.49168001249951176	1.4111065941646783	-32.48187866150333	58.86353109834985	1.4083966907214176	-0.6748810215218668	2.0832777122432846	4.944707756297892	4.7979463195878385	261.4938784468157	234.41011783003978	0.853274089615075	0.0	0.0	0.0	0.0
2025-09-17 00:00:00+00:00	259.0799865722656	260.9599914550781	257.010009765625	257.5	3974800	IBM	-0.00776212120404128	1.536897995940014	0.35584850598230783	0.8507447736883103	1.1207732737813267	0.6057772697834842	0.6135870183555825	1.536897995940014	46.137725651678366	60.66271136290462	1.8059492319828507	-0.17871497082092336	1.9846642028037742	4.873655894380408	6.402719096221486	262.84476285709195	234.83923219906038	0.8655702571468096	0.0	0.0	0.0	0.0
2025-09-18 00:00:00+00:00	265.0	265.2300109863281	256.79998779296875	258.8599853515625	4988400	IBM	-0.0849163316757235	3.282719468100454	0.7435848092138521	0.9201899274746705	1.30280807321048	2.2850137928670518	2.3719442926254644	3.282719468100454	25.500654120962064	66.62778906623372	2.5690931861011563	0.3708466605634926	2.1982465255376638	5.127682130021763	9.730848861283643	265.3051552201918	234.62383953078478	0.9900540373404794	0.0	0.0	0.0	0.0
2025-09-19 00:00:00+00:00	266.3999938964844	267.8699951171875	263.6400146484375	266.04998779296875	9858100	IBM	0.3962218086674529	1.6044531306792162	0.7676237426674729	0.9095357845869554	1.9276992991677617	0.5282995835790094	0.13155651929140028	1.6044531306792162	97.62047951246893	67.86866561947078	3.2494010030233653	0.9465575290554672	2.302843473967898	5.063560582788066	9.135594934607246	267.431232328171	235.19776242280557	0.9680072162657556	0.0	0.0	0.0	0.0
2025-09-22 00:00:00+00:00	271.3699951171875	272.30999755859375	266.0	266.6199951171875	5030500	IBM	0.08258304269654426	2.372179533305921	0.7894624297961234	0.6105928019768415	0.946589792899965	1.865616116580817	1.78156180593741	2.372179533305921	-48.970897028839225	71.86777044063263	4.141842825875813	1.5856145884195363	2.5562282374562764	5.152591795345614	9.786391762352533	270.51552852897163	235.0414660999346	1.0240870802413782	0.0	0.0	0.0	0.0
2025-09-23 00:00:00+00:00	272.239990234375	273.29998779296875	269.2699890136719	272.70001220703125	5394100	IBM	0.4901120660997911	1.496638668890894	0.7731467342997806	0.6170713605117865	0.9221976413787916	0.3205937033723291	-0.1686915849152972	1.496638668890894	7.2279097505218175	72.51269830071189	4.863250214087088	2.2411417135530467	2.6221085005340417	5.072406579913562	9.540092371759679	272.96490625674426	235.87308812802138	0.9804561744626936	0.0	0.0	0.0	0.0
2025-09-24 00:00:00+00:00	267.5299987792969	273.6499938964844	267.29998779296875	272.6199951171875	3159900	IBM	0.13958451970459917	2.375610323047931	0.7208841252834309	0.6307816270856449	0.5557138334916113	-1.7300880194064183	-1.8670664034392108	2.375610323047931	-41.41932852561131	63.96346870681687	4.997307963829485	2.792374963608334	2.2049330002211507	5.163663688742281	4.4671805244247285	274.22024248405415	237.10775129035991	0.8197306758568119	0.0	0.0	0.0	0.0
2025-09-25 00:00:00+00:00	281.44000244140625	284.2300109863281	271.1499938964844	272.94000244140625	11506200	IBM	2.022204495493772	4.8239046226337905	1.3449080539985387	1.0590456416823102	1.6461509408048345	5.199418280409239	3.114237533512424	4.8239046226337905	264.13177632203553	73.79117672651829	6.155019507598411	3.46490387240635	2.6901156351920608	5.987688582905778	8.617968566339195	278.47940500520457	236.5085893795611	1.0705394306036027	0.0	0.0	0.0	0.0
2025-09-26 00:00:00+00:00	284.30999755859375	288.8500061035156	280.1099853515625	280.510009765625	9063900	IBM	-0.33044082849411843	3.120210349153971	1.2503502077643476	1.0809444902476995	1.3268930100191483	1.0197537991369978	1.3546710137523292	3.120210349153971	-21.225947749908745	75.28860205685524	7.220861273374226	4.216095352599925	3.0047659207743003	6.184283737837731	10.678134597628448	282.69625242138375	236.1497421464874	1.0346695193190527	0.0	0.0	0.0	0.0
2025-09-29 00:00:00+00:00	279.79998779296875	286.0	279.6600036621094	286.0	6022100	IBM	0.5944224458930452	2.2670372076339995	1.260975825851491	1.072671426494526	0.856721352521752	-1.5863000964978475	-2.1678364360249125	2.2670372076339995	-33.55950529021723	68.65080047512048	7.61386060971995	4.89564840402393	2.7182122056960196	6.195406066412938	8.867350360449619	284.9182886173286	237.55870418052305	0.8919268214612511	0.0	0.0	0.0	0.0
2025-09-30 00:00:00+00:00	282.1600036621094	286.0199890136719	280.5199890136719	280.8800048828125	5926900	IBM	0.38599611757055635	1.9606445941119524	1.1518970349698863	1.0278663555552514	0.8305866195801452	0.8434653224098287	0.4557101812323417	1.9606445941119524	-1.580843891665698	70.13463341290867	8.023261804569358	5.521171084133016	2.5020907204363425	6.197162863147951	11.332071079561725	286.80488660011645	239.73810656394608	0.9013129231607192	0.0	0.0	0.0	0.0
2025-10-01 00:00:00+00:00	286.489990234375	286.5899963378906	280.1499938964844	280.20001220703125	4381300	IBM	-0.6946383008363023	2.29876943841228	1.161274837039909	0.9768316961111713	0.5936656513208529	1.5345855245489881	2.2448171853384062	2.29876943841228	-26.077713475847407	72.68883455124931	8.597996577756703	6.136536182857753	2.4614603948989497	6.214508547309258	11.805339194842785	289.26905723125407	241.5129343458944	0.9418071060008301	0.0	0.0	0.0	0.0
2025-10-02 00:00:00+00:00	286.7200012207031	288.5400085449219	282.7900085449219	285.7900085449219	3814200	IBM	-0.24433024304984477	2.0333108760052245	0.4619632668107161	0.9537830443465272	0.6529286095780665	0.08028587181700658	0.32541119282519254	2.0333108760052245	-12.943646862803277	72.82180482761052	8.968652942237213	6.702959534733646	2.2656934075035675	6.1813293653585974	11.33893035599695	291.43425606592996	243.30173636571067	0.9020567617363827	0.0	0.0	0.0	0.0
2025-10-03 00:00:00+00:00	288.3699951171875	293.32000732421875	287.29998779296875	287.5	4375100	IBM	0.27204198380861117	2.095377579893281	0.14704233106442283	0.9182400193849012	0.8921638199644366	0.5754721991697712	0.3026069972826087	2.095377579893281	14.705573908027898	73.80699070154768	9.288469801396047	7.220061588066126	2.0684082133299215	6.211234846655528	11.305392181171802	293.45471271869985	245.26527934672978	0.89448480204646	0.0	0.0	0.0	0.0
2025-10-06 00:00:00+00:00	289.4200134277344	291.45001220703125	287.79998779296875	288.6099853515625	2881900	IBM	0.08322302543212688	1.2682503713961846	0.391426037099998	0.9962693287615576	0.6739899155261607	0.36412190183662124	0.28066529825195097	1.2682503713961846	-34.12950561130032	74.44191948439746	9.516949202417209	7.679439110936343	1.8375100914808655	6.028291244327455	9.215099406692218	295.81981762048855	246.2331761539255	0.8709369297158459	0.0	0.0	0.0	0.0
2025-10-07 00:00:00+00:00	293.8699951171875	301.0400085449219	293.2900085449219	295.54998779296875	7190100	IBM	2.1180202062166567	2.642435737395046	0.5061577315454866	0.9489198123548308	1.5877372739879696	1.5375514763992804	-0.568429282750665	2.642435737395046	149.49165481106215	76.98783048380008	9.942486312889628	8.132048551327001	1.8104377615626266	6.427698663817458	10.311562256032634	298.814269025833	246.7147257251436	0.9050994769741081	0.0	0.0	0.0	0.0
2025-10-08 00:00:00+00:00	289.4599914550781	294.20001220703125	286.4700012207031	294.1600036621094	5297000	IBM	0.0986860005242207	2.6983666538866475	0.5781979018887459	0.9501395503746319	1.1242322238871225	-1.5006648298172747	-1.597774051033117	2.6983666538866475	-26.329258285698394	69.58964810374279	9.810784482659699	8.46779573759354	1.3429887450661582	6.5207209725682205	6.666174103028119	300.3407611446349	248.44623226356822	0.7903291556130395	0.0	0.0	0.0	0.0
2025-10-09 00:00:00+00:00	288.2300109863281	290.1300048828125	283.32000732421875	289.82000732421875	4912400	IBM	0.12437500164733356	2.403641600503241	0.5836000165143824	0.4998558878279325	0.9961673392411737	-0.4249224435359949	-0.5486151051372764	2.403641600503241	-7.260713611478195	67.6374052621621	9.497677376195668	8.673772065313965	0.8239053108817025	6.541383585855759	5.873501809262888	301.2797084928435	250.6292850374299	0.7423575832884651	0.18539999999999998	0.5148575113256129	2.7769942520569626	0.41602025792792896
2025-10-10 00:00:00+00:00	277.82000732421875	290.3900146484375	277.5	288.9700012207031	4503700	IBM	0.256736011577261	4.645050323761262	1.2164801372012084	0.876060954148288	0.9085498948965306	-3.611700123275214	-3.85852989908405	4.645050323761262	-8.319762234345736	53.86440852940893	8.313702258470755	8.601758103945324	-0.28805584547456853	6.994857233183026	3.8463008230380855	300.2979005187924	254.0490934997623	0.5139789619800436	0.46655	0.5851771831512451	1.2542619845445517	0.5495890282058715
2025-10-13 00:00:00+00:00	277.2200012207031	282.4399108886719	274.6400146484375	279.7900085449219	3776601	IBM	0.7090926386752677	2.840043629555913	0.9077055266624758	0.882837210494033	0.7353252075434696	-0.21596936422775764	-0.918548642099248	2.840043629555913	-16.144481204343094	53.1920854915151	7.243479645061427	8.330102412168545	-1.0866227671071176	7.05236001940098	-1.4994319158953597	299.26280460032604	257.1821905168615	0.4761767654839292	0.4487	-0.00026876554448374	-0.0005989858379717006	0.13442186411886137
