timestamp	open	high	low	close	volume	quoteVolume	symbol	gap_apertura_pct	volatilidad_diaria	vol_5d	vol_10d	vol_rel_5d	return_pct	close_open_pct	range_pct	volume_change_pct	rsi_14	macd	macd_signal	macd_diff	atr_14	momentum_12	bb_upper	bb_lower	bb_pctb	vader	finbert	sentiment_ratio	sentiment_combined	download_date	added_date	target_category	target	target_num
2025-07-15 16:00:00	5.435	5.659	5.401	5.535	2106036.199226	11651755.767356709	ICPUSDT	0.0	4.776893167931865	0.0	0.0	0.0	0.0	1.8399264029438922	4.776893167931865	0.0	0.0	0.0	0.0	0.0	0.0	0.0	0.0	0.0	0.0	0.0	0.0	0.0	0.0	0	0	Low	0.0	1.0
2025-07-16 16:00:00	5.535	5.778	5.484	5.604	1807659.140621	10182494.360173784	ICPUSDT	0.0	5.361050328227564	0.0	0.0	0.0	1.2466124661246603	1.2466124661246603	5.361050328227564	-14.167707977415485	0.0	0.0	0.0	0.0	0.0	0.0	0.0	0.0	0.0	0.0	0.0	0.0	0.0	0	0	Medium	1.2466124661246605	2.0
2025-07-17 16:00:00	5.604	6.18	5.455	5.793	3952113.370489	23245042.518313847	ICPUSDT	0.0	13.29055912007332	0.0	0.0	0.0	3.372591006423984	3.372591006423984	13.29055912007332	118.63155955006528	0.0	0.0	0.0	0.0	0.0	0.0	0.0	0.0	0.0	0.0	0.0	0.0	0.0	0	0	High	3.372591006423984	3.0
2025-07-18 16:00:00	5.793	5.884	5.525	5.618	1932809.316304	10994732.38760465	ICPUSDT	0.0	6.497737556561085	0.0	0.0	0.0	-3.0208872777490043	-3.0208872777490043	6.497737556561085	-51.09428462410604	0.0	0.0	0.0	0.0	0.0	0.0	0.0	0.0	0.0	0.0	0.0	0.0	0.0	0	0	Negative	-3.0208872777490043	0.0
2025-07-19 16:00:00	5.618	6.113	5.589	6.099	1514377.664552	8850128.68875903	ICPUSDT	0.0	9.375559134013239	3.5140413828881703	0.0	0.6693088664972509	8.561765752936985	8.561765752936985	9.375559134013239	-21.64888425476668	0.0	0.0	0.0	0.0	0.0	0.0	0.0	0.0	0.0	0.0	0.0	0.0	0.0	0	0	Very High	8.561765752936985	4.0
2025-07-20 16:00:00	6.099	6.267	5.861	6.194	3079104.454156	18796543.78283717	ICPUSDT	0.0	6.927145538304054	3.155643850096768	0.0	1.2530882419539642	1.5576323987538898	1.5576323987538898	6.927145538304054	103.32474033595149	0.0	0.0	0.0	0.0	0.0	0.0	0.0	0.0	0.0	0.0	0.0	0.0	0.0	0	0	Medium	1.5576323987538898	2.0
2025-07-21 16:00:00	6.194	6.221	5.791	6.008	2549816.72	15304881.59104	ICPUSDT	0.0	7.425315144189254	2.790490737604113	0.0	0.9785743645090297	-3.0029060381013877	-3.0029060381013877	7.425315144189254	-17.189664788461382	0.0	0.0	0.0	0.0	0.0	0.0	0.0	0.0	0.0	0.0	0.0	0.0	0.0	0	0	Negative	-3.002906038101388	0.0
2025-07-22 16:00:00	6.008	6.147	5.596	5.722	2694520.2	15890732.8772	ICPUSDT	0.0	9.846318799142246	1.503170721571522	0.0	1.144594884287829	-4.760319573901458	-4.760319573901458	9.846318799142246	5.675054166246112	0.0	0.0	0.0	0.0	0.0	0.0	0.0	0.0	0.0	0.0	0.0	0.0	0.0	0	0	Negative	-4.760319573901458	0.0
2025-07-23 16:00:00	5.722	5.762	5.261	5.668	2769556.12	15345365.82484	ICPUSDT	0.0	9.522904390800218	1.3400550692071902	0.0	1.0983872872566376	-0.9437259699405849	-0.9437259699405849	9.522904390800218	2.784759973222688	0.0	0.0	0.0	0.0	0.0	0.0	0.0	0.0	0.0	0.0	0.0	0.0	0.0	0	0	Negative	-0.9437259699405848	0.0
2025-07-24 16:00:00	5.668	5.675	5.32	5.412	1657090.04	9073518.4009	ICPUSDT	0.0	6.6729323308270585	1.4949393365662327	2.5484798675893194	0.6498347699813231	-4.516584333098098	-4.516584333098098	6.6729323308270585	-40.16766701228644	0.0	0.0	0.0	0.0	0.0	0.0	0.0	0.0	0.0	0.0	0.0	0.0	0.0	0	0	Negative	-4.516584333098098	0.0
2025-07-25 16:00:00	5.412	5.697	5.387	5.674	740021.64	4143030.85088	ICPUSDT	0.0	5.754594393911278	1.784678679410909	2.4283041275153665	0.3554035656992767	4.841093865484118	4.841093865484118	5.754594393911278	-55.342098369018025	0.0	0.0	0.0	0.0	0.0	0.0	0.0	0.0	0.0	0.0	0.0	0.0	0.0	0	0	High	4.841093865484118	3.0
2025-07-26 16:00:00	5.674	5.777	5.632	5.704	912079.84	5198987.33768	ICPUSDT	0.0	2.5745738636363718	2.9845408099669815	2.889451674000696	0.5198062208026696	0.5287275290800029	0.5287275290800029	2.5745738636363718	23.250428190181026	0.0	0.0	0.0	0.0	0.0	0.0	0.0	0.0	0.0	0.0	0.0	0.0	0.0	0	0	Medium	0.5287275290800029	2.0
2025-07-27 16:00:00	5.704	6.006	5.654	5.688	1150048.5	6683858.97876	ICPUSDT	0.0	6.2256809338521455	2.4797019685677735	2.168527609048072	0.7954633646647559	-0.2805049088359049	-0.2805049088359049	6.2256809338521455	26.090770737789803	0.0	0.0	0.0	0.0	0.0	2.764227642276415	0.0	0.0	0.0	0.0	0.0	0.0	0.0	0	0	Negative	-0.2805049088359049	0.0
2025-07-28 16:00:00	5.688	5.741	5.443	5.469	906151.9	5044753.46578	ICPUSDT	0.0	5.474921918059895	1.612359451592147	2.2226084554772725	0.8444414811732895	-3.8502109704641247	-3.8502109704641247	5.474921918059895	-21.2075055965031	43.54282531573241	0.0	0.0	0.0	0.3934285714285714	-2.408993576017127	0.0	0.0	0.0	0.0	0.0	0.0	0.0	0	0	Negative	-3.8502109704641247	0.0
2025-07-29 16:00:00	5.469	5.507	5.222	5.381	944304.56	5078480.59938	ICPUSDT	0.0	5.457679050172333	1.4441171873745327	2.0950638343171297	1.0148124198529889	-1.6090692996891582	-1.6090692996891582	5.457679050172333	4.21040445867851	40.93229872047613	0.0	0.0	0.0	0.38568367346938764	-7.112031762471947	0.0	0.0	0.0	0.0	0.0	0.0	0.0	0	0	Negative	-1.6090692996891582	0.0
2025-07-30 16:00:00	5.381	5.585	5.177	5.403	1586078.72	8589357.27984	ICPUSDT	0.0	7.881012169209975	1.9205322594706014	2.133570628481429	1.4422402045797487	0.40884593941645336	0.40884593941645336	7.881012169209975	67.96262426181654	41.870578186700136	0.0	0.0	0.0	0.38727769679300283	-3.826984692061245	0.0	0.0	0.0	0.0	0.0	0.0	0.0	0	0	Low	0.4088459394164533	1.0
2025-07-31 16:00:00	5.403	5.511	5.003	5.149	1246279.7	6491042.29916	ICPUSDT	0.0	10.153907655406757	2.001251960909775	2.3971631698465368	1.068325810847296	-4.701091985933733	-4.701091985933733	10.153907655406757	-21.423843326010957	34.9648493284279	0.0	0.0	0.0	0.39590071845064545	-15.576323987538942	0.0	0.0	0.0	0.0	0.0	0.0	0.0	0	0	Negative	-4.701091985933733	0.0
2025-08-01 16:00:00	5.149	5.183	4.897	4.968	912005.16	4579729.42426	ICPUSDT	0.0	5.8403103941188395	2.0472803435820177	2.185994749661548	0.8150442315209839	-3.515245678772578	-3.515245678772578	5.8403103941188395	-26.8217912881033	31.036558247775332	0.0	0.0	0.0	0.38805066713274217	-19.793348401679044	0.0	0.0	0.0	0.0	0.0	0.0	0.0	0	0	Negative	-3.515245678772578	0.0
2025-08-02 16:00:00	4.968	5.1	4.854	5.091	459418.12	2281704.41352	ICPUSDT	0.0	5.067985166872673	2.1276657194801434	1.9559843250981817	0.4462028186761579	2.4758454106280237	2.4758454106280237	5.067985166872673	-49.62549115401935	36.276013734988126	0.0	0.0	0.0	0.3779041909089748	-15.262982689747002	0.0	0.0	0.0	0.0	0.0	0.0	0.0	0	0	High	2.475845410628024	3.0
2025-08-03 16:00:00	5.091	5.243	5.071	5.225	725809.06	3748700.6671	ICPUSDT	0.0	3.3918359297968963	2.6172187001539493	2.11949147098173	0.7361757753700432	2.632095855431142	2.632095855431142	3.3918359297968963	57.98442168541372	41.49123268456613	0.0	0.0	0.0	0.36319674870119095	-8.6857742048235	6.19917984505428	4.9413201549457195	0.22552582556310152	0.0	0.0	0.0	0.0	0	0	High	2.632095855431142	3.0
2025-08-04 16:00:00	5.225	5.326	5.051	5.075	1092900.88	5706387.62392	ICPUSDT	0.0	5.444466442288645	2.512875760795328	2.122208281647601	1.2317393575708906	-2.8708133971291767	-2.8708133971291767	5.444466442288645	50.57691343781239	37.765310234156935	0.0	0.0	0.0	0.35689698093682015	-10.462244177840507	6.2122633457307455	4.882236654269255	0.1449319378086532	0.0	0.0	0.0	0.0	0	0	Negative	-2.8708133971291767	0.0
2025-08-05 16:00:00	5.075	5.151	4.94	5.144	1150498.94	5793830.41918	ICPUSDT	0.0	4.271255060728732	0.978755045573858	1.89576123293818	1.325266571309742	1.3596059113300483	1.3596059113300483	4.271255060728732	5.270199800735823	40.41594590430845	0.0	0.0	0.0	0.34647576801276153	-4.951958610495192	6.211276018430162	4.837223981569839	0.22326375581170677	0.0	0.0	0.0	0.0	0	0	Medium	1.3596059113300485	2.0
2025-08-06 16:00:00	5.144	5.29	5.064	5.251	802868.58	4144236.47126	ICPUSDT	0.0	4.4628751974723535	0.7893861884047582	1.945576511641242	0.9486818133460037	2.0800933125972048	2.0800933125972048	4.4628751974723535	-30.215617582402988	44.37257921830923	0.0	0.0	0.0	0.33787035601185	-7.4550581600282	6.182390767905705	4.811909232094294	0.32039159699129915	0.0	0.0	0.0	0.0	0	0	High	2.0800933125972048	3.0
2025-08-07 16:00:00	5.251	5.48	5.147	5.357	1655679.6	8794104.32206	ICPUSDT	0.0	6.469788226151159	1.1810330820796267	1.9556629430405696	1.5251968554392152	2.0186631117882285	2.0186631117882285	6.469788226151159	106.22049999764596	48.052727160271	0.0	0.0	0.0	0.33752247343957503	-6.083450210378674	6.169578781582625	4.798621218417375	0.40729107638711104	0.0	0.0	0.0	0.0	0	0	High	2.0186631117882285	3.0
2025-08-08 16:00:00	5.357	5.714	5.353	5.629	686161.96	3793859.04506	ICPUSDT	0.0	6.74388193536336	1.1262699659423474	1.9696695396198176	0.6367371537458378	5.077468732499521	5.077468732499521	6.74388193536336	-58.55708072987069	56.08185017515579	0.0	0.0	0.0	0.3391994396224626	-1.0372714486638566	6.090084678129659	4.8311153218703415	0.6337602056497655	0.0	0.0	0.0	0.0	0	0	Very High	5.077468732499521	4.0
2025-08-09 16:00:00	5.629	5.774	5.501	5.659	1077783.02	6091089.7922	ICPUSDT	0.0	4.962734048354839	1.1502536931736074	1.8691444784847788	1.0029635256675697	0.5329543435779046	0.5329543435779046	4.962734048354839	57.074143253292576	56.87359574644431	-0.049613115078451564	0.0	0.0	0.33447090822085807	3.4741268970561254	5.975778140992881	4.891921859007118	0.7077304931863259	0.0	0.0	0.0	0.0	0	0	Medium	0.5329543435779046	2.0
2025-08-10 16:00:00	5.659	5.755	5.427	5.554	964541.94	5398674.0668	ICPUSDT	0.0	6.043854800073712	0.9833400689145952	1.0476443371344129	0.9297623029387251	-1.8554514931966697	-1.8554514931966697	6.043854800073712	-10.50685322542937	53.254885658475565	-0.03315422837556525	0.0	0.0	0.3340087004907968	3.215015796320387	5.8892530328287	4.9330469671713	0.6493924846646832	0.0	0.0	0.0	0.0	0	0	Negative	-1.8554514931966697	0.0
2025-08-11 16:00:00	5.554	5.639	5.286	5.61	1284017.68	6968758.05534	ICPUSDT	0.0	6.6780174044646365	0.7331835899934591	1.128680712750399	1.1326534518761757	1.0082823190493346	1.0082823190493346	6.6780174044646365	33.12201644648029	54.90295178114004	-0.01541402678925241	0.0	0.0	0.33536522188431134	3.8312048861743615	5.871425294472674	4.939674705527326	0.7194256729490432	0.0	0.0	0.0	0.0	0	0	Medium	1.0082823190493346	2.0
2025-08-12 16:00:00	5.61	5.937	5.591	5.899	1265374.46	7302619.695	ICPUSDT	0.0	6.188517259881954	0.715945431774596	1.1525371801929847	1.1987527997657454	5.151515151515146	5.151515151515146	6.188517259881954	-1.4519441819523835	62.291685643542024	0.021714781026682672	0.0	0.0	0.3361248488925748	14.56593513303554	5.918526724457323	4.915673275542676	0.9805288355158408	0.0	0.0	0.0	0.0	0	0	Very High	5.151515151515146	4.0
2025-08-13 16:00:00	5.899	6.094	5.495	5.584	1945319.87	11333195.696255	ICPUSDT	0.0	10.900818926296637	2.2930880446460953	1.872486780823773	1.487921728856308	-5.339888116629944	-5.339888116629944	10.900818926296637	53.73471897006679	52.24420017959857	0.025428635799547017	0.0	0.0	0.3549016454002481	12.39935587761674	5.932354556872827	4.919045443127173	0.6562208390831998	0.0	0.0	0.0	0.0	0	0	Negative	-5.339888116629944	0.0
2025-08-14 16:00:00	5.584	5.589	5.256	5.3	1153042.242	6272916.423318	ICPUSDT	0.0	6.335616438356167	2.065861990047988	1.8527572019864296	0.8718924625571282	-5.085959885386816	-5.085959885386816	6.335616438356167	-40.7273703527225	45.1701053630124	0.005393295398804732	0.0	0.0	0.3533372421573732	4.105283834217239	5.903114502912383	4.910885497087617	0.39216199146379616	0.0	0.0	0.0	0.0	0	0	Negative	-5.085959885386816	0.0
2025-08-15 16:00:00	5.3	5.504	5.246	5.475	1180653.357	6364599.841965	ICPUSDT	0.0	4.918032786885228	2.2778537099045475	1.7838522207495333	0.8645158758858152	3.3018867924528266	3.3018867924528266	4.918032786885228	2.3946316964162	49.69060346905511	0.00359474328541598	0.0	0.0	0.3465274391461322	4.784688995215311	5.873972606071245	4.917127393928755	0.5830332837451333	0.0	0.0	0.0	0.0	0	0	High	3.3018867924528266	3.0
2025-08-16 16:00:00	5.475	5.676	5.402	5.674	663989.417	3656067.739893	ICPUSDT	0.0	5.072195483154387	2.442590093656573	1.7207459295087362	0.5347526141647595	3.6347031963470458	3.6347031963470458	5.072195483154387	-43.760849612355784	54.304250797406574	0.018019299398454258	0.0	0.0	0.3413469077785513	11.802955665024633	5.871597008380757	4.918102991619243	0.792765339994599	0.0	0.0	0.0	0.0	0	0	High	3.6347031963470458	3.0
2025-08-17 16:00:00	5.674	5.685	5.226	5.306	1693969.965	9081292.478535	ICPUSDT	0.0	8.783008036739373	2.5828299318117445	1.87505372282595	1.2761612052400408	-6.485724356714845	-6.485724356714845	8.783008036739373	155.12002475184028	45.91816607376342	-0.00024088369701136259	-0.0031689020479093895	0.002928018350898027	0.34975070008008335	3.149300155520994	5.8636709005798995	4.909729099420099	0.4154036442245382	0.0	0.0	0.0	0.0	0	0	Negative	-6.485724356714845	0.0
2025-08-18 16:00:00	5.306	5.401	5.118	5.136	1025096.98	5375324.29676	ICPUSDT	0.0	5.5295037123876405	1.5834387706247204	1.9082403652563715	0.8965729027542813	-3.2039200904636242	-3.2039200904636242	5.5295037123876405	-39.48552800934697	42.642120053074166	-0.028105803402039164	-0.008156282318735344	-0.01994952108330382	0.34498279293150597	-2.190059036374028	5.863801192907509	4.885098807092492	0.25636107211342873	0.0	0.0	0.0	0.0	0	0	Negative	-3.203920090463624	0.0
2025-08-19 16:00:00	5.136	5.217	5.006	5.167	1366343.46	6953049.3617	ICPUSDT	0.0	4.214942069516568	1.7850037323551395	1.989876552315959	1.1520499216083002	0.603582554517128	0.603582554517128	4.214942069516568	33.289189867674764	43.434645883018845	-0.04714406467062826	-0.01595383878911393	-0.031190225881514332	0.3354125934363984	-3.5467612469665926	5.859994659165052	4.865305340834949	0.3033054176871425	0.0	0.0	0.0	0.0	0	0	Medium	0.603582554517128	2.0
2025-08-20 16:00:00	5.167	5.31	5.105	5.109	678571.64	3529717.62842	ICPUSDT	0.0	4.015670910871678	1.9244464088546571	2.135750180435542	0.6250692774920856	-1.1225082252757854	-1.1225082252757854	4.015670910871678	-50.336671571582734	42.258172701103746	-0.06614960766259248	-0.02599299256380964	-0.040156615098782836	0.3260974081909413	-9.237875288683597	5.861722958759502	4.859577041240499	0.248888863786417	0.0	0.0	0.0	0.0	0	0	Negative	-1.1225082252757854	0.0
2025-08-21 16:00:00	5.109	5.347	4.934	5.295	1605625.02	8230696.78646	ICPUSDT	0.0	8.37049047426024	2.2662072267778264	2.2369013620496263	1.2603799603453247	3.640634174985319	3.640634174985319	8.37049047426024	136.6183502747035	47.197521432434044	-0.06544854182823201	-0.033884102416694116	-0.031564439411537894	0.33230473617730266	-6.432231843081815	5.8460756868566115	4.90792431314339	0.41259406285848826	0.0	0.0	0.0	0.0	0	0	High	3.640634174985319	3.0
2025-08-22 16:00:00	5.295	5.585	5.295	5.397	1401185.32	7627341.32792	ICPUSDT	0.0	5.476864966949954	1.738779596385915	2.256771427223407	1.1528930937560622	1.9263456090651616	1.9263456090651616	5.476864966949954	-12.732717630421575	49.736749154363714	-0.056016669259109975	-0.03831061578517729	-0.017706053473932684	0.32928296930749534	-2.826791501620454	5.842651462748819	4.94194853725118	0.505218146701815	0.0	0.0	0.0	0.0	0	0	Medium	1.9263456090651616	2.0
2025-08-23 16:00:00	5.397	5.484	5.183	5.244	883864.46	4705817.81732	ICPUSDT	0.0	5.80744742427166	1.743536088380854	1.596755527393121	0.7445464350561012	-2.834908282379108	-2.834908282379108	5.80744742427166	-36.920231222519526	46.15157841618467	-0.06019378711225887	-0.04268725005059361	-0.01750653706166526	0.3272627572141028	-6.524064171123004	5.842263975283623	4.9442360247163775	0.33380250035009984	0.0	0.0	0.0	0.0	0	0	Negative	-2.834908282379108	0.0
2025-08-24 16:00:00	5.244	5.498	5.018	5.048	1916969.58	10007365.4074	ICPUSDT	0.0	9.565563969709057	2.2630947915985713	1.984877086932919	1.477725667854029	-3.7376048817696366	-3.7376048817696366	9.565563969709057	116.88501651033691	41.9771700885578	-0.07841581634635197	-0.04983296330974528	-0.028582853036606695	0.33817256027023834	-14.426173927784369	5.844878101015933	4.938921898984066	0.1204010754286959	0.0	0.0	0.0	0.0	0	0	Negative	-3.737604881769637	0.0
2025-08-25 16:00:00	5.048	5.088	4.839	4.985	1594115.12	7889340.74842	ICPUSDT	0.0	5.145691258524481	1.972344356222551	1.9701040907120928	1.0768487681881587	-1.248019017432641	-1.248019017432641	5.145691258524481	-16.84191879560238	40.70278222432087	-0.09682434846598209	-0.05923124034099264	-0.03759310812498945	0.331803091679507	-10.727077363896836	5.859091021171611	4.9088089788283895	0.08017727135381583	0.0	0.0	0.0	0.0	0	0	Negative	-1.248019017432641	0.0
2025-08-26 16:00:00	4.985	5.145	4.976	5.077	848725.64	4299334.28472	ICPUSDT	0.0	3.39630225080385	2.2615876129006227	2.140442991223759	0.6386331876614431	1.845536609829481	1.845536609829481	3.39630225080385	-46.75882379184761	43.4048702401613	-0.10280454487348756	-0.06794590124749163	-0.03485864362599593	0.320174299416685	-4.207547169811318	5.865927847472251	4.884572152527748	0.19608369163551242	0.0	0.0	0.0	0.0	0	0	Medium	1.845536609829481	2.0
2025-08-27 16:00:00	5.077	5.143	4.972	5.076	1227827.06	6209618.8662	ICPUSDT	0.0	3.439259855189046	2.5207546195067776	2.041694414608475	0.948641510550381	-0.019696671262563206	-0.019696671262563206	3.439259855189046	44.66713412829145	43.381729944846796	-0.10639809425402902	-0.07563633984879911	-0.030761754405229907	0.3095189923154932	-7.287671232876713	5.868958446507788	4.853441553492212	0.21915779839653918	0.0	0.0	0.0	0.0	0	0	Negative	-0.0196966712625632	0.0
2025-08-28 16:00:00	5.076	5.146	4.849	4.88	1373494.26	6845935.95144	ICPUSDT	0.0	6.12497422148896	2.535312088791713	2.051434875884941	0.9865452393986182	-3.861308116627261	-3.861308116627261	6.12497422148896	11.863820626334782	38.99373584536415	-0.12363636691110269	-0.08523634526125984	-0.03840002164984285	0.3086247785786722	-13.993655269651049	5.856831560363892	4.790668439636107	0.0837878919530748	0.0	0.0	0.0	0.0	0	0	Negative	-3.861308116627261	0.0
2025-08-29 16:00:00	4.88	4.951	4.806	4.891	1127367.44	5490201.48954	ICPUSDT	0.0	3.017062005826042	1.3435787642715733	2.1699737456432535	0.9133614579226705	0.22540983606557627	0.22540983606557627	3.017062005826042	-17.919755995194333	39.364423376196804	-0.13485568176309926	-0.09516021256162772	-0.03969546920147153	0.2969372943944813	-7.821334338484736	5.826879048159009	4.743820951840991	0.13589210833598037	0.0	0.0	0.0	0.0	0	0	Low	0.2254098360655762	1.0
2025-08-30 16:00:00	4.891	4.937	4.796	4.837	521668.66	2528883.978	ICPUSDT	0.0	2.939949958298582	1.327585098541791	2.272447122576553	0.5115318321565053	-1.1040686976078566	-1.1040686976078566	2.939949958298582	-53.726829293562005	38.139266666226796	-0.146416618678332	-0.10541149378496859	-0.041005124893363415	0.28579891622344694	-5.821651090342686	5.809751550644889	4.689248449355111	0.1318617953621154	0.0	0.0	0.0	0.0	0	0	Negative	-1.1040686976078566	0.0
2025-08-31 16:00:00	4.837	4.932	4.65	4.709	1914193.04	9123761.68278	ICPUSDT	0.0	6.064516129032258	1.6339458879102775	2.033927850922931	1.5525812080058798	-2.646268348149682	-2.646268348149682	6.064516129032258	266.93656084304547	35.33216050958893	-0.16401659354151032	-0.11713251373627694	-0.04688407980523339	0.2855275650646293	-8.863944261660542	5.785999473389841	4.622900526610158	0.07402592327009563	0.0	0.0	0.0	0.0	0	0	Negative	-2.646268348149682	0.0
2025-09-01 16:00:00	4.709	4.891	4.586	4.754	1463462.74	6930605.25076	ICPUSDT	0.0	6.65067597034452	1.8228490530275774	2.091299415590772	1.1432970135459217	0.9556169038012303	0.9556169038012303	6.65067597034452	-23.54675263054974	37.08533685210984	-0.17234686907771568	-0.1281753848045647	-0.044171484273150985	0.2869184532742986	-6.948522215697797	5.666035850727378	4.628364149272621	0.1210747585688652	0.0	0.0	0.0	0.0	0	0	Medium	0.9556169038012304	2.0
2025-09-02 16:00:00	4.754	4.917	4.754	4.87	777646.94	3767571.0045	ICPUSDT	0.0	3.4286916281026563	1.7903787205852597	2.150879444828423	0.669884171234511	2.440050483803125	2.440050483803125	3.4286916281026563	-46.86253918565772	41.488913607535025	-0.1676558100923753	-0.13607146986212681	-0.031584340230248475	0.2780671351832773	-8.02644003777148	5.6027247957910955	4.620275204208905	0.2541858614739963	0.0	0.0	0.0	0.0	0	0	High	2.440050483803125	3.0
2025-09-03 16:00:00	4.87	4.937	4.705	4.748	1507605.44	7261554.09324	ICPUSDT	0.0	4.93092454835282	1.6110069112614824	1.4313260264785783	1.2188428439635746	-2.5051334702258705	-2.5051334702258705	4.93092454835282	93.86759755011703	38.4414405565275	-0.17180206518827834	-0.14321758892735711	-0.028584476260921227	0.2747766255273289	-12.025199184732259	5.591418236125563	4.576381763874437	0.1690759305869591	0.0	0.0	0.0	0.0	0	0	Negative	-2.5051334702258705	0.0
2025-09-04 16:00:00	4.748	4.887	4.678	4.751	1471450.08	7029682.57744	ICPUSDT	0.0	4.467721248396743	1.280249992983199	1.414022103664844	1.0312420756712661	0.06318449873631242	0.06318449873631242	4.467721248396743	-2.398197767182365	38.56094895253611	-0.1728533811159707	-0.14914474736507985	-0.023708633750890856	0.2700782951325197	-9.401220442410363	5.5415680390549715	4.553831960945028	0.19961611550350364	0.0	0.0	0.0	0.0	0	0	Low	0.0631844987363124	1.0
2025-09-05 16:00:00	4.751	4.807	4.691	4.707	584543.64	2770666.76666	ICPUSDT	0.0	2.472820294180357	1.581849192688359	1.5166275399183424	0.5035081483949159	-0.9261208166701849	-0.9261208166701849	2.472820294180357	-60.27431389313595	37.41370239853805	-0.175217194095036	-0.15435923671107107	-0.020857957383964926	0.25907270262305404	-6.755150554675122	5.422811580311606	4.575888419688393	0.1548092984198559	0.0	0.0	0.0	0.0	0	0	Negative	-0.9261208166701848	0.0
2025-09-06 16:00:00	4.707	4.853	4.698	4.818	846925.72	4053247.2065	ICPUSDT	0.0	3.2992762877820208	0.9801468628739001	1.5266182519785463	0.8162082419236454	2.3581899298916458	2.3581899298916458	3.2992762877820208	44.8866538005614	42.09414090600952	-0.16621770632541377	-0.1567309306339396	-0.009486775691474159	0.25163893814997873	-3.3500501504513682	5.380793553601636	4.569106446398365	0.3066373130641633	0.0	0.0	0.0	0.0	0	0	High	2.3581899298916458	3.0
2025-09-07 16:00:00	4.818	4.947	4.769	4.924	1601217.224377	7779103.030557353	ICPUSDT	0.0	3.732438666387082	0.9669102800852813	1.3977769535740046	1.3317414458041985	2.2000830220008463	2.2000830220008463	3.732438666387082	89.06229750313878	46.22955040092023	-0.14881676626288431	-0.15514809775972857	0.006331331496844256	0.24637901399640882	-3.0135907031711557	5.36383881085708	4.56486118914292	0.4494979597633402	0.0	0.0	0.0	0.0	0	0	High	2.2000830220008463	3.0
2025-09-08 16:00:00	4.924	5.054	4.828	4.861	1713423.334463	8446802.920672126	ICPUSDT	0.0	4.681027340513669	0.8964810597704398	1.3528006753672903	1.377890470524346	-1.279447603574342	-1.279447603574342	4.681027340513669	7.007550779355193	44.20874913249253	-0.13851327457557083	-0.15182113312289702	0.01330785854732619	0.24492337013952245	-4.235618597320723	5.339662070986042	4.55843792901396	0.38729226956845964	0.0	0.0	0.0	0.0	0	0	Negative	-1.279447603574342	0.0
2025-09-09 16:00:00	4.861	5.001	4.826	4.945	1132732.661003	5539826.451725498	ICPUSDT	0.0	3.626191462909257	0.7969830043543625	1.2941482293430744	0.9633976804267914	1.7280394980456804	1.7280394980456804	3.626191462909257	-33.8906714867399	47.50375074242116	-0.12216138479689942	-0.14588918345769752	0.023727798660798105	0.2399288437009852	1.3319672131147622	5.324510409737574	4.557189590262425	0.5054084287753845	0.0	0.0	0.0	0.0	0	0	Medium	1.7280394980456804	2.0
2025-09-10 16:00:00	4.945	4.959	4.837	4.875	1533422.4004	7513470.592875181	ICPUSDT	0.0	2.522224519330161	0.7802284019810559	1.2524002470186166	1.1229386232870375	-1.415571284125385	-1.415571284125385	2.522224519330161	35.37372525677871	45.112684327315726	-0.11354196819199203	-0.13941974040455643	0.025877772212564404	0.23150535486520055	-0.3271314659578821	5.268008168078825	4.571691831921174	0.4355896197301839	0.0	0.0	0.0	0.0	0	0	Negative	-1.415571284125385	0.0
2025-09-11 16:00:00	4.875	5.041	4.817	4.867	1814362.581156	8906266.04778929	ICPUSDT	0.0	4.650197218185596	0.8884724372305254	0.8842962042871803	1.1637753425134947	-0.16410256410256424	-0.16410256410256424	4.650197218185596	18.321121478512094	44.83493252306328	-0.10613311508909362	-0.13276241534146388	0.026629300252370258	0.2309692580891148	0.6202191440975864	5.164328430875972	4.622371569124028	0.4513798941214247	0.0	0.0	0.0	0.0	0	0	Negative	-0.1641025641025642	0.0
2025-09-12 16:00:00	4.867	5.169	4.857	5.074	1821540.899229	9145850.93219186	ICPUSDT	0.0	6.423718344657183	1.4456800700264525	1.2018380426055697	1.1362641244477312	4.253133347031022	4.253133347031022	6.423718344657183	0.3956385646151542	52.913266828815644	-0.08260614339777383	-0.12273116095272588	0.04012501755495204	0.23675716822560658	7.751114886387773	5.119532998958178	4.650167001041822	0.9029904186491745	0.0	0.0	0.0	0.0	0	0	High	4.253133347031022	3.0
2025-09-13 16:00:00	5.074	5.098	4.827	4.849	2297261.57094	11397579.559515702	ICPUSDT	0.0	5.6142531593122005	1.5505878672090423	1.2728797059488917	1.3357227901888338	-4.434371304690572	-4.434371304690572	5.6142531593122005	26.116387060667	45.17029847609796	-0.08118066821628123	-0.11442106240543695	0.033240394189155725	0.2392030847809204	1.9983172065629078	5.0976410155315	4.6521589844685005	0.4418607301888293	0.0	0.0	0.0	0.0	0	0	Negative	-4.434371304690572	0.0
2025-09-14 16:00:00	4.849	4.913	4.638	4.676	2223677.120229	10600251.689057926	ICPUSDT	0.0	5.929279862009495	1.543184494331495	1.3918908375922279	1.1473768872445786	-3.5677459269952574	-3.5677459269952574	5.929279862009495	-3.203137667988338	40.28857591589862	-0.09293927691207671	-0.11012470530676491	0.0171854283946882	0.24176000729656896	-3.9835728952772063	5.09214419846658	4.626755801533421	0.10581312037663812	0.0	0.0	0.0	0.0	0	0	Negative	-3.5677459269952574	0.0
2025-09-15 16:00:00	4.676	4.733	4.61	4.721	1454492.099966	6785463.138320585	ICPUSDT	0.0	2.6681127982646275	1.4842163570155615	1.3645835490918026	0.7566546219685152	0.9623609923011105	0.9623609923011105	2.6681127982646275	-34.5906792522013	42.043166824147455	-0.09750298142403047	-0.10760036053021803	0.010097379106187562	0.23327714963252827	-0.568660488626793	5.059014463516932	4.624285536483067	0.22247073406596413	0.0	0.0	0.0	0.0	0	0	Medium	0.9623609923011104	2.0
2025-09-16 16:00:00	4.721	4.807	4.66	4.674	969223.763755	4580134.740888831	ICPUSDT	0.0	3.1545064377682452	1.7189025356645316	1.3772619455787893	0.5528189331550825	-0.9955517898750204	-0.9955517898750204	3.1545064377682452	-33.363421927306696	40.69804379529362	-0.1037166760539181	-0.10682362363495804	0.003106947581039937	0.22711449608734768	-1.6207114291728046	5.022220351571935	4.620879648428065	0.1323572494786126	0.0	0.0	0.0	0.0	0	0	Negative	-0.9955517898750204	0.0
2025-09-17 16:00:00	4.674	4.915	4.643	4.887	1980852.780857	9507614.215750009	ICPUSDT	0.0	5.858281283652817	1.5961306280601164	1.44241384149896	1.1096583680591514	4.557124518613589	4.557124518613589	5.858281283652817	104.37517680981246	48.70724241650778	-0.09041154590862988	-0.1035412080896924	0.013129662181062526	0.23032060350968	3.8240917782026704	5.023000870211951	4.6207991297880495	0.6618590708518242	0.0	0.0	0.0	0.0	0	0	High	4.557124518613589	3.0
2025-09-18 16:00:00	4.887	4.994	4.735	4.764	1840285.594141	8968674.013170796	ICPUSDT	0.0	5.469904963041171	1.575384750723829	1.47386749906424	1.0865435316576597	-2.5168815224063708	-2.5168815224063708	5.469904963041171	-7.096296507970916	44.93327369363662	-0.08876893344826264	-0.10058675316140644	0.011817819713143801	0.2323691318304171	-1.1207970112079575	5.015539474723056	4.615560525276944	0.371118217417727	0.0	0.0	0.0	0.0	0	0	Negative	-2.5168815224063708	0.0
2025-09-19 16:00:00	4.764	4.809	4.688	4.771	723242.936834	3426399.879263367	ICPUSDT	0.0	2.5810580204778253	1.5891530540304208	1.582955874938339	0.5189673153321103	0.14693534844667658	0.14693534844667658	2.5810580204778253	-60.69941865889614	45.19353771489733	-0.08591197002833706	-0.09765179653479257	0.011739826506455511	0.2244141938425302	-3.10722989439481	5.0128918450872195	4.61160815491278	0.3972048926731404	0.0	0.0	0.0	0.0	0	0	Low	0.1469353484466765	1.0
2025-09-20 16:00:00	4.771	4.814	4.715	4.744	773495.882332	3675778.78435622	ICPUSDT	0.0	2.0996818663838854	1.7185259403758653	1.6456327566111841	0.6151451102099237	-0.5659190945294515	-0.5659190945294515	2.0996818663838854	6.948280161294412	44.32335999414604	-0.08484840073889899	-0.09509111737561386	0.010242716636714874	0.21545603713949232	-2.4069121579921826	5.011596558674497	4.616403441325503	0.3228714091237992	0.0	0.0	0.0	0.0	0	0	Negative	-0.5659190945294515	0.0
2025-09-21 16:00:00	4.744	4.755	4.177	4.287	3771455.918266	16802406.97412364	ICPUSDT	0.0	13.837682547282748	4.707103479799095	3.401212267578751	2.0746604132642	-9.633220910623944	-9.633220910623944	13.837682547282748	387.58577833607853	32.80856960706693	-0.11950402707066221	-0.09997369931462355	-0.019530327756038662	0.24135203448667147	-13.30637007077857	5.093452427335059	4.487847572664942	-0.33164789072628315	0.0	0.0	0.0	0.0	0	0	Negative	-9.633220910623944	0.0
2025-09-22 16:00:00	4.287	4.373	4.217	4.349	1625881.025922	7001783.317558992	ICPUSDT	0.0	3.699312307327498	4.817563598306944	3.415946736314684	0.930738355888392	1.4462327968276247	1.4462327968276247	3.699312307327498	-56.889830846292114	35.26564432765416	-0.14034813286254888	-0.10804858602420862	-0.03229954683834026	0.2352554605947664	-10.789743589743587	5.1205867413261394	4.40861325867386	-0.0837296052821876	0.0	0.0	0.0	0.0	0	0	Medium	1.4462327968276247	2.0
2025-09-23 16:00:00	4.349	4.416	4.245	4.36	1504331.898729	6537267.107926702	ICPUSDT	0.0	4.028268551236755	4.865524227262677	3.4257676531594474	0.8956054285866202	0.2529317084387243	0.2529317084387243	4.028268551236755	-7.47589308535489	35.7148043822703	-0.15420208317969575	-0.11727928545530605	-0.036922797724389694	0.23066578483799738	-10.417094719539751	5.142574181345497	4.3478258186545045	0.015318284273369847	0.0	0.0	0.0	0.0	0	0	Low	0.2529317084387243	1.0
2025-09-24 16:00:00	4.36	4.382	4.069	4.155	2261833.262253	9498669.751358168	ICPUSDT	0.0	7.692307692307685	4.698885937755514	3.526640106287068	1.1380868070506613	-4.701834862385322	-4.701834862385322	7.692307692307685	50.35467001424405	31.349250810315	-0.17965230541472899	-0.12975388944719063	-0.049898415967538357	0.23654680020671184	-18.111943240047292	5.188701764205463	4.242098235794538	-0.09201131538221777	0.0	0.0	0.0	0.0	0	0	Negative	-4.701834862385322	0.0
2025-09-25 16:00:00	4.155	4.162	3.996	4.132	2296610.508	9378940.899551691	ICPUSDT	0.0	4.154154154154152	4.317210756086015	3.4426724908474307	1.0020017191457296	-0.5535499398315421	-0.5535499398315421	4.154154154154152	1.5375689414151843	30.892993643147392	-0.19937937633488634	-0.1436789868247298	-0.055700389510156545	0.23150774304908955	-14.786553928645091	5.224018877029554	4.1492811229704465	-0.016079385789862562	0.0	0.0	0.0	0.0	0	0	Negative	-0.5535499398315421	0.0
2025-09-26 16:00:00	4.132	4.234	4.13	4.199	656819.909158	2753143.121599644	ICPUSDT	0.0	2.518159806295402	1.9409082852773947	3.49140013413538	0.39351851327358917	1.6214908034849995	1.6214908034849995	2.518159806295402	-71.40046573548116	33.91048973954723	-0.20721819969016764	-0.15638682939781737	-0.05083137029235027	0.22240004711701175	-10.201026518391794	5.229323256153377	4.082076743846622	0.10191641892053467	0.0	0.0	0.0	0.0	0	0	Medium	1.6214908034849995	2.0
2025-09-27 16:00:00	4.199	4.236	4.105	4.216	717743.242074	2987333.308936443	ICPUSDT	0.0	3.191230207064539	2.000360601941775	3.5365824844315017	0.4825269222125797	0.40485829959515	0.40485829959515	3.191230207064539	9.27550034134922	34.68971853718246	-0.20964214163871908	-0.1670378918459977	-0.04260424979272137	0.21587147232293943	-10.696886252912515	5.210470517731954	4.0301294822680465	0.15747187647246486	0.0	0.0	0.0	0.0	0	0	Low	0.40485829959515	1.0
2025-09-28 16:00:00	4.216	4.317	4.158	4.225	870421.719653	3687992.4672571	ICPUSDT	0.0	3.8239538239538193	2.009793400244504	3.5468040385035264	0.6396934292731891	0.21347248576848796	0.21347248576848796	3.8239538239538193	21.27201882637284	35.12581508259993	-0.2084342085028128	-0.17531715517736074	-0.03311705332545206	0.2118092242998723	-9.606332905434332	5.191758982527407	3.985241017472593	0.1987197782973037	0.0	0.0	0.0	0.0	0	0	Low	0.2134724857684879	1.0
2025-09-29 16:00:00	4.225	4.296	4.093	4.123	835313.788352	3501409.298079116	ICPUSDT	0.0	4.95968727095041	0.9300124746700248	3.4630171677240176	0.7767601817060614	-2.4142011834319392	-2.4142011834319392	4.95968727095041	-4.033439252296702	32.4788732872028	-0.21324925566410702	-0.18290357527471002	-0.030345680389397	0.2111799939927386	-15.633312870881918	5.159841148193035	3.9349588518069667	0.1535177288036868	0.0	0.0	0.0	0.0	0	0	Negative	-2.4142011834319392	0.0
2025-09-30 16:00:00	4.123	4.409	4.088	4.373	1256837.788111	5379854.475128956	ICPUSDT	0.0	7.852250489236784	2.094141562148905	3.4049240144179542	1.4489258101154625	6.063545961678389	6.063545961678389	7.852250489236784	50.462952442175016	43.68093449121436	-0.19464851762051616	-0.18525256374387125	-0.009395953876644908	0.21902428013611439	-8.20738874895046	5.119947755789312	3.9246522442106873	0.37509364960065894	0.0	0.0	0.0	0.0	0	0	Very High	6.063545961678389	4.0
2025-10-01 16:00:00	4.373	4.559	4.352	4.507	1322334.710131	5926024.454876354	ICPUSDT	0.0	4.756433823529408	1.7899951144221249	1.7796851767359427	1.3216339141918043	3.0642579464898114	3.0642579464898114	4.756433823529408	5.211247039161703	48.60298049699817	-0.16716761439410632	-0.18163557387391827	0.014467959479811943	0.21816540298353476	-5.53343114651017	5.080641947111262	3.9279580528887372	0.5023423594391601	0.0	0.0	0.0	0.0	0	0	High	3.0642579464898114	3.0
2025-10-02 16:00:00	4.507	4.608	4.484	4.606	1281677.411739	5818644.169494648	ICPUSDT	0.0	2.7653880463871467	1.8994057174628722	1.8588848683618922	1.1512240588259157	2.196583092966501	2.196583092966501	2.7653880463871467	-3.0746601507550486	51.94453171296655	-0.13583451227205856	-0.17247536155354634	0.03664084928148778	0.2114393027704251	-2.908937605396288	4.997752744986424	3.9640472550135764	0.6210209302489879	0.0	0.0	0.0	0.0	0	0	High	2.196583092966501	3.0
2025-10-03 16:00:00	4.606	4.699	4.428	4.433	2101120.035715	9580631.511802228	ICPUSDT	0.0	6.120144534778679	1.8722799837155049	1.9076878074415227	1.5455585774582017	-3.755970473295702	-3.755970473295702	6.120144534778679	63.93516937028385	46.28191578188926	-0.12353838368900583	-0.16268796598063825	0.03914958229163243	0.2156936382868233	3.4056449731747125	4.948736429260038	3.9714635707399615	0.47226977116601937	0.0	0.0	0.0	0.0	0	0	Negative	-3.755970473295702	0.0
2025-10-04 16:00:00	4.433	4.679	4.426	4.62	1283003.572518	5877440.925047438	ICPUSDT	0.0	5.716222322638954	1.869400826943713	1.6590245610535344	0.8854439352279927	4.218362282878418	4.218362282878418	5.716222322638954	-38.93715967153677	52.33104781174197	-0.09757944096793736	-0.1496662609780981	0.05208682001016074	0.2183583784091931	6.231317544263047	4.941578060622201	3.973021939377799	0.6679820058242601	0.0	0.0	0.0	0.0	0	0	High	4.218362282878418	3.0
2025-10-05 16:00:00	4.62	4.676	4.487	4.642	1073719.28305	4903450.433740184	ICPUSDT	0.0	4.21216848673947	1.3259351467932912	1.657448259957217	0.7602246725896759	0.47619047619048144	0.47619047619048144	4.21216848673947	-16.312058200840575	53.001582942426445	-0.07437423580507208	-0.1346078559434929	0.06023362013842082	0.216261351379965	6.467889908256881	4.930191808150251	3.97650819184975	0.6978119334080675	0.0	0.0	0.0	0.0	0	0	Low	0.4761904761904814	1.0
2025-10-06 16:00:00	4.642	4.686	4.386	4.406	2464927.330111	11194776.943406109	ICPUSDT	0.0	6.839945280437752	1.6341478710618218	1.6197614399260258	1.50218969047751	-5.084015510555809	-5.084015510555809	6.839945280437752	129.56906605133736	45.592663095457446	-0.07417216069678645	-0.12252071689415162	0.04834855619736517	0.2222426834242532	6.040914560770143	4.906180618900133	3.973719381099868	0.46359097984588504	0.0	0.0	0.0	0.0	0	0	Negative	-5.084015510555809	0.0
2025-10-07 16:00:00	4.406	4.5	4.342	4.459	1735491.147019	7668104.053741511	ICPUSDT	0.0	3.6388760939659233	1.3378966608975589	1.5688764252443161	1.002216884645227	1.2029051293690407	1.2029051293690407	3.6388760939659233	-29.592603975840227	47.37189413180571	-0.06894065272651329	-0.11180470406062396	0.04286405133411067	0.21765392032252087	7.913843175217812	4.837645442590349	3.9994545574096514	0.5482586970523778	0.0	0.0	0.0	0.0	0	0	Medium	1.2029051293690407	2.0
2025-10-08 16:00:00	4.459	4.586	4.29	4.32	1573969.967013	6971599.777632071	ICPUSDT	0.0	6.899766899766906	1.4930165443137926	1.5989891472688298	0.9678689105319115	-3.117290872392899	-3.117290872392899	6.899766899766906	-9.306943471503152	43.366435779197666	-0.07514456354494392	-0.10447267595748796	0.029328112412544044	0.22325006887091225	2.8816384853536663	4.7858944903987215	4.0068055096012785	0.40200092430796414	0.0	0.0	0.0	0.0	0	0	Negative	-3.117290872392899	0.0
2025-10-09 16:00:00	4.32	4.462	4.203	4.237	1843639.349911	8014667.534151333	ICPUSDT	0.0	6.162265048774671	1.5250314682001007	1.6093808785488686	1.0605689129907825	-1.9212962962963005	-1.9212962962963005	6.162265048774671	17.13307042381278	41.130089259585205	-0.08576991175260318	-0.10073212311651102	0.014962211363907837	0.22580363538013276	0.4981024667931666	4.724472927669563	4.014827072330437	0.3130757771612587	0.0	0.0	0.0	0.0	0	0	Negative	-1.9212962962963005	0.0
2025-10-10 16:00:00	4.237	4.279	1.84	3.305	10839975.737583	33993818.05179304	ICPUSDT	0.0	132.55434782608694	56.66374353966777	40.28569524143152	2.936389008432925	-21.99669577531272	-21.99669577531272	132.55434782608694	487.9661734333393	25.332609665594276	-0.1674647582201123	-0.11407865013723129	-0.05338610808288102	0.38388908999583754	-21.775147928994073	4.848935376223261	3.74646462377674	-0.40043205028076645	0.0	0.0	0.0	0.0	0	0	Negative	-21.99669577531272	0.0
2025-10-11 16:00:00	3.305	3.419	3.024	3.412	2698709.683676	8682398.065670311	ICPUSDT	0.0	13.062169312169313	56.05958393599205	40.068111911197704	0.7218972280793476	3.2375189107412936	3.2375189107412936	13.062169312169313	-75.10409848686862	28.717641522670775	-0.22102664923345916	-0.13546824995647688	-0.08555839927698228	0.3846827264247063	-17.244724715013344	4.927057859113233	3.580842140886767	-0.1254198258130604	0.0	0.0	0.0	0.0	0	0	High	3.2375189107412936	3.0
2025-10-12 16:00:00	3.412	3.602	3.404	3.554	2994159.637466	10484436.173264924	ICPUSDT	0.0	5.816686251468859	55.78743818659171	39.94388628045643	0.750398858363996	4.161781946072682	4.161781946072682	5.816686251468859	10.947822790169772	33.05513005642668	-0.24914463621846306	-0.15820352720887412	-0.09094110900958893	0.3713482459657987	-18.728561628172887	4.95103990119971	3.4773600988002893	0.05200580280392438	0.0	0.0	0.0	0.0	0	0	High	4.161781946072682	3.0
2025-10-13 16:00:00	3.554	3.774	3.355	3.554	3128423.696443	11068079.641956836	ICPUSDT	0.0	12.48882265275708	55.18903926566246	39.7642674552702	0.727374346627441	0.0	0.0	12.48882265275708	4.484198414037454	33.05513005642668	-0.26833514298770034	-0.18022985036463937	-0.08810529262306097	0.3747519426825273	-21.14488573330375	4.960892985991616	3.3869070140083837	0.10615913290578946	0.0	0.0	0.0	0.0	0	0	Low	0.0	1.0
2025-10-14 16:00:00	3.554	3.602	3.329	3.34	1894578.713184	6601535.549330216	ICPUSDT	0.0	8.20066085911684	54.93879980082413	39.67457875994441	0.4394581832065741	-6.021384355655599	-6.021384355655599	8.20066085911684	-39.43982986261978	29.877552937969227	-0.2973837150378129	-0.2036606232992741	-0.09372309173853882	0.3674839467766325	-27.48588797221016	5.000169094368745	3.266130905631254	0.04259946225436251	0.0	0.0	0.0	0.0	0	0	Negative	-6.021384355655599	0.0
2025-10-15 16:00:00	3.34	3.407	3.194	3.211	2190461.663093	7255233.485890861	ICPUSDT	0.0	6.66875391358798	3.3381941603780656	39.573523530504346	0.848599519416855	-3.8622754491017965	-3.8622754491017965	6.66875391358798	15.617347954456	28.122570161885548	-0.32704417786866724	-0.22833733421315272	-0.09870684365551452	0.3564493791497302	-27.565982404692086	5.042773354237734	3.131426645762267	0.04163208793301678	0.0	0.0	0.0	0.0	0	0	Negative	-3.862275449101797	0.0
2025-10-16 16:00:00	3.211	3.299	2.881	3.007	3538246.401779	10824100.452208392	ICPUSDT	0.0	14.508851093370364	3.7843735368922604	39.35886334912505	1.2870216192058868	-6.353161009031447	-6.353161009031447	14.508851093370364	61.52971135696051	25.565154095174776	-0.3628289373188389	-0.25523565483428995	-0.10759328248454897	0.3608458520676066	-34.913419913419915	5.090477798451125	2.964522201548875	0.01998056709792994	0.0	0.0	0.0	0.0	2025-10-22 17:57:42.482666+00:00	2025-10-22 17:57:42.486479+00:00	Negative	-6.353161009031447	0.0
2025-10-17 16:00:00	3.007	3.095	2.905	3.044	1145332.285	3443918.276715	ICPUSDT	0.0	6.54044750430294	3.616632182644931	39.22712857236739	0.48135167207225843	1.2304622547389399	1.2304622547389399	6.54044750430294	-67.6299456017496	26.864223918870906	-0.38377906010949925	-0.2809443358893318	-0.10283472422016743	0.34864257691992045	-34.42481688927187	5.110186099100484	2.8276139008995163	0.09479923538498834	0.0	0.0	0.0	0.0	2025-10-22 17:57:42.482666+00:00	2025-10-22 17:57:42.486479+00:00	Medium	1.23046225473894	2.0
2025-10-18 16:00:00	3.044	3.122	2.987	3.103	807561.89	2463878.24416	ICPUSDT	0.0	4.519584867760288	3.820431434731634	39.331230666883485	0.4216513315479313	1.9382391590013193	1.9382391590013193	4.519584867760288	-29.4910393624327	28.99234504061417	-0.39111287072771406	-0.30297804285700825	-0.08813482787070581	0.33338239285421184	-29.573309123921916	5.107280740740511	2.7183192592594887	0.16102425414663069	0.0	0.0	0.0	0.0	2025-10-22 17:57:42.482666+00:00	2025-10-22 17:57:42.486479+00:00	Medium	1.9382391590013195	2.0
2025-10-19 16:00:00	3.103	3.19	3.005	3.148	827022.58	2565626.71736	ICPUSDT	0.0	6.1564059900166415	3.9135649097789504	39.33147716741533	0.4859907432212068	1.450209474701899	1.450209474701899	6.1564059900166415	2.4098078724343894	30.649865735956595	-0.38881186342600005	-0.3201448069708066	-0.06866705645519344	0.3227836505074824	-29.40121103386409	5.099130964957358	2.6289690350426413	0.21012021870779884	0.0	0.0	0.0	0.0	2025-10-22 17:57:42.482666+00:00	2025-10-22 17:57:42.486479+00:00	Medium	1.450209474701899	2.0
2025-10-20 16:00:00	3.148	3.264	3.033	3.252	1182813.16	3703842.06176	ICPUSDT	0.0	7.616221562809096	3.8751815683516404	3.486437131258456	0.7884394711086841	3.3036848792884257	3.3036848792884257	7.616221562809096	43.02066093527942	34.45772434813148	-0.37428187920470224	-0.33097222141758575	-0.043309657787116485	0.31622767547123365	-24.722222222222232	5.047344020036405	2.568655979963594	0.2756877868407888	0.0	0.0	0.0	0.0	2025-10-22 17:57:42.482666+00:00	2025-10-22 17:57:42.486479+00:00	High	3.3036848792884257	3.0
2025-10-21 16:00:00	3.252	3.281	2.96	3.007	1152528.27	3571813.49239	ICPUSDT	0.0	10.8445945945946	2.352881236518701	3.2291344828142567	1.1265592354455127	-7.533825338253372	-7.533825338253372	10.8445945945946	-2.560411992710658	30.244646793788704	-0.378176827416453	-0.3404131426173592	-0.037763684799093755	0.316568555794717	-29.029974038234595	4.975607580855677	2.4903924191443223	0.20787237612856607	0.0	0.0	0.0	0.0	2025-10-22 17:57:42.482666+00:00	2025-10-22 17:57:42.486479+00:00	Negative	-7.533825338253372	0.0
2025-10-22 16:00:00	3.007	3.041	2.854	3.027	839574.81	2485413.88879	ICPUSDT	0.0	6.552207428170982	2.3521435277175207	3.1732652162796113	0.8728294896124468	0.6651147322913208	0.6651147322913208	6.552207428170982	-27.153647172576513	30.986462028048734	-0.3753232759878644	-0.34739516929146025	-0.027928106696404165	0.3073136589522371	-8.411497730711044	4.865001109665456	2.4430988903345447	0.2410919421126619	0.086762	0.0	86762000.00000001	0.043381	2025-10-23 19:17:45.845346+00:00	2025-10-23 19:17:45.849450+00:00	Medium	0.6651147322913208	2.0
2025-10-23 16:00:00	3.027	3.158	2.988	3.062	909870.01	2801741.34566	ICPUSDT	0.0	5.689424364123157	2.0675678075842487	2.9204903335329027	0.9262066597978732	1.1562603237528806	1.1562603237528806	5.689424364123157	8.372714279028923	32.34245418691067	-0.3660183764242939	-0.351119810718027	-0.014898565706266909	0.29750554045564875	-10.257913247362254	4.767176013127116	2.403823986872883	0.2784925841836119	0.098818	0.0	98818000.0	0.049409	2025-10-24 23:31:48.113686+00:00	2025-10-24 23:31:48.117772+00:00	Medium	1.1562603237528806	2.0
2025-10-24 16:00:00	3.062	3.175	3.038	3.104	618988.61	1930676.03694	ICPUSDT	0.0	4.509545753785385	2.4120601869780662	3.0830836403769477	0.6579700649193061	1.3716525146962855	1.3716525146962855	4.509545753785385	-31.969555739066507	34.017841920789635	-0.35120663600925406	-0.35113717577627246	-6.946023298159965e-05	0.28604085899453097	-12.661789532920645	4.607746465319203	2.411653534680796	0.31526282684127493	0.069727	0.0	69727000.0	0.0348635	2025-10-25 23:30:41.555748+00:00	2025-10-25 23:30:41.559741+00:00	Medium	1.3716525146962857	2.0
2025-10-25 16:00:00	3.104	3.273	3.077	3.269	461349.15	1462999.39339	ICPUSDT	0.0	6.369840753981157	2.4023169010672505	3.0919728112021914	0.5792480388616575	5.315721649484537	5.315721649484537	6.369840753981157	-25.467263444475975	40.27496687237818	-0.32243724809423124	-0.34539719023986426	0.022959942145633017	0.2796093690663502	-8.019133370849739	4.411627863955281	2.470472136044718	0.4113672347219705	0.087409	0.0	87409000.0	0.0437045	2025-10-26 23:32:14.659549+00:00	2025-10-26 23:32:14.663584+00:00	Very High	5.315721649484537	4.0
2025-10-26 16:00:00	3.269	3.314	3.14	3.188	716596.63	2314777.82452	ICPUSDT	0.0	5.541401273885348	0.8081019157647943	1.8158899320845447	1.0103214963297733	-2.477821963903333	-2.477821963903333	5.541401273885348	55.32631413756803	38.352209611173016	-0.3026841692651483	-0.3368545860449211	0.03417041677977278	0.27206584270446804	-4.550898203592806	4.2483477366936615	2.5119522633063376	0.3893397253419711	0.09489	0.0	94890000.0	0.047445	2025-10-27 23:31:41.269939+00:00	2025-10-27 23:31:41.273597+00:00	Negative	-2.477821963903333	0.0
2025-10-27 16:00:00	3.188	3.258	3.132	3.184	647372.49	2059743.14628	ICPUSDT	0.0	4.022988505747123	0.9464609168748785	1.9676502481396045	0.965024372939377	-0.12547051442910925	-0.12547051442910925	4.022988505747123	-9.66012636704697	38.25508303646576	-0.28407780643022384	-0.32629923012198164	0.0422214236917578	0.26163256822557746	-0.8408595453129769	4.032236964678408	2.600563035321592	0.4075208416629608	0.07777	0.0	77770000.0	0.038885	2025-10-28 23:33:33.788903+00:00	2025-10-28 23:33:33.792741+00:00	Negative	-0.1254705144291092	0.0
2025-10-28 16:00:00	3.184	3.206	3.024	3.063	1092235.88	3365725.85632	ICPUSDT	0.0	6.018518518518516	0.9967941877394316	1.8821555417167515	1.5442141578969626	-3.800251256281407	-3.800251256281407	6.018518518518516	68.71830312097444	35.33954508008448	-0.27591523946348584	-0.3162224319902825	0.040307192526796654	0.2559445276380362	1.8623212504156983	3.80854710810057	2.6985528918994293	0.3283324388372577	0.090893	0.0	90893000.0	0.0454465	2025-10-29 23:33:52.942497+00:00	2025-10-29 23:33:52.946369+00:00	Negative	-3.800251256281407	0.0
2025-10-29 16:00:00	3.063	3.178	2.85	2.86	2601272.66	7881020.20456	ICPUSDT	0.0	11.508771929824556	2.8375233493290657	2.4896387040258747	2.3567261209271395	-6.62748938948744	-6.62748938948744	11.508771929824556	138.16033767358022	31.062348684282526	-0.2825694648945203	-0.3094918385711301	0.026922373676609823	0.2610913470924622	-6.044678055190545	3.5405118041886703	2.8288881958113303	0.043719466052582735	0.071738	0.0	71737999.99999999	0.035869	2025-10-30 23:36:48.082234+00:00	2025-10-30 23:36:48.086305+00:00	Negative	-6.62748938948744	0.0
2025-10-30 16:00:00	2.86	2.972	2.786	2.954	1100197.88	3164584.12512	ICPUSDT	0.0	6.676238334529789	2.8321217565945003	2.4759301025454428	0.8933548648781193	3.2867132867132978	3.2867132867132978	6.676238334529789	-57.70539947934563	34.98626599375967	-0.27706414903684573	-0.30300630066427325	0.025942151627427523	0.2557276794430006	-4.8018047051240735	3.5320062867760353	2.8022937132239654	0.20789868816096196	0.066178	0.0	66178000.00000001	0.033089	2025-10-31 23:31:07.846384+00:00	2025-10-31 23:31:07.850383+00:00	High	3.2867132867132978	3.0
2025-10-31 16:00:00	2.954	3.692	2.877	3.455	5797270.79	19658542.00096	ICPUSDT	0.0	28.328119568995497	9.902372942926831	7.246743735623871	2.5792358063034824	16.960054163845626	16.960054163845626	28.328119568995497	426.92982738705155	50.996148214059524	-0.22962762921631086	-0.2883305663746808	0.05870293715836994	0.2956757023399292	9.752223634053365	3.5403563838556025	2.798243616144397	0.8849819224659682	0.0840279999999999	0.0	84027999.99999999	0.0420139999999999	2025-11-01 23:19:42.009004+00:00	2025-11-01 23:19:42.012883+00:00	Very High	16.960054163845626	4.0
2025-11-01 16:00:00	3.455	4.122	3.338	3.979	9318590.56	34640032.93835	ICPUSDT	0.0	23.48711803475134	10.144001405940182	8.589678418729129	2.340229247478033	15.16642547033285	15.16642547033285	23.48711803475134	60.740991710687375	61.63695087986148	-0.1480448558045948	-0.26027342426066363	0.11222856845606882	0.3305560093156485	22.355473554735557	3.677787714057519	2.703312285942481	1.3091019816940144	0.097323	0.0	97323000.0	0.0486615	2025-11-02 23:19:59.261140+00:00	2025-11-02 23:19:59.265401+00:00	Very High	15.16642547033285	4.0
2025-11-02 16:00:00	3.979	4.326	3.617	3.675	17420093.02	68888800.63153	ICPUSDT	0.0	19.601880011058878	8.798813803563048	8.896408414271129	2.403605259378239	-7.6401105805478835	-7.6401105805478835	19.601880011058878	86.93913964602817	54.27383460903179	-0.1066903198745659	-0.22955680338344409	0.12286648350887819	0.35758772293595925	22.214832058530085	3.7043138564191413	2.688886143580859	0.9711315182277184	0.092845	0.0	92845000.0	0.0464225	2025-11-03 23:20:53.338897+00:00	2025-11-03 23:20:53.342614+00:00	Negative	-7.6401105805478835	0.0
2025-11-03 16:00:00	3.675	5.757	3.65	5.452	32101446.49	156931531.22179	ICPUSDT	0.0	57.72602739726027	18.880189291294027	16.685874080651335	2.4416351604935427	48.353741496598644	48.353741496598644	57.72602739726027	84.27827252784668	73.90062145788394	0.06868078741961225	-0.16990928522283283	0.23859007264244508	0.4825457427262479	80.11232243145027	4.4096389554282425	2.194761044571758	1.4706178338149034	0.044743	0.0	44743000.0	0.0223715	2025-11-04 23:21:24.638958+00:00	2025-11-04 23:21:24.642982+00:00	Very High	48.35374149659864	4.0
2025-11-04 16:00:00	5.452	6.438	4.714	5.218	30403962.63	164019206.8111	ICPUSDT	0.0	36.57191344929994	15.13162040317508	17.285035825594584	1.5995121236449341	-4.292002934702861	-4.292002934702861	36.57191344929994	-5.287873431276023	69.66044637939542	0.18663044940314633	-0.09860133829763701	0.28523178770078333	0.5712210468172302	70.41149575440889	4.787661905226432	2.017438094773568	1.1553441614174913	0.054217	0.0	54217000.0	0.0271085	2025-11-05 23:21:31.683187+00:00	2025-11-05 23:21:31.687042+00:00	Negative	-4.292002934702861	0.0
2025-11-05 16:00:00	5.218	7.119	4.978	6.629	23987189.6	144810371.19798	ICPUSDT	0.0	43.00924065889916	15.385999875495111	17.866221070166645	1.059212132582199	27.041011881947096	27.041011881947096	43.00924065889916	-21.105054982762283	77.8961327832516	0.38947271506656245	-0.0009865276247971178	0.39045924269135956	0.6833481149017138	113.56314432989689	5.542744206514836	1.6245557934851638	1.2772341906460885	0.037676	0.0	37676000.0	0.018838	2025-11-06 23:21:15.899477+00:00	2025-11-06 23:21:15.903411+00:00	Very High	27.041011881947096	4.0
2025-11-06 16:00:00	6.629	8.876	6.44	7.435	23466347.08	176236280.46162	ICPUSDT	0.0	37.82608695652172	13.695663718074583	16.902484414290832	0.9211227882305038	12.158696635993364	12.158696635993364	37.82608695652172	-2.171336153527561	81.05903288985894	0.608252578876173	0.12086129367539691	0.4873912852007761	0.808537535265877	127.4395839706332	6.363195359370792	1.2432046406292065	1.2093372233480615	0.027018	0.0	27018000.0	0.013509	2025-11-07 23:20:39.516100+00:00	2025-11-07 23:20:39.520165+00:00	Very High	12.158696635993364	4.0
2025-11-07 16:00:00	7.435	9.846	7.24	8.919	22635094.91	194590607.5854	ICPUSDT	0.0	35.994475138121544	9.097034487189855	15.338941622474039	0.8535487262020255	19.95965030262274	19.95965030262274	35.994475138121544	-3.542316011802541	85.24533156266311	0.8911114171443737	0.2749113183691923	0.6162000987751814	0.9369277113183143	179.76787954830613	7.463205188171239	0.7247948118287599	1.2160442493885253	0.0	0.0	0.0	0.0	2025-11-09 23:20:00.614654+00:00	2025-11-09 23:20:00.618531+00:00	0	0.0	0.0
2025-11-08 16:00:00	8.919	9.595	6.842	7.589	18533017.98	151485203.32326	ICPUSDT	0.0	40.23677287342884	2.8956748448780423	14.11732907012338	0.7785306724093455	-14.911985648615318	-14.911985648615318	40.23677287342884	-18.12264073250135	70.25794451000746	0.9964724851078426	0.4192235517169224	0.5772489333909202	1.0666471605098633	138.34798994974875	7.979155320626203	0.6529446793737979	0.9467452766878804	0.035091	0.0	35090999.99999999	0.0175455	2025-11-09 23:20:00.614654+00:00	2025-11-09 23:20:00.618531+00:00	Negative	-14.911985648615318	0.0
2025-11-09 16:00:00	7.589	8.238	6.589	6.653	9195923.74	67299882.27351	ICPUSDT	0.0	25.026559417210485	6.8911987065683515	11.218250813404406	0.47005478815430246	-12.333640795888796	-12.333640795888796	25.026559417210485	-50.38086214601514	61.99691305611171	0.9929978519155993	0.5339784117566577	0.4590194401589416	1.1082437919020158	117.20535422788114	8.250206688179812	0.7219933118201873	0.7878372186958168	0.0566499999999999	0.0	56649999.99999999	0.0283249999999999	2025-11-10 23:22:12.090367+00:00	2025-11-10 23:22:12.094301+00:00	Negative	-12.333640795888796	0.0
2025-11-10 16:00:00	6.653	7.25	6.214	6.612	7210232.74	48104657.86018	ICPUSDT	0.0	16.672030897972313	9.971416957190966	12.495985160801807	0.44485302900234797	-0.6162633398466779	-0.6162633398466779	16.672030897972313	-21.59316514732211	61.65493411337891	0.9756886908457156	0.6223204675744693	0.3533682232712463	1.103083521051872	131.1888111888112	8.474877498916083	0.8578225010839171	0.7554333663802791	0.0	0.0	0.0	0.0	2025-11-11 23:21:04.357868+00:00	2025-11-11 23:21:04.361781+00:00	0	0.0	0.0
