timestamp	close	high	low	open	volume	symbol	gap_apertura_pct	volatilidad_diaria	vol_5d	vol_10d	vol_rel_5d	return_pct	close_open_pct	range_pct	volume_change_pct	rsi_14	macd	macd_signal	macd_diff	atr_14	momentum_12	bb_upper	bb_lower	bb_pctb	vader	finbert	sentiment_ratio	sentiment_combined
2025-06-05 00:00:00+00:00	33.09000015258789	33.505001068115234	32.89500045776367	33.505001068115234	10160600	JD	0.0	1.854386994567115	0.0	0.0	0.0	0.0	-1.2386237943513334	1.854386994567115	0.0	0.0	0.0	0.0	0.0	0.0	0.0	0.0	0.0	0.0	0.0	0.0	0.0	0.0
2025-06-06 00:00:00+00:00	33.119998931884766	33.150001525878906	32.70000076293945	32.88999938964844	8489700	JD	-0.6044145119890897	1.3761490900314028	0.0	0.0	0.0	0.09065814191157949	0.6992993204758663	1.3761490900314028	-16.444894986516545	0.0	0.0	0.0	0.0	0.0	0.0	0.0	0.0	0.0	0.0	0.0	0.0	0.0
2025-06-09 00:00:00+00:00	33.939998626708984	34.119998931884766	33.599998474121094	34.04999923706055	11381400	JD	2.807972026473908	1.547620480293114	0.0	0.0	0.0	2.47584456904919	-0.32305613161904606	1.547620480293114	34.0612742499735	0.0	0.0	0.0	0.0	0.0	0.0	0.0	0.0	0.0	0.0	0.0	0.0	0.0
2025-06-10 00:00:00+00:00	33.790000915527344	33.959999084472656	33.470001220703125	33.959999084472656	6061700	JD	0.05892887027971938	1.4639911738827167	0.0	0.0	0.0	-0.4419496677987499	-0.5005835498477379	1.4639911738827167	-46.74029556996503	0.0	0.0	0.0	0.0	0.0	0.0	0.0	0.0	0.0	0.0	0.0	0.0	0.0
2025-06-11 00:00:00+00:00	33.72999954223633	34.30500030517578	33.70000076293945	34.23500061035156	6792200	JD	1.3169567409503393	1.795250826527155	0.20851087650731728	0.0	0.791897513384446	-0.17757138699408412	-1.4751016769736476	1.795250826527155	12.05107478100203	0.0	0.0	0.0	0.0	0.0	0.0	0.0	0.0	0.0	0.0	0.0	0.0	0.0
2025-06-12 00:00:00+00:00	33.61000061035156	33.79999923706055	33.4900016784668	33.58000183105469	5265900	JD	-0.4447011954263894	0.9256421112485952	0.3183288552788552	0.0	0.6930475455964454	-0.35576321824287105	0.08933525211762262	0.9256421112485952	-22.471364211890112	0.0	0.0	0.0	0.0	0.0	0.0	0.0	0.0	0.0	0.0	0.0	0.0	0.0
2025-06-13 00:00:00+00:00	32.7599983215332	33.18000030517578	32.625	32.9900016784668	6847200	JD	-1.8446858691630368	1.7011503606920497	0.339192244598262	0.0	0.941884649668211	-2.5290159874515643	-0.6971911040663006	1.7011503606920497	30.029054862416682	0.0	0.0	0.0	0.0	0.0	0.0	0.0	0.0	0.0	0.0	0.0	0.0	0.0
2025-06-16 00:00:00+00:00	33.47999954223633	33.790000915527344	33.18000030517578	33.18000030517578	9697800	JD	1.2820574028128386	1.8384587243551287	0.3752642426076267	0.0	1.398796473656274	2.1978060366073553	0.9041568242955975	1.8384587243551287	41.63161584297231	0.0	0.0	0.0	0.0	0.0	0.0	0.0	0.0	0.0	0.0	0.0	0.0	0.0
2025-06-17 00:00:00+00:00	33.16999816894531	33.900001525878906	33.16999816894531	33.560001373291016	7943300	JD	0.23895409841258228	2.200794082699237	0.46860700925253734	0.0	1.0867417857846464	-0.9259300404109527	-1.1621072359552707	2.200794082699237	-18.091732145435046	0.0	0.0	0.0	0.0	0.0	0.0	0.0	0.0	0.0	0.0	0.0	0.0	0.0
2025-06-18 00:00:00+00:00	32.5	32.84000015258789	32.310001373291016	32.84000015258789	9966100	JD	-0.9948689616340567	1.6403551741566844	0.4652038110225936	0.3410444231758079	1.2545348348325667	-2.0198920890281618	-1.0353232369309158	1.6403551741566844	25.46548663653645	0.0	0.0	0.0	0.0	0.0	0.0	0.0	0.0	0.0	0.0	0.0	0.0	0.0
2025-06-20 00:00:00+00:00	31.440000534057617	32.1150016784668	31.360000610351562	32.1150016784668	16387900	JD	-1.1846102201021633	2.4075288693266716	0.3324848392796517	0.4170746401254827	1.6116403073818455	-3.2615368182842546	-2.101825032323663	2.4075288693266716	64.43643953000672	0.0	0.0	0.0	0.0	0.0	0.0	0.0	0.0	0.0	0.0	0.0	0.0	0.0
2025-06-23 00:00:00+00:00	31.59000015258789	31.690000534057617	31.270999908447266	31.5	9278700	JD	0.1908379927582633	1.339901592008788	0.4277589702283202	0.420247841610868	0.8708502115486412	0.4770980152108624	0.2857147701202877	1.339901592008788	-43.38078704409961	0.0	0.0	0.0	0.0	0.0	0.0	0.0	0.0	0.0	0.0	0.0	0.0	0.0
2025-06-24 00:00:00+00:00	32.58000183105469	32.790000915527344	32.095001220703125	32.31999969482422	10894300	JD	2.3108564061736026	2.165445297992087	0.4434928860943226	0.44245987989017915	1.0000220303541563	3.1339084320507506	0.8044620627645178	2.165445297992087	17.411921928718463	0.0	0.0	0.0	0.0	0.0	-1.5412460537366222	0.0	0.0	0.0	0.0	0.0	0.0	0.0
2025-06-25 00:00:00+00:00	32.939998626708984	33.275001525878906	32.7599983215332	33.029998779296875	8387200	JD	1.3812060250201037	1.5720489338584325	0.44402738875751185	0.43602992353300946	0.7636640431800882	1.1049624782744925	-0.27248003607042975	1.5720489338584325	-23.012951727049924	50.11142618240751	0.0	0.0	0.0	0.7517142977033343	-0.5434791998211514	0.0	0.0	0.0	0.0	0.0	0.0	0.0
2025-06-26 00:00:00+00:00	33.2599983215332	33.290000915527344	32.880001068115234	33.125	6795900	JD	0.5616313934543081	1.2469581328867383	0.514240160204881	0.4644630875892672	0.6566848330241187	0.971462380586595	0.4075421027417453	1.2469581328867383	-18.9729587943533	53.67428955473741	0.0	0.0	0.0	0.7273061226825325	-2.0035366313794043	0.0	0.0	0.0	0.0	0.0	0.0	0.0
2025-06-27 00:00:00+00:00	33.06999969482422	33.27000045776367	32.9109992980957	33.26499938964844	7636400	JD	0.015036284929685584	1.0908242451597066	0.4194210387862463	0.43576310352235115	0.88810839099843	-0.5712526647542715	-0.5862008068603773	1.0908242451597066	12.367751144072162	51.3302907541824	0.0	0.0	0.0	0.7009986253243493	-2.130811486223626	0.0	0.0	0.0	0.0	0.0	0.0	0.0
2025-06-30 00:00:00+00:00	32.63999938964844	32.67499923706055	32.18000030517578	32.560001373291016	7922900	JD	-1.5421781863911626	1.5382191646690282	0.4118093990945128	0.4395897799883806	0.9514322700886477	-1.3002730848016322	0.2456941430691839	1.5382191646690282	3.75176784872453	46.392405872339495	0.0	0.0	0.0	0.714498679918927	-3.231545115270472	0.0	0.0	0.0	0.0	0.0	0.0	0.0
2025-07-01 00:00:00+00:00	32.70000076293945	32.959999084472656	32.189998626708984	32.435001373291016	6415500	JD	-0.628057659898228	2.392048743751048	0.50267390114619	0.4903263265808543	0.8632753734737432	0.1838277402359409	0.8170167363293358	2.392048743751048	-19.025861742543764	47.156307617901234	0.0	0.0	0.0	0.718463092622123	-2.7075270184072475	0.0	0.0	0.0	0.0	0.0	0.0	0.0
2025-07-02 00:00:00+00:00	32.470001220703125	32.59000015258789	32.005001068115234	32.59000015258789	10078900	JD	-0.3363932959788542	1.8278364785166579	0.5160249993815439	0.466634939842066	1.2971690828219595	-0.7033624980736947	-0.3682078285453362	1.8278364785166579	57.10233029381966	44.536452521843394	0.0	0.0	0.0	0.7167871356365584	-0.8852170808551676	0.0	0.0	0.0	0.0	0.0	0.0	0.0
2025-07-03 00:00:00+00:00	32.06999969482422	32.29999923706055	31.915000915527344	31.985000610351562	5948500	JD	-1.4936883034125739	1.206324018452066	0.5236166779527419	0.49444158295936025	0.7826520569861745	-1.2319110281519243	0.26574670267521366	1.206324018452066	-40.98066257230452	40.33903349054435	0.0	0.0	0.0	0.7052309334607886	-4.211469135874209	34.226527013556606	31.568472490532756	0.18868206048720057	0.0	0.0	0.0	0.0
2025-07-07 00:00:00+00:00	32.02000045776367	32.52000045776367	31.844999313354492	31.8799991607666	6779700	JD	-0.5924556777849966	2.1196456554047147	0.4671821424258247	0.4540208006362878	0.9125869890027056	-0.15590657167550975	0.4391508804346649	2.1196456554047147	13.973270572413213	39.83367048645702	0.0	0.0	0.0	0.703071662814245	-3.466981533506085	34.22293203171079	31.465067502896137	0.20121835176075478	0.0	0.0	0.0	0.0
2025-07-08 00:00:00+00:00	32.70000076293945	33.18000030517578	32.45000076293945	32.4900016784668	8190400	JD	1.4678363959522274	2.249613328422621	0.4694462978983479	0.4756244560131042	1.094592788602892	2.123673627277873	0.6463498726497022	2.249613328422621	20.807705355694207	49.1618720257082	0.0	0.0	0.0	0.7357093902855211	0.615386962890625	34.19726411295218	31.448735604760213	0.4552491103693679	0.0	0.0	0.0	0.0
2025-07-09 00:00:00+00:00	31.600000381469727	32.06999969482422	31.399999618530273	32.05500030517578	12983600	JD	-1.972478418088244	2.1337582306802134	0.42167348402611776	0.4725775483228901	1.476043118521365	-3.3639154611776405	-1.4194350939768603	2.1337582306802134	58.522172299277194	38.70731073254917	0.0	0.0	0.0	0.7760159441514967	0.5089053584423078	34.07839005770309	31.33360983548539	0.09705350680831591	0.0	0.0	0.0	0.0
2025-07-10 00:00:00+00:00	31.219999313354492	31.450000762939453	31.1299991607666	31.3700008392334	10081100	JD	-0.7278466438601694	1.0279524921290466	0.5810390810354882	0.5224613907645154	1.146014510052679	-1.202535011164327	-0.478168702154781	1.0279524921290466	-22.355124926830772	35.869524449837584	0.0	0.0	0.0	0.75415774961947	-1.1712593777973992	34.00018517637878	31.154814556592417	0.02290905666516295	0.0	0.0	0.0	0.0
2025-07-11 00:00:00+00:00	31.100000381469727	31.510000228881836	31.049999237060547	31.360000610351562	7774200	JD	0.44843465751514017	1.4814847121549772	0.527541080663967	0.5056920001769031	0.8485450457333712	-0.38436558143496036	-0.8290823463696393	1.4814847121549772	-22.883415500292628	34.996966392779186	0.0	0.0	0.0	0.7331465526338857	-4.542668405175624	33.904017185523514	30.98798263137101	0.03841441108412087	0.0	0.0	0.0	0.0
2025-07-14 00:00:00+00:00	30.799999237060547	31.104999542236328	30.709999084472656	31.020000457763672	8442800	JD	-0.2572344782147364	1.286227513967556	0.5339058730869	0.482489824995571	0.8892380998523344	-0.9646338930205577	-0.7092237829031469	1.286227513967556	8.600241825525456	32.84577783323148	-0.4658984297006512	0.0	0.0	0.7089932601431562	-6.496659012952252	33.82791155095293	30.78308812861249	0.00555405227244911	0.0	0.0	0.0	0.0
2025-07-15 00:00:00+00:00	32.040000915527344	32.20000076293945	31.55500030517578	31.75	16352700	JD	3.0844181378951165	2.0440515022206363	0.48001985953715476	0.48707308368697333	1.4696572624131832	4.025979575268128	0.9133887103223425	2.0440515022206363	93.68811294831099	47.272542678625975	-0.41770626071174277	0.0	0.0	0.7583509934099955	-3.6680621394259303	33.78123328506263	30.757766653902213	0.4240940675217585	0.0	0.0	0.0	0.0
2025-07-16 00:00:00+00:00	31.639999389648438	31.799999237060547	31.360000610351562	31.780000686645508	7506600	JD	-0.8114863341212755	1.4030568180657053	0.37450875056770233	0.44705090511163154	0.7483043379441519	-1.2484441774315183	-0.4405327060169046	1.4030568180657053	-54.09565392870902	43.98955497168067	-0.4070976316798678	0.0	0.0	0.7527545156789801	-4.32416183360168	33.604971140089106	30.750028783616955	0.3117297986818965	0.0	0.0	0.0	0.0
2025-07-17 00:00:00+00:00	32.689998626708984	32.810001373291016	31.559999465942383	31.600000381469727	12359300	JD	-0.12641911804776232	3.9607158697754676	1.115219157627737	0.8519347221192055	1.1785218439380878	3.3185817235005124	3.449361493927177	3.9607158697754676	64.64577838169077	53.18118844731572	-0.3103861155881873	0.0	0.0	0.7882721865125267	0.15318393993721643	33.528596493052085	30.778403476430334	0.6950767232427899	0.0	0.0	0.0	0.0
2025-07-18 00:00:00+00:00	33.91999816894531	34.540000915527344	33.650001525878906	34.0	23776800	JD	4.007346064005931	2.644871766094791	1.091956496849622	0.8448484516225808	1.737100040620589	3.762617295527725	-0.23529950310202208	2.644871766094791	92.37982733649964	61.211422098959886	-0.1329581994338227	0.0	0.0	0.8641100509629434	3.7308788304021796	33.796383213926724	30.652616572450235	1.039320652298967	0.0	0.0	0.0	0.0
2025-07-21 00:00:00+00:00	33.400001525878906	33.880001068115234	33.15999984741211	33.54999923706055	10481400	JD	-1.0907987967508495	2.1712944029440813	0.9563816135579374	0.8455800402759078	0.7436064066472938	-1.5330090540584917	-0.4470870777724123	2.1712944029440813	-55.917533057434134	56.77772464609913	-0.03391374435026506	0.0	0.0	0.856673498860819	2.864183154335103	33.93050308454635	30.714496801012736	0.8350433699760834	0.0	0.0	0.0	0.0
2025-07-22 00:00:00+00:00	33.880001068115234	33.9900016784668	33.18000030517578	33.4900016784668	10338600	JD	0.26946152238393445	2.4412337728781237	0.9309306234842355	0.852989084279823	0.801905598121084	1.4371243122980581	1.1645248435421758	2.4412337728781237	-1.36241341805484	59.68087575832125	0.08236223088618289	0.0	0.0	0.8533397756058331	5.643908295961512	34.14318984450952	30.7308101326023	0.9228723651486055	0.0	0.0	0.0	0.0
2025-07-23 00:00:00+00:00	33.93000030517578	34.314998626708984	33.83000183105469	34.244998931884766	8726200	JD	1.0773254199009867	1.433629232644876	0.9217809964390572	0.8746711035548053	0.664273327821955	0.1475774364942438	-0.9198383312422769	1.433629232644876	-15.595922078424545	59.982398662332976	0.17651158388953547	0.0	0.0	0.8270295627521519	5.965021299520328	34.33058286477302	30.6784169597509	0.8903164396101514	0.0	0.0	0.0	0.0
2025-07-24 00:00:00+00:00	33.470001220703125	33.97999954223633	33.3120002746582	33.93000030517578	7713800	JD	0.0	2.005281166157708	0.46468342132743007	0.8073067952171127	0.631897478242634	-1.3557296797385723	-1.3557296797385723	2.005281166157708	-11.601842726501799	55.844606034281114	0.2115687103144026	-0.0706365031562227	0.2822052134706253	0.8156702559540071	2.3547414061113785	34.39655000141556	30.665450082507775	0.7516687301733619	0.0	0.0	0.0	0.0
2025-07-25 00:00:00+00:00	33.18000030517578	33.310001373291016	32.97999954223633	33.150001525878906	4898000	JD	-0.9560791250472991	1.0006119940422247	0.583927973558812	0.8599962689846907	0.5809099103373025	-0.8664502687498006	0.09049405102879446	1.0006119940422247	-36.503409473929835	53.3461316016006	0.213490104305329	-0.013811181663912361	0.22730128596924137	0.7924082147049206	4.999999698204334	34.386614408780765	30.667385873506838	0.675574089583039	0.0	0.0	0.0	0.0
2025-07-28 00:00:00+00:00	33.220001220703125	33.650001525878906	33.060001373291016	33.380001068115234	5788300	JD	0.6027750485229948	1.784634386205889	0.5487288122195886	0.8252568394281719	0.7724963899543306	0.12055730910015684	-0.47932846702315457	1.784634386205889	18.176806859942836	53.65413810542417	0.21575349053053827	0.03210175277497777	0.1836517377555605	0.7779504959822756	6.406156154183909	34.40399764081547	30.66500279406002	0.683338311862139	0.0	0.0	0.0	0.0
2025-07-29 00:00:00+00:00	32.220001220703125	33.26499938964844	32.130001068115234	33.20000076293945	11111500	JD	-0.06020607173008572	3.5325187793396573	0.9621245921318319	0.9422076070643787	1.4529470837757403	-3.0102346877000934	-2.9518057822766184	3.5325187793396573	91.96482559646184	45.556832988981775	0.13529598981774882	0.05274060018353198	0.08255538963421684	0.8034539120930562	3.6012888279600377	34.38721654687677	30.639784071104184	0.4216799528250755	0.0	0.0	0.0	0.0
2025-07-30 00:00:00+00:00	31.75	32.16999816894531	31.584999084472656	32.060001373291016	9185100	JD	-0.4965854790511326	1.8521421606127093	0.9232448447350865	0.9080857909416644	1.1868066269216755	-1.4587250245078307	-0.966941235221767	1.8521421606127093	-17.336993205237818	42.323831341741034	0.033224676897589234	0.04883741552634343	-0.015612738628754196	0.7914216423885856	3.0844181378951165	34.36637328320818	30.565627258478834	0.311615860100914	0.0	0.0	0.0	0.0
2025-07-31 00:00:00+00:00	31.489999771118164	31.90999984741211	31.079999923706055	31.270000457763672	12633600	JD	-1.5118095818467028	2.6705274316071606	0.9648802264896233	0.7141253639317648	1.4482592596838353	-0.8188983586829478	0.7035475220144138	2.6705274316071606	37.544501420779305	40.60705650840268	-0.06786511275861073	0.0254969098693526	-0.09336202262796334	0.7941772339112619	-1.7166077674568232	34.36438966924186	30.46961072748665	0.2619889495375747	0.0	0.0	0.0	0.0
2025-08-01 00:00:00+00:00	30.90999984741211	31.170000076293945	30.600000381469727	31.1200008392334	11472700	JD	-1.174972799536567	1.8627440775111568	0.7592031276906612	0.6969751085588288	1.142899552112721	-1.8418543281096371	-0.6748103668317965	1.8627440775111568	-9.188988095238097	37.00139199799913	-0.19256092349419163	-0.018114656803356246	-0.17444626669083538	0.8010216736067745	-2.307204665987319	34.410584446644656	30.307415965342646	0.14685818650036347	0.0	0.0	0.0	0.0
2025-08-04 00:00:00+00:00	31.6200008392334	31.65999984741211	31.170000076293945	31.468000411987305	9410700	JD	1.805242857747581	1.5720236442695066	0.8028218830383539	0.71338957650186	0.8743793390518382	2.2969944850411665	0.4830317314607358	1.5720236442695066	-17.97310136236457	43.603078621941066	-0.23142438927000342	-0.06077660329668568	-0.17064778597331773	0.7973772683491477	-3.2731655932262926	34.41110971698443	30.266890733149847	0.32650545527677216	0.0	0.0	0.0	0.0
2025-08-05 00:00:00+00:00	31.34000015258789	31.610000610351562	31.309999465942383	31.399999618530273	5967100	JD	-0.69576601791279	0.9581640035973412	0.6171932577098154	0.7671871842025446	0.6130263082195722	-0.8855176445728906	-0.19108110404872414	0.9581640035973412	-36.592389514063775	41.745208255324314	-0.281571895701191	-0.10493566177758676	-0.17663623392360425	0.762564704416424	-7.606126638059435	34.38018906261853	30.161811326480592	0.27929903384754007	0.0	0.0	0.0	0.0
2025-08-06 00:00:00+00:00	31.34000015258789	31.420000076293945	30.969999313354492	31.290000915527344	4616700	JD	-0.15953808812096706	1.4530215463886351	0.6316747100532153	0.7659929707783234	0.523425878895621	0.0	0.15979301884818822	1.4530215463886351	-22.630758659985588	41.745208255324314	-0.31765245605950554	-0.14747902063397053	-0.170173435425535	0.7402387085966404	-6.167668500538512	34.386686572828424	30.12931379338251	0.2843740545931116	0.0	0.0	0.0	0.0
2025-08-07 00:00:00+00:00	31.75	31.829999923706055	31.520000457763672	31.65999984741211	4975800	JD	1.0210583703452691	0.9835008294424914	0.3903232397366955	0.8125529664612254	0.682682545344785	1.3082317977533697	0.2842708560380718	0.9835008294424914	7.778283189291052	45.67603312351188	-0.30959418981095865	-0.17990205446936816	-0.1296921353415905	0.7223644987767492	-6.2868978776975215	34.373667614895304	30.195332819980187	0.37207817380066976	0.0	0.0	0.0	0.0
2025-08-08 00:00:00+00:00	31.489999771118164	31.5	31.184999465942383	31.420000076293945	4302800	JD	-1.0393698384442667	1.0101027399459606	0.2931430856385151	0.811563306211029	0.7349409526151996	-0.8188983586829478	0.22278706128022185	1.0101027399459606	-13.525463242091723	43.663932895166674	-0.3204933534323189	-0.20802031426195833	-0.11247303917036056	0.7111242155825256	-7.191277666111345	34.35552099815243	30.2524793756879	0.30161049028962456	0.0	0.0	0.0	0.0
2025-08-11 00:00:00+00:00	31.18000030517578	31.559999465942383	31.049999237060547	31.225000381469727	7618000	JD	-0.8415350637489947	1.6425128547929615	0.3165468147154823	0.8124823302873141	1.3860788052575654	-0.9844378158005149	-0.14411553480924955	1.6425128547929615	77.04750395091568	41.32638485204582	-0.35010954040819087	-0.23643815949120484	-0.11367138091698603	0.6967582165324764	-6.841950498976517	34.32489059851189	30.321109882139957	0.21451984608540595	0.0	0.0	0.0	0.0
2025-08-12 00:00:00+00:00	32.119998931884766	32.198001861572266	31.40999984741211	31.459999084472656	8440300	JD	0.8980076220537947	2.5087615981796327	0.6214842524814398	0.6002142731902074	1.4088957587735698	3.0147486129207883	2.097901673931891	2.5087615981796327	10.794171698608558	50.05731542662074	-0.2943376079548585	-0.2480180491839356	-0.04631955877092292	0.7197041693799056	-3.19469970928742	34.32693143797632	30.327068844311277	0.4482479199193291	0.0	0.0	0.0	0.0
2025-08-13 00:00:00+00:00	32.5099983215332	32.79999923706055	32.1150016784668	32.724998474121094	16590600	JD	1.8835602813042418	2.132951962612049	0.6753341551054581	0.6169865889079663	1.9784866734243636	1.214194902295885	-0.6569905656616382	2.132951962612049	96.5641031716882	53.17086116518528	-0.21617631232340173	-0.24164970181182885	0.025473389488427117	0.717225125752323	-2.137275355448931	34.34647070263329	30.39452947284278	0.5352986610083174	0.0	0.0	0.0	0.0
2025-08-14 00:00:00+00:00	31.579999923706055	32.77000045776367	31.15999984741211	31.899999618530273	24556800	JD	-1.8763418471138253	5.166882600242618	1.5970160436704801	1.2464580631556663	1.996211905671574	-2.860653478444378	-1.0031338515701276	5.166882600242618	48.01634660590937	45.833071110313846	-0.22666318865164925	-0.23865239917979295	0.011989210528143696	0.7809948032236972	-1.9863478359703917	34.31417526705607	30.315825038119716	0.31617412512726173	0.0	0.0	0.0	0.0
2025-08-15 00:00:00+00:00	31.700000762939453	31.809999465942383	31.1200008392334	31.1200008392334	14059800	JD	-1.4566152171753182	2.2172191777035364	1.3954672044627237	1.2493992916764034	0.9864380380408473	0.3799899921574028	1.8637529179460723	2.2172191777035364	-42.74579749804535	46.85227951453458	-0.22272362949816582	-0.23546664524346755	0.012743015745301733	0.7744950763297892	-0.15747791200172243	34.0769280376571	30.331072526918092	0.3654514254745748	0.0	0.0	0.0	0.0
2025-08-18 00:00:00+00:00	31.770000457763672	32.47999954223633	31.68000030517578	31.989999771118164	9850000	JD	0.914823347631428	2.525250092658129	1.2734100390972116	1.2524863870615268	0.6700908194156264	0.220819221260258	-0.6877127693921282	2.525250092658129	-29.94210443960796	47.473158013896644	-0.21151489804437773	-0.2306762958036496	0.019161397759271864	0.7763168020962719	0.8891733524314516	33.92052045029644	30.324480007467226	0.40197558210974105	0.0	0.0	0.0	0.0
2025-08-19 00:00:00+00:00	31.239999771118164	31.850000381469727	31.1299991607666	31.520000457763672	8780100	JD	-0.7869058747177551	2.3128854484858086	1.2917290763802742	1.1918856748806776	0.5945572224336481	-1.6682426157031767	-0.8883270386391794	2.3128854484858086	-10.861928934010152	43.344395544182284	-0.24260195925265293	-0.23306142849345027	-0.009540530759202664	0.77229426056819	1.0676154168072032	33.6340269267419	30.34697340132206	0.2716798990007444	0.0	0.0	0.0	0.0
2025-08-20 00:00:00+00:00	31.170000076293945	31.450000762939453	30.959999084472656	31.260000228881836	7150400	JD	0.06402195233740876	1.582692806707953	1.3900324798116566	1.1835891582904423	0.5551802798573228	-0.2240707277115107	-0.28790835549878663	1.582692806707953	-18.561292012619447	42.814768957580725	-0.2697772454359679	-0.2404045918819538	-0.02937265355401414	0.7521305047038048	-1.423152280189386	33.26929799505015	30.435702310125627	0.2591399224931684	0.0	0.0	0.0	0.0
2025-08-21 00:00:00+00:00	31.18000030517578	31.299999237060547	30.950000762939453	30.979999542236328	5008000	JD	-0.6095621866941231	1.1308512616910606	0.5787599683037485	1.1674544145588819	0.558326625535416	0.03208286447660781	0.6455802643469498	1.1308512616910606	-29.961960170060415	42.9220698957715	-0.2871963004501481	-0.24976293359559265	-0.03743336685455545	0.7234067882336113	-0.5105291851726346	32.97171982877337	30.504280384849675	0.2738547128239081	0.0	0.0	0.0	0.0
2025-08-22 00:00:00+00:00	31.8799991607666	31.959999084472656	31.200000762939453	31.309999465942383	12016200	JD	0.416931236350957	2.43589199663084	0.6110075135219396	1.0871692348471012	1.403607547769287	2.2450251723526207	1.8205036874696818	2.43589199663084	139.94009584664536	49.9950824360598	-0.24173045136340932	-0.248156437149156	0.006425985785746685	0.7274490733095587	1.7230344784606542	32.71862146982463	30.62737862935749	0.5989837751838042	0.0	0.0	0.0	0.0
2025-08-25 00:00:00+00:00	31.989999771118164	32.42499923706055	31.985000610351562	32.21500015258789	9985600	JD	1.0508186971145248	1.3756405137181211	0.5781916372532439	1.1099284180581466	1.1627305817611893	0.34504583829141283	-0.6984335880925081	1.3756405137181211	-16.89885321482665	51.02219485443989	-0.19457931918634586	-0.23744101355659397	0.042861694370248116	0.7144170020941577	0.7559047909233514	32.398678710816355	30.824321243407272	0.7404154087249616	0.0	0.0	0.0	0.0
2025-08-26 00:00:00+00:00	31.809999465942383	32.369998931884766	31.760000228881836	32.099998474121094	5606200	JD	0.3438534035321903	1.920650814253491	0.5080686591445429	1.11549515951364	0.7048915667498189	-0.562676794197081	-0.9034237444357113	1.920650814253491	-43.85715430219516	49.23987741159315	-0.1697791195267513	-0.22390863475062545	0.05412951522387416	0.70695855215907	1.0161946559228445	32.33382894180131	30.848170836946252	0.6474091352868626	0.0	0.0	0.0	0.0
2025-08-27 00:00:00+00:00	30.81999969482422	30.8799991607666	30.551000595092773	30.799999237060547	16777300	JD	-3.1751029419638948	1.0768831110777866	0.5798489879512349	1.1791474157956328	1.69833762878771	-3.112228191572637	0.0649365527892807	1.0768831110777866	199.26331561485497	40.79844629447878	-0.22738829960314533	-0.22460456772112944	-0.0027837318820158885	0.7463900034941086	-1.1545882194613177	32.355041698092855	30.733958050137126	0.0530766224158734	0.0	0.0	0.0	0.0
2025-08-28 00:00:00+00:00	30.389999389648438	30.450000762939453	29.899999618530273	30.1299991607666	18320600	JD	-2.2388077251457372	1.8394687338668763	0.5241055558151319	0.5337623692842485	1.4608354237798995	-1.3951989274289114	0.8629280986518976	1.8394687338668763	9.198738772031255	37.76971219984019	-0.30423439609180036	-0.24053053339526365	-0.06370386269653672	0.7587907229798112	-5.386051057800623	32.4438888017013	30.535110908381714	-0.07602326034953766	0.0	0.0	0.0	0.0
2025-08-29 00:00:00+00:00	31.06999969482422	31.34000015258789	30.5	30.7549991607666	18807400	JD	1.2010522489266378	2.7540988609439037	0.6381960565858966	0.5987678881075702	1.3531068202845875	2.2375791998449515	1.0242254679019978	2.7540988609439037	2.657118216652293	44.7543035542975	-0.306729354510864	-0.25377029761838377	-0.05295905689248026	0.7724485829769285	-4.429402340987487	32.434854789315466	30.560144905508754	0.2719646350187124	0.0	0.0	0.0	0.0
2025-09-02 00:00:00+00:00	31.579999923706055	31.6200008392334	30.204999923706055	30.549999237060547	16122200	JD	-1.6736416571329928	4.684657901345652	1.3806201796416433	1.061629548889983	1.0658079665545914	1.6414555323178652	3.371524426737145	4.684657901345652	-14.277358911917648	49.346249297250885	-0.26450482385133967	-0.255917202864975	-0.008587620986364675	0.818345178159101	0.0	32.43197096525824	30.559028638013245	0.5451162434855156	0.0	0.0	0.0	0.0
2025-09-03 00:00:00+00:00	31.200000762939453	31.329999923706055	30.865999221801758	31.0	9620800	JD	-1.8366052093327208	1.503274520840902	1.4326537307438647	1.0753368368970664	0.6039551377744409	-1.203290568982392	0.6451637514175907	1.503274520840902	-40.32576199278014	46.26086680390517	-0.2587219499900577	-0.25647815228999155	-0.0022437977000661635	0.8108920012837578	-1.577287028284716	32.43158527378029	30.54541439052635	0.34704510509876935	0.0	0.0	0.0	0.0
2025-09-04 00:00:00+00:00	30.93000030517578	31.139999389648438	30.610000610351562	31.020000457763672	13222500	JD	-0.5769240409429491	1.7314562846419617	1.3093591448352944	1.0694678366978216	0.8688324232687418	-0.8653860614144236	-0.29013588413847174	1.7314562846419617	37.43659570929652	44.14864840538253	-0.2727813081255839	-0.25973878345711005	-0.013042524668473832	0.7951140120911958	-2.644004219340887	32.44047249483301	30.495527184732417	0.2233857775779275	0.0	0.0	0.0	0.0
2025-09-05 00:00:00+00:00	31.450000762939453	31.450000762939453	30.954999923706055	31.389999389648438	13874900	JD	1.4872262526155897	1.5990981762345777	1.3437538974421948	1.0346668244594917	0.9682711820879357	1.681217111648899	0.19114805497830764	1.5990981762345777	4.934013991302703	48.98021112096071	-0.23920633786172374	-0.2556322943380328	0.016425956476309067	0.775463043924944	0.672218288603952	32.41682716778982	30.489172588069554	0.4984441636889797	0.0	0.0	0.0	0.0
2025-09-08 00:00:00+00:00	32.849998474121094	32.869998931884766	31.600000381469727	31.65999984741211	21711600	JD	0.6677236228245764	4.018982705961509	1.5215547309066069	1.2008722321480512	1.4561379976392317	4.451502948233286	3.7586817196597524	4.018982705961509	56.48112779191201	59.21092753379927	-0.09849443447968653	-0.22420472236636357	0.12571028788667704	0.8215012671406846	5.389792729275146	32.66140075007103	30.380598876088634	1.082689218297055	0.0	0.0	0.0	0.0
2025-09-09 00:00:00+00:00	33.869998931884766	33.93000030517578	32.75	33.02000045776367	27784500	JD	0.517509867699093	3.6030543669489505	1.216490141319857	1.2268788411329972	1.6113626161785226	3.1050243687749886	2.574192799325785	3.6030543669489505	27.970762173216162	64.75603398162477	0.09423993584897516	-0.16051579072329586	0.254755726572271	0.8471083412860486	8.627320719629541	33.17486033694247	30.136139151888095	1.2287602424208108	0.0	0.0	0.0	0.0
2025-09-10 00:00:00+00:00	33.31999969482422	33.880001068115234	33.07500076293945	33.869998931884766	20033900	JD	0.0	2.433863300398724	1.0924209999308203	1.2118407361034715	1.036657304242896	-1.623853718350091	-1.623853718350091	2.433863300398724	-27.89540931094675	60.018042370339316	0.20029410524866975	-0.08835381152890273	0.2886479167775725	0.8441006244210295	4.516940313567405	33.390318193544275	30.040681371580234	0.9790071275014153	0.0	0.0	0.0	0.0
2025-09-11 00:00:00+00:00	34.400001525878906	34.459999084472656	33.27000045776367	33.33000183105469	23508000	JD	0.030018416332766168	3.5767917353042717	1.0008721653756403	1.135481868790867	1.0993996047249677	3.241302043656532	3.210319940118527	3.5767917353042717	17.341106823933433	65.3753493591546	0.3672564170248904	0.0027682341818558998	0.3644881828430345	0.8688076245844548	7.533609790571449	33.83097988452281	29.789020001036274	1.1407786464385352	0.0	0.0	0.0	0.0
2025-09-12 00:00:00+00:00	33.66999816894531	34.27000045776367	33.61000061035156	34.23500061035156	20314000	JD	-0.4796538029314173	1.963700789725174	0.8743538969539267	1.124744242333292	0.8960582962806126	-2.122102687653711	-1.650364922836927	1.963700789725174	-13.586864046282116	59.565531113782164	0.4356482007178286	0.08934422748905044	0.34630397322877815	0.8631785739375183	5.847213876863944	34.087520259177374	29.741479450905636	0.9039304717439837	0.0	0.0	0.0	0.0
2025-09-15 00:00:00+00:00	33.619998931884766	34.31999969482422	33.369998931884766	34.209999084472656	19129600	JD	1.6038044101392326	2.846870822137591	0.715532697772498	1.1248262489697107	0.8634828924799134	-0.1484978906433753	-1.7246424097558124	2.846870822137591	-5.830461750516885	59.17762266273751	0.48027831204258575	0.16753104439975752	0.31274726764282823	0.869380158866228	9.085007348428906	34.30346666146689	29.71753286551064	0.8509643270069033	0.0	0.0	0.0	0.0
2025-09-16 00:00:00+00:00	34.709999084472656	34.939998626708984	33.13999938964844	33.470001220703125	27885400	JD	-0.44615620448275733	5.431500513614348	1.3554421553975449	1.2784496786895818	1.2575617226882798	3.2421183438948558	3.7048037602177355	5.431500513614348	45.77095182335229	64.59129677901146	0.5967232454858831	0.2533694846169826	0.34335376086890046	0.9358529501658222	14.215201650499914	34.72988236650442	29.58511702314401	0.9961352402481439	0.0	0.0	0.0	0.0
2025-09-17 00:00:00+00:00	35.2400016784668	35.685001373291016	34.54999923706055	35.44499969482422	31709700	JD	2.1175471902572345	3.2851003221238644	1.278494934389331	1.1876082093003295	1.293780248672547	1.5269449956028223	-0.5783552493226747	3.2851003221238644	13.714345141184992	66.89052573927484	0.7234341752488476	0.3473824227433556	0.37605175250549194	0.9500778920275826	13.421313243003464	35.21916974509642	29.495829835286884	1.0036398211007298	0.0	0.0	0.0	0.0
2025-09-18 00:00:00+00:00	35.380001068115234	35.57500076293945	34.52000045776367	34.724998474121094	26354200	JD	-1.461416514802248	3.0562001482781205	1.2838016046980678	1.0945442522369964	1.0508649213791212	0.397274072021351	1.886256653063018	3.0562001482781205	-16.88915379205732	67.49101933760488	0.8256328985935042	0.4430325179133854	0.3826003806801188	0.9575723501095968	12.032935888504056	35.65943729316938	29.476562386396047	0.9548048069437688	0.0	0.0	0.0	0.0
2025-09-19 00:00:00+00:00	35.099998474121094	36.05500030517578	35.060001373291016	35.72999954223633	28939100	JD	0.989255125931908	2.837988855992355	1.0998082069037878	0.9570047651817215	1.079672133593995	-0.7914148828177435	-1.7632271933575367	2.837988855992355	9.80830379977385	64.95366930671031	0.8739578122504028	0.5292175767807888	0.34474023546961396	0.9602456773792518	12.49999235837906	35.97339479200396	29.554604704455997	0.8639313163430602	0.0	0.0	0.0	0.0
2025-09-22 00:00:00+00:00	33.93000030517578	34.90999984741211	33.85499954223633	34.84000015258789	21413800	JD	-0.7407359909855765	3.1162319286390754	1.0664266646997516	0.9242306794757591	0.7855265725718293	-3.33332826156087	-2.611939849100475	3.1162319286390754	-26.003918573832635	55.55501871596345	0.8085263913848166	0.5850793397015944	0.2234470516832222	0.9805851955582171	9.699320951826774	36.08733999895782	29.645659611943053	0.6650967505108081	0.0	0.0	0.0	0.0
2025-09-23 00:00:00+00:00	32.939998626708984	34.150001525878906	32.91999816894531	33.40999984741211	20467900	JD	-1.532568385165471	3.736340903244347	0.3366927922502312	0.9313801006438823	0.7940391683419367	-2.9177768038975795	-1.4067681019146447	3.736340903244347	-4.417244954188421	49.083150337659724	0.6690739888188659	0.6018782695250487	0.06719571929381718	0.9984007785136012	4.737671947929929	36.10965563195164	29.718343864508327	0.5040678470124766	0.0	0.0	0.0	0.0
2025-09-24 00:00:00+00:00	34.83000183105469	35.79999923706055	33.869998931884766	34.11000061035156	34013500	JD	3.551918738375103	5.6982591261876445	1.1717596042208716	1.1647662043870197	1.2963598181243021	5.737714885067475	2.110821482907338	5.6982591261876445	66.17972532599828	58.92168265646537	0.7029611200461261	0.6220948396292643	0.08086628041686184	1.1313721950734557	6.027407759222336	36.3225237506546	29.807475982316586	0.7709115922597983	0.0	0.0	0.0	0.0
2025-09-25 00:00:00+00:00	35.16999816894531	35.744998931884766	34.39500045776367	35.34000015258789	22362300	JD	1.464250056623554	3.9249846086755054	1.1176281572038713	1.1706827720133788	0.8790447228935364	0.9761594028613624	-0.4810469239065048	3.9249846086755054	-34.25463418936599	60.403918736763224	0.7486221287875807	0.6474002974609276	0.10122183132665308	1.1469883578625726	3.8382027695806773	36.49192893027291	30.07307065011039	0.7940551569095977	0.0	0.0	0.0	0.0
2025-09-26 00:00:00+00:00	34.5	35.029998779296875	34.18000030517578	34.78499984741211	14737500	JD	-1.094678252992211	2.486829919636896	1.2056882600342635	1.0994719602581429	0.6521306252489049	-1.9050275912067371	-0.8193182367753049	2.486829919636896	-34.09667163037791	56.10747141154084	0.7224179696943622	0.6624038319076145	0.06001413778674769	1.1357747511416412	3.5414175149559717	36.44682796607016	30.529171675348298	0.6710136800066371	0.0	0.0	0.0	0.0
2025-09-29 00:00:00+00:00	35.63999938964844	35.70000076293945	35.124000549316406	35.28499984741211	16570500	JD	2.2753618765568384	1.6399049214633303	1.5455777243181759	1.252113728042788	0.7660767237130808	3.3043460569519927	1.006091947772432	1.6399049214633303	12.43765903307888	61.168556084108204	0.7845950844543239	0.6868420824169565	0.09775300203736736	1.1403623234129134	3.6046447929273744	36.59793877389312	30.83506083700776	0.8337741325192087	0.0	0.0	0.0	0.0
2025-09-30 00:00:00+00:00	34.97999954223633	35.94499969482422	34.709999084472656	35.650001525878906	25026000	JD	0.028064355784960675	3.558054286737316	1.5407321668824923	1.0599649759602334	1.1101962739708526	-1.8518514554290506	-1.8793883729744387	3.558054286737316	51.027428261066355	57.06600169700225	0.7717185331541287	0.703817372564391	0.06790116058973772	1.1471222010513884	3.890708180968251	36.642121408231596	31.130878164522308	0.6984125373358421	0.0	0.0	0.0	0.0
2025-10-01 00:00:00+00:00	36.16999816894531	36.33000183105469	35.220001220703125	35.29999923706055	21279500	JD	0.9148076015205135	3.1516200223726245	0.9071694040801543	1.061488395735805	1.0642325442757148	3.401940086568983	2.4645862625724266	3.1516200223726245	-14.970430752017903	62.01306714375047	0.8477642192158967	0.7326067418946922	0.11515747732120452	1.1616136358918863	7.584768941328433	36.770499486449225	31.499499826905264	0.8860744913127414	0.0	0.0	0.0	0.0
2025-10-02 00:00:00+00:00	35.97999954223633	36.86000061035156	35.849998474121094	36.744998931884766	21720500	JD	1.5897174234118012	2.817300360443684	0.72775251873885	1.0707491810577627	1.0933064207622767	-0.5252934374547815	-2.081914306397282	2.817300360443684	2.072417115063794	60.80831427189448	0.8825264563733626	0.7625906847904264	0.11993577158293622	1.1507842430589277	3.6588893438830437	36.69341270811164	32.081586528948904	0.845307880618166	0.0	0.0	0.0	0.0
2025-10-03 00:00:00+00:00	35.400001525878906	36.22999954223633	35.064998626708984	36.15999984741211	15225000	JD	0.5002787867311723	3.322403995875144	0.7532312202631682	1.058576789284604	0.7626112611010654	-1.6120011777003271	-2.101765278595803	3.322403995875144	-29.90492852374485	57.15782416286449	0.8534368977830553	0.7807599273889522	0.07267697039410315	1.1517997196638146	0.45402905729677184	36.49299919378095	32.67700011957354	0.7135749651278246	0.0	0.0	0.0	0.0
2025-10-06 00:00:00+00:00	35.90999984741211	36.08000183105469	35.11000061035156	35.279998779296875	11856800	JD	-0.3389907949419272	2.762749085276681	0.33655780814028263	1.0728770305446922	0.623334784318426	1.440673162571399	1.785717375038385	2.762749085276681	-22.122824302134646	59.462310440529386	0.8616037832516099	0.7969286985614837	0.06467508469012617	1.1388141125951938	1.4980179855746656	36.55346259467782	32.92253685600577	0.8227827299213658	0.0	0.0	0.0	0.0
2025-10-07 00:00:00+00:00	34.88999938964844	36.13999938964844	34.722999572753906	36.03499984741211	14372400	JD	0.3480924548347172	4.080868111424361	0.5308619220086328	1.0934295830630176	0.8508990671867118	-2.8404357062039343	-3.177467635943118	4.080868111424361	21.216517104109034	53.288511273882094	0.7768159358255815	0.7929061460143033	-0.01609021018872181	1.1586845200451468	-0.5982880159595637	36.56084543132455	33.017154065135415	0.528501252220243	0.0	0.0	0.0	0.0
2025-10-08 00:00:00+00:00	34.97999954223633	35.11000061035156	34.2400016784668	34.80500030517578	12424700	JD	-0.24362019478244745	2.5408846064160664	0.6159780618636143	0.7354310510343104	0.8217459397825909	0.2579540102101375	0.5027991252007634	2.5408846064160664	-13.551668475689516	53.74486149577332	0.7087136067287076	0.7760676381571842	-0.06735403142847651	1.1380641208908338	3.0946042664797058	36.511385321434965	33.23261415976621	0.5329391092914135	0.0	0.0	0.0	0.0
2025-10-09 00:00:00+00:00	33.970001220703125	34.97999954223633	33.75	34.900001525878906	17371900	JD	-0.22869644769671565	3.6444430881076393	0.6303517436498477	0.702028332567517	1.2190670139844044	-2.887359447542841	-2.6647572049135047	3.6444430881076393	39.81746038133718	48.069351299179324	0.5667109060692184	0.734196291739591	-0.16748538567037263	1.1446309367012262	3.1269053944616014	36.524984685878174	33.17601476480542	0.23708378235997124	0.0	-0.9999922513961792	-999992.2513961792	-0.6999945759773254
2025-10-10 00:00:00+00:00	31.850000381469727	34.189998626708984	31.350000381469727	33.875	37842700	JD	-0.27966210564992916	9.059005456720556	2.669943670138401	2.015434873010413	2.0157294513068815	-6.240802952757497	-5.977858652487892	9.059005456720556	117.83857839384294	38.806021189869085	0.2798801089063332	0.6433330551729394	-0.3634529462666062	1.2657286015968	-8.55584637646493	36.831373008047514	32.687626663888516	-0.20214226761237505	-0.18256	0.12431080341339111	0.6809274895152366	0.03224956238937378
2025-10-13 00:00:00+00:00	33.25	33.59000015258789	32.61000061035156	32.93000030517578	24613290	JD	3.3908945393118324	3.0052116648082543	2.6343383069228716	1.9068756722802547	1.1541989359154923	4.395603145250795	0.9717573393824801	3.0052116648082543	-34.958948489404825	46.181751179410846	0.16364648971381968	0.5473957420811154	-0.38374925236729573	1.299605113705469	-5.459193258192	36.85932822510529	32.62267155364228	0.14807157978677854	-0.19676666666666665	-0.3331846396128337	-1.6932895798234147	-0.29225924772898354
