timestamp	close	high	low	open	volume	symbol	gap_apertura_pct	volatilidad_diaria	vol_5d	vol_10d	vol_rel_5d	return_pct	close_open_pct	range_pct	volume_change_pct	rsi_14	macd	macd_signal	macd_diff	atr_14	momentum_12	bb_upper	bb_lower	bb_pctb	vader	finbert	sentiment_ratio	sentiment_combined
2025-06-05 00:00:00+00:00	29.270000457763672	29.65999984741211	29.125	29.6200008392334	3222700	LI	0.0	1.8369093473377145	0.0	0.0	0.0	0.0	-1.1816352854593133	1.8369093473377145	0.0	0.0	0.0	0.0	0.0	0.0	0.0	0.0	0.0	0.0	0.0	0.0	0.0	0.0
2025-06-06 00:00:00+00:00	29.520000457763672	29.579999923706055	29.235000610351562	29.5	3248400	LI	0.7857859195055881	1.1800899817061554	0.0	0.0	0.0	0.8541168298263185	0.06779816191075211	1.1800899817061554	0.7974679616470661	0.0	0.0	0.0	0.0	0.0	0.0	0.0	0.0	0.0	0.0	0.0	0.0	0.0
2025-06-09 00:00:00+00:00	30.149999618530273	30.549999237060547	29.975000381469727	30.5	6225600	LI	3.319781595662513	1.918261378726385	0.0	0.0	0.0	2.1341434654378997	-1.1475422343269723	1.918261378726385	91.651274473587	0.0	0.0	0.0	0.0	0.0	0.0	0.0	0.0	0.0	0.0	0.0	0.0	0.0
2025-06-10 00:00:00+00:00	29.075000762939453	29.584999084472656	28.735000610351562	29.584999084472656	5516400	LI	-1.8739653108000913	2.9580597044250223	0.0	0.0	0.0	-3.5655020537052446	-1.7238409238311245	2.9580597044250223	-11.391673091750192	0.0	0.0	0.0	0.0	0.0	0.0	0.0	0.0	0.0	0.0	0.0	0.0	0.0
2025-06-11 00:00:00+00:00	29.399999618530273	29.760000228881836	29.290000915527344	29.510000228881836	2967900	LI	1.4961288203880507	1.6046408284860587	0.6575163286686576	0.0	0.7006043151881404	1.1177948308262167	-0.3727570637017597	1.6046408284860587	-46.19860778768762	0.0	0.0	0.0	0.0	0.0	0.0	0.0	0.0	0.0	0.0	0.0	0.0	0.0
2025-06-12 00:00:00+00:00	28.8700008392334	29.239999771118164	28.829999923706055	28.84000015258789	2345000	LI	-1.9047601129539662	1.4221292004755737	0.692629805820967	0.0	0.5774923288332439	-1.802716959774471	0.10402457172946919	1.4221292004755737	-20.987903905118095	0.0	0.0	0.0	0.0	0.0	0.0	0.0	0.0	0.0	0.0	0.0	0.0	0.0
2025-06-13 00:00:00+00:00	27.760000228881836	28.030000686645508	27.639999389648438	28.0	2960700	LI	-3.013511652036724	1.4110032764441058	0.6456831602441869	0.0	0.7395981134714923	-3.8448236165033554	-0.8571420397077287	1.4110032764441058	26.255863539445627	0.0	0.0	0.0	0.0	0.0	0.0	0.0	0.0	0.0	0.0	0.0	0.0	0.0
2025-06-16 00:00:00+00:00	28.200000762939453	28.739999771118164	28.18000030517578	28.18000030517578	2747700	LI	1.512968562071452	1.987223065570828	0.647896280642079	0.0	0.830738252598608	1.5850163199920848	0.07097394445378491	1.987223065570828	-7.194244604316546	0.0	0.0	0.0	0.0	0.0	0.0	0.0	0.0	0.0	0.0	0.0	0.0	0.0
2025-06-17 00:00:00+00:00	26.940000534057617	27.639999389648438	26.795000076293945	27.600000381469727	4282900	LI	-2.1276608696346186	3.1535708563109113	0.730158977552634	0.0	1.3992564132721736	-4.468085797138463	-2.3913037619203243	3.1535708563109113	55.872184008443426	0.0	0.0	0.0	0.0	0.0	0.0	0.0	0.0	0.0	0.0	0.0	0.0	0.0
2025-06-18 00:00:00+00:00	26.420000076293945	26.530000686645508	26.18000030517578	26.514999389648438	2944100	LI	-1.577584023697001	1.3368998372415282	0.7675367258885466	0.6740642355814946	0.9633582890500249	-1.9302169541766934	-0.35828518024247175	1.3368998372415282	-31.25919353708936	0.0	0.0	0.0	0.0	0.0	0.0	0.0	0.0	0.0	0.0	0.0	0.0	0.0
2025-06-20 00:00:00+00:00	26.010000228881836	26.450000762939453	25.8799991607666	26.450000762939453	3803300	LI	0.11355293928415518	2.202479214284361	0.734309734938703	0.681289036590676	1.1360798628328366	-1.5518540735357256	-1.6635180391908575	2.202479214284361	29.18379131143643	0.0	0.0	0.0	0.0	0.0	0.0	0.0	0.0	0.0	0.0	0.0	0.0	0.0
2025-06-23 00:00:00+00:00	28.079999923706055	28.15999984741211	27.184999465942383	27.229999542236328	7057300	LI	4.690500971237168	3.5865381667239538	0.9084459401311809	0.8055720980508739	1.6935921249034092	7.958476265316079	3.1215585595265796	3.5865381667239538	85.55727920490101	0.0	0.0	0.0	0.0	0.0	0.0	0.0	0.0	0.0	0.0	0.0	0.0	0.0
2025-06-24 00:00:00+00:00	28.530000686645508	28.670000076293945	28.149999618530273	28.459999084472656	3268800	LI	1.3532733682302964	1.847248542843218	0.928339917914144	0.8082296611392202	0.7652975220542788	1.6025668239391544	0.24596487851274518	1.847248542843218	-53.68200303232115	0.0	0.0	0.0	0.0	0.0	-2.5281850343185903	0.0	0.0	0.0	0.0	0.0	0.0	0.0
2025-06-25 00:00:00+00:00	28.110000610351562	28.450000762939453	27.8799991607666	28.420000076293945	2061100	LI	-0.38556119069093553	2.044482135332957	0.8390460703004584	0.7568661322686848	0.5385793275009668	-1.4721348271489578	-1.0907792579527948	2.044482135332957	-36.94627998042095	46.635542631093394	0.0	0.0	0.0	0.9225000653948102	-4.776422173263495	0.0	0.0	0.0	0.0	0.0	0.0	0.0
2025-06-26 00:00:00+00:00	28.010000228881836	28.600000381469727	28.0049991607666	28.5	5838600	LI	1.3874044154407432	2.1246250260085264	0.6976872251367499	0.7398045355277874	1.3252016650702934	-0.355746635711211	-1.7192974425198742	2.1246250260085264	183.27592062490902	45.875919404519415	0.0	0.0	0.0	0.8991072907739756	-7.097842178190901	0.0	0.0	0.0	0.0	0.0	0.0	0.0
2025-06-27 00:00:00+00:00	27.469999313354492	27.479999542236328	26.799999237060547	27.235000610351562	4892600	LI	-2.766867590851182	2.5373146437834166	0.6947220575091057	0.7076762770816585	1.0581614644612083	-1.9278861517842292	0.8628555084871585	2.5373146437834166	-16.202514301373615	41.90639040974667	0.0	0.0	0.0	0.9213139837059264	-5.520211203677014	0.0	0.0	0.0	0.0	0.0	0.0	0.0
2025-06-30 00:00:00+00:00	27.110000610351562	27.405000686645508	26.969999313354492	27.059999465942383	4822800	LI	-1.492536795269553	1.6129083587911694	0.3441803078125085	0.6844293702280735	1.1546693864651718	-1.3105158791464437	0.18477880781967845	1.6129083587911694	-1.4266443199934595	39.45534601682003	0.0	0.0	0.0	0.8912201277269317	-7.789112373781689	0.0	0.0	0.0	0.0	0.0	0.0	0.0
2025-07-01 00:00:00+00:00	26.829999923706055	26.979999542236328	26.56999969482422	26.56999969482422	4024400	LI	-1.9918882455544917	1.5430931581530145	0.40652042268923483	0.716550913052561	0.9298736107581044	-1.032831723871646	0.978548106391147	1.5430931581530145	-16.55469851538525	37.61267426130001	0.0	0.0	0.0	0.8661330411412468	-7.066161607986683	0.0	0.0	0.0	0.0	0.0	0.0	0.0
2025-07-02 00:00:00+00:00	26.139999389648438	26.5	25.649999618530273	26.4950008392334	6846300	LI	-1.2485989020695551	3.3138416924406604	0.7302115652377495	0.7416297093266346	1.2954357097715394	-2.5717500410723324	-1.3398808769210535	3.3138416924406604	70.11976940661962	33.46497175341226	0.0	0.0	0.0	0.8885521314294278	-5.835737845376277	0.0	0.0	0.0	0.0	0.0	0.0	0.0
2025-07-03 00:00:00+00:00	25.94499969482422	26.40999984741211	25.809999465942383	26.09000015258789	2791000	LI	-0.191274821071139	2.324681882545011	0.7287231519184401	0.6744251023691549	0.5969517177066446	-0.7459820175108326	-0.5557702449813484	2.324681882545011	-59.23345456670026	32.37830426328715	0.0	0.0	0.0	0.867941292146592	-7.996457472011012	30.353169672971834	25.43083072375668	0.10445623033527983	0.0	0.0	0.0	0.0
2025-07-07 00:00:00+00:00	26.739999771118164	27.350000381469727	26.594999313354492	27.094999313354492	6714300	LI	4.4324518483601585	2.8388835781473998	0.7681671366729571	0.6925446280418178	1.3322658221820087	3.0641745447872957	-1.3102031785671873	2.8388835781473998	140.56968828376927	40.81607799885953	0.0	0.0	0.0	0.9063026774679431	-0.7423933146794547	30.19016306882719	25.34083725923678	0.28852722353987664	0.0	0.0	0.0	0.0
2025-07-08 00:00:00+00:00	26.979999542236328	27.260000228881836	26.795000076293945	26.950000762939453	3466800	LI	0.7853440299880287	1.7353989597457968	0.7411924679126584	0.5699804500260862	0.7270119281292465	0.8975309393135728	0.11131272151252813	1.7353989597457968	-48.366918368258794	43.12337742459845	0.0	0.0	0.0	0.8787096617747808	2.1196043312840764	29.945494297833985	25.331505938677243	0.35728169974411594	0.0	0.0	0.0	0.0
2025-07-09 00:00:00+00:00	27.18000030517578	27.25	26.610000610351562	26.829999923706055	3637700	LI	-0.5559659787816298	2.4051085117204813	0.5913449069213867	0.5596689342671141	0.7754272875712501	0.7412926847028234	1.304511302515802	2.4051085117204813	4.929618091611862	45.046047036428014	0.0	0.0	0.0	0.8616589280514706	4.498270149935494	29.49362977233753	25.486370532838247	0.42264043105660337	0.0	0.0	0.0	0.0
2025-07-10 00:00:00+00:00	27.200000762939453	27.399999618530273	26.969999313354492	27.299999237060547	3603000	LI	0.44149716901185865	1.59436528039829	0.5114616018578984	0.5948531634008548	0.8912669199715032	0.0735852006589686	-0.3662947872370007	1.59436528039829	-0.9538994419550815	45.24538250393936	0.0	0.0	0.0	0.8308261692746356	-3.1339001536950772	29.26540770222741	25.52709260294837	0.4475032509468546	0.0	0.0	0.0	0.0
2025-07-11 00:00:00+00:00	27.65999984741211	28.43000030517578	27.549999237060547	27.549999237060547	11003800	LI	1.2867590599408132	3.1941963429583247	0.6898125424646554	0.6705333327482507	1.935544016661038	1.6911730572427568	0.3992762736762204	3.1941963429583247	205.40660560643906	49.75919911221605	0.0	0.0	0.0	0.8593385530576135	-3.0494245295992357	28.94460466663703	25.673895661426936	0.6072396482907522	0.0	0.0	0.0	0.0
2025-07-14 00:00:00+00:00	28.649999618530273	28.844999313354492	28.239999771118164	28.399999618530273	4990500	LI	2.6753426435300542	2.142349671174849	0.635501149194584	0.6672791442531208	0.9344875626362268	3.579174897250729	0.8802817019648177	2.142349671174849	-54.64748541412966	57.818665470200756	-0.2930063769985658	0.0	0.0	0.882600046835097	1.9210209763562056	28.89394231321114	25.702557892782508	0.9235621089332434	0.0	0.0	0.0	0.0
2025-07-15 00:00:00+00:00	28.90999984741211	28.950000762939453	28.299999237060547	28.709999084472656	2213700	LI	0.209422222482601	2.2968252417042128	0.5766041537352858	0.626176114076778	0.43493380801376885	0.9075051739744973	0.6966240658907591	2.2968252417042128	-55.64171926660655	59.649390630138264	-0.15376422995289474	0.0	0.0	0.8659858667667976	3.2131367767796752	29.09066029787853	25.62083986996815	0.9479337751852427	0.0	0.0	0.0	0.0
2025-07-16 00:00:00+00:00	29.399999618530273	29.405000686645508	28.614999771118164	28.905000686645508	4797600	LI	-0.017292150788610485	2.760793017110947	0.6097067209437542	0.5701205423041864	0.9015130446547357	1.6949144714783753	1.7125027508249175	2.760793017110947	116.7231332158829	62.91599331930296	-0.003830779956658148	0.0	0.0	0.8605583702496936	7.025847664428281	29.336362655031703	25.49513739837406	1.0165668398093224	0.0	0.0	0.0	0.0
2025-07-17 00:00:00+00:00	31.360000610351562	31.77899932861328	30.7549991607666	31.190000534057617	9236200	LI	6.088438567186713	3.3295405488190406	0.5262513953519463	0.5727465162076107	1.4323331823905614	6.666670126709582	0.5450467245369726	3.3295405488190406	92.51709187927297	72.50453210570888	0.2700354583333393	0.0	0.0	0.9690184659520732	15.676871650003573	30.19791068122341	25.07558937981175	1.226867832130697	0.0	0.0	0.0	0.0
2025-07-18 00:00:00+00:00	31.799999237060547	32.025001525878906	31.559999465942383	31.760000228881836	5869100	LI	1.27550896283541	1.4733905823994868	0.6945950776644458	0.6530896350904793	1.0825761516355494	1.4030568180657053	0.1259414606122601	1.4733905823994868	-36.45546869924861	74.12214207961156	0.5166253023340985	0.0	0.0	0.9473029266360211	18.52403774687742	30.978294971133202	24.833205005978613	1.133717206841035	0.0	0.0	0.0	0.0
2025-07-21 00:00:00+00:00	30.5	31.360000610351562	30.420000076293945	31.290000915527344	5306700	LI	-1.603768345185486	3.090074068705055	0.7346653157847534	0.6772099932895405	0.9675531391189244	-4.088048013364396	-2.5247711486493243	3.090074068705055	-9.582389122693428	62.43479704241193	0.6002313628844647	0.0	0.0	0.9782098005024912	16.679421240071427	31.271298350605797	24.989201603617836	0.8772227837822449	0.0	0.0	0.0	0.0
2025-07-22 00:00:00+00:00	30.84000015258789	31.05500030517578	30.549999237060547	30.709999084472656	2775300	LI	0.6885215884349385	1.6530313608080616	0.8467818101713654	0.6866563632900249	0.4958566941457715	1.1147545986488216	0.42331837183598114	1.6530313608080616	-47.701961671095034	64.03215771245084	0.6860169625205685	0.0	0.0	0.9479805508362976	18.866835672926133	31.6235522195211	24.912947757590718	0.8832367380049978	0.0	0.0	0.0	0.0
2025-07-23 00:00:00+00:00	30.420000076293945	31.059999465942383	30.334999084472656	30.860000610351562	2523100	LI	0.0648523270580904	2.3899799022602473	0.830074791310589	0.6866457554582172	0.4906769245130375	-1.361867944928339	-1.4257956103540228	2.3899799022602473	-9.087305876842143	60.603905234124575	0.7119057656932632	0.0	0.0	0.9320533958815426	13.76215533535847	31.846230270400852	24.879269645675805	0.7952866004373043	0.0	0.0	0.0	0.0
2025-07-24 00:00:00+00:00	29.59000015258789	30.1200008392334	29.479999542236328	30.100000381469727	3623200	LI	-1.0519385076319965	2.1709677982868802	0.6415599655450757	0.6344029857031943	0.9014101326539752	-2.7284678554385238	-1.6943528983999752	2.1709677982868802	43.601125599460985	54.40484820845005	0.657865309698817	0.39896234057073177	0.2589029691280852	0.9326210486084051	9.673834894866065	31.958281315334098	24.915218554966195	0.6637427148778527	0.0	0.0	0.0	0.0
2025-07-25 00:00:00+00:00	29.579999923706055	29.639999389648438	29.27899932861328	29.489999771118164	1922100	LI	-0.33795329825633913	1.2329658434821038	0.710743720644105	0.6803068161208534	0.5950626609867248	-0.03379597441793637	0.3051887191807805	1.2329658434821038	-46.95020975932877	54.332736933412114	0.6072311414767064	0.44061610075192675	0.16661504072477967	0.8917909780674588	8.830020572417913	32.065111229310276	24.965388610472438	0.6499706482883677	0.0	0.0	0.0	0.0
2025-07-28 00:00:00+00:00	29.190000534057617	29.600000381469727	29.084999084472656	29.5	2906900	LI	-0.27045275156319726	1.7706766828540468	0.45282693544093255	0.6970311435443015	1.0570084214507003	-1.318456357857809	-1.0508456472623147	1.7706766828540468	51.23562769887102	51.467645142948165	0.5295294214278705	0.45839876488711556	0.07113065654075496	0.8648774294195738	7.316175423897703	32.12892331986929	25.073576641983745	0.5834474307232125	0.0	0.0	0.0	0.0
2025-07-29 00:00:00+00:00	27.3799991607666	31.100000381469727	26.9950008392334	30.969999313354492	23704200	LI	6.097974466358951	15.20651755739268	5.971057529438823	4.1690977128521896	3.4176098271313022	-6.200758273982164	-11.591863843018738	15.20651755739268	715.4460077746053	40.73230899451423	0.3182299081763311	0.4303649935449587	-0.1121350853686276	1.0963147231921992	-1.0122946066165828	32.12149711493586	25.108002701958668	0.32394642741912183	0.0	0.0	0.0	0.0
2025-07-30 00:00:00+00:00	26.450000762939453	26.719999313354492	26.315000534057617	26.6200008392334	6081500	LI	-2.7757426765089943	1.5390415013395653	6.059634099405988	4.211110822905581	0.7952188796978914	-3.396634135620294	-0.6386178472368559	1.5390415013395653	-74.34420904312316	36.51756552527356	0.07486739844402734	0.3592654745247725	-0.28439807608074513	1.0940778591576839	-7.67887917934876	32.14483338808441	25.046666512733463	0.1977037557512491	0.0	0.0	0.0	0.0
2025-07-31 00:00:00+00:00	26.100000381469727	26.56999969482422	25.639999389648438	26.135000228881836	6298400	LI	-1.190928260762025	3.627146362379586	5.960867967725553	4.211722045070923	0.7697290110013663	-1.3232528218302788	-0.1339194455924702	3.627146362379586	3.5665543040368326	35.047748605466595	-0.1445746826138432	0.2584974430970493	-0.4030721257108925	1.0823580338732621	-9.71981833543289	32.14840726438046	25.039092735619544	0.14922783927455358	0.0	0.0	0.0	0.0
2025-08-01 00:00:00+00:00	25.239999771118164	25.489999771118164	25.020000457763672	25.2450008392334	4796800	LI	-3.2758602672027313	1.8784944234829224	5.874030612248313	4.1928736818185	0.5477324734286719	-3.295021447440817	-0.019810132497449503	1.8784944234829224	-23.840975485837674	31.674234867180147	-0.3834587015605777	0.13010621416552393	-0.5135649157261016	1.0821895974327473	-14.149659528533254	32.2295993625899	24.88740064503949	0.04802364245955886	0.0	0.0	0.0	0.0
2025-08-04 00:00:00+00:00	25.719999313354492	26.299999237060547	25.614999771118164	25.809999465942383	4662000	LI	2.2583189381660085	2.6742122664968533	5.77035385535517	4.198962989842382	0.5118251143427406	1.9017414682609706	-0.34870265187975086	2.6742122664968533	-2.8102068045363575	35.411096497646085	-0.5279580839579872	-0.0015066454591782935	-0.5264514384988088	1.0806045880405786	-17.984697663352	32.30441914089641	24.710580820956622	0.13292599208325973	0.0	0.0	0.0	0.0
2025-08-05 00:00:00+00:00	25.59000015258789	26.229999542236328	25.469999313354492	26.1299991607666	5397200	LI	1.594089651469107	2.983903609621814	0.8420891488151429	4.157826014210672	0.9908246101652598	-0.505439985370072	-2.066586396946782	2.983903609621814	15.770055770055771	34.855098488795065	-0.645523537875146	-0.13031002394237184	-0.5152135139327743	1.057704276672097	-19.528299476294837	32.39185681916307	24.484143203725118	0.1398453462836397	0.0	0.0	0.0	0.0
2025-08-06 00:00:00+00:00	24.200000762939453	24.81999969482422	24.104999542236328	24.809999465942383	6292100	LI	-3.048068315726943	2.9661902765651615	0.6338826173943735	4.143973494917847	1.146248155502523	-5.43180688300179	-2.458680838910528	2.9661902765651615	16.580819684280737	29.518267287575426	-0.8411599725927346	-0.2724800136724444	-0.5686799589202902	1.0882254433634875	-20.655735203477203	32.627178748620025	23.950821320044522	0.028719361200388198	0.0	0.0	0.0	0.0
2025-08-07 00:00:00+00:00	24.649999618530273	24.722999572753906	24.350000381469727	24.40999984741211	4472600	LI	0.8677647845129601	1.5318241701878201	0.6637327747106034	4.173373549014813	0.8728489073288396	1.8594993446444885	0.9832026735698987	1.5318241701878201	-28.917213648861274	33.090083650639954	-0.9489531683204362	-0.40777464460204277	-0.5411785237183935	1.0478521123956992	-20.0713375597639	32.76215758460197	23.56084236962166	0.1183697355716493	0.0	0.0	0.0	0.0
2025-08-08 00:00:00+00:00	24.790000915527344	24.959999084472656	24.579999923706055	24.579999923706055	2352000	LI	-0.2839744255882159	1.5459689257367057	0.7419664071649633	4.155273628535051	0.507423659922592	0.5679565888991999	0.8543571703544013	1.5459689257367057	-47.413137772213034	34.207194549402715	-1.0114240510438464	-0.5285045258904035	-0.48291952515344283	1.000148330136478	-18.507558010014648	32.84570985931861	23.190290201716543	0.16568008129520187	0.0	0.0	0.0	0.0
2025-08-11 00:00:00+00:00	24.06999969482422	24.329999923706055	23.860000610351562	24.235000610351562	5207000	LI	-2.2388071185110525	1.9698210449776137	0.7295117023454064	4.146146508970556	1.0975553204136437	-2.904401751159874	-0.6808372658215096	1.9698210449776137	121.3860544217687	31.31184918141517	-1.1062782696320248	-0.6440592746387278	-0.462218994993297	0.9951377569249996	-18.654952447781255	32.901188883775134	22.676811184889413	0.13626144797904316	0.0	0.0	0.0	0.0
2025-08-12 00:00:00+00:00	23.989999771118164	24.190000534057617	23.764999389648438	24.18000030517578	4063100	LI	0.4570029569847314	1.7883490651142273	0.5909176578042512	0.7508931872420214	0.9074767273571926	-0.33236362575965095	-0.7857755651762632	1.7883490651142273	-21.968503937007874	30.99790224773976	-1.1743688533841343	-0.7501211903878092	-0.4242476629963251	0.9544137131738697	-18.897904553772303	32.88412007304197	22.201879987993188	0.16739183625236884	0.0	0.0	0.0	0.0
2025-08-13 00:00:00+00:00	24.899999618530273	24.950000762939453	24.530000686645508	24.780000686645508	5556500	LI	3.293042613857941	1.7121894192306302	0.18186704076651458	0.734481975287927	1.2831852276086313	3.7932465864700364	0.48425717739965884	1.7121894192306302	36.755186926238586	38.545947362879524	-1.1417404755800185	-0.8284450474262511	-0.3132954281537673	0.9548128045058283	-14.696816844939617	32.70617820595247	21.929821855082682	0.27561985394143546	0.0	0.0	0.0	0.0
2025-08-14 00:00:00+00:00	23.75	24.270000457763672	23.579999923706055	24.25	4715200	LI	-2.610440275053465	2.9262109257427436	0.545869116358787	0.6138891748835962	1.0768345376316584	-4.618472434330713	-2.0618556701030926	2.9262109257427436	-15.140826059569873	33.551122066996044	-1.1949035055526558	-0.9017367390515321	-0.2931667665011237	0.9808975823857133	-13.257849788279419	32.20360995550002	21.671390044499983	0.1973572497597662	0.0	0.0	0.0	0.0
2025-08-15 00:00:00+00:00	24.190000534057617	24.559999465942383	24.1299991607666	24.139999389648438	3839800	LI	1.642102693256579	1.7820154170370899	0.5068400123803716	0.6201893161575147	0.8211157491360728	1.8526338276110197	0.2071298495169841	1.7820154170370899	-18.565490329148286	36.91917665974289	-1.1878385604433994	-0.9589571033299056	-0.22888145711349384	0.9686905740683326	-8.544424059331016	31.449214712410523	21.66478541728918	0.2580850697165899	0.0	0.0	0.0	0.0
2025-08-18 00:00:00+00:00	24.049999237060547	24.399999618530273	23.975000381469727	24.260000228881836	4279200	LI	0.2893745071467224	1.7726766644351286	0.5207259406974173	0.6070558352335614	0.9528899339978089	-0.5787568991573998	-0.8656265038748031	1.7726766644351286	11.443304338767645	36.28890343979696	-1.179934919899523	-1.003152666643829	-0.17678225325569397	0.9298554785677765	-7.854410400180006	30.88909990121158	21.579900152194185	0.2653395728378356	0.0	0.0	0.0	0.0
2025-08-19 00:00:00+00:00	23.81999969482422	24.079999923706055	23.700000762939453	23.969999313354492	4164200	LI	-0.33264002596214837	1.60337193474196	0.5451887878448395	0.5359997105509728	0.9231253519190952	-0.9563390832957019	-0.6257806542643646	1.60337193474196	-2.68741820901103	35.224987558703106	-1.1786435989691917	-1.0382508531089016	-0.14039274586029005	0.890580027296264	-5.625990844575343	30.137478378951247	21.629521628678145	0.25746229446638413	0.0	0.0	0.0	0.0
2025-08-20 00:00:00+00:00	23.5	23.729999542236328	23.299999237060547	23.56999969482422	3800400	LI	-1.0495382166370129	1.845494932428284	0.5332117403560298	0.40283000889461074	0.9136104006000346	-1.3434076361207956	-0.2969864053056824	1.845494932428284	-8.736371932183854	33.742738939905564	-1.1897270855884443	-1.0685460996048102	-0.12118098598363414	0.8641100580439359	-8.631412801795104	29.36342679983379	21.711573200166214	0.2337246493988701	0.0	0.0	0.0	0.0
2025-08-21 00:00:00+00:00	23.459999084472656	23.608999252319336	23.219999313354492	23.329999923706055	6115400	LI	-0.7234045799742354	1.6752797177781082	0.09582356596208583	0.3927559238544428	1.3774043875850264	-0.17021666181848405	0.5572188649452456	1.6752797177781082	60.91464056415114	33.55267383412375	-1.1880435417500017	-1.0924455880338484	-0.09559795371615332	0.8301736209668579	-8.323568016469236	28.672016839925895	21.78998305326258	0.24266315495956983	0.0	0.0	0.0	0.0
2025-08-22 00:00:00+00:00	24.059999465942383	24.110000610351562	23.540000915527344	23.579999923706055	5053500	LI	0.5115125486634087	2.421408974747483	0.32516490531319764	0.4115683951728005	1.0792219607307145	2.557546482884757	2.0356214749337744	2.421408974747483	-17.36435883180168	39.09440587172549	-1.1253222898875421	-1.0990209284045873	-0.02630136148295481	0.8173041856034328	-0.5785177379476456	27.788263320323175	22.121736527088935	0.34205484410092424	0.0	0.0	0.0	0.0
2025-08-25 00:00:00+00:00	24.0	24.520000457763672	23.989999771118164	24.100000381469727	5393900	LI	0.16625484794364268	2.2092567390666744	0.3521290263585561	0.4197535659540809	1.0995661994341022	-0.24937434444798628	-0.41493933563011876	2.2092567390666744	6.7359255961215005	38.746405289052355	-1.0681438044877147	-1.0928455036212128	0.024701699133498067	0.7967825071064382	-2.6369153289627065	26.781975239799078	22.60902455420727	0.33333138840950904	0.0	0.0	0.0	0.0
2025-08-26 00:00:00+00:00	24.649999618530273	24.780000686645508	23.920000076293945	23.920000076293945	6428600	LI	-0.33333301544189453	3.5953202659220356	0.7558937087369251	0.6544539714560278	1.1997327540516127	2.7083317438761396	3.051837541421241	3.5953202659220356	19.182780548397265	44.509243169476385	-0.959321445451387	-1.0661406919872478	0.10681924653586083	0.8012980859096613	-0.5647490594055598	26.24362366919804	22.87437617058467	0.5270089088665552	0.0	0.0	0.0	0.0
2025-08-27 00:00:00+00:00	22.600000381469727	23.459999084472656	22.420000076293945	23.389999389648438	14249100	LI	-5.11156287375619	4.638710993040389	1.1950294927350749	0.998612464206998	1.913118781971241	-8.316427053895328	-3.3775076049310875	4.638710993040389	121.65168154808201	33.73078668472138	-1.0266620269924118	-1.0582449589882807	0.031582931995868924	0.9033481899329947	-6.107184594898797	26.022425970417732	22.71057383121801	-0.03338719396301387	0.0	0.0	0.0	0.0
2025-08-28 00:00:00+00:00	23.260000228881836	24.280000686645508	22.649999618530273	22.665000915527344	16745600	LI	0.28761297770115374	7.196472828113023	2.030216654900818	1.8098371164276303	1.7490448228248177	2.9203532578400258	2.625189893316395	7.196472828113023	17.52040479749598	38.86387886053991	-1.0150723292382011	-1.049610433038265	0.034538103800063835	0.9588233410217651	-3.0429326769530984	25.742820893777058	22.706178892599894	0.1823795284617849	0.0	0.0	0.0	0.0
2025-08-29 00:00:00+00:00	23.350000381469727	23.610000610351562	23.030000686645508	23.110000610351562	5323800	LI	-0.6448822745238824	2.5184537838176504	2.0115845871706677	1.7751162991780307	0.5529382439085188	0.3869310047389331	1.0385104490679329	2.5184537838176504	-68.20776801070132	39.551480667560874	-0.9872448065264621	-1.0371373077359043	0.04989250120944222	0.9317645254992144	-6.224896629745555	25.618717345745516	22.641282501666595	0.23802968559077767	0.0	0.0	0.0	0.0
2025-09-02 00:00:00+00:00	24.399999618530273	24.440000534057617	22.81999969482422	23.010000228881836	8278100	LI	-1.4561034134188304	7.099039705950694	2.0911555623176357	2.1441356026519576	0.8111776141984745	4.496784667694538	6.0408490909258195	7.099039705950694	55.49231751756264	47.035794824281815	-0.8704313404024475	-1.003796114269213	0.13336477386676537	0.9809242621945132	2.736840499074835	25.370834253621833	22.757165624307856	0.6285548121123604	0.0	0.0	0.0	0.0
2025-09-03 00:00:00+00:00	24.100000381469727	24.290000915527344	23.399999618530273	23.8700008392334	7072000	LI	-2.1721261786183557	3.803424408145226	2.0577741293881098	2.0405192240151555	0.6843614884088208	-1.229505089142363	0.9635506248424359	3.803424408145226	-14.569768425121707	45.309666583697265	-0.7929229361060948	-0.9616214786365893	0.16869854253049454	0.9822868148949052	-0.3720551905783445	25.094098886114683	22.884901014703185	0.5500183494157505	0.0	0.0	0.0	0.0
2025-09-04 00:00:00+00:00	23.979999542236328	24.59000015258789	23.660999298095703	23.834999084472656	3905500	LI	-1.0995904265662477	3.9262959386797998	2.11728135713998	1.9336587272115031	0.4725347852389595	-0.4979287856180533	0.6083510104186772	3.9262959386797998	-44.77516968325792	44.604531426562325	-0.7327335360280749	-0.9158438901148865	0.18311035408681164	0.9784806748661398	-0.2910590313714051	25.078868344268344	22.878131434479215	0.5006814321402427	0.0	0.0	0.0	0.0
2025-09-05 00:00:00+00:00	23.649999618530273	23.934999465942383	23.309999465942383	23.920000076293945	4028000	LI	-0.2502062847695425	2.6812527426831165	1.8426904786998968	1.8278481098634374	0.7040136468186553	-1.3761464971040593	-1.128764451933499	2.6812527426831165	3.136602227627704	42.6393341400445	-0.7035511391568505	-0.8733853399232794	0.16983420076642886	0.9564463463966973	-0.713686307606814	24.99255385645649	22.86444592229107	0.36913245029899083	0.0	0.0	0.0	0.0
2025-09-08 00:00:00+00:00	23.799999237060547	23.889999389648438	23.479999542236328	23.645000457763672	2476100	LI	-0.021138100833983164	1.746166334776084	2.0221478663135013	1.90390198682669	0.4806150692748751	0.6342478687092475	0.6555245349804264	1.746166334776084	-38.52780536246276	43.850310136183026	-0.6607039795697816	-0.8308490678525798	0.17014508828279828	0.917414453612084	1.2765924981299868	24.867572256789764	22.890427354111118	0.4600431064597928	0.0	0.0	0.0	0.0
2025-09-09 00:00:00+00:00	24.219999313354492	24.540000915527344	24.049999237060547	24.389999389648438	3979600	LI	2.478992317231517	2.037429081127431	0.9967462584678116	1.921961700947674	0.9271615753079977	1.7647062594856537	-0.6970073003203783	2.037429081127431	60.72048786397964	47.21085630196785	-0.5861005979716261	-0.7818993738763891	0.19579877590476302	0.9047421125302778	3.239557794291873	24.882998875198133	22.89000069755577	0.6673355905282649	0.0	0.0	0.0	0.0
2025-09-10 00:00:00+00:00	23.959999084472656	24.25	23.860000610351562	24.200000762939453	3996000	LI	-0.08257040042116023	1.6345321863874465	0.9425295287228188	2.0546857245648815	1.0867436851380459	-1.0734939564530717	-0.9917424417372004	1.6345321863874465	0.41210171876570506	45.399424868897135	-0.5417122050294942	-0.7338619401070101	0.19214973507751587	0.867974775181575	-0.41562919239162893	24.880961304317296	22.88903819977206	0.5376517207199628	0.0	0.0	0.0	0.0
2025-09-11 00:00:00+00:00	24.350000381469727	24.459999084472656	23.81999969482422	24.0	3984000	LI	0.16694873562522985	2.6868152722415912	0.5028913889682275	2.0512862189839804	1.0788736818730806	1.627718330130537	1.4583349227905273	2.6868152722415912	-0.3003003003003003	48.58609850589477	-0.4696504010547855	-0.6810196322965651	0.21136923124177964	0.8516908190720651	1.4583349227905273	24.76640825273207	22.94859132765123	0.7709296984107322	0.0	0.0	0.0	0.0
2025-09-12 00:00:00+00:00	24.479999542236328	24.565000534057617	23.975000381469727	24.1200008392334	4557200	LI	-0.9445566268301049	2.460897364756255	0.45263278500504894	1.6109234162924333	1.199711471128685	0.5338774485832474	1.4925318842334314	2.460897364756255	14.387550200803211	49.64115404031084	-0.39746927798148235	-0.6243095614335487	0.2268402834520663	0.8329986286089098	-0.6896554925954249	24.840559616040895	22.947439918566037	0.8095418507950125	0.0	0.0	0.0	0.0
2025-09-15 00:00:00+00:00	26.170000076293945	26.43000030517578	25.31999969482422	25.329999923706055	10180500	LI	3.4722238454424263	4.3838887193133065	1.054688578092911	1.6488789665624632	1.9066534818127676	6.903597081943532	3.3162264315750916	4.3838887193133065	123.39375054858246	60.880057549758995	-0.2015726941903253	-0.5397621879849039	0.33818949379457863	0.9127844953468057	15.796458560024387	25.362409747259722	22.623589741570843	1.294867982326971	0.0	0.0	0.0	0.0
2025-09-16 00:00:00+00:00	26.110000610351562	26.2450008392334	25.454999923706055	25.760000228881836	5938100	LI	-1.5666788162660614	3.1035196145949375	1.009009622223444	0.9455731863402628	1.0361078734497031	-0.2292681152749909	1.3586971209624055	3.1035196145949375	-41.671823584303326	60.36497313252157	-0.0505816221876394	-0.44192607482545104	0.39134445263781165	0.9040142396454156	12.252796016445838	25.74782802574404	22.44417160041563	1.109627799619483	0.0	0.0	0.0	0.0
2025-09-17 00:00:00+00:00	26.690000534057617	26.940000534057617	26.34000015258789	26.940000534057617	6482700	LI	3.178858308325712	2.2779057630748603	0.8417968638983657	0.8957687420208583	1.0408123946375532	2.2213707780462792	-0.9279881033556379	2.2779057630748603	9.171283743958506	63.57336662582252	0.11456045517207158	-0.33062876882594655	0.44518922399801814	0.8987275027926042	14.30406894227922	26.23366638043818	22.24533332964483	1.1144172635052794	0.0	0.0	0.0	0.0
2025-09-18 00:00:00+00:00	26.06999969482422	26.31999969482422	26.020000457763672	26.020000457763672	2866300	LI	-2.510303720072975	1.1529563096953566	1.1857557724547252	0.9011114410849567	0.4773220804135248	-2.3229705014140034	0.19215694151007764	1.1529563096953566	-55.78539805945054	58.15413065340519	0.19318098495753944	-0.22586681806924935	0.4190478030267888	0.8823898294712713	6.844262714765311	26.48257428213898	22.25342539742645	0.90244500759807	0.0	0.0	0.0	0.0
2025-09-19 00:00:00+00:00	25.75	26.229999542236328	25.704999923706055	26.100000381469727	3780200	LI	0.11507743381931827	2.042402723549905	1.219023841691926	0.90290301658666	0.6462366400207878	-1.2274633623710764	-1.3409976105525925	2.042402723549905	31.88431078393748	55.523374039502684	0.22704973223985903	-0.1352835080074277	0.36233324024728675	0.8568619572612001	6.846471337813519	26.635654744034092	22.329345027084074	0.7943355675166428	0.0	0.0	0.0	0.0
2025-09-22 00:00:00+00:00	25.450000762939453	25.90999984741211	25.299999237060547	25.709999084472656	3928500	LI	-0.15534336127123785	2.411069678840175	0.7049956201154582	0.8774004353367376	0.8541777194096313	-1.1650455808176579	-1.0112731652729892	2.411069678840175	3.923072853288186	53.09824132849396	0.22706605114579403	-0.06281359617678335	0.28987964732257737	0.8392290039105117	6.130113631211669	26.73563569776908	22.368364203048788	0.705620560484077	0.0	0.0	0.0	0.0
2025-09-23 00:00:00+00:00	25.030000686645508	25.389999389648438	24.809999465942383	25.040000915527344	2990600	LI	-1.6110013167824941	2.337766772233278	0.5171342905540881	0.8679721459406238	0.745848775207873	-1.6502949457885818	-0.03993701484106089	2.337766772233278	-23.874252259131985	49.81761692353067	0.1909869097165	-0.012053494998126683	0.2030404047146267	0.8249984534166944	5.835099747883186	26.781208003444007	22.425791966038418	0.5979242162496952	0.0	0.0	0.0	0.0
2025-09-24 00:00:00+00:00	25.43000030517578	25.799999237060547	25.25	25.46500015258789	4739700	LI	1.7379123212508427	2.1782148002397896	0.5077177702738565	0.8273517170823198	1.2946250539461248	1.5980807333484774	-0.1374429499406561	2.1782148002397896	58.486591319467664	52.80808303050685	0.19245208859663165	0.028847621720824987	0.16360446687580665	0.8210698889165762	6.848744203222715	26.849877720500672	22.435122317646304	0.6783791431781552	0.0	0.0	0.0	0.0
2025-09-25 00:00:00+00:00	25.809999465942383	26.440000534057617	25.777000427246094	26.260000228881836	4855400	LI	3.263861241626192	2.5720607356267	0.20531874244092602	0.825320613046083	1.1962413276568906	1.4942947550388355	-1.713635792144905	2.5720607356267	2.4410827689516212	55.51990428356802	0.22172015793884015	0.06742212896442802	0.15429802897441214	0.8345649131998091	6.56482327689907	26.854274068414675	22.751725878179563	0.7454570783695179	0.0	0.0	0.0	0.0
2025-09-26 00:00:00+00:00	24.360000610351562	27.100000381469727	24.309999465942383	27.094999313354492	15605100	LI	4.978689941887572	11.476762553763342	4.072994684115004	2.9575809307761705	2.4292403632706816	-5.617973210360458	-10.094108773994	11.476762553763342	221.39679532067387	44.91405575767903	0.12645483167333538	0.07922866950620949	0.047226162167125885	0.9742389133660616	1.6694555140368446	26.796738099947003	22.919261884794206	0.37156610269512175	0.12080000000000002	0.937510073184967	7.760780731823138	0.6924970512294769
2025-09-29 00:00:00+00:00	25.229999542236328	25.350000381469727	24.69499969482422	24.94499969482422	8157200	LI	2.401474014019795	2.6523615903619073	4.0479235385040715	2.9438202378075347	1.1220975019258281	3.5714240972353157	1.1425129320456289	2.6523615903619073	-47.727345547289026	50.96643241449064	0.11977729903249923	0.08733839541146744	0.03243890362103179	0.9753646889197832	3.6139595358539633	26.76755100974291	23.136448891074963	0.5765606647078751	0.0	0.0	0.0	0.0
2025-09-30 00:00:00+00:00	25.34000015258789	26.5	25.31999969482422	25.815000534057617	7310900	LI	2.3186722252688394	4.660348812788456	3.9053206046820637	2.9779150128634932	0.8988450463874812	0.4359913291612066	-1.8400169345069766	4.660348812788456	-10.374883538469081	51.68918650580898	0.12195560791422011	0.09426183791201798	0.027693770002202134	0.996410100980061	3.5130744543837467	26.803593448536272	23.194406505687358	0.59448116178956	0.0	0.0	0.0	0.0
2025-10-01 00:00:00+00:00	25.5	25.610000610351562	25.1299991607666	25.469999313354492	5313500	LI	0.5130195737324224	1.9100734803618604	3.950325582294116	2.9952098060877828	0.6441839770525749	0.6314121801446363	0.1177883292277035	1.9100734803618604	-27.32084969018862	52.77946421597193	0.13503597326566208	0.1024166649827468	0.032619308282915274	0.9595237687375539	-2.5601837001936576	26.836913348955086	23.301086567121573	0.6218951234195286	0.4360666666666666	1.4581305004905214e-06	3.3438170539828797e-06	0.13082102069135032
2025-10-02 00:00:00+00:00	25.829999923706055	26.329999923706055	25.524999618530273	25.979999542236328	4222500	LI	1.8823511460248161	3.153772055657069	3.8816378641212483	2.8981818901290204	0.5198945066635147	1.294117347866881	-0.5773657473950888	3.153772055657069	-20.53260562717606	55.03350007932947	0.1700700315059862	0.1159473382873947	0.054122693218591506	0.9502720655210182	-1.0723886637310105	26.88484920233991	23.43815075188372	0.6939537085136527	0.0	0.0	0.0	0.0
2025-10-03 00:00:00+00:00	24.799999237060547	25.389999389648438	24.479999542236328	25.389999389648438	6371800	LI	-1.7034476785026893	3.717319707633368	1.0445610422709757	2.8500480540089512	1.0153971678900047	-3.987613974788292	-2.323750164517275	3.717319707633368	50.90112492599172	47.424297057710724	0.11341495077661534	0.11544086078523884	-0.0020259100086234966	0.9788240880887831	-7.081308576915708	26.808313473705134	23.62968644237153	0.3681818543517541	0.0	0.0	0.0	0.0
2025-10-06 00:00:00+00:00	24.889999389648438	25.06999969482422	24.56999969482422	24.65999984741211	3531800	LI	-0.5645136853037707	2.035002060278117	1.158522648480351	2.871448442664504	0.660137193697314	0.3629038522444649	0.932682658797603	2.035002060278117	-44.57139269908032	48.099560882760436	0.07491408829449853	0.10733550628709078	-0.03242141799259225	0.9446223675110128	-4.526276635937405	26.73396979189757	23.813030139437878	0.36870643640434503	0.0	0.0	0.0	0.0
2025-10-07 00:00:00+00:00	24.290000915527344	24.899999618530273	24.125	24.899999618530273	3775500	LI	0.04017769838112152	3.212433651938957	0.79274193244504	2.8395239807273716	0.8131560923709138	-2.4106005979679876	-2.449794025494587	3.212433651938957	6.900164222209638	44.03873117273302	-0.003967253047811425	0.08507495442011034	-0.08904220746792177	0.9325064568695315	-5.669899357175364	26.72765660834564	23.826343483207097	0.15980951118404574	0.0	0.0	0.0	0.0
2025-10-08 00:00:00+00:00	24.639999389648438	24.65999984741211	24.415000915527344	24.479999542236328	2697400	LI	0.782209220039708	1.0034770538507427	1.094905585559114	2.9347914022379307	0.6547405213845332	1.4409158539691853	0.653594160147165	1.0034770538507427	-28.555158257184477	46.85723421520018	-0.03780355669895741	0.06049925219629679	-0.0983028088952542	0.8923273479420483	-3.182716499052321	26.665265957800415	23.956734164269896	0.2522640594474685	0.0	0.9443390965461731	944339.0965461731	0.6610373675823211
2025-10-09 00:00:00+00:00	23.610000610351562	24.3799991607666	23.459999084472656	24.360000610351562	6446500	LI	-1.1363587103598138	3.921569105698989	1.232860700521528	2.91119293968995	1.4122814704464794	-4.180189954589	-3.0788176568488845	3.921569105698989	138.9893971973011	40.40741853737984	-0.14604781623623353	0.019189838509790728	-0.16523765474602425	0.9128754163158863	-5.673192318574611	26.76481725508383	23.783182889874663	-0.05808300358483134	0.0	0.0	0.0	0.0
2025-10-10 00:00:00+00:00	22.799999237060547	23.809999465942383	22.510000228881836	23.75	7379900	LI	0.5929664804288747	5.77520756926764	1.825780420013161	1.4023973400023224	1.5483758617940422	-3.4307554102132416	-4.000003212376645	5.77520756926764	14.479174745986196	36.188727728449706	-0.2938057038714277	-0.04340926996645296	-0.25039643390497474	0.9405271177976477	-10.342119687587848	27.004486353674757	23.37551376076616	-0.15858883167931098	-0.2023	-0.9996757507324219	-4.941526491378796	-0.7604630255126953
2025-10-13 00:00:00+00:00	23.1299991607666	23.197500228881836	22.510000228881836	22.81999969482422	5056708	LI	0.08772130891636995	3.054198103107487	1.718393750943705	1.390536560163002	0.9971419791317309	1.4473681348622685	1.3584551712886022	3.054198103107487	-31.479992953834063	38.983685990241014	-0.3798974372629509	-0.11070690342575255	-0.2691905338371983	0.9224537522406729	-10.383573656063724	27.001819044745705	23.074180978142476	0.014211641112950014	0.4404	0.9995248317718506	2.2695789332264247	0.8317873822402954
