timestamp	open	high	low	close	volume	quoteVolume	symbol	gap_apertura_pct	volatilidad_diaria	vol_5d	vol_10d	vol_rel_5d	return_pct	close_open_pct	range_pct	volume_change_pct	rsi_14	macd	macd_signal	macd_diff	atr_14	momentum_12	bb_upper	bb_lower	bb_pctb	vader	finbert	sentiment_ratio	sentiment_combined	download_date	added_date	target_category	target	target_num
2025-07-15 16:00:00	15.583	16.852	15.575	16.619	7818675.4223	126499462.2993147	LINKUSDT	0.0	8.199036918138049	0.0	0.0	0.0	0.0	6.648270551241735	8.199036918138049	0.0	0.0	0.0	0.0	0.0	0.0	0.0	0.0	0.0	0.0	0.0	0.0	0.0	0.0	0	0	High	3.237258559480115	3
2025-07-16 16:00:00	16.619	17.333	16.337	17.157	8674771.2281	146728283.4362295	LINKUSDT	0.0	6.096590561302557	0.0	0.0	0.0	3.237258559480115	3.237258559480115	6.096590561302557	10.949371339271744	0.0	0.0	0.0	0.0	0.0	0.0	0.0	0.0	0.0	0.0	0.0	0.0	0.0	0	0	High	4.557906393891706	3
2025-07-17 16:00:00	17.157	19.263	16.791	17.939	14508443.3948	263470923.9531985	LINKUSDT	0.0	14.722172592460254	0.0	0.0	0.0	4.557906393891706	4.557906393891706	14.722172592460254	67.24871484567927	0.0	0.0	0.0	0.0	0.0	0.0	0.0	0.0	0.0	0.0	0.0	0.0	0.0	0	0	Negative	-0.0222977869446531	0
2025-07-18 16:00:00	17.939	18.359	17.326	17.935	7852561.5083	140121303.9206266	LINKUSDT	0.0	5.962137827542429	0.0	0.0	0.0	-0.0222977869446531	-0.0222977869446531	5.962137827542429	-45.87592001003738	0.0	0.0	0.0	0.0	0.0	0.0	0.0	0.0	0.0	0.0	0.0	0.0	0.0	0	0	Very High	9.963758015054378	4
2025-07-19 16:00:00	17.935	19.98	17.864	19.722	10790267.5765	204552489.6209822	LINKUSDT	0.0	11.845051500223912	3.823329529386721	0.0	1.0867487786812262	9.963758015054378	9.963758015054378	11.845051500223912	37.41079984021653	0.0	0.0	0.0	0.0	0.0	0.0	0.0	0.0	0.0	0.0	0.0	0.0	0.0	0	0	Medium	0.5019774870702778	2
2025-07-20 16:00:00	19.722	20.305	18.894	19.821	11063443.4211	218040975.7004567	LINKUSDT	0.0	7.467979252672814	3.892419569073258	0.0	1.045901938333942	0.5019774870702778	0.5019774870702778	7.467979252672814	2.5316873994389724	0.0	0.0	0.0	0.0	0.0	0.0	0.0	0.0	0.0	0.0	0.0	0.0	0.0	0	0	Negative	-2.280409666515321	0
2025-07-21 16:00:00	19.821	20.016	18.636	19.369	11255480.0	217083648.828	LINKUSDT	0.0	7.405022537025108	3.6675248531661166	0.0	1.0145520326040496	-2.280409666515321	-2.280409666515321	7.405022537025108	1.73577584835614	0.0	0.0	0.0	0.0	0.0	0.0	0.0	0.0	0.0	0.0	0.0	0.0	0.0	0	0	Negative	-4.455573338840413	0
2025-07-22 16:00:00	19.369	19.787	17.841	18.506	10074994.0	190422768.896	LINKUSDT	0.0	10.9074603441511	2.5225693539101828	0.0	0.9870333328198436	-4.455573338840413	-4.455573338840413	10.9074603441511	-10.48810001883527	0.0	0.0	0.0	0.0	0.0	0.0	0.0	0.0	0.0	0.0	0.0	0.0	0.0	0	0	Negative	-0.1891278504268893	0
2025-07-23 16:00:00	18.506	18.687	17.162	18.471	11978268.0	214840195.15	LINKUSDT	0.0	8.885910733014812	2.0112122786040043	0.0	1.0857265539406984	-0.1891278504268893	-0.1891278504268893	8.885910733014812	18.89106832222431	0.0	0.0	0.0	0.0	0.0	0.0	0.0	0.0	0.0	0.0	0.0	0.0	0.0	0	0	Negative	-4.6613610524606175	0
2025-07-24 16:00:00	18.471	18.596	17.26	17.61	9124240.0	162653131.378	LINKUSDT	0.0	7.740440324449585	1.4818931316320096	2.77303387558426	0.8527896890472636	-4.6613610524606175	-4.6613610524606175	7.740440324449585	-23.826716850883617	0.0	0.0	0.0	0.0	0.0	0.0	0.0	0.0	0.0	0.0	0.0	0.0	0.0	0	0	High	4.5371947756956255	3
2025-07-25 16:00:00	17.61	18.507	17.453	18.409	4138386.0	75171266.49	LINKUSDT	0.0	6.039076376554186	1.8243829522866744	2.916134819112617	0.4443058232689235	4.5371947756956255	4.5371947756956255	6.039076376554186	-54.64404706583781	0.0	0.0	0.0	0.0	0.0	0.0	0.0	0.0	0.0	0.0	0.0	0.0	0.0	0	0	High	2.4227280134716795	3
2025-07-26 16:00:00	18.409	19.073	18.224	18.855	5101460.0	95107588.95	LINKUSDT	0.0	4.658691834942934	2.4335999200139207	3.08946087659617	0.631097814730447	2.4227280134716795	2.4227280134716795	4.658691834942934	23.27172960666308	0.0	0.0	0.0	0.0	0.0	0.0	0.0	0.0	0.0	0.0	0.0	0.0	0.0	0	0	Negative	-2.434367541766108	0
2025-07-27 16:00:00	18.855	19.564	18.281	18.396	5482608.0	104148336.764	LINKUSDT	0.0	7.018215633718075	1.6142983331850158	2.221732278169352	0.7651938332830611	-2.434367541766108	-2.434367541766108	7.018215633718075	7.471351338636391	0.0	0.0	0.0	0.0	0.0	10.692580781033763	0.0	0.0	0.0	0.0	0.0	0.0	0.0	0	0	Negative	-3.739943465970876	0
2025-07-28 16:00:00	18.396	18.642	17.613	17.708	6516826.0	118438318.29	LINKUSDT	0.0	5.842275591892352	1.178355096241225	2.2330019963705148	1.0731341425500074	-3.739943465970876	-3.739943465970876	5.842275591892352	18.863613812988277	49.61942992137769	0.0	0.0	0.0	1.4076428571428574	3.211517165005528	0.0	0.0	0.0	0.0	0.0	0.0	0.0	0	0	Negative	-0.6607183194036443	0
2025-07-29 16:00:00	17.708	17.953	17.203	17.591	5228336.0	92158359.736	LINKUSDT	0.0	4.35970470266814	1.0823433628372303	1.9568277139415744	0.9876854794931283	-0.6607183194036443	-0.6607183194036443	4.35970470266814	-19.771741642327108	48.43802889124318	0.0	0.0	0.0	1.360668367346939	-1.9399074641841745	0.0	0.0	0.0	0.0	0.0	0.0	0.0	0	0	Negative	-0.4149849354783718	0
2025-07-30 16:00:00	17.591	18.225	16.757	17.518	6804014.0	119836671.882	LINKUSDT	0.0	8.760517992480752	1.8090058018483208	2.030105860499925	1.16774053723643	-0.4149849354783718	-0.4149849354783718	8.760517992480752	30.137275033586214	47.6753164319828	0.0	0.0	0.0	1.3683349125364437	-2.325062726512395	0.0	0.0	0.0	0.0	0.0	0.0	0.0	0	0	Negative	-5.046238155040531	0
2025-07-31 16:00:00	17.518	17.85	16.142	16.634	8662616.0	145561395.232	LINKUSDT	0.0	10.581092801387696	2.4365763931222864	2.302560567705986	1.3247858960555936	-5.046238155040531	-5.046238155040531	10.581092801387696	27.31625772668898	39.55318632126916	0.0	0.0	0.0	1.3925967044981262	-15.657641212858742	0.0	0.0	0.0	0.0	0.0	0.0	0.0	0	0	Negative	-5.170133461584713	0
2025-08-01 16:00:00	16.634	16.748	15.657	15.774	5943742.0	95573524.264	LINKUSDT	0.0	6.968129271252482	2.4381904340317657	1.9628083658828344	0.896342372286931	-5.170133461584713	-5.170133461584713	6.968129271252482	-31.386292547193595	33.562676148070764	0.0	0.0	0.0	1.3710540827482602	-20.41773876191919	0.0	0.0	0.0	0.0	0.0	0.0	0.0	0	0	High	2.897172562444545	3
2025-08-02 16:00:00	15.774	16.233	15.42	16.231	3527018.0	55694525.746	LINKUSDT	0.0	5.272373540856036	2.534911886609542	1.926800774083508	0.584606848182603	2.897172562444545	2.897172562444545	5.272373540856036	-40.659974810481344	38.86172527964106	0.0	0.0	0.0	1.33119307683767	-16.201146161391904	0.0	0.0	0.0	0.0	0.0	0.0	0.0	0	0	High	4.201835992853173	3
2025-08-03 16:00:00	16.231	16.948	16.176	16.913	2996508.0	49757059.054	LINKUSDT	0.0	4.772502472799222	2.424051694436108	1.980675661470924	0.5363569380828984	4.201835992853173	4.201835992853173	4.772502472799222	-15.041318190040426	45.80831045359331	0.0	0.0	0.0	1.291250714206408	-8.6080190208581	20.03536446329821	15.68243553670178	0.2826980371260969	0.0	0.0	0.0	0.0	0	0	Negative	-3.884585821557382	0
2025-08-04 16:00:00	16.913	17.188	16.192	16.256	5243176.0	87635322.598	LINKUSDT	0.0	6.151185770750979	2.30094018215487	1.978550500013807	0.9940401303451324	-3.884585821557382	-3.884585821557382	6.151185770750979	74.97620563669444	40.97800420080244	0.0	0.0	0.0	1.2701613774773788	-11.99177088408857	20.06382605582895	15.61767394417105	0.1435682000521857	0.0	0.0	0.0	0.0	0	0	High	3.106545275590545	3
2025-08-05 16:00:00	16.256	16.798	16.019	16.761	3427726.0	56126475.692	LINKUSDT	0.0	4.862975216929896	0.9368474583112628	1.9590916114641883	0.8107906218939482	3.106545275590545	3.106545275590545	4.862975216929896	-34.62500591244696	45.7161831748319	0.0	0.0	0.0	1.2350784219432802	-4.821124361158434	20.074872844730937	15.567027155269065	0.2648655093767124	0.0	0.0	0.0	0.0	0	0	Very High	6.348069924228865	4
2025-08-06 16:00:00	16.761	18.081	16.571	17.825	5789354.0	100132959.714	LINKUSDT	0.0	9.112304628567967	1.8050236458355309	2.1299862300603114	1.3794829740415715	6.348069924228865	6.348069924228865	9.112304628567967	68.89780571725979	54.08048662991855	0.0	0.0	0.0	1.25471567751876	-3.172361344994294	20.06852635899372	15.561973641006276	0.5021635162418239	0.0	0.0	0.0	0.0	0	0	Very High	7.713884992987377	4
2025-08-07 16:00:00	17.825	19.916	17.606	19.2	13081980.0	245482066.116	LINKUSDT	0.0	13.120527093036458	3.547827443043619	2.915153997704514	2.141866083294061	7.713884992987377	7.713884992987377	13.120527093036458	125.96614406374182	62.18872456982554	0.0	0.0	0.0	1.3300931291245628	1.8297533810660245	20.21128601676193	15.54571398323807	0.7832450105805953	0.0	0.0	0.0	0.0	0	0	Very High	9.671874999999996	4
2025-08-08 16:00:00	19.2	21.62	19.07	21.057	14283212.0	294452961.342	LINKUSDT	0.0	13.37178814892502	3.899054813292988	3.246364258321824	1.7074786622727869	9.671874999999996	9.671874999999996	13.37178814892502	9.182340899466288	69.91504142535908	0.0	0.0	0.0	1.417229334187094	14.465101108936713	20.546200278263694	15.344299721736302	1.0981948263304169	0.0	0.0	0.0	0.0	0	0	Very High	6.772094790331017	4
2025-08-09 16:00:00	21.057	22.698	21.057	22.483	17316134.0	378300628.608	LINKUSDT	0.0	7.793132924918089	3.624531701876775	3.245441846681311	1.6063679137375604	6.772094790331017	6.772094790331017	7.793132924918089	21.234173377808855	74.2639937441315	0.6439779860234367	0.0	0.0	1.4332129531737303	26.96521346284167	21.2577567544119	14.898943245588102	1.1926842553076753	0.0	0.0	0.0	0.0	0	0	Negative	-2.3173064092870206	0
2025-08-10 16:00:00	22.483	22.673	21.187	21.962	13014080.0	285923305.714	LINKUSDT	0.0	7.013734837400279	2.985331858692919	3.149344590415605	1.0249767030701542	-2.3173064092870206	-2.3173064092870206	7.013734837400279	-24.844194437395785	70.2673826766657	0.8558433255950249	0.0	0.0	1.4369834565184638	24.847933602410315	21.775181352272405	14.64081864772759	1.0261857513367785	0.0	0.0	0.0	0.0	0	0	Very High	9.366177943720968	4
2025-08-11 16:00:00	21.962	24.11	20.839	24.019	16450382.0	364253422.252	LINKUSDT	0.0	15.69653054369212	3.793321275419627	3.9797303024505584	1.1093268035670485	9.366177943720968	9.366177943720968	15.69653054369212	26.404494209348645	75.80393677963245	1.1761726563067256	0.0	0.0	1.5679846381957163	37.110400730677	22.860479275857127	14.106820724142874	1.1323470315067288	0.0	0.0	0.0	0.0	0	0	Negative	-1.690328489945455	0
2025-08-12 16:00:00	24.019	24.725	23.106	23.613	20158374.0	478634896.476	LINKUSDT	0.0	7.006838050722755	4.074643618580975	3.848573571196413	1.2409401904519135	-1.690328489945455	-1.690328489945455	7.006838050722755	22.54046137044112	72.91780332434722	1.3813517882739357	0.0	0.0	1.571628592610308	41.95623421906937	23.65544705577058	13.826052944229415	0.9956816203227886	0.0	0.0	0.0	0.0	0	0	Negative	-3.557362469825943	0
2025-08-13 16:00:00	23.613	24.343	21.507	22.773	16728868.0	389093735.192	LINKUSDT	0.0	13.186404426465796	4.038986014183924	3.767212939681431	0.9997191513422398	-3.557362469825943	-3.557362469825943	13.186404426465796	-17.012810656256303	67.21572145360511	1.459354221715213	0.0	0.0	1.661940835995286	44.37048307341195	24.18385615796316	13.813943842036842	0.8639471468050568	0.0	0.0	0.0	0.0	0	0	Negative	-5.150836516927933	0
2025-08-14 16:00:00	22.773	23.054	21.428	21.6	6477204.3	144540454.9767	LINKUSDT	0.0	7.58820235206271	4.069669629975527	3.640749189948311	0.4446863512850432	-5.150836516927933	-5.150836516927933	7.58820235206271	-61.281275577044426	60.14297356580208	1.4102637724544955	0.0	0.0	1.659373633424194	33.07867660649374	24.45613755118684	13.860762448813157	0.7304354472030935	0.0	0.0	0.0	0.0	0	0	Medium	1.9259259259259112	2
2025-08-15 16:00:00	21.6	22.184	21.367	22.016	6109645.7	132779278.387	LINKUSDT	0.0	3.823653297140451	4.849495767100854	3.8106048555089016	0.4633822106794511	1.9259259259259112	1.9259259259259112	3.823653297140451	-5.674648860465921	61.68286582163125	1.3889163974216885	0.0	0.0	1.5992040881796086	30.17205699757582	24.7552752481602	13.877724751839796	0.7481716817507005	0.0	0.0	0.0	0.0	0	0	Very High	19.49945494186048	4
2025-08-16 16:00:00	22.016	26.321	21.955	26.309	14269150.6	346903725.0291	LINKUSDT	0.0	19.88613072193124	6.331805549517855	4.954841924182084	1.1192677072879251	19.49945494186048	19.49945494186048	19.88613072193124	133.55119593923425	73.1931021539649	1.6988246774111246	0.0	0.0	1.796832367595351	61.841781496063	25.922115193944336	13.502184806055666	1.0311503200076657	0.0	0.0	0.0	0.0	0	0	Negative	-3.4816982781557657	0
2025-08-17 16:00:00	26.309	26.351	24.293	25.393	29400824.4	743921580.0334	LINKUSDT	0.0	8.471576174206561	6.17335629038621	4.936061382668751	2.014149841668284	-3.4816982781557657	-3.4816982781557657	8.471576174206561	106.04467094208115	68.46711519192948	1.8491992594266549	1.3795262475893997	0.4696730118372554	1.8154871984813972	51.50050712964621	26.70125907192577	13.49154092807423	0.9009623780250984	0.0	0.0	0.0	0.0	0	0	Negative	-4.335840585988261	0
2025-08-18 16:00:00	25.393	26.739	23.879	24.292	30534568.0	761669127.64	LINKUSDT	0.0	11.9770509652833	6.0690667589653815	4.861391680750607	1.7590781150384347	-4.335840585988261	-4.335840585988261	11.9770509652833	3.856162618351618	63.186066028646	1.858111547223132	1.4752433075161462	0.3828682397069856	1.8900952557327264	36.28050490883592	27.172394695663968	13.690505304336035	0.7863508138913566	0.0516	0.9999659657478333	19.378809824380017	0.7154561760234833	0	0	Very High	6.829408858883578	4
2025-08-19 16:00:00	24.292	26.468	23.377	25.951	38674144.0	955672412.532	LINKUSDT	0.0	13.222398083586436	5.950130871479289	4.860395979370228	1.6251233680829618	6.829408858883578	6.829408858883578	13.222398083586436	26.65692208253937	67.28129373001077	1.976260928861702	1.5754468317852577	0.4008140970764446	1.9758741660375316	35.16145833333334	27.86199640100353	13.844203598996474	0.8636735163662916	0.78945	0.9998108148574828	1.2664634218684667	0.936702570400238	0	0	Negative	-3.352471966398216	0
2025-08-20 16:00:00	25.951	26.892	24.98	25.081	29229836.0	759937592.378	LINKUSDT	0.0	7.654123298638907	4.866436607338583	4.80910127549094	1.0284336007066937	-3.352471966398216	-3.352471966398216	7.654123298638907	-24.42021211898058	63.30428552723939	1.976904906739652	1.6557384467761365	0.3211664599635151	1.971311725606279	19.110034667806435	28.23432759556096	14.316572404439045	0.7734313075450233	0.6486	0.998387098312378	1.5392931838100434	0.8934509688186645	0	0	Very High	5.526095450739601	4
2025-08-21 16:00:00	25.081	26.763	24.115	26.467	25995602.0	659057492.472	LINKUSDT	0.0	10.98071739581175	2.3468169880817507	4.502636379886154	0.8449184621829403	5.526095450739601	5.526095450739601	10.98071739581175	-11.064837996354136	66.68303680580667	2.065444719530184	1.737679701326946	0.3277650182032381	2.019646602348688	17.720055152782095	28.637971026901447	14.98222897309855	0.8410213799918058	0.0	0.0	0.0	0.0	0	0	Negative	-1.692673895794765	0
2025-08-22 16:00:00	26.467	27.88	25.535	26.019	18504768.0	492594619.948	LINKUSDT	0.0	9.183473663598978	2.213755863847344	4.372191842022296	0.6472963507391317	-1.692673895794765	-1.692673895794765	9.183473663598978	-28.81577429905259	64.61215843778953	2.0755377954255607	1.805251320146669	0.2702864752788916	2.0428861307523527	18.472816683362165	28.855372924332837	15.743627075667172	0.7836769445449949	0.0	0.0	0.0	0.0	0	0	Negative	-1.6756985279987702	0
2025-08-23 16:00:00	26.019	26.388	25.3	25.583	9135164.0	236159475.712	LINKUSDT	0.0	4.300395256917	3.378607239220498	4.679711331049935	0.375810454532507	-1.6756985279987702	-1.6756985279987702	4.300395256917	-50.63345836056956	62.57541593902816	2.025011996820222	1.84920345548138	0.1758085413388423	1.974679978555756	6.511511719888423	28.9443749524562	16.521625047543793	0.7294178037724971	0.0	0.0	0.0	0.0	0	0	Negative	-4.542078724152755	0
2025-08-24 16:00:00	25.583	26.643	24.236	24.421	21959326.0	562014663.222	LINKUSDT	0.0	9.931506849315069	2.59721164196252	4.620016477791471	1.0474309412736098	-4.542078724152755	-4.542078724152755	9.931506849315069	140.38239488639724	57.38365808647076	1.8696540406841853	1.8532935725219408	0.0163604681622446	2.005559980087488	3.421843899546859	28.62705618961337	17.65544381038663	0.616641926069411	0.0	0.0	0.0	0.0	0	0	Negative	-1.0114245935874857	0
2025-08-25 16:00:00	24.421	24.815	22.879	24.174	18133202.0	428996742.18	LINKUSDT	0.0	8.461908300187943	2.5633379055522947	4.145893636467443	0.9673304671550768	-1.0114245935874857	-1.0114245935874857	8.461908300187943	-17.42368595465999	56.31410250361416	1.7069245418233656	1.824019766382226	-0.1170952245588603	2.0005914100812388	6.152022131471479	28.161237625942043	18.86256237405796	0.5712036910704936	0.0	0.9999727606773376	999972.7606773376	0.6999809324741363	0	0	Low	0.4881277405477046	1
2025-08-26 16:00:00	24.174	24.757	23.951	24.292	12931312.0	314455624.704	LINKUSDT	0.0	3.3652039580810857	2.999429673781387	3.1114912443638416	0.8015563665929235	0.4881277405477046	0.4881277405477046	3.3652039580810857	-28.68710115290173	56.72903878348291	1.5693908940911214	1.7730939919240052	-0.2037030978328837	1.9152634522182928	12.462962962962964	27.689035716668798	19.98146428333121	0.5592599113677257	0.0	0.0	0.0	0.0	0	0	High	2.054174213732911	3
2025-08-27 16:00:00	24.292	26.039	23.56	24.791	22242964.0	547513051.162	LINKUSDT	0.0	10.52207130730052	3.283882467231418	3.157967592368458	1.3176804123809056	2.054174213732911	2.054174213732911	10.52207130730052	72.00856340021802	58.52314910075656	1.4835580829722268	1.7151868101336496	-0.2316287271614228	1.9555303484884152	12.604469476744196	27.343523376196917	20.886076623803085	0.604716310629945	0.0	0.999914288520813	999914.288520813	0.6999400019645691	0	0	Negative	-5.421322254043811	0
2025-08-28 16:00:00	24.791	25.413	23.116	23.447	19542070.0	470421413.982	LINKUSDT	0.0	9.936840283786124	2.9391375359540723	3.0035116235664407	1.0306034222070817	-5.421322254043811	-5.421322254043811	9.936840283786124	-12.14268925670158	52.24049317780374	1.29218983399905	1.63058741490673	-0.33839758090768	1.9799210378821	-10.878406628910266	27.164606611943604	21.3039933880564	0.3656625220051965	0.5273666666666667	0.9913309216499328	1.8797719016712555	0.8521416451549529	0	0	Negative	-0.149272828080352	0
2025-08-29 16:00:00	23.447	23.604	22.804	23.412	7819320.0	181862272.04	LINKUSDT	0.0	3.508156463778288	3.480149497442097	2.969129954552998	0.4846553691567855	-0.149272828080352	-0.149272828080352	3.508156463778288	-59.98724802439046	52.083684264554606	1.1247396123363167	1.529417854392647	-0.4046782420563306	1.8956409637476643	-7.801362580238655	27.126780841364937	21.434719158635065	0.3473751606318932	0.0	0.9999411702156068	999941.1702156068	0.6999588191509246	0	0	Medium	1.5803861267725996	2
2025-08-30 16:00:00	23.412	24.063	23.268	23.782	4465830.0	105778060.208	LINKUSDT	0.0	3.41670964414646	3.730297209271241	3.276280242100337	0.3332634542966026	1.5803861267725996	1.5803861267725996	3.41670964414646	-42.88723316093982	53.66701668507072	1.0102445428018498	1.425583192074488	-0.4153386492726381	1.8170237520514023	-2.099456611230041	27.025275494507337	21.71822450549266	0.3888742540403793	0.0	0.0	0.0	0.0	0	0	Negative	-4.099739298629221	0
2025-08-31 16:00:00	23.782	23.872	22.718	22.807	8673130.0	202220790.276	LINKUSDT	0.0	5.079672506382604	3.480797283404506	3.077199619900984	0.6911596987051082	-4.099739298629221	-4.099739298629221	5.079672506382604	94.21093055490245	49.06596989699443	0.8312498923939131	1.3067165321383731	-0.47546663974446	1.7696649126191597	-12.115140071673546	27.048175778103012	21.574124221896987	0.2252218060871711	0.0	0.0	0.0	0.0	0	0	Low	0.1797693690533624	1
2025-09-01 16:00:00	22.807	23.545	22.082	22.848	8418348.0	192652551.79	LINKUSDT	0.0	6.625305678833443	2.702245175718832	2.958361308489231	0.8604427697564642	0.1797693690533624	0.1797693690533624	6.625305678833443	-2.937601534855352	49.26295721664434	0.6848096404515793	1.1823351538010145	-0.4975255133494349	1.7477602760035054	-8.903153781747141	27.06863545958848	21.47716454041152	0.2451654456230739	0.0	0.9999516010284424	999951.6010284424	0.6999661207199096	0	0	High	4.197303921568626	3
2025-09-02 16:00:00	22.848	23.826	22.794	23.807	6742042.0	157733389.372	LINKUSDT	0.0	4.527507238747039	1.3157270309087925	2.9402893147039344	0.9333181426669364	4.197303921568626	4.197303921568626	4.527507238747039	-19.91252915655185	53.76699274300231	0.6387745753634135	1.073623038113494	-0.4348484627500806	1.696634542003255	-10.050251256281408	27.044695174805543	21.60450482519445	0.4048562703257249	0.0	0.0	0.0	0.0	0	0	Negative	-5.607594405006919	0
2025-09-03 16:00:00	23.807	23.958	22.461	22.472	5082163.1738	118906252.4932983	LINKUSDT	0.0	6.664885802056898	1.3968273914052634	2.6923244333260734	0.7612242062455118	-5.607594405006919	-5.607594405006919	6.664885802056898	-24.619823284992883	47.45192730665323	0.4889320078400523	0.9566848320588058	-0.4677528242187535	1.6823749318601653	-13.632345593604663	26.93589356427133	21.80050643572867	0.1307581195854048	0.0	0.9999632835388184	999963.2835388184	0.6999742984771729	0	0	Negative	-1.0590957636169436	0
2025-09-04 16:00:00	22.472	23.247	22.094	22.234	6786806.7878	153547848.3213697	LINKUSDT	0.0	5.218611387707064	0.9681143798996747	2.5841981194366093	0.9504668715122652	-1.0590957636169436	-1.0590957636169436	5.218611387707064	33.54169387531522	46.40549322417463	0.3469763551326892	0.8347431366735826	-0.4877667815408933	1.6445624367272964	-13.090724309111506	26.908322797619935	21.849877202380064	0.0759369237817655	0.0	0.0	0.0	0.0	0	0	Negative	-0.7421066834577794	0
2025-09-05 16:00:00	22.234	22.555	22.039	22.069	2698625.1362	60125618.650553	LINKUSDT	0.0	2.341304051907973	1.7835813189730154	2.712304379949977	0.4538863174416268	-0.7421066834577794	-0.7421066834577794	2.341304051907973	-60.23718929127225	45.65382386135479	0.2186409992493381	0.7115227091887337	-0.4928817099393956	1.563950834103918	-9.631055239343189	26.724364468137857	21.60983553186214	0.0897764923923205	0.0	0.999976933002472	999976.933002472	0.6999838531017303	0	0	Medium	1.5814037790565962	2
2025-09-06 16:00:00	22.069	22.482	21.874	22.418	3887014.4602	86467435.9789109	LINKUSDT	0.0	2.7795556368291146	1.7773807341320076	2.280197724005252	0.7713355187796498	1.5814037790565962	1.5814037790565962	2.7795556368291146	44.03684335622101	47.58764926488001	0.1434421762723587	0.5979066026054587	-0.4544644263330999	1.495668631667924	-7.264002647472492	26.61881136483517	21.417888635164832	0.1922949862588247	0.0	0.0	0.0	0.0	0	0	High	3.5641002765634733	3
2025-09-07 16:00:00	22.418	23.313	22.123	23.217	4669322.736	106113948.2627499	LINKUSDT	0.0	5.379017312299406	1.8434330056319643	1.5120786118938232	1.00962990996379	3.5641002765634733	3.5641002765634733	5.379017312299406	20.126199267078288	51.81498108355064	0.1466289425864388	0.5076510706016547	-0.3610221280152158	1.473835157977358	-4.425325209945672	26.584580641149923	21.34461935885007	0.3573271900833832	0.0	0.0	0.0	0.0	0	0	Negative	-1.2146272128181936	0
2025-09-08 16:00:00	23.217	23.833	22.833	22.935	5449222.2993	126979095.845203	LINKUSDT	0.0	4.379625979941313	1.3937045734714937	1.4696175145910624	1.1598536226054237	-1.2146272128181936	-1.2146272128181936	4.379625979941313	16.702627070239863	50.27377329624401	0.1249589852246906	0.4311126535262619	-0.3061536683015713	1.439989789550404	-7.48658787463193	26.30301558728857	21.32458441271143	0.3234785278367043	0.0	0.0	0.0	0.0	0	0	High	3.230869849574884	3
2025-09-09 16:00:00	22.935	23.938	22.857	23.676	5557707.0739	130102405.3707219	LINKUSDT	0.0	4.729404558778491	1.3026896859915962	1.4053080371555848	1.248255796811273	3.230869849574884	3.230869849574884	4.729404558778491	1.9908304092115297	54.13430901090914	0.1656681754942646	0.3780237579198625	-0.2123555824255978	1.414347661725375	0.9766707894400102	26.164106256318032	21.32299374368197	0.4860465957311083	0.0	0.0	0.0	0.0	0	0	Negative	-0.6462240243284284	0
2025-09-10 16:00:00	23.676	24.27	23.206	23.523	4976305.2258	117896508.3448761	LINKUSDT	0.0	4.5850211152288205	0.9647702067731893	1.4019958246165805	1.0139348125816476	-0.6462240243284284	-0.6462240243284284	4.5850211152288205	-10.461181929331406	53.21563958826632	0.1834697556143645	0.3391129574587629	-0.1556432018443984	1.389322828744991	0.4741158380317814	25.66968396007502	21.523016039924983	0.4823110985947128	0.5719	0.9999056458473206	1.748389399296942	0.8715039520931244	0	0	High	4.127874845895507	3
2025-09-11 16:00:00	23.523	24.828	23.523	24.494	5424373.9018	132244476.0286232	LINKUSDT	0.0	5.547761765080984	0.5111840421575549	1.2752227287101645	1.0400713666309545	4.127874845895507	4.127874845895507	5.547761765080984	9.004043274455048	58.077939735805245	0.2727847285789586	0.325847311682802	-0.0530625831038434	1.3832997695489202	2.993860903204103	25.32641280790464	21.71378719209536	0.7695823214390383	0.0	0.9999794960021972	999979.4960021971	0.699985647201538	0	0	Medium	1.437086633461257	2
2025-09-12 16:00:00	24.494	25.662	24.44	24.846	6477448.2833	162521520.0460638	LINKUSDT	0.0	4.99999999999999	0.4514883346642704	1.2803527069117664	1.1614551000293152	1.437086633461257	1.437086633461257	4.99999999999999	19.41374987352093	59.71256715341913	0.3677319612027396	0.3342242415867896	0.03350771961595	1.371778357438283	8.940237646336659	25.14392009065628	21.82257990934372	0.9103012415492636	0.28615	0.502874696161598	1.757375288437217	0.4378572873131185	0	0	Negative	-3.1594622876921843	0
2025-09-13 16:00:00	24.846	25.035	23.85	24.061	4692505.9574	115419443.1974101	LINKUSDT	0.0	4.968553459119491	0.3676722300929355	1.0827001541609609	0.8648715477819063	-3.1594622876921843	-3.1594622876921843	4.968553459119491	-27.556257461783147	54.599553752984576	0.3753090584298846	0.3424412049554086	0.032867853474476	1.3584370461926911	5.30899859943978	25.092337320951252	21.83816267904874	0.6830725346847716	0.0	0.0	0.0	0.0	0	0	Negative	-3.661526952329497	0
2025-09-14 16:00:00	24.061	24.442	23.006	23.18	6107567.6191	145423025.929676	LINKUSDT	0.0	6.241849952186386	0.6431564218704022	1.2008170105160436	1.1033173040907462	-3.661526952329497	-3.661526952329497	6.241849952186386	30.15577762812368	49.47893474277282	0.3066893020302963	0.3352908243703861	-0.0286015223400898	1.3639772571789277	-2.633679169992015	25.013467704389164	21.817632295610835	0.4262947023638981	0.0	0.0	0.0	0.0	0	0	Medium	1.2381363244175971	2
2025-09-15 16:00:00	23.18	23.872	22.976	23.467	3934302.2242	92226615.6451627	LINKUSDT	0.0	3.8997214484679694	0.8612887246290187	0.9509294390015984	0.7385254881904341	1.2381363244175971	1.2381363244175971	3.8997214484679694	-35.58315732933708	51.08823606471218	0.2723269367368282	0.3226980468436745	-0.0503711101068463	1.3305503102375755	4.427732289070832	24.92137182767974	21.827228172320257	0.5299598242115978	0.0	0.0	0.0	0.0	0	0	Negative	-2.096561128393051	0
2025-09-16 16:00:00	23.467	23.754	22.78	22.975	4013515.7592	93440368.7636106	LINKUSDT	0.0	4.275680421422301	0.8948442463677602	0.6874869774182192	0.7955325446848093	-2.096561128393051	-2.096561128393051	4.275680421422301	2.013407473191956	48.25073093767347	0.203053551544091	0.2987691477837578	-0.0957155962396668	1.3050824309348916	3.3327336511648804	24.694504252297037	21.87249574770296	0.3906806979859294	0.0	0.0	0.0	0.0	0	0	Very High	6.546245919477683	4
2025-09-17 16:00:00	22.975	24.511	22.79	24.479	8191301.5948	194452179.2667001	LINKUSDT	0.0	7.551557700745942	1.5031802592360004	1.0842390663497263	1.5203316498309618	6.546245919477683	6.546245919477683	7.551557700745942	104.09292217237343	56.250169987988464	0.2664427391959982	0.2923038660662059	-0.0258611268702076	1.3347908287252566	10.920295437038382	24.83868915931192	21.831510840688075	0.8803898135723053	0.0	0.9999321699142456	999932.1699142456	0.6999525189399719	0	0	Negative	-3.5581518852894263	0
2025-09-18 16:00:00	24.479	24.899	23.335	23.608	6472223.1495	157272593.8047241	LINKUSDT	0.0	6.702378401542747	1.5803842739735672	1.154993632733282	1.1268225485130856	-3.5581518852894263	-3.5581518852894263	6.702378401542747	-20.98663350878577	51.30407785488286	0.2435887666817322	0.2825608461893112	-0.0389720795075789	1.3511629123877384	5.308234454456247	24.852914708151197	21.836885291848805	0.5872338971821298	0.8807	4.302362413000083e-06	4.885156725154261e-06	0.2642130116536891	0	0	Negative	-0.7921043713995305	0
2025-09-19 16:00:00	23.608	23.72	23.094	23.421	3402804.3002	79809842.4468794	LINKUSDT	0.0	2.710660777691165	2.0236689952877858	1.4212792191070414	0.6540295740910734	-0.7921043713995305	-0.7921043713995305	2.710660777691165	-47.42449044787837	50.28182685088617	0.2079899133821534	0.2676466596278797	-0.0596567462457262	1.2993655615028998	0.8786664943791215	24.822093160827137	21.831606839172863	0.5314831735956301	0.4794	0.9998536705970764	2.085631174313521	0.8437175694179535	0	0	Negative	-1.3705648776738737	0
2025-09-20 16:00:00	23.421	23.497	23.032	23.1	1967759.3125	45764691.5674529	LINKUSDT	0.0	2.018930184091698	2.42151591883036	1.731973717103887	0.40913832891452	-1.3705648776738737	-1.3705648776738737	2.018930184091698	-42.1724219525541	48.49552267504763	0.1521219808724332	0.2445417238767904	-0.0924197430043571	1.2397680213955498	0.7194244604316665	24.82174896554611	21.86125103445389	0.4184258845568922	0.0	0.0	0.0	0.0	0	0	Negative	-8.24675324675325	0
2025-09-21 16:00:00	23.1	23.209	20.169	21.195	8830729.6093	190785670.1429152	LINKUSDT	0.0	15.072636223907972	5.210363999853318	3.668880230970199	1.5296700674866504	-8.24675324675325	-8.24675324675325	15.072636223907972	348.7708203540773	39.52208511179614	-0.0453485871152103	0.1865636616783902	-0.2319122487936006	1.3683560198672962	-10.478966041561067	25.001433401160565	21.516266598839437	-0.0921811256280382	0.0	0.0	0.0	0.0	0	0	High	3.1280962491153588	3
2025-09-22 16:00:00	21.195	22.042	21.117	21.858	4236542.393	91468878.0948862	LINKUSDT	0.0	4.380357058294269	5.29011683119328	3.68989464209901	0.8503678038362583	3.1280962491153588	3.1280962491153588	4.380357058294269	-52.02500155209911	43.44434586714368	-0.1466563131782869	0.1199196667070548	-0.2665759798853417	1.336687732733918	-7.078178803724011	24.986500917757787	21.336299082242213	0.1429238549720085	0.0	0.0	0.0	0.0	0	0	Negative	-0.5489980785067298	0
2025-09-23 16:00:00	21.858	21.994	20.981	21.738	5947320.2028	128758076.1877169	LINKUSDT	0.0	4.828177875220428	5.309945609036477	3.693599243748489	1.2194550338814605	-0.5489980785067298	-0.5489980785067298	4.828177875220428	40.38146325708205	42.90200831469874	-0.2339298157840836	0.0491497702088271	-0.2830795859929108	1.313567180395781	-11.251735118804609	25.03146816629613	21.217931833703865	0.1363742523839064	0.0	0.0	0.0	0.0	0	0	Negative	-3.9562057226975775	0
2025-09-24 16:00:00	21.738	21.955	20.385	20.878	5860855.2993	123574280.5753381	LINKUSDT	0.0	7.701741476575898	5.04606356842148	3.742922253847222	1.0916831471137998	-3.9562057226975775	-3.9562057226975775	7.701741476575898	-1.4538464476705375	39.13177797745828	-0.3682446133722798	-0.0343291065073943	-0.3339155068648856	1.3318838103675106	-15.970377525557431	25.17072126964422	20.94307873035578	-0.0153936218000901	0.9136	0.999720335006714	1.0942636172757187	0.9738842345046996	0	0	Negative	-1.3986013986014063	0
2025-09-25 16:00:00	20.878	20.909	19.835	20.586	7159525.8068	145502649.4805076	LINKUSDT	0.0	5.414671036047381	4.432911673499197	3.682498383711915	1.1174546233033542	-1.3986013986014063	-1.3986013986014063	5.414671036047381	22.158378618477563	37.9134814389732	-0.4925739321280176	-0.1259780716315189	-0.3665958604964986	1.3134635381984026	-14.442458750675373	25.3220079058326	20.643492094167403	-0.0122885326205495	0.34	0.9999674558639526	2.941072102328972	0.8019772191047668	0	0	Medium	1.7584766346060523	2
2025-09-26 16:00:00	20.586	21.234	20.569	20.948	2938352.9484	61654567.3588949	LINKUSDT	0.0	3.233020564927817	1.6541455464869372	3.752899535265672	0.5619856718338423	1.7584766346060523	1.7584766346060523	3.233020564927817	-58.95883292145968	40.39115747716122	-0.5554920715277838	-0.2118808716107719	-0.3436111999170118	1.267144714041374	-9.628990509059532	25.40219435357075	20.416305646429244	0.106639835905119	-0.1531	0.9997856616973876	6.530235999094634	0.6539199631881714	0	0	Low	0.1670803895359945	1
2025-09-27 16:00:00	20.948	21.084	20.425	20.983	2488930.3612	51586560.4951793	LINKUSDT	0.0	3.226438188494487	1.850512648899262	3.798232872601772	0.5101315700999691	0.1670803895359945	0.1670803895359945	3.226438188494487	-15.295051176364662	40.63781889276563	-0.5956644933193047	-0.2886375959524785	-0.3070268973668262	1.2237058058955612	-10.585076916521064	25.422051817488462	20.17304818251153	0.1543058214117678	0.0	0.0	0.0	0.0	0	0	Medium	1.9015393413715904	2
2025-09-28 16:00:00	20.983	21.71	20.901	21.382	4174388.1965	89061039.9155356	LINKUSDT	0.0	3.8706281996076792	1.906036776866092	3.8065746654168215	0.9226369216047102	1.9015393413715904	1.9015393413715904	3.8706281996076792	67.71815963896161	43.50773406580907	-0.5885213537734089	-0.3486143475166646	-0.2399070062567442	1.194083962617307	-6.933623503808486	25.41450007422257	20.025299925777432	0.251744236037327	0.0	0.0	0.0	0.0	0	0	Negative	-1.3656346459639024	0
2025-09-29 16:00:00	21.382	21.891	20.952	21.09	4470424.3868	95936952.6238761	LINKUSDT	0.0	4.48167239404351	0.9255323717346744	3.715637669305647	1.0527750658969135	-1.3656346459639024	-1.3656346459639024	4.48167239404351	7.09172641270428	41.91082544866615	-0.5995115281602601	-0.3987937836453837	-0.2007177445148764	1.1758636795732134	-13.84451979247518	25.336958490802004	19.844241509198	0.2268018714552827	0.0	0.0	0.0	0.0	0	0	Very High	6.09767662399242	4
2025-09-30 16:00:00	21.09	22.476	20.988	22.376	5616665.7535	121876977.4366566	LINKUSDT	0.0	7.089765580331616	1.601475305730413	3.5414137148127764	1.426363388000835	6.09767662399242	6.09767662399242	7.089765580331616	25.640549252651528	50.52379277076576	-0.4987031288546859	-0.4187756526872441	-0.0799274761674417	1.1981591310322697	-5.218569976279224	25.2470417292969	19.819458270703095	0.4710276219242627	0.3818	0.2797014117240906	0.7325842827129594	0.3103309882068634	0	0	Low	0.1519485162674245	1
2025-10-01 16:00:00	22.376	22.844	21.921	22.41	4713889.0935	105869710.4962012	LINKUSDT	0.0	4.210574335112457	1.4815800093791138	1.5071220568429518	1.0980767084229353	0.1519485162674245	0.1519485162674245	4.210574335112457	-16.073177568692564	50.731784973500986	-0.4113267119759065	-0.4172858645449766	0.00595915256907	1.1785049073871074	-4.316638913795309	24.98939470140257	19.868705298597423	0.4962797977964521	0.5574	0.9989309310913086	1.7921226031013733	0.866471651763916	0	0	Medium	1.3431503792949504	2
2025-10-02 16:00:00	22.41	23.13	22.073	22.711	5622678.0319	126745721.2440135	LINKUSDT	0.0	4.788655823857195	1.276390774313949	1.4986816660462392	1.1429115456633356	1.3431503792949504	1.3431503792949504	4.788655823857195	19.278963089164144	52.630339978776725	-0.3141705253959408	-0.3966627967151695	0.0824922713192287	1.1698259854308857	-1.6839826839826963	24.63689552406036	20.007704475939647	0.5839671545113255	0.0	0.0	0.0	0.0	0	0	Negative	-3.839549117167892	0
2025-10-03 16:00:00	22.711	23.079	21.755	21.839	5967615.6418	133158409.9631218	LINKUSDT	0.0	6.085957251206628	1.2179967721127534	1.545475840714527	1.1306039808530977	-3.839549117167892	-3.839549117167892	6.085957251206628	6.134756568720691	46.98198026589866	-0.3040319686692356	-0.3781366311059827	0.074104662436747	1.1808384150429652	3.03845246520405	24.39066778824561	20.031732211754388	0.4146121814675661	0.5106	0.9989824295043944	1.9564834959281208	0.8524677006530761	0	0	High	2.8801685058839754	3
2025-10-04 16:00:00	21.839	22.943	21.818	22.468	4173791.0594	93899903.6606335	LINKUSDT	0.0	5.156292969108075	1.1348753809017127	1.2304493146282796	0.7997410821843597	2.8801685058839754	2.8801685058839754	5.156292969108075	-30.059318328667235	51.06190433656629	-0.2424472650381162	-0.3509987578924095	0.1085514928542932	1.1768499568256108	2.790740232409184	24.313469256994036	20.03773074300597	0.5683858470398541	0.0	0.0	0.0	0.0	0	0	Medium	1.624532668684344	2
2025-10-05 16:00:00	22.468	22.978	21.482	22.833	5657809.0928	125578092.8941645	LINKUSDT	0.0	6.963969835210884	1.090408784436885	1.4074413440814748	1.082387527905341	1.624532668684344	1.624532668684344	6.963969835210884	35.55563784290949	53.30735716818286	-0.1623174001984892	-0.3132624863536254	0.1509450861551361	1.1996463884809243	5.037261937620751	24.22220641629193	20.065593583708065	0.6657840236160836	0.0	0.0	0.0	0.0	0	0	Negative	-3.696404327070458	0
2025-10-06 16:00:00	22.833	23.737	21.834	21.989	8701505.4237	199131619.4424046	LINKUSDT	0.0	8.715764404140327	1.5736852466548406	1.7154819965225427	1.4443100115627794	-3.696404327070458	-3.696404327070458	8.715764404140327	53.796377378185824	47.84107477099151	-0.1650154559486552	-0.2836130802726314	0.1185976243239761	1.2498859321608582	5.321390937829297	24.138197064002643	20.05100293599736	0.4741632042196302	0.0	0.0	0.0	0.0	0	0	Low	0.0500250125062496	1
2025-10-07 16:00:00	21.989	22.355	21.613	22.0	4833347.7365	106104695.534227	LINKUSDT	0.0	3.4331189561837823	1.9740505914817104	1.6865977590438108	0.82384543106625	0.0500250125062496	0.0500250125062496	3.4331189561837823	-44.45389043445779	47.9160372351204	-0.1643713063973741	-0.2597647254975799	0.0953934191002057	1.21360836557794	6.86874574953853	23.69678780156748	20.24451219843252	0.5085016387374602	0.0	0.0	0.0	0.0	0	0	Negative	-2.290909090909097	0
2025-10-08 16:00:00	22.0	22.681	21.325	21.496	5266272.5178	115887770.4686699	LINKUSDT	0.0	6.358733880422047	1.9783311979946796	1.6043804003487685	0.9196247240012104	-2.290909090909097	-2.290909090909097	6.358733880422047	8.957037749026025	44.74308400751692	-0.2021985817472575	-0.2482514967475154	0.0460529150002579	1.223779196608087	2.6160015275921245	23.42832278169877	20.30177721830124	0.3819623790804545	0.4215	0.998142957687378	2.3680678282788845	0.8251500703811645	0	0	Negative	-0.5675474506884998	0
2025-10-09 16:00:00	21.496	22.79	21.2	21.374	6256206.829	138052456.1158448	LINKUSDT	0.0	7.5	1.968890327193148	1.6275144578171503	1.0184238950473756	-0.5675474506884998	-0.5675474506884998	7.5	18.79762788298597	43.98382535100719	-0.2392632723291043	-0.2464538518638332	0.0071905795347289	1.2499378254217952	1.8634132392889395	23.16482326134338	20.360576738656626	0.3613887913008484	0.0	0.0	0.0	0.0	0	0	Negative	-15.90249836249648	0
2025-10-10 16:00:00	21.374	21.544	8.099	17.975	27052756.3403	461093633.9300598	LINKUSDT	0.0	166.00814915421657	71.360228818715	50.65145498124821	2.595731166336487	-15.90249836249648	-15.90249836249648	166.00814915421657	332.414673615005	29.14490060090944	-0.536721211989196	-0.3045073238889058	-0.2322138881002901	2.121013695034524	-15.93396314657188	23.55948516531017	19.45341483468983	-0.3600558966720065	-0.2263	0.9999114274978638	4.41850202826264	0.6320479992485046	0	0	High	4.3783031988873375	3
2025-10-11 16:00:00	17.975	18.8	16.593	18.762	8698518.5445	152564067.557686	LINKUSDT	0.0	13.300789489543789	70.91140977804952	50.37911194580962	0.8346768689827769	4.3783031988873375	4.3783031988873375	13.300789489543789	-67.84609141087049	34.64296739192764	-0.700875196486539	-0.3837808984084324	-0.3170942980781065	2.12715557396063	-11.03840682788051	23.760249313287943	19.00935068671206	-0.052063979081434	0.0	0.0	0.0	0.0	0	0	Very High	5.138044984543218	4
2025-10-12 16:00:00	18.762	19.835	18.735	19.726	9278308.4853	178812182.2719794	LINKUSDT	0.0	5.871363757672813	70.61066740016834	50.337174054849584	0.8203333388339231	5.138044984543218	5.138044984543218	5.871363757672813	6.665387190173851	40.711660448264894	-0.7445984014746436	-0.4559443990216747	-0.2886540024529689	2.053787318677728	-11.84304612084377	23.748593701416876	18.80780629858313	0.1858395487509231	0.0	0.0	0.0	0.0	0	0	Negative	-3.4928520734056576	0
2025-10-13 16:00:00	19.726	20.182	18.051	19.037	9474874.0049	179984697.24765	LINKUSDT	0.0	11.8054401418204	70.00504291705998	50.15657146247956	0.7796881526087933	-3.4928520734056576	-3.4928520734056576	11.8054401418204	2.118549085875136	37.99604593038384	-0.8253319848530758	-0.5298219161879549	-0.2955100686651208	2.059302510200748	-15.051316376617583	23.787427464639464	18.498872535360533	0.1017532145993682	0.0	0.0	0.0	0.0	0	0	Negative	-4.84320008404686	0
2025-10-14 16:00:00	19.037	19.352	18.017	18.115	9315666.5625	175003463.0781817	LINKUSDT	0.0	7.409668646278519	70.01582728631945	50.06993236820001	0.7298377053939108	-4.84320008404686	-4.84320008404686	7.409668646278519	-1.68031197372824	34.66390630804639	-0.95272915718828	-0.61440336438802	-0.3383257928002599	2.00756661661498	-20.236889612962884	23.96062839342163	18.049371606578376	0.0111022741505143	0.0	0.0	0.0	0.0	0	0	Negative	-2.5393320452663395	0
2025-10-15 16:00:00	18.115	18.614	17.54	17.655	7320451.9079	132301522.2007788	LINKUSDT	0.0	6.123147092360329	3.4246585954621667	50.1019241330159	0.8302125156193292	-2.5393320452663395	-2.5393320452663395	6.123147092360329	-21.41784102311788	33.10407429664804	-1.0783796009587263	-0.7071986117021614	-0.3711809892565649	1.940883286856767	-19.15838637300242	24.15378297103648	17.563117028963518	0.0139413788900948	0.0	0.0	0.0	0.0	0	0	Negative	-5.885018408382903	0
2025-10-16 16:00:00	17.655	18.078	15.683	16.616	10176588.9425	171223373.4405747	LINKUSDT	0.0	15.271312886565068	4.103505473544228	49.92735209038389	1.1166893661181028	-5.885018408382903	-5.885018408382903	15.271312886565068	39.01585681503826	29.838092350611973	-1.247417645497297	-0.8152424184611885	-0.4321752270361084	1.9733201949384265	-26.04593199216664	24.419366341460364	16.86433365853964	-0.032869964825041	0.0	0.0	0.0	0.0	2025-10-22 17:57:40.723184+00:00	2025-10-22 17:57:40.727231+00:00	Medium	0.9749638902262822	2
2025-10-17 16:00:00	16.616	16.997	16.244	16.778	3382914.0	56322629.314	LINKUSDT	0.0	4.635557744397932	4.388668219931082	49.872909263909015	0.4263765758874415	0.9749638902262822	0.9749638902262822	4.635557744397932	-66.75787909766014	30.981450547407192	-1.3527161972526225	-0.9227371742194752	-0.429979023033147	1.8861544667285384	-26.518635308544653	24.561418417315718	16.301781582684285	0.057656096369637	0.0	0.0	0.0	0.0	2025-10-22 17:57:40.723184+00:00	2025-10-22 17:57:40.727231+00:00	High	3.6714745500059593	3
2025-10-18 16:00:00	16.778	17.532	16.523	17.394	2394159.0	40587415.244	LINKUSDT	0.0	6.106639230164016	4.231021792728902	49.88312055092783	0.3673174488546601	3.6714745500059593	3.6714745500059593	6.106639230164016	-29.22790824715024	35.299046359399014	-1.370659892248927	-1.0123217178253656	-0.3583381744235614	1.8235005762479288	-20.89681204238484	24.54046060493096	15.92393939506904	0.1706095266438177	0.0	0.0	0.0	0.0	2025-10-22 17:57:40.723184+00:00	2025-10-22 17:57:40.727231+00:00	Very High	7.801540761182034	4
2025-10-19 16:00:00	17.394	19.177	16.923	18.751	5260202.0	96650957.06	LINKUSDT	0.0	13.31915145068842	4.838363817294853	49.69762242627527	0.9217326302088756	7.801540761182034	7.801540761182034	13.31915145068842	119.70980206410688	43.66035208967683	-1.260847574741771	-1.0620268892086466	-0.198820685533124	1.8542505350873624	-14.768181818181814	24.450919123676304	15.779580876323696	0.3426713430978766	0.0	0.0	0.0	0.0	2025-10-22 17:57:40.723184+00:00	2025-10-22 17:57:40.727231+00:00	Low	0.2133219561623334	1
2025-10-20 16:00:00	18.751	18.955	17.661	18.791	7124531.0	130921661.26	LINKUSDT	0.0	7.326878432704811	4.681155003530661	3.873383116304035	1.257045611520346	0.2133219561623334	0.2133219561623334	7.326878432704811	35.44215602366601	43.89053040764463	-1.157252766726284	-1.081072064712174	-0.0761807020141098	1.8142326397239796	-12.583736509117967	24.178408985470405	15.693591014529591	0.3650530861214175	0.0	0.0	0.0	0.0	2025-10-22 17:57:40.723184+00:00	2025-10-22 17:57:40.727231+00:00	Negative	-7.04592624128573	0
2025-10-21 16:00:00	18.791	18.888	17.114	17.467	6350902.0	112607183.605	LINKUSDT	0.0	10.365782400373966	3.4868455717890905	3.624327940893134	1.2954305171015783	-7.04592624128573	-7.04592624128573	10.365782400373966	-10.858665644096432	38.31112559618132	-1.168518911252885	-1.0985614340203165	-0.069957477232569	1.8113588797436952	-18.27921774118088	23.90177754625569	15.475922453744303	0.2363056953145677	0.0	0.0	0.0	0.0	2025-10-22 17:57:40.723184+00:00	2025-10-22 17:57:40.727231+00:00	Negative	-0.3950306291864606	0
2025-10-22 16:00:00	17.467	17.695	16.695	17.398	4695926.0	80974344.948	LINKUSDT	0.0	5.989817310572027	3.1637309303337173	3.613785713596264	0.9091568405450072	-0.3950306291864606	-0.3950306291864606	5.989817310572027	-26.058912576512757	38.03973157488652	-1.1695334813377976	-1.1127558434838123	-0.056777637853985	1.753404674047717	-3.2100139082058505	23.50846614065718	15.337933859342815	0.2521336517289653	0.145984	0.0	145984000.0	0.072992	2025-10-23 19:17:43.700871+00:00	2025-10-23 19:17:43.705085+00:00	Medium	0.8621680652948533	2
2025-10-23 16:00:00	17.398	18.095	17.171	17.548	3958275.0	69693605.848	LINKUSDT	0.0	5.381165919282509	3.320654102014508	3.598112351718388	0.722580996834008	0.8621680652948533	0.8621680652948533	5.381165919282509	-15.708318231590532	39.05054738356832	-1.1450345435828098	-1.119211583503612	-0.0258229600791977	1.6941614830443084	-6.470525530327269	23.2138128818314	15.203487118168596	0.2926863339899112	0.112563	0.0	112563000.0	0.0562815	2025-10-24 23:31:46.258785+00:00	2025-10-24 23:31:46.262834+00:00	High	2.4732163209482625	3
2025-10-24 16:00:00	17.548	18.078	17.461	17.982	1496246.0	26712801.012	LINKUSDT	0.0	3.533589141515382	2.546457348377137	3.888889207860653	0.3166540251622373	2.4732163209482625	2.4732163209482625	3.533589141515382	-62.1995439932799	41.99889157494108	-1.0781703098023172	-1.1110033287633532	0.0328330189610359	1.6172213771125723	-8.841123390449154	22.72819151774618	15.24050848225382	0.366133489458787	0.128402	0.0	128402000.0	0.064201	2025-10-25 23:30:39.521966+00:00	2025-10-25 23:30:39.525918+00:00	Medium	1.9074630185741297	2
2025-10-25 16:00:00	17.982	18.48	17.675	18.325	2068447.0	37446058.835	LINKUSDT	0.0	4.554455445544553	2.6272494439917207	3.994488133772293	0.556938536104543	1.9074630185741297	1.9074630185741297	4.554455445544553	38.24244141671891	44.29245860947763	-0.9861351373554648	-1.0860296904817754	0.0998945531263106	1.5592055644616742	-3.740085097441823	22.066162691980967	15.451737308019029	0.4343933940123958	0.1522929999999999	0.0	152292999.99999997	0.0761464999999999	2025-10-26 23:32:12.773544+00:00	2025-10-26 23:32:12.777389+00:00	Low	0.4201909959072401	1
2025-10-26 16:00:00	18.325	19.048	18.054	18.402	3298843.0	61197155.784	LINKUSDT	0.0	5.505705106901517	0.9655808386717644	2.991650112743601	1.0629265723475014	0.4201909959072401	0.4201909959072401	5.505705106901517	59.48404769375285	44.81997784893209	-0.8966473511095749	-1.0481532226073351	0.1515058714977604	1.5188337384286974	1.5843223847640222	21.537272760803667	15.62192723919633	0.4699763945569591	0.179911	0.0	179910999.99999997	0.0899555	2025-10-27 23:31:39.241924+00:00	2025-10-27 23:31:39.245581+00:00	Negative	-0.1575915661341154	0
2025-10-27 16:00:00	18.402	18.881	18.012	18.373	3593029.0	66173345.178	LINKUSDT	0.0	4.8245614035087705	0.7893705535967565	2.97792137030052	1.246295137511065	-0.1575915661341154	-0.1575915661341154	4.8245614035087705	8.917853926361454	44.648494055007	-0.81863102455101	-1.0022487829960702	0.1836177584450602	1.4724170428266474	4.066836590201076	20.9052375049549	15.8912624950451	0.4949640754191844	0.1629569999999999	0.0	162956999.99999994	0.0814784999999999	2025-10-28 23:33:31.736306+00:00	2025-10-28 23:33:31.740062+00:00	Negative	-1.975725249006692	0
2025-10-28 16:00:00	18.373	18.65	17.414	18.01	3587110.0	64477291.33	LINKUSDT	0.0	7.097737452624308	1.3212331655609515	2.9728085913112388	1.2771265356112271	-1.975725249006692	-1.975725249006692	7.097737452624308	-0.1647356589662927	42.45866079329762	-0.7771352584489897	-0.9572260780866542	0.1800908196376645	1.4555301111961725	8.389504092441033	20.29141245189604	16.156487548103964	0.4482578269308373	0.147735	0.0	147735000.00000003	0.0738675	2025-10-29 23:33:51.063898+00:00	2025-10-29 23:33:51.067957+00:00	Negative	-6.17434758467519	0
2025-10-29 16:00:00	18.01	18.668	16.845	16.898	7388855.0	131706124.982	LINKUSDT	0.0	10.822202433956669	2.57880886327128	2.416220726339549	1.853117411449396	-6.17434758467519	-6.17434758467519	10.822202433956669	105.98350761476507	36.545484790150354	-0.8244746410363071	-0.9306757906765848	0.1062011496402777	1.4817779603964458	0.715222314936232	19.56255868853189	16.437741311468102	0.1472913879416454	0.1311689999999999	0.0	131168999.99999996	0.0655844999999999	2025-10-30 23:36:45.944034+00:00	2025-10-30 23:36:45.948128+00:00	High	2.2547046987809223	3
2025-10-30 16:00:00	16.898	17.452	16.314	17.279	3748726.0	63365491.682	LINKUSDT	0.0	6.975603775898012	2.322424998754391	2.406044936201787	0.8670957543065473	2.2547046987809223	2.2547046987809223	6.975603775898012	-49.265129712249056	39.64689358590142	-0.8217750161000303	-0.908895635761274	0.0871206196612436	1.4572223917966998	-0.6611475221340604	19.55913847718257	16.37156152281742	0.2846797081839575	0.1375859999999999	0.0	137585999.99999997	0.0687929999999999	2025-10-31 23:31:06.239025+00:00	2025-10-31 23:31:06.243060+00:00	Negative	-0.1794085305862539	0
2025-10-31 16:00:00	17.279	17.428	16.76	17.248	1979172.0	33927817.504	LINKUSDT	0.0	3.985680190930783	2.650614922511304	2.0942519980701158	0.4875554345956021	-0.1794085305862539	-0.1794085305862539	3.985680190930783	-47.20414348768088	39.477821828099366	-0.8127679023624914	-0.8896700890815175	0.076902186719026	1.400849363811221	-8.01557250279985	19.468645791634657	16.310654208365342	0.2968170645547669	0.122684	0.0	122684000.0	0.061342	2025-11-01 23:19:40.147950+00:00	2025-11-01 23:19:40.151766+00:00	Negative	-0.7015306122449108	0
2025-11-01 16:00:00	17.248	17.632	17.026	17.127	1560576.0	27011465.228	LINKUSDT	0.0	3.5592623047104524	2.9254895662661395	2.215929305705847	0.4272170637160002	-0.7015306122449108	-0.7015306122449108	3.5592623047104524	-21.15005669037355	38.78262550060341	-0.8061011562449032	-0.8729563025141946	0.0668551462692914	1.3440744092532768	-8.855303070618922	19.12629080927685	16.393109190723152	0.2685115413827483	0.149553	0.0	149553000.0	0.0747765	2025-11-02 23:19:57.352237+00:00	2025-11-02 23:19:57.356481+00:00	Negative	-10.743270858877786	0
2025-11-02 16:00:00	17.127	17.657	14.51	15.287	6569839.0	104761923.07	LINKUSDT	0.0	21.68849069607168	7.455471833526952	5.533827418610446	1.546050513649631	-10.743270858877786	-10.743270858877786	21.68849069607168	320.98808388697506	30.10175559351792	-0.9384722109249104	-0.8860594841963378	-0.0524127267285725	1.4728548085923288	-12.480677849659347	19.191920790753745	15.95247920924626	-0.2054302238525245	0.1304891089108911	0.0	130489108.9108911	0.0652445544554455	2025-11-03 23:20:51.348496+00:00	2025-11-03 23:20:51.352345+00:00	Negative	-1.203637077255191	0
2025-11-03 16:00:00	15.287	15.849	14.513	15.103	5815327.0	87973806.656	LINKUSDT	0.0	9.205539860814444	7.413650886676613	5.399083194666275	1.4779489204844656	-1.203637077255191	-1.203637077255191	9.205539860814444	-11.484482344240094	29.39322602514241	-1.0461649493673697	-0.9180805772305444	-0.1280843721368254	1.4630794651214485	-13.19117139901138	19.343379737639022	15.49982026236098	-0.1032429093170914	0.0940719999999999	0.0	94072000.0	0.0470359999999999	2025-11-04 23:21:22.935539+00:00	2025-11-04 23:21:22.939574+00:00	Negative	-0.13904522280341	0
2025-11-04 16:00:00	15.103	15.227	13.678	15.082	6198838.0	89915379.559	LINKUSDT	0.0	11.32475508115221	7.359533572793178	5.3682262226620505	1.4009463675058371	-0.13904522280341	-0.13904522280341	11.32475508115221	6.59483121069546	29.30843596333203	-1.1202927079833422	-0.958523003381104	-0.1617697046022382	1.469216646184202	-14.052883519489386	19.463407230631347	15.122492769368652	-0.0093281656964219	0.091487	0.0	91487000.0	0.0457435	2025-11-05 23:21:29.773436+00:00	2025-11-05 23:21:29.777430+00:00	Negative	-4.130751889669812	0
2025-11-05 16:00:00	15.082	15.391	14.373	14.459	3089806.0	46368751.883	LINKUSDT	0.0	7.08272455298129	6.844043978686746	5.2931627114655	0.6649209494927044	-4.130751889669812	-4.130751889669812	7.08272455298129	-50.15507745161271	26.8352499713683	-1.2153011489732537	-1.009878632499534	-0.2054225164737195	1.4369868857424737	-19.59181403625848	19.670851467866385	14.699348532133614	-0.0483452459428526	0.1062149999999999	0.0	106215000.0	0.0531074999999999	2025-11-06 23:21:13.607944+00:00	2025-11-06 23:21:13.611955+00:00	High	3.900684694653849	3
2025-11-06 16:00:00	14.459	15.182	14.236	15.023	2670663.0	39242252.354	LINKUSDT	0.0	6.645125035122224	6.158330651465948	5.176742936347976	0.5485152625813671	3.900684694653849	3.900684694653849	6.645125035122224	-13.565350057576431	32.39693348610072	-1.2308969229799018	-1.0540822905956075	-0.1768146323842943	1.4019163939037256	-18.01909959072305	19.752524063973937	14.44217593602606	0.1093758921222348	0.1133279999999999	0.0	113327999.99999996	0.0566639999999999	2025-11-07 23:20:37.880026+00:00	2025-11-07 23:20:37.884223+00:00	Medium	1.1981628170139105	2
2025-11-07 16:00:00	15.023	16.209	14.946	15.203	2809941.0	44190324.092	LINKUSDT	0.0	8.450421517462866	1.8654769268506664	5.143764382380932	0.6825355879341691	1.1981628170139105	1.1981628170139105	8.450421517462866	5.215109506515798	34.11819922602005	-1.2147295445181	-1.0862117413801062	-0.1285178031379938	1.3919937943391736	-17.383980002173686	19.763057941165084	14.212542058834917	0.1784443035859358	0.0	0.0	0.0	0.0	2025-11-09 23:19:58.385128+00:00	2025-11-09 23:19:58.388985+00:00	High	4.051831875287782	3
2025-11-08 16:00:00	15.203	15.939	15.004	15.819	1798641.0	27714206.027	LINKUSDT	0.0	6.231671554252203	2.0643924495791577	5.165288474964353	0.5428093464411791	4.051831875287782	4.051831875287782	6.231671554252203	-35.990079507007444	39.770005204433495	-1.139080122138992	-1.0967854175318834	-0.0422947046071087	1.359351380457804	-13.900832743699995	19.537036463882743	14.145363536117248	0.3104113484451231	0.1375949999999999	0.0	137594999.99999997	0.0687974999999999	2025-11-09 23:19:58.385128+00:00	2025-11-09 23:19:58.388985+00:00	Medium	1.675200708009348	2
2025-11-09 16:00:00	15.819	16.66	15.714	16.084	2636796.0	42622398.484	LINKUSDT	0.0	6.020109456535572	0.9646305161036142	5.205607529781784	1.013696378252028	1.675200708009348	1.675200708009348	6.020109456535572	46.599349175294016	42.07228461140196	-1.0456900604785613	-1.0865663461212192	0.0408762856426578	1.329826281853675	-10.694058856191017	19.26486975568768	14.14683024431232	0.3784983979475199	0.142494	0.0	142494000.0	0.071247	2025-11-10 23:22:09.841006+00:00	2025-11-10 23:22:09.844909+00:00	Negative	-1.7905993533946796	0
2025-11-10 16:00:00	16.084	16.789	15.701	15.796	2417924.0	39112098.105	LINKUSDT	0.0	6.929494936628246	0.9592375515744198	5.006447158909255	0.9801892578744954	-1.7905993533946796	-1.7905993533946796	6.929494936628246	-8.30068006777923	40.27065626010848	-0.983578871878752	-1.065968851272726	0.0823899793939739	1.312552976006984	-6.52148183216949	19.185570418820426	14.059029581179578	0.3388191909185588	0.168219	0.0	168219000.0	0.0841095	2025-11-11 23:21:02.298215+00:00	2025-11-11 23:21:02.302067+00:00	Negative	-2.703216004051656	0
2025-11-11 16:00:00	15.796	16.239	15.178	15.369	2669410.0	41833698.676	LINKUSDT	0.0	6.990380814336539	0.9527244070730192	4.723517447984498	1.082247765130654	-2.703216004051656	-2.703216004051656	6.990380814336539	10.40090590109532	37.69341726121827	-0.9577700617577776	-1.0443290933697362	0.0865590316119586	1.2945849062921997	-11.053880432895422	19.113724256496027	13.927975743503978	0.2778816313374568	0.121416	0.0	121416000.0	0.060708	2025-11-12 23:22:06.274583+00:00	2025-11-12 23:22:06.278838+00:00	Negative	-0.3773830437894451	0
2025-11-12 16:00:00	15.369	16.012	14.91	15.311	2976433.0	45983308.294	LINKUSDT	0.0	7.391012743125422	0.5690528853420306	1.6186429075889497	1.1906490205296274	-0.3773830437894451	-0.3773830437894451	7.391012743125422	11.501530300703152	37.34381879676286	-0.9312615061158986	-1.0217155759189689	0.0904540698030702	1.2808288415570424	-11.23028756957329	19.00797964593796	13.81002035406204	0.2887632552805668	0.11976	0.0	119760000.0	0.05988	2025-11-13 23:21:50.571387+00:00	2025-11-13 23:21:50.575481+00:00	Negative	-6.727189602246747	0
2025-11-13 16:00:00	15.311	15.354	13.812	14.281	4853059.0	69661585.064	LINKUSDT	0.0	11.164205039096435	2.000965689043926	1.9211094659731025	1.5601057425723732	-6.727189602246747	-6.727189602246747	11.164205039096435	63.0494958226844	31.717802241313777	-0.9820452701444466	-1.0137815147640643	0.0317362446196178	1.2994839243029677	-16.61703742628597	18.875087904749535	13.57281209525046	0.1335630076958302	0.132521	0.0	132521000.0	0.0662605	2025-11-14 23:20:44.845182+00:00	2025-11-14 23:20:44.848871+00:00	Negative	-0.826272669981096	0
2025-11-14 16:00:00	14.281	14.488	13.567	14.163	2725342.0	38263820.243	LINKUSDT	0.0	6.788530994324458	1.864643289188865	1.4894431748302288	0.8711522597123366	-0.826272669981096	-0.826272669981096	6.788530994324458	-43.84280100447985	31.139018053250183	-1.0200548257777005	-1.0150361769667915	-0.0050186488109087	1.272449358281327	-7.352652580624063	18.627732560529807	13.403967439470192	0.1453037307266683	0.12462	0.0	124620000.0	0.06231	2025-11-15 23:20:43.422410+00:00	2025-11-15 23:20:43.426407+00:00	Negative	-2.711289980936245	0
2025-11-15 16:00:00	14.163	14.517	13.747	13.779	2052631.0	29007142.69	LINKUSDT	0.0	5.601222084818503	2.1078204386295	1.591318750818109	0.6718098433089228	-2.711289980936245	-2.711289980936245	5.601222084818503	-24.68354430379747	29.267341716211902	-1.0688423143703891	-1.025797404447511	-0.043044909922878	1.2365601184040893	-8.766470237701117	18.328352185342904	13.2410478146571	0.1057440534603556	0.137424	0.0	137423999.99999997	0.068712	2025-11-16 23:20:36.684226+00:00	2025-11-16 23:20:36.688129+00:00	Negative	-0.5225342913128614	0
2025-11-16 16:00:00	13.779	14.277	13.379	13.707	3402988.0	46913776.338	LINKUSDT	0.0	6.71201136108827	2.1310689758515937	1.5887667927998232	1.0627394490337032	-0.5225342913128614	-0.5225342913128614	6.71201136108827	65.7866416321297	28.916383217561943	-1.10062918076785	-1.040763759711579	-0.059865421056271	1.2123772528037973	-9.116828006895638	17.954722483563057	13.148077516436944	0.1162812080745865	0.14112	0.0	141120000.0	0.07056	2025-11-17 23:21:18.533793+00:00	2025-11-17 23:21:18.537775+00:00	Negative	-0.0364777121179016	0
2025-11-17 16:00:00	13.707	13.819	13.052	13.702	3234746.0	43309876.663	LINKUSDT	0.0	5.876494023904392	2.2597599965055823	1.5771591697264522	0.9941583768553804	-0.0364777121179016	-0.0364777121179016	5.876494023904392	-4.943949258710286	28.89047429528016	-1.1133894985348878	-1.0552889074762408	-0.0581005910586469	1.1805645918892402	-5.235493464278302	17.586662924562376	13.08533707543762	0.1369958419433873	0.117534	0.0	117534000.0	0.058767	2025-11-19 01:45:50.224717+00:00	2025-11-19 01:45:50.228752+00:00	Negative	-5.028462998102468	0
2025-11-18 16:00:00	13.702	13.986	12.973	13.013	2461753.0	33230778.115	LINKUSDT	0.0	7.8085253989054175	0.8689864955410767	1.573905607971064	0.8869609424202988	-5.028462998102468	-5.028462998102468	7.8085253989054175	-23.89655942073968	25.499869062234797	-1.1656616620442757	-1.077363458389848	-0.0882982036544275	1.1685956924685803	-13.379484789988682	17.48820442103606	12.795295578963946	0.0463900809417657	0.101844	0.0	101844000.0	0.050922	2025-11-20 01:44:24.499618+00:00	2025-11-20 01:44:24.503620+00:00	High	3.104587719972334	3
2025-11-19 16:00:00	13.013	14.0	12.753	13.417	2827501.0	37938202.026	LINKUSDT	0.0	9.778091429467576	1.6994665345164417	1.721641230247815	1.0112940130914871	3.104587719972334	3.104587719972334	9.778091429467576	14.857217600628497	30.64004721770428	-1.1611038224912988	-1.0941115312101382	-0.0669922912811606	1.174196000149396	-11.74768137867526	17.193217421575845	12.704082578424156	0.1588095360208261	0.0600919999999999	0.0	60091999.99999999	0.0300459999999999	2025-11-21 01:45:18.056036+00:00	2025-11-21 01:45:18.059873+00:00	Negative	-11.276738466125066	0
2025-11-20 16:00:00	13.417	13.437	11.601	11.904	6143550.0	76267087.763	LINKUSDT	0.0	15.826221877424343	3.98161357725616	3.121442652300202	1.699880213859709	-11.276738466125066	-11.276738466125066	15.826221877424343	117.27843774414228	23.969969871322803	-1.2649960698786664	-1.128288438943844	-0.1367076309348225	1.221467714424439	-24.7487198937986	17.037097721965154	12.325802278034852	-0.0895299993504486	0.086424	0.0	86424000.0	0.043212	2025-11-22 01:41:30.329563+00:00	2025-11-22 01:41:30.333578+00:00	Low	0.0756048387096803	1
2025-11-21 16:00:00	11.904	12.354	11.721	11.913	2121215.0	25428291.611	LINKUSDT	0.0	5.40056309188635	4.222420687100064	3.239124592369309	0.631736461854103	0.0756048387096803	0.0756048387096803	5.40056309188635	-65.47248740549031	24.07584882719054	-1.3312592714513496	-1.1688826054453452	-0.1623766660060044	1.1794343062512649	-25.932603829893058	16.79012509694003	12.05137490305997	-0.0292007169398119	0.080093	0.0	80093000.0	0.0400465	2025-11-23 01:58:03.341391+00:00	2025-11-23 01:58:03.345346+00:00	Very High	6.379585326953746	4
2025-11-22 16:00:00	11.913	12.725	11.904	12.673	1676183.0	20731734.168	LINKUSDT	0.0	6.896841397849459	4.058961572848115	3.257145614571193	0.5502825898172592	6.379585326953746	6.379585326953746	6.896841397849459	-20.980051527072927	32.61026822730659	-1.3073770587638354	-1.1965814961090433	-0.110795562654792	1.1538318558047458	-19.77082805773613	16.740857334328744	11.839242665671254	0.1700985064493258	0.1117949999999999	0.0	111794999.99999996	0.0558974999999999	2025-11-24 01:52:57.404381+00:00	2025-11-24 01:52:57.408256+00:00	Negative	-0.4813382782293059	0
2025-11-23 16:00:00	12.673	12.853	12.289	12.612	2016668.0	25333244.866	LINKUSDT	0.0	4.589470257954269	4.549063054182502	3.2525886250237948	0.6819925740188597	-0.4813382782293059	-0.4813382782293059	4.589470257954269	20.31311616929655	32.296470334302214	-1.278633136472891	-1.2129918241818127	-0.0656413122910781	1.1117010089615496	-17.938707788405228	16.69045516791874	11.640544832081256	0.1923707755808372	0.091084	0.0	91084000.0	0.045542	2025-11-25 01:47:25.482779+00:00	2025-11-25 01:47:25.486662+00:00	Medium	0.9039010466222708	2
2025-11-24 16:00:00	12.612	13.197	12.54	12.726	2301355.0	29684214.484	LINKUSDT	0.0	5.239234449760766	4.680777979001695	3.327744778672041	0.8069849500360159	0.9039010466222708	0.9039010466222708	5.239234449760766	14.116701410445348	33.58275243337424	-1.2324476345472437	-1.2168829862548989	-0.0155646482923448	1.079222365464296	-16.88328652602703	16.61018489556515	11.48521510443485	0.2421057969380729	0.1079179999999999	0.0	107918000.0	0.0539589999999999	2025-11-26 01:46:41.495799+00:00	2025-11-26 01:46:41.499782+00:00	Medium	1.107967939651108	2
2025-11-25 16:00:00	12.726	13.211	12.718	12.867	1944396.0	25188716.382	LINKUSDT	0.0	3.8763956596949223	1.123132826747931	3.4713758586751884	0.9664171823403944	1.107967939651108	1.107967939651108	3.8763956596949223	-15.510818626417915	35.222025206601955	-1.1709695617046751	-1.2077003013448542	0.036730739640179	1.0373493393597035	-9.90126741824802	16.573087746612163	11.36311225338783	0.2886554358207641	0.12951	0.0	129510000.0	0.064755	2025-11-27 01:44:58.687754+00:00	2025-11-27 01:44:58.691499+00:00	High	4.569829797155508	3
2025-11-26 16:00:00	12.867	13.56	12.864	13.455	1729830.0	23083382.494	LINKUSDT	0.0	5.410447761194027	1.1235816222273831	3.5158373844188384	0.8945762870339266	4.569829797155508	4.569829797155508	5.410447761194027	-11.035097788722052	41.68581814253599	-1.062552615042211	-1.1786707640843257	0.1161181490421146	1.0129672436911532	-4.998940902351198	16.45708513667107	11.32231486332893	0.4153418796052466	0.11253	0.0	112530000.0	0.056265	2025-11-28 01:45:01.242102+00:00	2025-11-28 01:45:01.245802+00:00	Negative	-0.3270159791898958	0
2025-11-27 16:00:00	13.455	13.539	13.135	13.411	1288882.0	17237095.64	LINKUSDT	0.0	3.075751808146174	0.9723288749286892	3.7267268803197497	0.694356108107945	-0.3270159791898958	-0.3270159791898958	3.075751808146174	-25.49082857853084	41.35328866027567	-0.969011672613874	-1.1367389457902357	0.1677272731763615	0.9694695834274994	-2.670730822265769	16.30214579494451	11.298054205055484	0.4222436294359218	0.10496	0.0	104960000.0	0.05248	2025-11-29 01:44:26.170393+00:00	2025-11-29 01:44:26.174298+00:00	Negative	-1.8566848109760556	0
2025-11-28 16:00:00	13.411	13.411	12.987	13.162	1081862.0	14204256.675	LINKUSDT	0.0	3.2648032648032608	1.0937185846100497	3.863258820503395	0.648106801496467	-1.8566848109760556	-1.8566848109760556	3.2648032648032608	-16.06198240025076	39.43609036701919	-0.9045449892570404	-1.0903001544835964	0.1857551652265561	0.9305074703255352	-3.9760706208506593	16.003032427795773	11.331467572204229	0.3918456629377091	0.135981	0.0	135980999.99999997	0.0679905	2025-11-30 01:57:35.021244+00:00	2025-11-30 01:57:35.025393+00:00	Medium	0.6078103631666925	2
2025-11-29 16:00:00	13.162	13.325	12.907	13.242	1155614.0	15131752.019	LINKUSDT	0.0	3.238552723328421	0.964621493952362	3.768136852735127	0.8024446350462684	0.6078103631666925	0.6078103631666925	3.238552723328421	6.817135642068951	40.39226002876457	-0.8373469326184164	-1.0397095101105605	0.202362577492144	0.8938997938737111	-3.357174135162743	15.585038664466966	11.465261335533038	0.4312705572674066	0.1200249999999999	0.0	120024999.99999996	0.0600124999999999	2025-12-01 02:05:40.822409+00:00	2025-12-01 02:05:40.826200+00:00	Negative	-9.424558223833266	0
2025-11-30 16:00:00	13.242	13.41	11.804	11.994	3455964.0	42703689.417	LINKUSDT	0.0	13.605557438156556	4.512633765829186	3.112221876909698	1.9834158081723088	-9.424558223833266	-9.424558223833266	13.605557438156556	199.05868222434137	31.92471726674482	-0.874712022914439	-1.0067100126713362	0.1319979897568972	0.9447640943113031	-7.830630907553986	15.215507760759191	11.454592239240808	0.1434245884208049	0.126718	0.0	126718000.0	0.063359	2025-12-02 01:49:11.448568+00:00	2025-12-02 01:49:11.452209+00:00	Very High	10.7970651992663	4
2025-12-01 16:00:00	11.994	13.413	11.736	13.289	2698285.0	33326015.739	LINKUSDT	0.0	14.289366053169733	5.895845666665672	4.179721552845209	1.393654860692103	10.7970651992663	10.7970651992663	14.289366053169733	-21.92381054895248	44.845288837506175	-0.7907135948225559	-0.9635107291015802	0.1727971342790243	0.9970666590033528	-0.9540135648803766	14.863805643076905	11.598294356923097	0.5177460724896942	0.092385	0.0	92385000.0	0.0461925	2025-12-03 01:48:40.795866+00:00	2025-12-03 01:48:40.800548+00:00	Very High	8.254947701106175	4
2025-12-02 16:00:00	13.289	14.669	13.224	14.386	4499633.0	63219277.164	LINKUSDT	0.0	10.927102238354507	5.453619377497938	4.425533552363249	1.7452129558422005	8.254947701106175	8.254947701106175	10.927102238354507	66.75899691841299	52.985659224967954	-0.6283819079149833	-0.8964849648642609	0.2681030569492776	1.029061897645971	20.850134408602145	14.619679172613314	11.749920827386688	0.918571829226666	0.122916	0.0	122916000.0	0.061458	2025-12-04 01:49:25.729372+00:00	2025-12-04 01:49:25.733424+00:00	Medium	0.6325594327818788	2
2025-12-03 16:00:00	14.386	14.921	14.212	14.477	3171056.0	46043967.482	LINKUSDT	0.0	4.988741908246549	5.03355736556106	4.405615008397008	1.0583909057556755	0.6325594327818788	0.6325594327818788	4.988741908246549	-29.52634137050733	53.59747770030508	-0.4867786556892195	-0.8145437030292526	0.3277650473400331	1.006200333528401	21.522706287249225	14.661610347611584	11.727589652388414	0.9370793982768608	0.0590715686274509	0.0	59071568.62745097	0.0295357843137254	2025-12-05 01:49:52.116765+00:00	2025-12-05 01:49:52.120702+00:00	Negative	-3.723147060855148	0
2025-12-04 16:00:00	14.477	14.543	13.735	13.938	2761883.0	39057716.006	LINKUSDT	0.0	5.88278121587186	4.309977953999372	4.385071847464303	0.8325534471011654	-3.723147060855148	-3.723147060855148	5.88278121587186	-12.903367206381722	49.48941893540469	-0.4132857525985027	-0.7342921129431027	0.3210063603445999	0.9920431668478012	9.981851179673326	14.623690970048226	11.743009029951777	0.7619692196823133	0.108577	0.0	108577000.0	0.0542885	2025-12-06 01:43:46.883131+00:00	2025-12-06 01:43:46.887323+00:00	Negative	-0.8968288133161142	0
2025-12-05 16:00:00	13.938	13.946	13.354	13.813	2398090.0	32657416.105	LINKUSDT	0.0	4.433128650591587	4.311107790873271	4.346403622164949	0.7721354190982814	-0.8968288133161142	-0.8968288133161142	4.433128650591587	-13.171919302881404	48.559862683011616	-0.3609675435946808	-0.6596271990734184	0.2986596554787375	0.9634686549301013	9.522676815731057	14.628276451392663	11.741823548607336	0.7175507521338906	0.105499	0.0	105499000.0	0.0527495	2025-12-07 01:58:03.011121+00:00	2025-12-07 01:58:03.015146+00:00	Negative	-1.5492651849706829	0
2025-12-06 16:00:00	13.813	14.079	13.171	13.599	2011359.0	27529392.928	LINKUSDT	0.0	6.8939336420924855	2.5793864656754213	4.314674339357205	0.6775893256046464	-1.5492651849706829	-1.5492651849706829	6.8939336420924855	-16.12662577301102	46.93452287358949	-0.3329351286361923	-0.5942887849859733	0.2613536563497809	0.9595066081493796	6.859971711456854	14.615815209855562	11.74348479014444	0.6459964345056703	0.0946989999999999	0.0	94699000.0	0.0473494999999999	2025-12-08 01:50:43.501320+00:00	2025-12-08 01:50:43.505390+00:00	Medium	1.0147804985660702	2
2025-12-07 16:00:00	13.599	14.288	13.416	13.737	2780085.0	38596977.224	LINKUSDT	0.0	6.499701848539057	1.0248654890129871	4.093562443830911	1.0592839474693527	1.0147804985660702	1.0147804985660702	6.499701848539057	38.21923386128484	48.139973571829714	-0.2961697308352544	-0.5346649741558295	0.238495243320575	0.9532561361387096	6.761482863138254	14.62018982481788	11.742610175182122	0.6930789300898502	0.111117	0.0	111117000.0	0.0555585	2025-12-09 01:56:05.248488+00:00	2025-12-09 01:56:05.252388+00:00	High	4.855499745213655	3
2025-12-08 16:00:00	13.737	14.434	13.534	14.404	2283875.0	31508551.266	LINKUSDT	0.0	6.6499187232155945	0.98921646071984	3.84586540040162	0.9333144644198113	4.855499745213655	4.855499745213655	6.6499187232155945	-17.848734840841196	53.62357722153141	-0.2107818011526383	-0.4698883395551912	0.2591065384025529	0.949452126414516	7.053140096618356	14.781977690801009	11.71992230919899	0.8765607921162886	0.113618	0.0	113618000.0	0.056809	2025-12-10 01:51:39.919283+00:00	2025-12-10 01:51:39.923218+00:00	Negative	-2.721466259372393	0
2025-12-09 16:00:00	14.404	15.004	13.921	14.012	2949902.0	42407683.531	LINKUSDT	0.0	7.779613533510525	1.232390878319924	3.5084749185143056	1.187244688634133	-2.721466259372393	-2.721466259372393	7.779613533510525	29.162147665699745	50.26000492854098	-0.1727510095078237	-0.4104608735457178	0.237709864037894	0.9589912602420506	4.481395869062716	14.846212836101792	11.71518716389821	0.7335656352141369	0.0738249999999999	0.0	73824999.99999999	0.0369124999999999	2025-12-11 01:52:58.547723+00:00	2025-12-11 01:52:58.552017+00:00	Negative	-3.5612332286611514	0
2025-12-10 16:00:00	14.012	14.882	13.421	13.513	3808073.0	53292964.635	LINKUSDT	0.0	10.885925042843308	1.8262558725411824	3.127153264747176	1.3764158413751637	-3.5612332286611514	-3.5612332286611514	10.885925042843308	29.09150880266531	46.28038911642836	-0.1807924005609411	-0.3645271789487625	0.1837347783878213	0.9948490273676184	2.666767968393854	14.795260773266657	11.927039226733346	0.5529422143779422	0.135038	0.0	135037999.99999997	0.067519	2025-12-12 01:52:40.720586+00:00	2025-12-12 01:52:40.724649+00:00	Low	0.0740028121068584	1
2025-12-11 16:00:00	13.513	14.34	13.387	13.523	2395145.0	33346531.732	LINKUSDT	0.0	7.11884664226488	1.8027694010596875	2.1854697986372185	0.8423477254119692	0.0740028121068584	0.0740028121068584	7.11884664226488	-37.10349040052541	46.372031021361366	-0.184234602661693	-0.3284686636913486	0.1442340610296556	0.9918598111270744	2.122035946231678	14.713091744634603	12.170208255365395	0.5319912415740988	0.1409239999999999	0.0	140923999.99999997	0.0704619999999999	2025-12-13 01:46:17.090595+00:00	2025-12-13 01:46:17.094520+00:00	High	2.159284182503881	3
2025-12-12 16:00:00	13.523	13.967	13.263	13.815	1518245.0	20688744.856	LINKUSDT	0.0	5.3079996984091125	2.0738678414074885	1.8130554810322213	0.5859578826791322	2.159284182503881	2.159284182503881	5.3079996984091125	-36.61156213924418	49.10242833101384	-0.1615384977245426	-0.2950826304979874	0.1335441327734448	0.9712983960465692	15.18259129564782	14.72888655745998	12.26861344254002	0.6285426394663858	0.1364910891089109	0.0	136491089.1089109	0.0682455445544554	2025-12-14 01:58:14.675098+00:00	2025-12-14 01:58:14.679044+00:00	Negative	-2.555193630112195	0
2025-12-13 16:00:00	13.815	13.858	13.411	13.462	1007474.0	13724223.556	LINKUSDT	0.0	3.3330847811498097	2.826899823742117	2.042136339092126	0.4313245520380921	-2.555193630112195	-2.555193630112195	3.3330847811498097	-33.64219872286752	46.05003167944395	-0.1700752987256404	-0.270081164143518	0.1000058654178775	0.9338485106146714	1.3018285800285956	14.702721458968966	12.379778541031037	0.4658837936188497	0.1251169999999999	0.0	125116999.99999996	0.0625584999999999	2025-12-15 01:56:18.427340+00:00	2025-12-15 01:56:18.431085+00:00	Negative	-5.095825285990195	0
2025-12-14 16:00:00	13.462	13.73	12.721	12.776	1963606.0	26134587.981	LINKUSDT	0.0	7.931766370568353	2.839726141310833	2.0781985479413394	0.9182128142949716	-5.095825285990195	-5.095825285990195	7.931766370568353	94.90388833855762	40.74869057080836	-0.2295491422595414	-0.2619747597667227	0.0324256175071812	0.9392164741421948	-11.191436118448488	14.69838671775996	12.38911328224004	0.167536122751464	0.141771	0.0	141771000.0	0.0708855	2025-12-16 01:52:40.629181+00:00	2025-12-16 01:52:40.632787+00:00	High	2.050720100187856	3
2025-12-15 16:00:00	12.776	13.122	12.458	13.038	2628168.0	33573968.832	LINKUSDT	0.0	5.329908492534915	1.7911178060043234	1.9876841378886343	1.3814086061090518	2.050720100187856	2.050720100187856	5.329908492534915	33.8439585130622	43.42738944287392	-0.2526292288771596	-0.2601056535888101	0.0074764247116504	0.9195581545606096	-9.939904676383229	14.689160607110429	12.415439392889567	0.2738069219817546	0.116678	0.0	116678000.00000004	0.058339	2025-12-17 01:48:21.057586+00:00	2025-12-17 01:48:21.061474+00:00	Negative	-3.643196809326581	0
2025-12-16 16:00:00	13.038	13.173	12.475	12.563	2014294.0	25785222.905	LINKUSDT	0.0	5.595190380761526	1.6343090934173528	2.021058928755477	1.1029024220560557	-3.643196809326581	-3.643196809326581	5.595190380761526	-23.35748704040229	39.90505300128409	-0.3057246901430748	-0.269229460899663	-0.0364952292434117	0.9037325720919948	-9.865116946477256	14.72357204918918	12.291827950810823	0.1115133987042511	0.075128	0.0	75128000.0	0.037564	2025-12-18 01:48:40.053484+00:00	2025-12-18 01:48:40.057359+00:00	Low	0.4935126960120942	1
2025-12-17 16:00:00	12.563	12.873	12.055	12.625	2390893.0	29607172.289	LINKUSDT	0.0	6.7855661551223525	1.7222261985471938	2.0208254597069275	1.1949165545080758	0.4935126960120942	0.4935126960120942	6.7855661551223525	18.696327348440693	40.58248292335672	-0.3388937872586162	-0.2831623261714536	-0.0557314610871625	0.8976088169425666	-8.600593643669011	14.743597459219352	12.193202540780652	0.1693061165145693	0.08473	0.0	84730000.00000001	0.042365	2025-12-19 01:52:05.952609+00:00	2025-12-19 01:52:05.956999+00:00	Negative	-1.2990099009900966	0
2025-12-18 16:00:00	12.625	12.747	11.729	12.461	2443273.0	29692381.551	LINKUSDT	0.0	8.6793418023702	1.44957379286818	2.117954528787484	1.0678422311991171	-1.2990099009900966	-1.2990099009900966	8.6793418023702	2.1908132233437465	39.31985562271937	-0.3741015552293838	-0.3013501719830397	-0.0727513832463441	0.9062081871609547	-8.368262372233252	14.77700520502824	12.089694794971756	0.1381698234929393	0.086038	0.0	86038000.0	0.043019	2025-12-20 01:46:32.077014+00:00	2025-12-20 01:46:32.080791+00:00	Medium	1.1556054891260743	2
2025-12-19 16:00:00	12.461	12.707	12.371	12.605	1043805.0	13124984.168	LINKUSDT	0.0	2.716029423652092	2.1813704777536285	2.455911519358003	0.4960846193307823	1.1556054891260743	1.1556054891260743	2.716029423652092	-57.27841301401849	41.05403481714048	-0.3859355437508736	-0.3182672463366064	-0.0676682974142671	0.8654790309351723	-8.240518308218677	14.79119831258424	12.011801687415764	0.2134270104570912	0.078642	0.0	78642000.0	0.039321	2025-12-21 01:58:10.017009+00:00	2025-12-21 01:58:10.020858+00:00	Negative	-2.2134073780245926	0
2025-12-20 16:00:00	12.605	12.707	12.214	12.326	1054151.0	13157505.431	LINKUSDT	0.0	4.036351727525793	2.3261118628151825	1.961342971352229	0.5891470953284533	-2.2134073780245926	-2.2134073780245926	4.036351727525793	0.991181303021158	38.74370034734862	-0.4130654715810919	-0.3372268913855035	-0.0758385801955884	0.8388733858683743	-14.426548181060811	14.7467413963141	12.089458603685898	0.0890162676589455	0.0586089999999999	0.0	58608999.99999999	0.0293044999999999	2025-12-22 01:57:37.040992+00:00	2025-12-22 01:57:37.044916+00:00	High	3.8698685705013816	3
2025-12-21 16:00:00	12.326	12.949	12.265	12.803	1513249.0	19018691.836	LINKUSDT	0.0	5.576844679983687	2.326061867121545	1.895459269765138	0.8959043954374533	3.8698685705013816	3.8698685705013816	5.576844679983687	43.55144566575377	44.49480779384545	-0.3915625321707949	-0.3480940195425618	-0.043468512628233	0.8278110011634904	-8.628318584070794	14.748518509506486	12.039081490493512	0.2819473212131642	0.053737	0.0	53737000.0	0.0268685	2025-12-23 01:53:04.642086+00:00	2025-12-23 01:53:04.645995+00:00	Negative	-4.092790752167468	0
2025-12-22 16:00:00	12.803	12.856	12.063	12.279	1738595.0	21564432.542	LINKUSDT	0.0	6.573820774268417	2.2999245271280024	1.9211380925777064	1.1154746016109434	-4.092790752167468	-4.092790752167468	6.573820774268417	14.891534704467013	40.04679452872944	-0.4120538185909801	-0.3608859793522455	-0.0511678392387345	0.8253245010803838	-9.131947013986531	14.645848758655491	11.931051241344507	0.1281674807925032	0.057186	0.0	57186000.0	0.028593	2025-12-24 01:51:32.691417+00:00	2025-12-24 01:51:32.695427+00:00	Negative	-0.8306865379916958	0
2025-12-23 16:00:00	12.279	12.516	11.995	12.177	1377736.0	16876736.592	LINKUSDT	0.0	4.343476448520224	1.480784259657808	1.8086846479395429	1.0239529004378425	-0.8306865379916958	-0.8306865379916958	4.343476448520224	-20.755782686594635	39.2247960737604	-0.431549227397781	-0.3750186289613527	-0.0565305984364283	0.8035870367174993	-9.953412704281597	14.497899089244074	11.849000910755924	0.1238247252792781	0.0335209999999999	0.0	33521000.0	0.0167604999999999	2025-12-25 01:53:07.708960+00:00	2025-12-25 01:53:07.713065+00:00	Medium	1.5767430401576756	2
2025-12-24 16:00:00	12.177	12.425	12.104	12.369	1129776.0	13849588.129	LINKUSDT	0.0	2.652015862524798	1.5018054086784447	1.8727283577279985	0.8290708441335718	1.5767430401576756	1.5767430401576756	2.652015862524798	-17.997642509159956	41.65258326047092	-0.4265892288572654	-0.3853327489405352	-0.0412564799167302	0.769116534094821	-10.46688382193268	14.414874387962524	11.775125612037472	0.2249738283350144	0.020928	0.0	20928000.000000004	0.010464	2025-12-26 01:52:37.538669+00:00	2025-12-26 01:52:37.542351+00:00	Negative	-1.5926914059341837	0
2025-12-25 16:00:00	12.369	12.535	11.976	12.172	1607003.0	19715998.326	LINKUSDT	0.0	4.667668670674676	1.4648171272797004	1.8804510417268272	1.0907715738535142	-1.5926914059341837	-1.5926914059341837	4.667668670674676	42.24085128379431	39.89175494432337	-0.4335568741163236	-0.394977573975693	-0.0385793001406306	0.7541082102309051	-9.582528599019456	14.34802325267172	11.67787674732828	0.1850547345184585	0.014081	0.0	14080999.999999998	0.0070405	2025-12-27 01:50:32.787526+00:00	2025-12-27 01:50:32.791437+00:00			
