timestamp	open	high	low	close	volume	quoteVolume	symbol	gap_apertura_pct	volatilidad_diaria	vol_5d	vol_10d	vol_rel_5d	return_pct	close_open_pct	range_pct	volume_change_pct	rsi_14	macd	macd_signal	macd_diff	atr_14	momentum_12	bb_upper	bb_lower	bb_pctb	vader	finbert	sentiment_ratio	sentiment_combined	download_date	added_date
2025-07-15 16:00:00	93.41	98.04	93.34	96.84	647246.38724	62208339.985925	LTCUSDT	0.0	5.0353546175273225	0.0	0.0	0.0	0.0	3.6719837276522926	5.0353546175273225	0.0	0.0	0.0	0.0	0.0	0.0	0.0	0.0	0.0	0.0	0.0	0.0	0.0	0.0	0	0
2025-07-16 16:00:00	96.84	101.78	95.36	101.36	724697.28087	71498576.5046882	LTCUSDT	0.0	6.732382550335572	0.0	0.0	0.0	4.667492771581987	4.667492771581987	6.732382550335572	11.966214900058016	0.0	0.0	0.0	0.0	0.0	0.0	0.0	0.0	0.0	0.0	0.0	0.0	0.0	0	0
2025-07-17 16:00:00	101.36	112.37	99.88	103.96	1731109.34525	184086411.12151	LTCUSDT	0.0	12.50500600720866	0.0	0.0	0.0	2.565114443567477	2.565114443567477	12.50500600720866	138.8734428769763	0.0	0.0	0.0	0.0	0.0	0.0	0.0	0.0	0.0	0.0	0.0	0.0	0.0	0	0
2025-07-18 16:00:00	103.96	105.88	99.7	101.29	1001408.63974	102269754.6256785	LTCUSDT	0.0	6.198595787362079	0.0	0.0	0.0	-2.568295498268553	-2.568295498268553	6.198595787362079	-42.1522018532353	0.0	0.0	0.0	0.0	0.0	0.0	0.0	0.0	0.0	0.0	0.0	0.0	0.0	0	0
2025-07-19 16:00:00	101.29	120.34	101.17	117.3	2763957.75193	313684276.0484816	LTCUSDT	0.0	18.948304833448653	5.832142689069354	0.0	2.0120770070519063	15.80610129331621	15.80610129331621	18.948304833448653	176.00698079133988	0.0	0.0	0.0	0.0	0.0	0.0	0.0	0.0	0.0	0.0	0.0	0.0	0.0	0	0
2025-07-20 16:00:00	117.3	122.07	114.05	118.48	1779368.76642	210191108.979884	LTCUSDT	0.0	7.032003507233667	5.474555654583019	0.0	1.1120301689641765	1.0059676044330834	1.0059676044330834	7.032003507233667	-35.6224325361879	0.0	0.0	0.0	0.0	0.0	0.0	0.0	0.0	0.0	0.0	0.0	0.0	0.0	0	0
2025-07-21 16:00:00	118.48	118.55	112.67	115.91	1463300.8	168746625.434	LTCUSDT	0.0	5.218780509452379	5.754673267268817	0.0	0.8372104760866853	-2.16914247130318	-2.16914247130318	5.218780509452379	-17.76292651555938	0.0	0.0	0.0	0.0	0.0	0.0	0.0	0.0	0.0	0.0	0.0	0.0	0.0	0	0
2025-07-22 16:00:00	115.91	122.37	110.92	114.68	1560881.6	182705160.226	LTCUSDT	0.0	10.322755138838804	5.595908958673109	0.0	0.9107810814017906	-1.0611681477007937	-1.0611681477007937	10.322755138838804	6.668540056835891	0.0	0.0	0.0	0.0	0.0	0.0	0.0	0.0	0.0	0.0	0.0	0.0	0.0	0	0
2025-07-23 16:00:00	114.68	115.48	106.62	113.49	1493222.4	166867585.996	LTCUSDT	0.0	8.309885574939035	5.354815987774464	0.0	0.8240076587283257	-1.037670038367642	-1.037670038367642	8.309885574939035	-4.334678556016048	0.0	0.0	0.0	0.0	0.0	0.0	0.0	0.0	0.0	0.0	0.0	0.0	0.0	0	0
2025-07-24 16:00:00	113.49	116.38	108.21	110.57	1374923.4	154224467.35	LTCUSDT	0.0	7.550133998706221	1.8624614987494057	4.242640834161608	0.8961012185558265	-2.5729139131201	-2.5729139131201	7.550133998706221	-7.922396556601348	0.0	0.0	0.0	0.0	0.0	0.0	0.0	0.0	0.0	0.0	0.0	0.0	0.0	0	0
2025-07-25 16:00:00	110.57	114.61	109.3	113.83	813495.6	91899349.342	LTCUSDT	0.0	4.858188472095153	2.2639488735552287	4.260372886681561	0.6065590330601887	2.948358505923854	2.948358505923854	4.858188472095153	-40.8333875181701	0.0	0.0	0.0	0.0	0.0	0.0	0.0	0.0	0.0	0.0	0.0	0.0	0.0	0	0
2025-07-26 16:00:00	113.83	115.63	112.39	113.49	618695.6	70461506.936	LTCUSDT	0.0	2.8828187561170875	2.93112769691371	4.623174093528263	0.5277875150399611	-0.2986910304840581	-0.2986910304840581	2.8828187561170875	-23.94604224042515	0.0	0.0	0.0	0.0	0.0	0.0	0.0	0.0	0.0	0.0	0.0	0.0	0.0	0	0
2025-07-27 16:00:00	113.49	116.43	109.8	110.44	720430.8	81954201.644	LTCUSDT	0.0	6.038251366120227	2.164167182469902	4.430752471589974	0.7174508249515144	-2.687461450348046	-2.687461450348046	6.038251366120227	16.443498224328746	0.0	0.0	0.0	0.0	0.0	14.04378356051218	0.0	0.0	0.0	0.0	0.0	0.0	0.0	0	0
2025-07-28 16:00:00	110.44	111.04	107.05	108.1	642527.0	70181652.114	LTCUSDT	0.0	3.727230266230742	1.8508793724244303	4.59201996317053	0.7704026913297717	-2.1187975371242334	-2.1187975371242334	3.727230266230742	-10.813502143439736	54.59596224790693	0.0	0.0	0.0	7.89357142857143	6.649565903709545	0.0	0.0	0.0	0.0	0.0	0.0	0.0	0	0
2025-07-29 16:00:00	108.1	110.42	106.74	109.34	793363.6	85990686.428	LTCUSDT	0.0	3.447629754543758	1.2586200544841857	2.374976766520426	1.1054212266107133	1.1470860314523674	1.1470860314523674	3.447629754543758	23.475527098472124	56.77134836009012	0.0	0.0	0.0	7.592602040816328	5.175067333589852	0.0	0.0	0.0	0.0	0.0	0.0	0.0	0	0
2025-07-30 16:00:00	109.34	111.88	105.08	109.22	733008.2	80078881.32	LTCUSDT	0.0	6.47125999238675	1.625662302771906	2.3528132568505624	1.044759028526933	-0.1097494055240575	-0.1097494055240575	6.47125999238675	-7.607533292427333	56.489281431119	0.0	0.0	0.0	7.535987609329448	7.8290058248593075	0.0	0.0	0.0	0.0	0.0	0.0	0.0	0	0
2025-07-31 16:00:00	109.22	110.39	103.11	106.31	734315.8	77736670.446	LTCUSDT	0.0	7.06042090970808	1.6514268328815096	2.367104886232545	1.0132280051464198	-2.6643471891594914	-2.6643471891594914	7.06042090970808	0.178388181742045	50.00141788616153	0.0	0.0	0.0	7.51770278009163	-9.369138959931794	0.0	0.0	0.0	0.0	0.0	0.0	0.0	0	0
2025-08-01 16:00:00	106.31	109.98	103.91	108.06	718538.8	76920632.358	LTCUSDT	0.0	5.841593686844392	1.6331466746984808	1.8366233349036405	0.9919764277711456	1.646129244661838	1.646129244661838	5.841593686844392	-2.148530645806613	53.46291946834796	0.0	0.0	0.0	7.414295438656515	-8.794733288318705	0.0	0.0	0.0	0.0	0.0	0.0	0.0	0	0
2025-08-02 16:00:00	108.06	110.22	104.01	109.86	1053920.6	113120732.38	LTCUSDT	0.0	5.9705797519469215	1.377953947777665	1.5879044534363302	1.306573502032036	1.6657412548584094	1.6657412548584094	5.9705797519469215	46.675530952538686	56.77755170027416	0.0	0.0	0.0	7.328274335895335	-5.219566905357603	0.0	0.0	0.0	0.0	0.0	0.0	0.0	0	0
2025-08-03 16:00:00	109.86	119.63	108.51	117.73	1156305.2	132731132.472	LTCUSDT	0.0	10.24790341903971	1.8140885511438436	2.132453329570243	1.3151522924264991	7.163662843619156	7.163662843619156	10.24790341903971	9.714640742386084	67.6325846489278	0.0	0.0	0.0	7.599111883331382	2.659574468085104	121.53308871493618	98.49291128506384	0.8349366567808915	0.0	0.0	0.0	0.0	0	0
2025-08-04 16:00:00	117.73	129.1	117.54	122.02	2349143.0	288823034.89	LTCUSDT	0.0	9.834949804321925	2.113170948685704	2.4785877633233917	1.953639147873314	3.643931028624813	3.643931028624813	9.834949804321925	103.15942538354062	71.7914076770793	0.0	0.0	0.0	7.882032463093425	7.5160807119570014	122.2492557590684	100.29474424093162	0.9895576925554	0.0	0.0	0.0	0.0	0	0
2025-08-05 16:00:00	122.02	123.9	115.14	118.21	1279015.4	151683586.07	LTCUSDT	0.0	7.608129233976034	2.0797576064377847	2.223310677965165	0.9753167758718532	-3.1224389444353404	-3.1224389444353404	7.608129233976034	-45.55395733678197	63.93452562987831	0.0	0.0	0.0	7.944744430015324	6.909649995477979	122.48939946939244	101.73960053060752	0.793761882608244	0.9349	0.0001169796887552	0.0001251252151353	0.2805518857821286	0	0
2025-08-06 16:00:00	118.21	122.25	116.93	121.15	1377422.2	164732089.21	LTCUSDT	0.0	4.549730608056096	2.447278284447293	2.314886178820255	0.9544478632353552	2.4870992301835817	2.4870992301835817	4.549730608056096	7.693949580278709	66.94110793353522	0.0	0.0	0.0	7.757262685014228	6.430642185715548	123.35246115760906	102.59553884239097	0.8938926915964657	0.0	0.0	0.0	0.0	0	0
2025-08-07 16:00:00	121.15	124.36	119.28	121.34	1833949.8	223432127.38	LTCUSDT	0.0	4.258886653252849	2.829461114206671	2.2499366352090497	1.1468155998605074	0.1568303755674764	0.1568303755674764	4.258886653252849	33.143621469147234	67.13180685305996	0.0	0.0	0.0	7.56602963608464	6.916908978764656	123.48372099248778	104.46927900751226	0.8872582748322745	0.0	0.0	0.0	0.0	0	0
2025-08-08 16:00:00	121.34	126.4	120.9	121.1	970738.6	120366184.07	LTCUSDT	0.0	4.549214226633581	2.470028565435096	2.104573202007608	0.6214501702822273	-0.1977913301467027	-0.1977913301467027	4.549214226633581	-47.06842030245321	66.60912670943611	0.0	0.0	0.0	7.418456090650023	9.652299891343713	124.07521187390168	104.25778812609832	0.8498688875121087	0.0	0.0	0.0	0.0	0	0
2025-08-09 16:00:00	121.1	125.94	118.21	124.24	1263162.2	153416350.572	LTCUSDT	0.0	6.539209880720755	1.4892555640219298	2.1040801273437704	0.9392534662627936	2.5928984310487206	2.5928984310487206	6.539209880720755	30.12382530168265	69.9100280085697	4.772757820501155	0.0	0.0	7.440709227032165	14.930619796484738	125.1514443767835	103.75755562321652	0.9573969750295376	0.0	0.0	0.0	0.0	0	0
2025-08-10 16:00:00	124.24	128.11	122.04	125.17	1330976.6	166607680.044	LTCUSDT	0.0	4.973779088823342	0.9112788340799536	2.161116154490712	0.982089443166009	0.7485511912427615	0.7485511912427615	4.973779088823342	5.36862170194771	70.82980404718101	5.027954942237045	0.0	0.0	7.342801425101297	14.477775745381376	126.58402626105988	103.2509737389401	0.9393981451968456	0.0	0.0	0.0	0.0	0	0
2025-08-11 16:00:00	125.17	127.15	118.35	124.43	1230631.2	149506696.372	LTCUSDT	0.0	7.435572454583871	1.3724510163518266	2.171049441380492	0.9281536482678584	-0.5911959734760684	-0.5911959734760684	7.435572454583871	-7.539230967696962	69.02187851743142	5.111565736278124	0.0	0.0	7.446887037594062	13.92602087529757	127.78415425220965	103.02584574779036	0.8645240949473212	0.0	0.0	0.0	0.0	0	0
2025-08-12 16:00:00	124.43	134.25	123.82	130.17	1414789.6	184916819.196	LTCUSDT	0.0	8.423518010014543	1.6313100537024492	2.230201271146884	1.139067363947193	4.613035441613743	4.613035441613743	8.423518010014543	14.964548274088951	74.46621078275842	5.576713045156154	0.0	0.0	7.659966534908773	22.443796444360817	130.14327401916404	102.33472598083596	1.0009610707038394	0.0	0.0	0.0	0.0	0	0
2025-08-13 16:00:00	130.17	134.08	120.31	122.81	1955744.5	250175668.9205	LTCUSDT	0.0	11.445432632366396	2.4177064139522195	2.4542926498069426	1.359042281479111	-5.654144580164389	-5.654144580164389	11.445432632366396	38.23571363544091	59.923716826582925	5.290469904873618	0.0	0.0	8.096397496701005	13.64982417175643	130.78077946702675	102.92122053297324	0.7138942692562212	0.0	0.0	0.0	0.0	0	0
2025-08-14 16:00:00	122.81	123.29	116.57	117.63	717399.78	86468326.1625	LTCUSDT	0.0	5.764776529124143	2.5375815636052863	2.254219747888874	0.5394355088845763	-4.217897565344847	-4.217897565344847	5.764776529124143	-63.31832813539805	52.19751431098384	4.592695707730627	0.0	0.0	7.998083389793791	7.07263790278536	130.90427652468924	103.17772347531071	0.5212431743300747	0.0	0.0	0.0	0.0	0	0
2025-08-15 16:00:00	117.63	120.85	116.61	118.9	415635.24	49304014.99	LTCUSDT	0.0	3.6360517965869095	2.925674196669048	2.393639878014488	0.3624177887109462	1.0796565501997877	1.0796565501997877	3.6360517965869095	-42.06365103708284	53.77127223777977	4.094978650621684	0.0	0.0	7.729648861951377	0.993799371443134	131.0979792822533	103.52502071774668	0.5576107927005272	0.0	0.0	0.0	0.0	0	0
2025-08-16 16:00:00	118.9	123.23	118.77	122.42	426697.45	51726067.807	LTCUSDT	0.0	3.755157026185071	3.330879377558135	2.465066770519166	0.43273263619902	2.9604709840201813	2.9604709840201813	3.755157026185071	2.661518787482992	57.907598441191816	3.939160686782799	0.0	0.0	7.496102514669137	0.3278151122766806	131.49017816260755	104.33082183739246	0.6660385447284448	0.0	0.0	0.0	0.0	0	0
2025-08-17 16:00:00	122.42	123.06	115.3	118.04	859813.25	101638629.5132	LTCUSDT	0.0	6.730268863833483	3.1825403517317845	2.38499256803414	0.9825785339560856	-3.577846757065835	-3.577846757065835	6.730268863833483	101.50419225612902	51.70783238040783	3.4227886560055225	4.387760371209142	-0.9649717152036192	7.514952335049913	-0.1438118602486993	131.22053223284794	105.59446776715208	0.4856591323067984	0.0	0.0	0.0	0.0	0	0
2025-08-18 16:00:00	118.04	119.15	113.18	114.13	966533.8	112089571.928	LTCUSDT	0.0	5.274783530659126	1.328440963053136	2.33547920067674	1.4272166295728346	-3.312436462216207	-3.312436462216207	5.274783530659126	12.412061572672908	46.88239314711111	2.6673087041885	4.043670037805013	-1.3763613336165132	7.404598596832062	-5.794469665703681	130.9417079672516	106.3522920327484	0.3163030788518295	-0.9186	0.9999192357063292	1.088524000851653	0.4243634649944305	0	0
2025-08-19 16:00:00	114.13	116.04	112.03	114.93	825983.2	94115800.02	LTCUSDT	0.0	3.5793983754351557	1.3854460671309048	2.4975062203893885	1.181778062979659	0.7009550512573481	0.7009550512573481	3.5793983754351557	-14.541715975168184	47.95262352673364	2.108829440466451	3.656701918337301	-1.54787247787085	7.162127268486914	-5.282676776001315	130.5868277369396	107.27817226306036	0.3282826735979964	0.0	0.0	0.0	0.0	0	0
2025-08-20 16:00:00	114.93	117.29	113.99	114.08	499076.8	57738910.982	LTCUSDT	0.0	2.8949907886656825	1.5442355809094035	2.681566725031344	0.6974038908030776	-0.7395806142869646	-0.7395806142869646	2.8949907886656825	-39.57785097808284	46.87202076290782	1.5794359496247807	3.241248724594797	-1.6618127749700164	6.886261035023565	-5.79686209744013	129.71635838728037	108.92564161271964	0.2479163389685139	0.0	0.0	0.0	0.0	0	0
2025-08-21 16:00:00	114.08	120.5	112.46	119.44	833237.2	96892926.814	LTCUSDT	0.0	7.149208607504896	1.874737749506437	2.66475140875754	1.0455603408008132	4.698457223001403	4.698457223001403	7.149208607504896	66.95570701743699	53.92326764956828	1.574248047117791	2.9078485890993964	-1.333600541981605	6.96867096109331	-3.863490019317448	128.91270691089986	110.86729308910012	0.4750629160160147	0.0	0.0	0.0	0.0	0	0
2025-08-22 16:00:00	119.44	123.68	119.44	120.88	628845.6	76576282.156	LTCUSDT	0.0	3.549899531145353	1.7280273154349632	2.5895099539689213	0.8376395558423974	1.2056262558606814	1.2056262558606814	3.549899531145353	-24.52982176023826	55.6271603093784	1.6671150973232187	2.659701890744161	-0.9925867934209424	6.773765892443789	-3.427338819205885	128.2044190921269	112.6775809078731	0.5282736249834304	0.0	0.0	0.0	0.0	0	0
2025-08-23 16:00:00	120.88	122.14	118.27	119.31	300420.0	36081190.894	LTCUSDT	0.0	3.272173839519747	1.7326325876996624	1.5380562237313369	0.4865002260035003	-1.2988087359364604	-1.2988087359364604	3.272173839519747	-52.22674691530004	53.31237645039488	1.5956335543522613	2.4468882234657814	-0.8512546691135201	6.566354042983519	-4.11476332074259	128.20320506038988	112.83679493961014	0.4212568198759874	0.0	0.0	0.0	0.0	0	0
2025-08-24 16:00:00	119.31	124.8	110.47	111.66	1223481.6	143482723.442	LTCUSDT	0.0	12.971847560423644	4.272212772539904	3.080302796235449	1.7553229768246252	-6.411868242393768	-6.411868242393768	12.971847560423644	307.2570401437987	43.75754610510759	0.9111892280433692	2.139748424381299	-1.2285591963379296	7.12090018277041	-14.219866328647148	128.5581827937463	111.4458172062537	0.0125162586464871	0.0	0.0	0.0	0.0	0	0
2025-08-25 16:00:00	111.66	112.65	106.64	111.98	766153.6	84037057.958	LTCUSDT	0.0	5.635783945986502	3.942520167368901	3.026053540549584	1.0209560522560737	0.286584273687988	0.286584273687988	5.635783945986502	-37.379229896060565	44.207989452079296	0.3900868159433202	1.7898161026937034	-1.3997292867503832	7.041550169715381	-8.81850012213989	128.91266780372166	110.46833219627835	0.0819583765929529	0.0	0.0	0.0	0.0	0	0
2025-08-26 16:00:00	111.98	116.25	111.8	113.65	658936.6	75083724.434	LTCUSDT	0.0	3.98032200357782	4.067948658783383	3.0125897435304805	0.9208587846949112	1.4913377388819449	1.4913377388819449	3.98032200357782	-13.99419124311365	46.61112284964048	0.1105896347715713	1.4539708091092771	-1.3433811743377058	6.856439443307139	-3.3834906061378818	128.87360540850017	109.75739459149985	0.2036285038789392	0.0	0.0	0.0	0.0	0	0
2025-08-27 16:00:00	113.65	114.57	111.26	112.58	524204.6	59333476.176	LTCUSDT	0.0	2.9750134819341976	4.157481526380599	3.0761108606627667	0.7546428989734069	-0.9414870215574196	-0.9414870215574196	2.9750134819341976	-20.446883660734585	45.26579537153005	-0.1950060443205075	1.1241754384233202	-1.3191814827438275	6.603122340213772	-5.315391084945338	128.81951564070388	108.93548435929615	0.1832885690595143	0.0	0.0	0.0	0.0	0	0
2025-08-28 16:00:00	112.58	113.89	108.72	109.89	564939.2	62888967.666	LTCUSDT	0.0	4.755334805003681	3.984277934091325	3.077748617351951	0.7557279103846211	-2.389411973707584	-2.389411973707584	4.755334805003681	7.770744476488756	41.98495342412334	-0.646797461907525	0.7699808583571512	-1.4167783202646762	6.5007564587699305	-10.235255677176932	128.9355763640895	107.69842363591052	0.1031953949825647	0.0	0.0	0.0	0.0	0	0
2025-08-29 16:00:00	109.89	111.21	108.25	110.59	251446.2	27600404.096	LTCUSDT	0.0	2.7344110854503407	1.2142602513391827	3.1344913152996394	0.4545829268329724	0.6370006370006396	0.6370006370006396	2.7344110854503407	-55.4914581958554	43.13987737674855	-0.9375537296818665	0.4284739407493477	-1.366027670431214	6.247845283143506	-6.311419857675367	128.39627768772425	106.8727223122757	0.1727074185877544	0.0	0.0	0.0	0.0	0	0
2025-08-30 16:00:00	110.59	111.85	109.64	110.66	186977.4	20721068.868	LTCUSDT	0.0	2.0156877052170685	1.0788297754889011	3.211244371462452	0.42757159374051	0.0632968622841063	0.0632968622841063	2.0156877052170685	-25.639202342290325	43.26151702244467	-1.1490858058049866	0.1129619914384808	-1.2620477972434676	5.95942776291897	-3.0403925348287038	127.49589926276812	106.3221007372319	0.2048710937499691	0.0	0.0	0.0	0.0	0	0
2025-08-31 16:00:00	110.66	111.31	107.18	109.48	374089.0	40940564.234	LTCUSDT	0.0	3.853330845306956	1.0599072590276086	3.1231264149429454	0.9835872558260264	-1.0663292969455924	-1.0663292969455924	3.853330845306956	100.07177338009834	41.644216593242255	-1.3958521240689237	-0.188800831663	-1.2070512924059236	5.8287543512819004	-4.7420168798399045	126.62918030654356	105.69381969345643	0.1808509715460429	0.0	0.0	0.0	0.0	0	0
2025-09-01 16:00:00	109.48	111.98	106.34	109.52	779615.6	85279266.108	LTCUSDT	0.0	5.303742712055671	1.366859605861848	3.108412937190498	1.807119239760427	0.0365363536718962	0.0365363536718962	5.303742712055671	108.4037755721232	41.72374883630324	-1.570089528702269	-0.4650585710708538	-1.105030957631415	5.815271897618907	-3.997194950911643	123.78246150393008	106.4755384960699	0.1759100391529684	0.0	0.0	0.0	0.0	0	0
2025-09-02 16:00:00	109.52	113.27	109.28	112.83	436741.4	48691083.57	LTCUSDT	0.0	3.6511713030746655	1.243966619187685	3.0906552273888037	1.0763170782390354	3.0222790357925517	3.0222790357925517	3.6511713030746655	-43.97990496855117	48.035096943192535	-1.4246619736007489	-0.6569792515768329	-0.767682722023916	5.68489533350327	-5.534159410582719	122.57631486917047	106.68368513082952	0.3867399524411307	0.0	0.0	0.0	0.0	0	0
2025-09-03 16:00:00	112.83	113.43	109.69	109.96	332280.51108	37076901.9578414	LTCUSDT	0.0	3.409608897802907	1.173128311874992	1.142312105640538	0.787505083852973	-2.543649738544717	-2.543649738544717	3.409608897802907	-23.918247484667127	43.62355724708482	-1.5234334107878738	-0.8302700834190411	-0.6931633273688327	5.545974238253038	-9.033752481800134	122.3160359841815	106.17696401581853	0.2344023244705309	0.0	0.0	0.0	0.0	0	0
2025-09-04 16:00:00	109.96	115.05	109.48	112.26	425577.14496	47792144.9377604	LTCUSDT	0.0	5.087687248812562	0.8708725653818528	1.056006751863627	0.906137381052459	2.0916696980720366	2.0916696980720366	5.087687248812562	28.077672559477264	47.76386989694725	-1.3999815919368928	-0.9442123851226114	-0.4557692068142813	5.547690364092106	-5.908976615539348	121.73337069850884	106.09562930149116	0.3941982759533589	0.0	0.0	0.0	0.0	0	0
2025-09-05 16:00:00	112.26	113.31	111.16	111.44	153918.61256	17242935.6530841	LTCUSDT	0.0	1.9341489744512463	1.373451961449239	1.2005054472069712	0.3616282279663245	-0.7304471761981182	-0.7304471761981182	1.9341489744512463	-63.83297026571604	46.45399670825893	-1.3527189806783042	-1.02591370423375	-0.3268052764445541	5.304998195228385	-0.1970266881604861	120.19814655898428	106.5328534410157	0.3590955947027476	0.0	0.0	0.0	0.0	0	0
2025-09-06 16:00:00	111.44	115.35	111.29	114.59	264519.30975	29951758.0124823	LTCUSDT	0.0	3.648126516308732	1.1197049334985725	1.1820413480141687	0.8199418652527759	2.826633165829151	2.826633165829151	3.648126516308732	71.85661002946348	51.90990166295033	-1.048992217091893	-1.0305294068053787	-0.0184628102865143	5.216069752712071	2.330773352384354	119.71187444272398	106.67412555727604	0.6071503993729508	-0.0258	0.9999716877937316	38.75709033734086	0.6922401814556122	0	0
2025-09-07 16:00:00	114.59	115.42	111.91	113.34	533189.06488	60618467.8548182	LTCUSDT	0.0	3.136448932177648	1.1312374602593145	1.121522926590093	1.5595023535062635	-1.0908456235273585	-1.0908456235273585	3.136448932177648	101.56905194706675	49.74387646574144	-0.8987904254832699	-1.0041816105409571	0.1053911850576871	5.094207627518352	-0.2727672679278506	119.65874488393789	106.64825511606216	0.5143345871929036	0.0	0.0	0.0	0.0	0	0
2025-09-08 16:00:00	113.34	114.64	110.74	111.3	615638.78997	69479038.6368751	LTCUSDT	0.0	3.521762687375841	1.1315166682811424	1.0907799954488862	1.5446244737519992	-1.799894123875072	-1.799894123875072	3.521762687375841	15.463506384654814	46.34510468642437	-0.933603375926836	-0.990065963618133	0.0564625876912969	5.008907082695613	-1.1369692662995212	119.4714110502414	106.47258894975865	0.3713729607901999	0.0	0.0	0.0	0.0	0	0
2025-09-09 16:00:00	111.3	115.18	110.91	114.29	412075.58794	46586609.0413407	LTCUSDT	0.0	3.849968442881625	0.76347702880176	0.9478030986136392	1.0409411817632106	2.6864330637915623	2.6864330637915623	3.849968442881625	-33.06536322052086	51.56831660114335	-0.7117206063207817	-0.9343968921586628	0.222676285837881	4.956128005360212	4.004004004004009	119.48971100011362	106.47528899988636	0.6004654682303361	0.0	0.0	0.0	0.0	0	0
2025-09-10 16:00:00	114.29	118.69	112.9	113.9	954610.6727	110718229.163832	LTCUSDT	0.0	5.128432240921161	0.7569338481187013	1.04553597271762	1.71690502717173	-0.3412372036048653	-0.3412372036048653	5.128432240921161	131.65911804486595	50.8726664277293	-0.5608811645346066	-0.8596937466338516	0.298812582099245	5.015690290691625	2.9930373451487498	118.52489679004618	106.88610320995382	0.6026309120253789	0.0	0.0	0.0	0.0	0	0
2025-09-11 16:00:00	113.9	116.9	113.79	116.52	411249.7856	47528466.0582125	LTCUSDT	0.0	2.733104842253273	0.9142974171547196	0.9660655846124342	0.7025674080626053	2.300263388937656	2.300263388937656	2.733104842253273	-56.91963254120864	55.240944022306856	-0.2273074575564351	-0.7332164888183683	0.5059090312619332	4.879569555642223	5.295499728899332	117.30630431227496	107.66869568772503	0.9184129234847732	0.0	0.0	0.0	0.0	0	0
2025-09-12 16:00:00	116.52	120.86	116.43	119.15	453092.4	53732492.001	LTCUSDT	0.0	3.8048612900455145	0.8635165319923693	0.968013089143645	0.7958295831641335	2.257123240645391	2.257123240645391	3.8048612900455145	10.17450120708343	59.16601851954611	0.2464304320424872	-0.5372871046461972	0.7837175366886845	4.84745744452492	8.832663500182683	117.25329293643952	107.70570706356048	1.1986582879498668	0.0	0.0	0.0	0.0	0	0
2025-09-13 16:00:00	119.15	120.75	113.96	114.79	505735.8	59515072.849	LTCUSDT	0.0	5.958230958230963	1.258843915452539	1.2101126949401055	0.9239666893025644	-3.659253042383549	-3.659253042383549	5.958230958230963	11.61868969773052	51.15686956315759	0.2669780044400056	-0.3764340828289566	0.6434120872689623	4.986210484201712	4.8119065010957	117.49650367760376	107.77549632239622	0.7215819740992288	0.0	0.0	0.0	0.0	0	0
2025-09-14 16:00:00	114.79	116.81	112.43	113.13	278963.1	31861789.931	LTCUSDT	0.0	3.895757360135191	1.2549583314342556	1.1342979015596442	0.5357150761631486	-1.4461189999128936	-1.4461189999128936	3.895757360135191	-44.840151715579566	48.46679328787133	0.1476123930199548	-0.2716247876591743	0.4192371806791292	4.942909735330161	0.2658867322520581	117.54880750828409	107.83819249171592	0.5449508089091415	0.0	0.0	0.0	0.0	0	0
2025-09-15 16:00:00	113.13	115.29	111.97	115.07	213578.0	24271647.42	LTCUSDT	0.0	2.965079932124683	1.2724991218556094	0.9871020507328454	0.5733271006701857	1.7148413329797558	1.7148413329797558	2.965079932124683	-23.43861965973277	51.66565037507925	0.2071679693373482	-0.1758662362598698	0.3830342055972181	4.826987611378008	4.647144416151328	117.71428979351649	107.81471020648353	0.7328886777191908	0.0	0.0	0.0	0.0	0	0
2025-09-16 16:00:00	115.07	115.89	113.62	113.92	217994.2	25017263.046	LTCUSDT	0.0	1.997887695828196	1.4648591919766376	1.1514900647476367	0.6529261002771418	-0.9993916746328247	-0.9993916746328247	1.997887695828196	2.067722330951695	49.69634566891652	0.1597295408756167	-0.1087470808327725	0.2684766217083892	4.644345639136721	1.4787101371815397	117.80570254915294	107.857297450847	0.6094145231566195	0.0	0.0	0.0	0.0	0	0
2025-09-17 16:00:00	113.92	118.14	113.2	117.1	497884.7	57796177.15	LTCUSDT	0.0	4.363957597173142	1.493597406184193	1.1502663836088494	1.45227376648027	2.791432584269657	2.791432584269657	4.363957597173142	128.3935535899579	54.82414861010395	0.3744176149768208	-0.0121141416708538	0.3865317566476747	4.665463807769812	5.078966259870779	118.30437557305795	108.07962442694205	0.8822097911384885	0.0	0.0	0.0	0.0	0	0
2025-09-18 16:00:00	117.1	119.54	114.65	115.53	333903.0	39164478.327	LTCUSDT	0.0	4.265154819014392	1.0038625133065489	1.152732869758815	1.0824678099204903	-1.3407344150298832	-1.3407344150298832	4.265154819014392	-32.93567767798448	52.005516339637	0.4131114893868641	0.0729309845406897	0.3401805048461744	4.6815021072148255	0.8203159088925716	118.50175774652509	108.37624225347491	0.7065080045984035	0.0	0.0	0.0	0.0	0	0
2025-09-19 16:00:00	115.53	115.88	113.41	114.7	236527.9648	27045056.1652552	LTCUSDT	0.0	2.17793845339917	1.1206744635892136	1.2749727711523398	0.7884854939857103	-0.7184281139098055	-0.7184281139098055	2.17793845339917	-29.16267155431368	50.5265797687262	0.3725085535042893	0.1328464983334096	0.2396620551708796	4.523537670985195	1.1999294159167102	118.56459177836663	108.71740822163332	0.607543440609055	0.0	0.0	0.0	0.0	0	0
2025-09-20 16:00:00	114.7	116.27	113.65	115.44	207488.24863	23846297.2432495	LTCUSDT	0.0	2.305323361196648	1.185448796188726	1.2428318507652636	0.6944989646344302	0.6451612903225762	0.6451612903225762	2.305323361196648	-12.277498009402397	51.84153533877674	0.3954833638127581	0.1853738714292793	0.2101094923834787	4.387570694486252	3.71967654986523	118.52931981456626	109.34868018543372	0.66349623344728	0.0	0.0	0.0	0.0	0	0
2025-09-21 16:00:00	115.44	115.97	102.21	105.33	967653.49235	105308547.3356465	LTCUSDT	0.0	13.462479209470704	4.67138583928247	3.3697298100244453	2.1566121332568127	-8.757796257796258	-8.757796257796258	13.462479209470704	366.36544418260144	37.26765186410245	-0.3975190880972832	0.0687952795239668	-0.46631436762125	5.057029930594377	-7.839706011024592	119.36979600287076	108.08920399712925	-0.2445974462798485	0.0	0.0	0.0	0.0	0	0
2025-09-22 16:00:00	105.33	107.25	104.49	106.75	503824.09204	53306855.0413761	LTCUSDT	0.0	2.641401091013499	4.820204636361255	3.4169070281136875	1.1199093297551606	1.3481439286053374	1.3481439286053374	2.641401091013499	-47.9334187265283	39.826387371002205	-0.901010820071278	-0.1251659403950821	-0.7758448796761958	4.89295636412335	-6.277436347673403	119.83050889929125	107.0204911007088	-0.0211155913256208	0.0	0.0	0.0	0.0	0	0
2025-09-23 16:00:00	106.75	107.72	104.58	106.83	888500.35413	94884135.5137101	LTCUSDT	0.0	3.002486135016256	4.898828653130485	3.395229228491574	1.58434773038329	0.0749414519906307	0.0749414519906307	3.002486135016256	76.35130359336993	39.97493059604025	-1.278834703297946	-0.3558996929756549	-0.922935010322291	4.767745195257397	-8.316168898043252	120.14099796274706	106.39700203725296	0.0315045176886201	0.0	0.0	0.0	0.0	0	0
2025-09-24 16:00:00	106.83	107.07	101.87	104.42	486279.85217	50743292.6997857	LTCUSDT	0.0	5.1045450083439565	4.68985668956625	3.408335934486407	0.7962021823502449	-2.2559206215482512	-2.2559206215482512	5.1045450083439565	-45.26959388258719	37.01086546419973	-1.752527663623141	-0.6352252871051522	-1.1173023765179888	4.798620538453297	-12.362568191355438	120.75526402197842	104.99873597802156	-0.0367299176828193	0.0	0.0	0.0	0.0	0	0
2025-09-25 16:00:00	104.42	104.68	100.27	103.35	616037.64378	63053713.7673606	LTCUSDT	0.0	4.398125062331715	4.442261783815173	3.3793096917090746	0.8896376052240349	-1.0247079103620067	-1.0247079103620067	4.398125062331715	26.68376882796238	35.74365034557228	-2.1890389269705253	-0.9459880150782268	-1.2430509118922983	4.770861928563776	-9.966024915062295	121.36925867942928	103.57574132057076	-0.012686717078924	0.0	0.0	0.0	0.0	0	0
2025-09-26 16:00:00	103.35	104.87	103.32	104.87	228276.90422	23765516.001734	LTCUSDT	0.0	1.500193573364316	1.4334856445236832	3.4215595708914	0.4191768412908035	1.470730527334311	1.470730527334311	1.500193573364316	-62.944325476719975	38.94187566715208	-2.384835057206004	-1.2337574235037825	-1.1510776337022215	4.5408003622377935	-7.301334747635455	121.4136083053076	102.5593916946924	0.1225512760899697	0.0	0.0	0.0	0.0	0	0
2025-09-27 16:00:00	104.87	104.92	102.69	104.49	154011.93487	16012497.08523	LTCUSDT	0.0	2.171584380173341	1.5035396998791886	3.4881738200445254	0.3244943338891056	-0.362353389911328	-0.362353389911328	2.171584380173341	-32.53284409290383	38.42693938304208	-2.5413723665676287	-1.4952804121165515	-1.046091954451077	4.375743193506523	-9.194403406622056	121.49187695943206	101.5961230405679	0.1454519879585092	0.0	0.0	0.0	0.0	0	0
2025-09-28 16:00:00	104.49	107.6	104.34	106.31	284680.95939	30275805.6404043	LTCUSDT	0.0	3.124400996741413	1.4998024028817438	3.500908832138311	0.8045074428732442	1.74179347305963	1.74179347305963	3.124400996741413	84.8434406270504	42.35832543721868	-2.489868864026832	-1.6941981024986077	-0.7956707615282241	4.296047251113199	-6.6801264044943816	121.50127711131186	101.08772288868816	0.255824000777099	0.0	0.0	0.0	0.0	0	0
2025-09-29 16:00:00	106.31	107.28	103.78	104.44	213220.31006	22565768.2798349	LTCUSDT	0.0	3.3725187897475437	1.1188345282329073	3.452294415826595	0.7125262505303349	-1.7590066785815113	-1.7590066785815113	3.3725187897475437	-25.10201226071539	39.563200228537625	-2.57031633224669	-1.8694217484482245	-0.7008945837984664	4.239186733176543	-10.811272416737827	121.32864732951566	100.27535267048432	0.1978145177258108	0.0	0.0	0.0	0.0	0	0
2025-09-30 16:00:00	104.44	111.67	104.15	111.28	444332.84345	48106649.8783996	LTCUSDT	0.0	7.22035525684109	2.2226010248599266	3.5163646518263985	1.6773316112885102	6.5492148602068205	6.5492148602068205	7.22035525684109	108.39142543454945	52.03174075533715	-2.0584125955842154	-1.9072199178754228	-0.1511926777087926	4.473530537949647	-3.6786981736345536	121.10497508143466	100.23702491856535	0.5291835084542036	0.0	0.0	0.0	0.0	0	0
2025-10-01 16:00:00	111.28	122.57	110.42	118.76	1178651.95024	139054298.3982789	LTCUSDT	0.0	11.003441405542466	3.68855077639142	2.8506974017769404	2.5905599971318343	6.7217828900071925	6.7217828900071925	11.003441405542466	165.26329701140617	61.40820879291889	-1.0371955643462911	-1.7332150471695966	0.6960194828233055	5.021849785238957	3.5396687009590257	121.5096902630774	100.0563097369226	0.8718295114504164	0.0	0.0	0.0	0.0	0	0
2025-10-02 16:00:00	118.76	120.14	115.74	120.04	602877.119	71302112.0466135	LTCUSDT	0.0	3.80162433039572	3.394575828419266	2.796347085383869	1.1066988550126686	1.0778039744021564	1.0778039744021564	3.80162433039572	-48.85028452400722	62.750058779440586	-0.1231685961188873	-1.411205756959455	1.2880371608405676	4.977431943436175	3.984753984753992	121.69907003380835	99.95592996619168	0.9236968520347576	0.0	0.0	0.0	0.0	0	0
2025-10-03 16:00:00	120.04	124.79	117.36	117.68	844336.02054	102241389.1835063	LTCUSDT	0.0	6.3309475119291125	3.072943293765773	2.8003602754274803	1.2857576433728584	-1.966011329556814	-1.966011329556814	6.3309475119291125	40.0510973016377	58.6976219543662	0.4060909213939538	-1.0477464212887733	1.4538373426827271	5.152615376047877	11.725054590335146	122.12361799919634	99.82038200080368	0.8007635304797666	-0.5574	-0.998152792453766	-1.7907265908273682	-0.8659269547176361	0	0
2025-10-04 16:00:00	117.68	124.06	117.68	119.77	518472.03278	62776866.2418598	LTCUSDT	0.0	5.421481985044183	2.6900895394484707	2.8059430620628443	0.7223735223504743	1.776002719238604	1.776002719238604	5.421481985044183	-38.59411180297529	61.09390817381656	0.9828487664949536	-0.6416273837320279	1.624476150226981	5.240285706330171	12.196721311475406	123.07121105445124	99.53678894554876	0.8597283995682864	0.0	0.0	0.0	0.0	0	0
2025-10-05 16:00:00	119.77	121.43	118.05	120.5	419128.88487	50192419.9635124	LTCUSDT	0.0	2.863193562049987	3.1655933554151203	2.8736305420152144	0.5880915995776247	0.6095015446272054	0.6095015446272054	2.863193562049987	-19.16075345035123	61.92484230972011	1.4817576335513678	-0.2169503802753487	1.6987080138267163	5.1074081558780176	12.796031077412714	123.91442778972304	99.23657221027696	0.8616400124909197	0.0	0.0	0.0	0.0	0	0
2025-10-06 16:00:00	120.5	120.61	115.12	116.16	671125.70808	79129886.1650513	LTCUSDT	0.0	4.768936761640023	1.3552231343342365	2.6487245647354034	1.0980676316123403	-3.601659751037347	-3.601659751037347	4.768936761640023	60.12394571377755	54.47574384284053	1.509543695962506	0.1283484349722223	1.3811952609902838	5.134736144743873	11.243056885654084	124.14956864850294	99.22543135149706	0.6794445258708022	0.0	0.0	0.0	0.0	0	0
2025-10-07 16:00:00	116.16	118.28	115.26	116.33	474985.53091	55384434.1270136	LTCUSDT	0.0	2.620163109491581	1.6153704681132772	2.598679182868594	0.8110958259017754	0.1463498622589546	0.1463498622589546	2.620163109491581	-29.225549671034145	54.70558475588792	1.527671879379071	0.408213123853592	1.119458755525479	4.983683562976453	12.559264634736335	124.04854660461416	99.24945339538576	0.6887569017345401	0.0	0.0	0.0	0.0	0	0
2025-10-08 16:00:00	116.33	119.74	115.37	118.27	749187.11868	88323217.6131929	LTCUSDT	0.0	3.787813122995571	1.2036610185142802	2.5520315046573803	1.3222974872542426	1.6676695607323977	1.6676695607323977	3.787813122995571	57.72840853587087	57.35178572010516	1.6792233406954151	0.6624151672219567	1.0168081734734586	4.939849022763849	12.777724802135973	124.41251084029156	99.15948915970849	0.7567613524438341	0.0	0.0	0.0	0.0	0	0
2025-10-09 16:00:00	118.27	135.91	115.51	127.05	2491345.23917	319319107.2968046	LTCUSDT	0.0	17.660808588001032	6.384903561756004	4.6241595865347085	2.592034109658396	7.423691553225671	7.423691553225671	17.660808588001032	232.5397857293016	66.80413269678493	2.47922265265899	1.0257766643093635	1.4534459883496265	6.044145521137859	21.590582830892917	126.6443992342478	98.1626007657522	1.0142407006425815	0.0	0.0	0.0	0.0	0	0
2025-10-10 16:00:00	127.05	129.15	51.76	95.99	4082728.6164	418854997.1885121	LTCUSDT	0.0	149.5170015455951	63.93182306094855	45.46956318121723	2.4102899917526077	-24.447068083431724	-24.447068083431724	149.5170015455951	63.87646931503459	36.220660572188095	0.6000286930559895	0.9406270700586888	-0.3405983770026992	11.140277983913728	-9.707459317091532	127.27576935774074	95.58623064225928	0.0127414084933795	0.0	0.0	0.0	0.0	0	0
2025-10-11 16:00:00	95.99	98.56	90.02	98.12	1166540.46733	110568687.3412477	LTCUSDT	0.0	9.486780715396586	63.39427564639414	45.50830058908261	0.6506236405336407	2.218981143869163	2.218981143869163	9.486780715396586	-71.42743060011144	38.30652244538639	-0.709197670656394	0.6106621219156723	-1.3198597925720663	10.954543842205608	-6.051321332822667	127.7596874877119	94.38131251228808	0.1120092721849004	0.0	0.0	0.0	0.0	0	0
2025-10-12 16:00:00	98.12	102.05	94.73	97.8	1576133.97756	154603449.2161784	LTCUSDT	0.0	7.727224744009282	62.74746990371513	45.36374903128528	0.7829048726872617	-0.3261312678353112	-0.3261312678353112	7.727224744009282	35.11181323760552	38.10489882900706	-1.7523898625033496	0.1380517250318679	-1.8904415875352172	10.69493356776235	-12.11358734723221	128.20753422755345	93.0384657724465	0.1353898308006525	0.0	0.0	0.0	0.0	0	0
2025-10-13 16:00:00	97.8	101.31	91.08	95.57	1398789.78767	134358160.0634093	LTCUSDT	0.0	11.23188405797102	61.82510769949946	45.21366546947855	0.65269227553747	-2.280163599182008	-2.280163599182008	11.23188405797102	-11.251847394632348	36.656913584051146	-2.7276271653748694	-0.4350840530494796	-2.2925431123253897	10.661724027207896	-19.52677669248906	128.77868478285797	91.341315217142	0.112953576384023	0.0	0.0	0.0	0.0	0	0
2025-10-14 16:00:00	95.57	99.9	94.01	94.7	935937.89621	90699601.0392298	LTCUSDT	0.0	6.265290926497181	63.01279085199348	45.18108248534686	0.5108758391377253	-0.910327508632406	-0.910327508632406	6.265290926497181	-33.08945315013946	36.0808647078856	-3.530019614457956	-1.054071165331175	-2.475948449126781	10.320886596693049	-21.10963012329224	129.32921136308084	89.81878863691912	0.1235423725256373	0.0	0.0	0.0	0.0	0	0
2025-10-15 16:00:00	94.7	96.83	91.6	91.74	679345.66588	64087865.3262182	LTCUSDT	0.0	5.709606986899568	2.288542173081673	45.058774903677694	0.5900429288489466	-3.1256599788806843	-3.1256599788806843	5.709606986899568	-27.4155188468218	34.11648747935142	-4.354571879529232	-1.7141713081707866	-2.640400571358445	9.9572518397864	-22.042828008157723	130.0833821950242	87.9036178049758	0.0909531442505954	0.0	0.0	0.0	0.0	0	0
2025-10-16 16:00:00	91.74	93.22	84.2	89.95	1195419.34107	105877542.4297356	LTCUSDT	0.0	10.7125890736342	2.5293517238869483	44.846723843056495	1.0330940878031594	-1.95116633965554	-1.95116633965554	10.7125890736342	75.96628654743779	32.9482625356696	-5.093755883450839	-2.390088223226797	-2.703667660224042	9.890305279801655	-24.89772063120981	130.86800828341393	85.62699171658605	0.0955550651039905	0.0	0.0	0.0	0.0	2025-10-22 17:57:40.419686+00:00	2025-10-22 17:57:40.423911+00:00
2025-10-17 16:00:00	89.95	91.84	89.44	91.03	283310.6	25674393.979	LTCUSDT	0.0	2.683363148479434	3.60612930264692	44.84361974532434	0.315293795054692	1.200667037242911	1.200667037242911	2.683363148479434	-76.30031652772044	34.4076504959928	-5.528686303805941	-3.017807839342626	-2.510878464463315	9.355283474101538	-24.45643153526971	131.37240702982092	83.77659297017912	0.1523959023104786	0.0	0.0	0.0	0.0	2025-10-22 17:57:40.419686+00:00	2025-10-22 17:57:40.423911+00:00
2025-10-18 16:00:00	91.03	94.58	90.37	94.09	195220.7	18013025.209	LTCUSDT	0.0	4.658625650105116	2.9648943717148613	44.80412042127569	0.2967570685791385	3.3615291662089444	3.3615291662089444	4.658625650105116	-31.09304770100377	38.49245671326848	-5.56233621942539	-3.526713515359179	-2.035622704066211	8.987763225951428	-18.99965564738292	131.4766322152025	82.45036778479749	0.2374162573965939	0.0	0.0	0.0	0.0	2025-10-22 17:57:40.419686+00:00	2025-10-22 17:57:40.423911+00:00
2025-10-19 16:00:00	94.09	95.76	92.22	94.78	160944.6	15191819.92	LTCUSDT	0.0	3.838646714378666	3.107022439678912	45.183836388301984	0.3200659880187064	0.7333404187480048	0.7333404187480048	3.838646714378666	-17.557615560235163	39.4087625245856	-5.470268931441481	-3.91542459857564	-1.5548443328658417	8.598637281240611	-18.52488609988825	131.54789753145505	81.41310246854496	0.2666191716687383	0.0	0.0	0.0	0.0	2025-10-22 17:57:40.419686+00:00	2025-10-22 17:57:40.423911+00:00
2025-10-20 16:00:00	94.78	96.56	91.6	96.28	233505.5	21880054.247	LTCUSDT	0.0	5.4148471615720615	3.1053348150940114	2.919597567864585	0.5644590416246076	1.582612365477949	1.582612365477949	5.4148471615720615	45.08439550006648	41.45078259422478	-5.216139074115716	-4.175567493683655	-1.0405715804320614	8.338734618294854	-18.593049801302104	131.07467919365308	80.38632080634692	0.3135567948800118	0.0	0.0	0.0	0.0	2025-10-22 17:57:40.419686+00:00	2025-10-22 17:57:40.423911+00:00
2025-10-21 16:00:00	96.28	96.89	90.93	92.83	299770.9	28051228.282	LTCUSDT	0.0	6.554492466732643	1.4778456282387746	2.759611263179459	1.2780657091868426	-3.583298712089741	-3.583298712089741	6.554492466732643	28.378517850757277	38.257215393046486	-5.232804979924708	-4.387014990931866	-0.8457899889928422	8.168825002702365	-26.934277843368758	129.63191213573057	79.23608786426942	0.2697428275506692	0.0	0.0	0.0	0.0	2025-10-22 17:57:40.419686+00:00	2025-10-22 17:57:40.423911+00:00
2025-10-22 16:00:00	92.83	94.9	89.91	93.95	326160.9	30280653.783	LTCUSDT	0.0	5.5499944388833375	1.0185306883937446	2.7360332872687243	1.341560556056725	1.2065065172896745	1.2065065172896745	5.5499944388833375	8.803389521798145	39.87667429548952	-5.096884479006675	-4.528988888546828	-0.5678955904598473	7.941766073937911	-2.1252213772267865	127.65298464227703	78.60601535772298	0.3128426662462337	0.169702	0.0	169701999.99999997	0.084851	2025-10-23 19:17:43.425276+00:00	2025-10-23 19:17:43.429387+00:00
2025-10-23 16:00:00	93.95	97.37	92.87	95.12	250635.3	23891609.436	LTCUSDT	0.0	4.845482933132336	0.9967435571462744	2.123943456384028	0.9859634472295106	1.245343267695585	1.245343267695585	4.845482933132336	-23.15593316059651	41.59992955378677	-4.838976571119275	-4.590986425061318	-0.2479901460579574	7.695925640085202	-3.0574806359559723	125.8090360127838	78.1939639872162	0.3554764340941274	0.186435	0.0	186435000.0	0.0932175	2025-10-24 23:31:45.993630+00:00	2025-10-24 23:31:45.997600+00:00
2025-10-24 16:00:00	95.12	96.99	94.87	96.07	111782.6	10745445.806	LTCUSDT	0.0	2.234636871508369	1.622502711523838	2.3581169917302547	0.4574298165609151	0.9987384356602068	0.9987384356602068	2.234636871508369	-55.40029676585859	43.02781035765387	-4.5059834629896045	-4.573985832646976	0.0680023696573712	7.297645237221973	-1.768916155419227	123.29036239612576	78.34263760387421	0.3943995492110373	0.1864149999999999	0.0	186415000.0	0.0932074999999999	2025-10-25 23:30:39.232625+00:00	2025-10-25 23:30:39.236578+00:00
2025-10-25 16:00:00	96.07	99.59	95.92	99.14	111793.3	10923461.294	LTCUSDT	0.0	3.826105087572979	1.656549518084673	2.3896948371682494	0.5080853125457329	3.1955865514728927	3.1955865514728927	3.826105087572979	0.0095721516586634	47.49542006468543	-3.948840902910902	-4.448956846699762	0.5001159437888596	7.038527720277547	3.735481845767509	120.32970722892604	79.16729277107399	0.4852170965184009	0.206722	0.0	206722000.00000003	0.103361	2025-10-26 23:32:12.444808+00:00	2025-10-26 23:32:12.448760+00:00
2025-10-26 16:00:00	99.14	102.38	98.1	101.99	202266.3	20210245.228	LTCUSDT	0.0	4.362895005096842	1.251156833930417	1.314068140684444	1.008670224479733	2.8747226144845617	2.8747226144845617	4.362895005096842	80.92882131576756	51.31241607632793	-3.239981735864518	-4.207161824532713	0.9671800886681954	6.841490025972008	7.697993664202738	118.24196864907336	79.83803135092663	0.5768150405282106	0.1542483870967742	0.0	154248387.0967742	0.0771241935483871	2025-10-27 23:31:38.948944+00:00	2025-10-27 23:31:38.952673+00:00
