timestamp	close	high	low	open	volume	symbol	gap_apertura_pct	volatilidad_diaria	vol_5d	vol_10d	vol_rel_5d	return_pct	close_open_pct	range_pct	volume_change_pct	rsi_14	macd	macd_signal	macd_diff	atr_14	momentum_12	bb_upper	bb_lower	bb_pctb	vader	finbert	sentiment_ratio	sentiment_combined	download_date	added_date	target_category	target	target_num
2025-06-05	683.6322021484375	693.3781298406639	681.2656265406558	690.6620226565076	13083100	META	0.0	1.7779413532887516	0.0	0.0	0.0	0.0	-1.017837998538148	1.7779413532887516	0.0	0.0	0.0	0.0	0.0	0.0	0.0	0.0	0.0	0.0	0.0	0.0	0.0	0.0	0	0	Medium	1.912017449018493	2.0
2025-06-06	696.703369140625	701.7959865050877	690.8717682492216	695.1655520394484	11728000	META	1.6870694292581927	1.5812222698793714	0.0	0.0	0.0	1.9120174490184927	0.22121595304385516	1.5812222698793714	-10.357636951487033	0.0	0.0	0.0	0.0	0.0	0.0	0.0	0.0	0.0	0.0	0.0	0.0	0.0	0	0	Negative	-0.5231459401611314	0.0
2025-06-09	693.05859375	704.1725400365549	692.9387717641956	697.4522697198046	12773200	META	0.10749202779130175	1.6211776177220572	0.0	0.0	0.0	-0.5231459401611314	-0.6299608103031478	1.6211776177220572	8.91200545702592	0.0	0.0	0.0	0.0	0.0	0.0	0.0	0.0	0.0	0.0	0.0	0.0	0.0	0	0	Medium	1.2016304255930743	2.0
2025-06-10	701.3865966796875	702.2153552678959	690.5622098918083	700.3380628694553	10850100	META	1.0503396372401244	1.687486689709443	0.0	0.0	0.0	1.2016304255930743	0.1497182383513678	1.687486689709443	-15.055741709203646	0.0	0.0	0.0	0.0	0.0	0.0	0.0	0.0	0.0	0.0	0.0	0.0	0.0	0	0	Negative	-1.1759717036513366	0.0
2025-06-11	693.1384887695312	707.8472163839234	690.9915664747034	702.6946882022667	9582500	META	0.186500786979901	2.43934234902664	0.35335835704686247	0.0	0.8258369544046649	-1.1759717036513366	-1.3599361989178314	2.43934234902664	-11.682841632796011	0.0	0.0	0.0	0.0	0.0	0.0	0.0	0.0	0.0	0.0	0.0	0.0	0.0	0	0	Negative	-0.1123685441691327	0.0
2025-06-12	692.359619140625	694.3767242272471	686.0088098513999	692.2997081453341	7322700	META	-0.12101198213450602	1.2197969261735675	0.4464356320872874	0.0	0.7006496799441218	-0.11236854416913275	0.008653910233679193	1.2197969261735675	-23.58257239759979	0.0	0.0	0.0	0.0	0.0	0.0	0.0	0.0	0.0	0.0	0.0	0.0	0.0	0	0	Negative	-1.5129209194243107	0.0
2025-06-13	681.884765625	693.5678973171928	680.0274638185289	686.9574533802801	9274400	META	-0.7802543087435168	1.9911598014925587	0.45448767983049015	0.0	0.9311104373440101	-1.5129209194243107	-0.7384282287526147	1.9911598014925587	26.652737378289427	0.0	0.0	0.0	0.0	0.0	0.0	0.0	0.0	0.0	0.0	0.0	0.0	0.0	0	0	High	2.898093447905478	3.0
2025-06-16	701.6464233398438	706.6730599404123	693.042245323344	698.8583271202571	13720300	META	2.4892125988031832	1.9668086193950138	0.44829262997744823	0.0	1.3517536945812807	2.898093447905478	0.39895013214987785	1.9668086193950138	47.937332873285605	0.0	0.0	0.0	0.0	0.0	0.0	0.0	0.0	0.0	0.0	0.0	0.0	0.0	0	0	Negative	-0.6964645706792277	0.0
2025-06-17	696.7597045898438	705.4937997727949	695.5905108235235	701.5265067822095	10066100	META	-0.017090738817346973	1.4237239863359734	0.48759912442206743	0.0	1.0072949605731898	-0.6964645706792277	-0.6794899617165279	1.4237239863359734	-26.633528421390203	0.0	0.0	0.0	0.0	0.0	0.0	0.0	0.0	0.0	0.0	0.0	0.0	0.0	0	0	Negative	-0.2093956302853147	0.0
2025-06-18	695.3007202148438	701.1168019237268	694.4313119124115	697.7090678240436	10068300	META	0.13625403822092305	0.9627287676449939	0.455882554722683	0.4175103819495739	0.9978137549106275	-0.2093956302853147	-0.3451793477058839	0.9627287676449939	0.021855534914217024	0.0	0.0	0.0	0.0	0.0	0.0	0.0	0.0	0.0	0.0	0.0	0.0	0.0	0	0	Negative	-1.92880725595158	0.0
2025-06-20	681.8897094726562	701.3466080737581	678.2121990654855	700.2773225024961	22538600	META	0.7157481853484327	3.411087125850841	0.9203826797575089	0.6937175372154663	1.7161100510601102	-1.9288072559515799	-2.62576160029433	3.411087125850841	123.85705630543389	0.0	0.0	0.0	0.0	0.0	0.0	0.0	0.0	0.0	0.0	0.0	0.0	0.0	0	0	High	2.371232360381204	3.0
2025-06-23	698.0588989257812	698.578506730811	678.2922104620159	683.2288810707365	11080100	META	0.19639123152568574	2.9907900984115976	1.0329463147552764	0.7757987354191161	0.8210717112224966	2.371232360381204	2.1705783033942527	2.9907900984115976	-50.839448767891525	0.0	0.0	0.0	0.0	0.0	0.0	0.0	0.0	0.0	0.0	0.0	0.0	0.0	0	0	Medium	1.956964752198501	2.0
2025-06-24	711.7196655273438	712.7089880581048	701.6364439383941	704.4145982313105	13823200	META	0.9104818111064567	1.5781027646680859	1.0644247549044283	0.7780756485248086	1.0227846153163165	1.956964752198501	1.0370408725735227	1.5781027646680859	24.756996778007416	0.0	0.0	0.0	0.0	0.0	4.108563536158234	0.0	0.0	0.0	0.0	0.0	0.0	0.0	0	0	Negative	-0.4942450420489476	0.0
2025-06-25	708.2020263671875	716.0967226422507	704.9042642374237	712.8389115768144	9320400	META	0.15725939631601885	1.5877983681848156	1.041679341963164	0.782681169853556	0.6973153016731857	-0.49424504204894765	-0.6504814950926365	1.5877983681848156	-32.57422304531512	60.900051829221404	0.0	0.0	0.0	14.469108941360973	1.6504380107628804	0.0	0.0	0.0	0.0	0.0	0.0	0.0	0	0	High	2.4566795556598184	3.0
2025-06-26	725.6002807617188	727.7287879670295	710.5703861718163	713.8781511444844	13964800	META	0.8014838373752307	2.4147364046021873	0.8225984268646871	0.781033705382845	0.987231202749724	2.4566795556598184	1.642035072573875	2.4147364046021873	49.830479378567446	68.33021469446444	0.0	0.0	0.0	14.830369845538186	4.695373133697435	0.0	0.0	0.0	0.0	0.0	0.0	0.0	0	0	Medium	1.0384384225244538	2.0
2025-06-27	733.1351928710938	734.933966624867	725.3704139910845	726.0300029969949	18775700	META	0.05922299738156362	1.318437097697787	0.7006569776425332	0.7712834235633066	1.4019207277918648	1.0384384225244538	0.9786358476604551	1.318437097697787	34.450189046746104	70.90857902311811	0.0	0.0	0.0	14.454168616127065	4.52654731950992	0.0	0.0	0.0	0.0	0.0	0.0	0.0	0	0	Medium	0.6079412492183655	2.0
2025-06-30	737.5922241210938	747.3956053545359	733.7547871608941	744.0478281561813	15402100	META	1.4884888068667927	1.8590431616019758	0.4170900042234712	0.7719080148908599	1.080300254467204	0.6079412492183655	-0.8676329384745444	1.8590431616019758	-17.967905324435307	72.34293650544436	0.0	0.0	0.0	14.440328892363853	6.413398775543018	0.0	0.0	0.0	0.0	0.0	0.0	0.0	0	0	Negative	-2.556610580095792	0.0
2025-07-01	718.73486328125	737.2523942395003	714.8874844693272	736.3829859262192	13431200	META	-0.16394399985919259	3.128451715275856	0.7212291968442762	0.8571932531102741	0.9472707217233568	-2.556610580095792	-2.396595655013881	3.128451715275856	-12.796306997097798	59.07218744430304	0.0	0.0	0.0	15.030643946606903	3.809471755929765	0.0	0.0	0.0	0.0	0.0	0.0	0.0	0	0	Negative	-0.7855719108214915	0.0
2025-07-02	713.0886840820312	719.814124987759	712.3191839508311	714.8475066710681	9336700	META	-0.5408610057448557	1.052188570207771	0.8393202744562794	0.8953969248432813	0.6583439688057481	-0.7855719108214915	-0.24604164841078155	1.052188570207771	-30.484990172136516	55.77318111187389	0.0	0.0	0.0	14.492379453058403	4.576127819548873	0.0	0.0	0.0	0.0	0.0	0.0	0.0	0	0	Medium	0.7623652504077421	2.0
2025-07-03	718.5250244140625	728.5382852595793	713.9380936153356	726.1198736779997	8601700	META	1.8274290262709367	2.045022078918543	0.8041961580207683	0.8136962709662624	0.6561434931057525	0.7623652504077421	-1.04594978587588	2.045022078918543	-7.872160399284543	58.19406889797707	0.0	0.0	0.0	14.560752433379093	2.4055707422944517	735.8273536298818	672.4143516923839	0.7271485549150771	0.0	0.0	0.0	0.0	0	0	Negative	-0.0917916392648038	0.0
2025-07-07	717.865478515625	726.5096688493239	713.0287770502092	717.1159843593155	9457100	META	-0.19610173715189275	1.8906518548781424	0.7425431238556653	0.6806771843533256	0.840948055089207	-0.09179163926480384	0.104515053723025	1.8906518548781424	9.944545845588662	57.780835094193854	0.0	0.0	0.0	14.483619530931637	3.0291323948197357	736.6125265441863	675.052506414798	0.6954671556448764	0.0	0.0	0.0	0.0	0	0	Low	0.32296028706523	1.0
2025-07-08	720.1838989257812	722.4223783113574	714.3278660699458	721.0833162832664	7770700	META	0.4482508024059237	1.133164842909687	0.8403095617888531	0.6275596929858669	0.7994975039816945	0.32296028706523006	-0.1247314058132834	1.133164842909687	-17.832104979327703	58.88602878105701	0.0	0.0	0.0	14.027254724537352	3.578764984343573	738.0938367748975	675.9192491626025	0.7119411879207298	0.0	0.0	0.0	0.0	0	0	Medium	1.6803857589474396	2.0
2025-07-09	732.2857666015625	737.0325627099321	722.2324935525554	722.2324935525554	11418000	META	0.28445437753188085	2.0492112013096135	0.499136767003141	0.6266700575599051	1.2255228167490264	1.6803857589474396	1.3919718565356314	2.0492112013096135	46.936569421030285	64.16004122388414	0.0	0.0	0.0	14.228783943081174	7.390646380025351	741.2158611949087	676.7199420277475	0.8615401608557419	0.0	0.0	0.0	0.0	0	0	Negative	-0.756032162643558	0.0
2025-07-10	726.7494506835938	735.3036743334181	719.1145893949879	731.0565410529589	9913600	META	-0.1678614558232198	2.251252467572742	0.4334111378838752	0.6311806022556383	1.05103570527405	-0.756032162643558	-0.5891596788343529	2.251252467572742	-13.175687510947625	60.34626451395152	0.0	0.0	0.0	14.368805442748965	4.110047418915997	743.1790194998787	677.2930691231682	0.7506362324236507	0.0	0.0	0.0	0.0	0	0	Negative	-1.3379285891071542	0.0
2025-07-11	717.0260620117188	724.6708656262394	709.2213321577215	722.0126865863356	10873900	META	-0.6517740182400809	2.178379691642187	0.45034977019975747	0.614561802005344	1.0998557652432672	-1.3379285891071542	-0.6906560878027652	2.178379691642187	9.686693027759844	54.24737430457034	0.0	0.0	0.0	14.594470662972059	0.7455739585955184	743.5285388011713	679.3323071460944	0.5871646028718785	0.0	0.0	0.0	0.0	0	0	Low	0.475248249559171	1.0
2025-07-14	720.4337158203125	727.5089573741911	716.0666683046045	717.1159478712506	8939400	META	0.012535926418020461	1.5979362782906779	0.4705288887723164	0.5915757295786132	0.9137575742707847	0.47524824955917105	0.46265432513538185	1.5979362782906779	-17.79030522627576	55.92842756746587	8.261705692314422	0.0	0.0	14.3693148348731	1.7271469153892443	743.9127416004404	681.7555140147939	0.6222639475389061	0.0	0.0	0.0	0.0	0	0	Negative	-1.4606239154778895	0.0
2025-07-15	709.910888671875	723.9813484321952	709.3412657918492	723.4117865461602	11529500	META	0.41337192589005545	2.0638983443326175	0.25453341377940036	0.5928324875945163	1.0944120863265647	-1.4606239154778895	-1.8662811589984698	2.0638983443326175	28.973980356623485	49.83875066800642	6.925826496697368	0.0	0.0	14.388655392406879	-2.162263784321222	741.9511706642209	686.519697255701	0.4219839376049992	0.0	0.0	0.0	0.0	0	0	Negative	-1.0529542144477173	0.0
2025-07-16	702.4358520507812	713.4883895101593	698.7983536292803	712.8888186148534	13067600	META	0.4194794009357512	2.102185244796988	0.2567230776270369	0.43070964871996675	1.2027464840586113	-1.0529542144477173	-1.466282860822865	2.102185244796988	13.340561169174725	46.00656109569426	5.203971481961958	0.0	0.0	14.410182570154888	-4.187405149667986	741.9209759671202	686.6288348238955	0.28588180707164856	0.0	0.0	0.0	0.0	0	0	Negative	-0.2133949168408029	0.0
2025-07-17	700.9368896484375	705.4239124906103	696.6398020897627	703.9149211888315	11803300	META	0.21056287684235725	1.2609257143357602	0.3960088537825543	0.3917805152310986	1.049859731702414	-0.21339491684080292	-0.423066971696586	1.2609257143357602	-9.675074229391779	45.25509495567549	3.676059908612274	0.0	0.0	14.008320272347222	-4.969593397806534	741.6564496512432	687.3110796456318	0.2507262348457424	0.0	0.0	0.0	0.0	0	0	Low	0.4091813499475363	1.0
2025-07-18	703.8049926757812	704.2346953216606	691.1835067266235	701.7163755426589	12779800	META	0.11120628771761633	1.8882378511672386	0.3530819970363686	0.38653381594034886	1.0994397759103642	0.40918134994753635	0.2976440633164939	1.8882378511672386	8.273110062440166	47.037660458653384	2.665880314481228	0.0	0.0	13.939953723967932	-2.0772431348758023	741.1166294287581	688.7013271142106	0.28815374317470555	0.0	0.0	0.0	0.0	0	0	Medium	1.2338761619513627	2.0
2025-07-21	712.4890747070312	716.5163857618587	705.283976865439	706.323253430884	9404400	META	0.35780660570887385	1.5926079798864905	0.35378615607362285	0.3937531819926685	0.8026341393472004	1.2338761619513627	0.8729460974415651	1.5926079798864905	-26.411993927917493	52.121122695613224	2.5367959476182023	0.0	0.0	13.852199392690041	-0.0840862277560729	737.9004127436995	694.9774803227067	0.40797758672611045	0.0	0.0	0.0	0.0	0	0	Negative	-1.1445059678735137	0.0
2025-07-22	704.3345947265625	716.1166202717292	700.936863669917	715.7069236590216	8921100	META	0.45163484833975026	2.1656382177326305	0.3762935255402696	0.3254861618598163	0.7968654535320369	-1.1445059678735137	-1.588964498808896	2.1656382177326305	-5.1390838330994	47.50973065363152	1.7562522891254275	0.0	0.0	13.947024907627338	-1.9749388268100903	737.2938735711309	696.2115890753535	0.1977252665207541	0.0	0.0	0.0	0.0	0	0	Medium	1.2443090523611378	2.0
2025-07-23	713.0986938476562	714.1479734039639	704.4545040389586	705.8935351714335	8771600	META	0.22133520865551898	1.3760248971975066	0.3715344771036114	0.36219569046291494	0.84864222661677	1.2443090523611378	1.020714642821153	1.3760248971975066	-1.6758023113741578	52.38560237710635	1.8238313778679185	0.0	0.0	13.651764462611197	-0.6640219944585337	737.3039569140253	696.3394085644902	0.40911680851855975	0.0	0.0	0.0	0.0	0	0	Low	0.1709689355221579	1.0
2025-07-24	714.31787109375	723.1319295191287	713.518422874761	716.5663535187755	10920800	META	0.48628046875374786	1.3473382517069354	0.34990274004520233	0.363086816880197	1.0749305578795891	0.17096893552215794	-0.3137856548781663	1.3473382517069354	24.501801267727664	53.0391150203651	1.9532498587321925	3.5757467748839926	-1.6224969161518001	13.393298120387	-0.8145180475127195	737.2655890670264	696.9893608841455	0.4302416336237219	0.0	0.0	0.0	0.0	0	0	Negative	-0.2965894308859728	0.0
2025-07-25	712.1992797851562	720.1639356225638	711.4198376232321	716.4364100852231	8271700	META	0.29658210681880615	1.2291051692548713	0.37243449029466896	0.3648577400757884	0.8934728319104075	-0.2965894308859728	-0.5914174992254809	1.2291051692548713	-24.25738041169145	51.71091660825309	1.8633824119006022	3.2332739022873147	-1.3698914903867125	13.061212397454483	-2.742984737997144	736.3130917470191	696.6017581064964	0.3927725475012412	0.0	0.0	0.0	0.0	0	0	Medium	0.6945691253838376	2.0
2025-07-28	717.14599609375	724.2511860836681	712.199322444747	714.7176423374738	8715700	META	0.3536036364818015	1.6922037495838913	0.3784235287469514	0.36422467347636944	0.9556499981360017	0.6945691253838376	0.339764070792256	1.6922037495838913	5.367699505542996	54.57146885334264	2.1663481643630575	3.019888754702463	-0.8535405903394055	12.989119104672868	-1.3214257789683317	733.9925280243439	697.3234021514373	0.5405799421294318	0.0	0.0	0.0	0.0	0	0	Negative	-2.456705351276456	0.0
2025-07-29	699.52783203125	723.9812971110003	699.4378659012062	719.5143415178571	13267000	META	0.33024592440135825	3.509022374442164	0.9537074453903038	0.6836743295297261	1.328113112351542	-2.456705351276456	-2.777777777777777	3.509022374442164	52.21955780947026	44.46787979327069	0.9735891772397736	2.6106288392099253	-1.6370396619701517	13.814427112181528	-2.4403896744526934	730.4125098363041	697.0969811304927	0.07296450019516688	0.0	0.0	0.0	0.0	0	0	Negative	-0.6842820177952065	0.0
2025-07-30	694.7410888671875	708.0221025377599	690.7337839335887	707.6124059283386	27077300	META	1.155718690078859	2.5028917082523066	0.9525348291475731	0.7133873294578045	1.9836123218929709	-0.6842820177952065	-1.8189784341421804	2.5028917082523066	104.0951232381096	42.182758953364086	-0.3538520955853528	2.01773265225087	-2.3715847478362226	14.06256221875222	-3.5662721481420987	730.9688454564529	694.1412680689378	0.016287272766766316	0.0	0.0	0.0	0.0	0	0	Very High	11.252716637391083	4.0
2025-07-31	772.9183349609375	784.2207041864842	764.9936908827026	774.6771576404832	38831100	META	11.505878960410378	2.5133558005682604	0.8752259851711106	0.7071411572897269	2.0190291880020133	11.252716637391085	-0.22703943987489203	2.5133558005682604	43.40831619105302	69.63112103624817	4.846523827435817	2.5834908872878595	2.2630329401479576	19.449494583076824	8.87540215180231	747.6706713907905	683.4224072224907	1.3929703610981639	0.0	0.0	0.0	0.0	0	0	Negative	-3.02932192331753	0.0
2025-08-01	749.504150390625	765.4833558536491	744.8073082016023	760.2168907933417	19028700	META	-1.643309984131471	2.7760264197690008	0.6515999151551561	0.7486240637022512	0.8898585668884529	-3.02932192331753	-1.409168953288734	2.7760264197690008	-50.9962375518592	60.38477992612084	6.997863187983853	3.4663653474270584	3.5314978405567947	20.068175452809566	6.7007255114366	752.4679763651834	681.723014845754	0.9581054832612437	0.0	0.0	0.0	0.0	0	0	High	3.5146201802037744	3.0
2025-08-04	775.8463745117188	776.3260312589632	757.898465626429	759.4874200926632	15801700	META	1.3319832447672464	2.431402947531129	0.445897842297032	0.7360243139761257	0.6930217585421092	3.5146201802037744	2.153946725945718	2.431402947531129	-16.95859412361328	65.8750818570438	10.705011754335374	4.914094628808721	5.7909171255266525	20.55058298249018	10.68705128372583	763.6730148727529	676.3160659377941	1.1393519323577734	0.0	0.0	0.0	0.0	0	0	Negative	-1.6628686523750564	0.0
2025-08-05	762.945068359375	782.6017838704779	762.485356671436	775.9262968482556	11640300	META	0.010301309532716454	2.638270626843047	0.13601511558515544	0.7518381983526478	0.5179032400152698	-1.6628686523750564	-1.6729976212443334	2.638270626843047	-26.335141155698437	61.387811555401434	12.458314422323156	6.422938587511608	6.035375834811548	20.51957185510102	8.402906529371204	769.6559231995457	674.6092745543606	0.9293940929445845	0.0	0.0	0.0	0.0	0	0	Medium	1.117279776820843	2.0
2025-08-06	771.4692993164062	773.1182108239055	759.9471077743785	769.4806512883487	9733900	META	0.8566256209018667	1.7331604943007939	0.4046537409273225	0.7158893769296522	0.5121180777328941	1.1172797768208427	0.2584402901785731	1.7331604943007939	-16.377584770151973	63.17280221378004	14.370005142563059	8.0123518985219	6.35765324404116	19.99468122613145	8.2780531945177	776.1428802213545	672.0406708040362	0.9551058432754956	0.0	0.0	0.0	0.0	0	0	Negative	-1.3160779328520107	0.0
2025-08-07	761.316162109375	774.4772618550992	759.037670694158	772.9682705923176	9019700	META	0.19430083312966218	2.0341007774780535	0.4323633530267401	0.6510335960834192	0.6914370870979067	-1.3160779328520107	-1.5074497785030303	2.0341007774780535	-7.337244064557885	59.63646898055275	14.89407091378473	9.388695701574466	5.505375212210264	19.66931765004643	8.090127591267038	780.3461348711712	671.2940872967974	0.8254964195072291	0.0	0.0	0.0	0.0	0	0	Medium	0.980534263141	2.0
2025-08-08	768.7811279296875	769.3807598518028	758.0683873872562	762.2355578226991	7320800	META	0.12076398204613542	1.4922627895796694	0.47486496481278406	0.6064621884163053	0.6839772480959108	0.9805342631409999	0.8587332406383158	1.4922627895796694	-18.83543798574232	61.34959511397258	15.730426601532827	10.657041881566139	5.073384719966688	19.072392993939307	7.808517188775982	785.853178683361	670.9625500764046	0.8514060636566159	0.0	0.0	0.0	0.0	0	0	Negative	-0.4458581532918748	0.0
2025-08-11	765.3534545898438	772.9383623565644	764.1542517302764	769.5606371158788	7612000	META	0.10139546326930077	1.1495206113684657	0.5655409391818689	0.6887934729531345	0.8396816887176873	-0.4458581532918748	-0.5466992882851289	1.1495206113684657	3.977707354387499	60.08850001467227	15.932994277342004	11.712232360721313	4.220761916620692	18.337515681964216	7.144660040207174	790.1522901571777	671.1554124795409	0.7916009558291591	0.0	0.0	0.0	0.0	0	0	High	3.150663050056577	3.0
2025-08-12	789.4671630859375	793.13467067664	771.9090063294184	772.4786291967464	14563100	META	0.9309652375869995	2.7497624944362125	0.6070628410261376	0.5695443064564651	1.509145172488834	3.150663050056577	2.1992238033635245	2.7497624944362125	91.3176563321072	65.46655572121281	17.83372923924719	12.936531736426488	4.897197502820703	19.01206571088079	10.849194248566226	798.5262598387285	670.7370702393964	0.9291090523291154	0.0	0.0	0.0	0.0	0	0	Negative	-1.2556911175657903	0.0
2025-08-13	779.5538940429688	794.9235259193555	777.7051051745191	790.6164352280034	8811800	META	0.14557567379668288	2.214003821020636	0.6253491441826701	0.559834569478607	0.9309406390378512	-1.2556911175657903	-1.3992298530758938	2.214003821020636	-39.492278429729936	61.78086570961989	18.32887358216408	14.015000105574007	4.3138734765900715	18.88394821330619	8.702258436796791	803.4439723466805	673.5311619306633	0.8161068317496245	0.0	0.0	0.0	0.0	0	0	Low	0.2627892696104065	1.0
2025-08-14	781.6024780273438	787.2786396920953	771.9889713529242	777.3553445445746	8116200	META	-0.2820266199931269	1.9805552807802094	0.6235322728699884	0.549114124023164	0.8741402596507403	0.2627892696104065	0.5463567611099958	1.9805552807802094	-7.893960371320274	62.25379280417694	18.671350936967542	14.946270271852715	3.7250806651148274	18.627213936582258	11.732863545653354	807.6670946326548	677.3745984825797	0.799953048905526	0.0	0.0	0.0	0.0	0	0	Low	0.3963524269323801	1.0
2025-08-15	784.7003784179688	795.7129654452535	780.293379600551	783.621150744718	13375400	META	0.25827358204762424	1.9761267041117443	0.5768937349292409	0.49888012565528445	1.274369503701516	0.39635242693238015	0.1377231423915926	1.9761267041117443	64.79879746679481	62.999417478924656	18.974020679875252	15.751820353457223	3.2222003264180294	18.398097644305132	12.948606465390537	811.6396668723235	681.4915648171298	0.7930105162583916	0.0	0.0	0.0	0.0	0	0	Negative	-2.274493796188101	0.0
2025-08-18	766.8524169921875	775.2867267942328	756.0497105947067	774.5672416992095	16513700	META	-1.2913383244683323	2.5444115552129953	0.3450038141089432	0.5098920267601607	1.3451976370230139	-2.274493796188101	-0.9960174264661085	2.5444115552129953	23.463223529763596	56.12114568330842	17.571157935311703	16.115687869828122	1.4554700654835813	19.1304240856592	-0.7848070998414813	812.9638199900324	685.6037459279363	0.6379445965510141	0.0	0.0	0.0	0.0	0	0	Negative	-2.070707754070921	0.0
2025-08-19	750.97314453125	766.6525648449835	748.854579245516	766.6026107662994	12286700	META	-0.03257552827020638	2.376694500205812	0.24830750140419613	0.482398016351889	1.039417093317181	-2.070707754070921	-2.0387963744900586	2.376694500205812	-25.596928610789828	50.806340177819244	15.005085241857387	15.893567344233976	-0.8884821023765888	19.049525061445795	0.19599546444931526	811.8641996995761	691.3672211988614	0.49466736904141556	0.0	0.0	0.0	0.0	0	0	Negative	-0.5003517571276332	0.0
2025-08-20	747.2156372070312	749.6940059349637	730.506944043105	747.0657749776972	11898200	META	-0.5203074946164377	2.626540657596609	0.30788916376226055	0.5045494841523074	0.9565976632974327	-0.5003517571276332	0.020060111753687267	2.626540657596609	-3.1619556105382243	49.60911391117441	12.523887131471383	15.219631301681458	-2.695744170210075	19.15071616335288	-3.6902585673235038	810.987845984299	695.655269250076	0.4470581462492857	0.0	0.0	0.0	0.0	0	0	Negative	-1.1528394680740617	0.0
2025-08-21	738.6014404296875	744.9971479214436	732.6154905427838	744.2077027473434	8876300	META	-0.4025523971809503	1.6900621865757086	0.3977398306178883	0.5220588052680235	0.7050244399152983	-1.1528394680740617	-0.7533195769083895	1.6900621865757086	-25.397959355196587	46.88163910316408	9.750033745010796	14.125711790347328	-4.375678045336532	18.825675484845345	-3.190744516120361	809.840191186272	699.2312809816967	0.355940216526627	0.0	0.0	0.0	0.0	0	0	High	2.122855778652876	3.0
2025-08-22	754.2808837890625	756.389506981927	733.8946798718869	738.7313812096488	10612700	META	0.0175928143175191	3.0651301510956483	0.5001964693612914	0.5608111648118509	0.8816350876260226	2.122855778652876	2.1048926544790714	3.0651301510956483	19.562204972792717	52.04930813953695	8.716457100582943	13.043860852394452	-4.327403751811509	19.087757743787826	-2.2280103100115958	808.4318236188587	704.8478089495006	0.4772268674597433	0.0	0.0	0.0	0.0	0	0	Negative	-0.197408379806084	0.0
2025-08-25	752.7918701171875	758.3681233608074	749.6240254313439	754.3108643612958	6861200	META	0.003974722530773967	1.1664644718973762	0.7564244964664268	0.5571733357308061	0.6788548949146237	-0.19740837980608406	-0.20137509823545707	1.1664644718973762	-35.34915714191488	51.53654353104613	7.6885602674419715	11.972800735403958	-4.284240467961986	18.348924899907523	-1.119678317161859	807.0092966882314	709.8349232824717	0.442060445868228	0.0	0.0	0.0	0.0	0	0	Low	0.1062045890046994	1.0
2025-08-26	753.5913696289062	754.3608698171868	747.4355511046348	750.2936075268326	7601800	META	-0.33186630854103033	0.9265439277429415	0.9239895802733862	0.6602304866842131	0.8289822072749955	0.10620458900469947	0.4395295480317298	0.9265439277429415	10.794030198799044	51.811051358779686	6.859386809164334	10.950117950156034	-4.0907311409917	17.532953029382128	-1.9758235145140686	801.6523897231496	720.5981840073191	0.40705087823892333	0.0	0.0	0.0	0.0	0	0	Negative	-0.8911267262613977	0.0
2025-08-27	746.8759155273438	753.6413688476172	742.338999603057	751.7925800305345	8315400	META	-0.2386956208452235	1.5225347517244496	0.8328753803258481	0.6778929106781295	0.9836658985411925	-0.8911267262613977	-0.6539921560533447	1.5225347517244496	9.387250388065985	49.2858032612799	5.595874093760585	9.879269178876946	-4.283395085116361	17.087911330466273	-2.4142491226360496	791.5619084078915	735.902147988593	0.19715800887540103	0.0	0.0	0.0	0.0	0	0	Low	0.4990759441897258	1.0
2025-08-28	750.6033935546875	752.5420875468095	740.3003496517379	743.4982035863915	7468000	META	-0.4522453958857936	1.6536177378317565	0.8328607509081797	0.6860995799380033	0.9138723075153393	0.49907594418972584	0.9556431924143091	1.6536177378317565	-10.19073045193256	50.72150258140913	4.839520508730743	8.871319444847705	-4.031798936116962	16.741756085080944	-4.9227848032761665	790.6718907188281	734.5606715370313	0.28590934667947193	0.0	0.0	0.0	0.0	0	0	Negative	-1.6522189260820923	0.0
2025-08-29	738.2017822265625	746.6360921511391	734.8540051000575	744.7773613013366	9070500	META	-0.7761798445594786	1.603323513148349	0.3146921603075947	0.6948849477558692	1.1535115942508183	-1.6522189260820923	-0.8828919105817958	1.603323513148349	21.458221746116767	46.05044244668437	3.202482232076477	7.73755200229346	-4.535069770216983	16.670872682905873	-5.3045866530078465	791.5582423970225	732.5440830424307	0.09587019871175417	0.0	0.0	0.0	0.0	0	0	Negative	-0.4859980794890455	0.0
2025-09-02	734.6141357421875	735.5035500540433	721.2431559989143	725.5502463590637	9350900	META	-1.7138316612213016	1.9771964470676386	0.38230767729855525	0.6603193485722937	1.118352126219305	-0.48599807948904555	1.249243512576546	1.9771964470676386	3.091340058431178	44.76607705333729	1.5972128401371037	6.509484169862189	-4.912271329725085	16.691426507530327	-6.011795459470434	791.0727181253109	728.9063834371892	0.0918142003004221	0.0	0.0	0.0	0.0	0	0	Low	0.2639100731660019	1.0
2025-09-03	736.5528564453125	739.7507102826166	733.4949228182503	735.5035768564753	7699300	META	0.12107595961098805	0.8528739967729034	0.41196796026440907	0.7025186908144441	0.918680988256519	0.26391007316600196	0.1426613849142347	0.8528739967729034	-17.662470992097017	45.64825974161962	0.47597707245517995	5.302782750380787	-4.826805677925607	15.9460237187329	-6.13578421737559	791.339597592536	726.0002827785578	0.16150419845690153	0.0	0.0	0.0	0.0	0	0	Medium	1.5738482336541515	2.0
2025-09-04	748.1450805664062	760.6465916805791	745.3169722452417	748.0651174458885	11439100	META	1.562991834168629	2.056791943051761	0.47641455527521553	0.6401179333209077	1.270226393472477	1.5738482336541515	0.010689326190044701	2.056791943051761	48.573246918551035	50.71685126690108	0.5168275880912461	4.345591717922879	-3.828764129831633	16.528003112771025	-2.4394963113185097	789.9268095837499	725.0806489123438	0.3556792170154293	0.0	0.0	0.0	0.0	0	0	Medium	0.5075785987299807	2.0
2025-09-05	751.9425048828125	757.4387952805295	744.5275265518461	752.1123731440612	9663400	META	0.5302838554590716	1.7341559940006142	0.4788205099505154	0.6405651433683425	1.0231623439326434	0.5075785987299807	-0.02258548952446624	1.7341559940006142	-15.52307436773872	52.28656887034978	0.8458716402477648	3.645647702387856	-2.7997760621400913	16.269664942479046	0.12908056148500027	789.4951141374353	724.5749786360021	0.4215568257125128	0.0	0.0	0.0	0.0	0	0	Negative	-0.0199434634872278	0.0
2025-09-08	751.7925415039062	765.992978439962	751.5127620882034	755.4900579545978	13087800	META	0.4717851496289795	1.92680910854034	0.4934349846056282	0.4282671031951816	1.2770952664396327	-0.019943463487227822	-0.4894196041046686	1.92680910854034	35.43680278162966	52.21583847086473	1.0820672333322818	3.1329316085767416	-2.0508643752444597	16.141847185999016	0.6125279061319853	788.2585427639079	724.1126913669515	0.4315142684078257	0.0	0.0	0.0	0.0	0	0	Medium	1.7812083083652035	2.0
2025-09-09	765.1835327148438	765.7831036056251	752.9217895494754	756.9790485610613	10999000	META	0.6898854099802335	1.7081872559227564	0.47111960311006396	0.40932539718512706	1.0398271082993311	1.7812083083652035	1.08384560568464	1.7081872559227564	-15.959901587738198	57.716322525359935	2.3230167292615533	2.970948632713704	-0.6479319034521507	15.988183965693292	3.598976502089124	788.2404165346385	724.1138254087208	0.6404473804865021	0.0	0.0	0.0	0.0	0	0	Negative	-1.7918255958653455	0.0
2025-09-10	751.4727783203125	765.1835560495044	750.4934588375091	764.6139331888977	12478300	META	-0.07443959541642609	1.957391771908285	0.1501420377117756	0.34699886185097767	1.0819160152321234	-1.7918255958653457	-1.7186653679954176	1.957391771908285	13.449404491317393	51.215721061533024	2.1750620894229087	2.8117713240555453	-0.6367092346326366	15.895463483286292	-0.3722890940366583	782.4979612031001	726.0568422636967	0.4503088623013125	0.0	0.0	0.0	0.0	0	0	Negative	-0.1436144680083787	0.0
2025-09-11	750.3935546875	756.5893240941964	747.8652318538085	754.1410253741255	7923300	META	0.35506902322890493	1.1665326677592194	0.3176099681495921	0.38349081626436254	0.7315823296732519	-0.14361446800837874	-0.49691908549418146	1.1665326677592194	-36.503369850059705	50.73136336788548	1.9482642659696694	2.6390699124383703	-0.6908056464687009	15.38322268022212	-0.31858944349573715	778.5707607240035	727.0680088072465	0.45289902019127304	0.0	0.0	0.0	0.0	0	0	Medium	0.6245827384848835	2.0
2025-09-12	755.0803833007812	757.0590282777322	743.2583455274284	748.2249639979328	8248600	META	-0.28899377880054866	1.8567814049246285	0.32567250819829763	0.38825005444637706	0.7820505527428561	0.6245827384848835	0.9162243486528949	1.8567814049246285	4.105612560423056	52.81820586152715	2.1222492877884633	2.5357057875083893	-0.41345649971992593	15.270184113799377	0.19758900272547447	773.6614617318081	729.3250983267857	0.5809065741074741	0.0	0.0	0.0	0.0	0	0	Medium	1.2056757137544127	2.0
2025-09-15	764.1842041015625	773.547878937133	751.4827553370264	756.9590394303372	10533800	META	0.24880213697825024	2.9362115688484036	0.642365219025338	0.5518149092690711	1.0495386884004543	1.2056757137544127	0.9544987634552549	2.9362115688484036	27.70409524040443	56.658401604087665	2.9606078811526686	2.620686206237245	0.33992167491542347	15.755536934249887	2.3174249181670232	767.7558714705867	733.1790711563665	0.8967033578420696	0.0	0.0	0.0	0.0	0	0	Medium	1.8700130363309653	2.0
2025-09-16	778.4745483398438	780.8329418323293	764.583899780601	766.4826425887807	11782500	META	0.3007702167725903	2.125213734737422	0.6341944487442647	0.5585250753019128	1.1559063306289425	1.8700130363309653	1.5645371577575	2.125213734737422	11.854221648407982	61.900464896089446	4.723672896316316	3.0412835442530595	1.6823893520632565	15.819336991143954	3.7131666369325593	771.0666703063391	731.0304854553797	1.1850295691530435	0.0	0.0	0.0	0.0	0	0	Negative	-0.4210505023040055	0.0
2025-09-17	775.19677734375	782.7616789884555	765.7931508650867	779.4639169106475	9400900	META	0.12709067662053697	2.2158109019648675	0.6395033604989748	0.4484735726218148	0.9815281556763439	-0.4210505023040055	-0.5474454268274592	2.2158109019648675	-20.213027795459368	60.104792768790446	5.789686000858069	3.5909640355740615	2.1987219652840073	15.90142207201716	5.011501734065621	774.8757306461245	729.6437883968443	1.0070977871314084	0.0	0.0	0.0	0.0	0	0	Medium	0.5839778584444599	2.0
2025-09-18	779.7237548828125	788.2480310412486	772.8383872533639	780.223417654285	10955000	META	0.6484341082736423	1.9939024823352791	0.41977759735460823	0.44753612035316437	1.0756900912790057	0.5839778584444599	-0.06404098623118455	1.9939024823352791	16.5313959301769	61.75494071912063	6.920028538861629	4.256776936231575	2.663251602630054	15.86629505172199	6.140586866743359	779.315068020484	728.455262790063	1.0080355569683557	0.0	0.0	0.0	0.0	0	0	Negative	-0.2396713454425105	0.0
2025-09-19	777.85498046875	790.2665859871321	768.6711767678263	785.8895354575697	23696800	META	0.7907647466356631	2.809446987476752	0.4266787963946991	0.5113176067839182	1.7852310566680227	-0.23967134544251056	-1.0223516952852258	2.809446987476752	116.31036056595161	60.63989210576222	7.57768779869582	4.920959108724425	2.656728689971395	16.275517492263692	5.607489491353848	782.2952146769376	729.4004701375156	0.916055285891809	0.0	0.0	0.0	0.0	0	0	Negative	-1.6320532288124583	0.0
2025-09-22	765.1599731445312	785.72998046875	764.469970703125	781.8499755859375	11706900	META	0.5135912499756755	2.781013065309943	0.38277039002853464	0.5543479596684423	0.8666372529133681	-1.6320532288124583	-2.1346809442436006	2.781013065309943	-50.59712703824989	53.56436479512103	6.993885349070297	5.3355443567936	1.6583409922766972	16.631552654646644	2.2742771449146404	783.1337496464815	729.6498441035184	0.6639404635940039	0.0	0.0	0.0	0.0	0	0	Negative	-1.2755435559911588	0.0
2025-09-23	755.4000244140625	770.5999755859375	751.0700073242188	769.25	10872600	META	0.5345322545637373	2.600286001473646	0.3604509464472838	0.5461665565021766	0.8158668031372219	-1.2755435559911588	-1.8004518148765032	2.600286001473646	-7.126566383927427	48.845631967164266	5.678216461616103	5.404078777758101	0.27413768385800186	16.83858234086608	0.459811688898853	783.2180627205412	729.8263464591464	0.4789821295444534	0.0	0.0	0.0	0.0	0	0	Medium	0.6963130209783498	2.0
2025-09-24	760.6599731445312	761.1099853515625	752.530029296875	757.5	8828200	META	0.27799517051463934	1.1401479968452775	0.709558770175645	0.6458982397338052	0.6682006373042484	0.6963130209783498	0.4171581708952145	1.1401479968452775	-18.80323013814543	51.333886218174044	5.002309779441816	5.323724978094845	-0.32141519865302826	16.248680463281893	1.179505136202382	783.5940826394535	730.1571868917965	0.5708188289375353	0.0	0.0	0.0	0.0	0	0	Negative	-1.5447112264138303	0.0
2025-09-25	748.9099731445312	756.77001953125	744.5499877929688	753.4500122070312	10591100	META	-0.9478559661413987	1.6412641110242259	0.7590368443321003	0.5784871867478244	0.8060737705417106	-1.5447112264138303	-0.6025667249246123	1.6412641110242259	19.968963095534765	45.95618090315777	3.478424945493771	4.95466497157463	-1.476240026080859	16.23877366958765	-2.1267524553977912	783.5578861533539	730.3967891396147	0.3482468392277889	0.0	0.0	0.0	0.0	0	0	Negative	-0.6889977873929892	0.0
2025-09-26	743.75	751.9299926757812	737.3499755859375	750.0	9696300	META	0.14554844968774197	1.9773537089029796	0.6773017823130647	0.5715215649486838	0.9378355008501773	-0.6889977873929892	-0.8333333333333334	1.9773537089029796	-8.44860307239097	43.786826131627116	1.8332361216631625	4.330379201592336	-2.497143079929174	16.1202910567488	-1.0276857050729646	783.7072173219167	729.5621186155834	0.26203445415008714	0.0	0.0	0.0	0.0	0	0	Negative	-0.0470555409663865	0.0
2025-09-29	743.4000244140625	750.780029296875	739.1500244140625	748.719970703125	9246800	META	0.6682313550420168	1.573429547273818	0.5438143496591208	0.5441341123546745	0.9390474256118615	-0.047055540966386554	-0.7105388526055374	1.573429547273818	-4.63578890917154	43.63636987347309	0.49546065885317603	3.563395493044504	-3.067934834191328	15.799556330039065	-0.93198165545944	783.3469828784051	730.442177277845	0.2449276013610442	0.0	0.0	0.0	0.0	0	0	Negative	-1.2133466821391958	0.0
2025-09-30	734.3800048828125	742.969970703125	726.2999877929688	742.25	16226800	META	-0.1546979252481103	2.295192508650849	0.43613011755888703	0.5481427592900845	1.4862646823913888	-1.2133466821391958	-1.0602890019787807	2.295192508650849	75.48557338755029	39.837029926691045	-1.2778460128937468	2.5951471918568543	-3.872993204750601	15.892447779400115	-2.741480096129433	783.3748845010944	730.3908625692181	0.07528953386595236	0.0	0.0	0.0	0.0	0	0	Negative	-2.3203216201485333	0.0
2025-10-01	717.3400268554688	721.8499755859375	710.2000122070312	721.489990234375	20419600	META	-1.7552240751018817	1.6403778060637593	0.30635894039205014	0.5649068050301395	1.542717956621729	-2.3203216201485333	-0.575193479476845	1.6403778060637593	25.838735918357287	33.84234661936581	-4.01194098566998	1.2737295563514872	-5.285670542021467	16.484415271998767	-6.129958849537802	786.3886191493596	725.4558449619685	-0.13319298546198804	0.0	0.0	0.0	0.0	0	0	Medium	1.3536064591382944	2.0
2025-10-02	727.0499877929688	727.77001953125	718.1400146484375	722.5800170898438	11415300	META	0.7304750938470584	1.3409648099788494	0.3735749225027806	0.6076196163750374	0.8518270332871675	1.3536064591382944	0.6186125546520913	1.3409648099788494	-44.096358400752216	39.435191532390185	-5.333734282880187	-0.047763211494847635	-5.2859710713853385	16.051956515126086	-6.60581141111701	787.7061009241869	722.0288539097975	0.0764516497177657	0.0	0.0	0.0	0.0	0	0	Negative	-2.2680682912095183	0.0
2025-10-03	710.5599975585938	731.0	710.1799926757812	729.6300048828125	16154300	META	0.35486103200079044	2.93165219225258	0.6502295827034357	0.6270737468986095	1.0994884485753333	-2.2680682912095183	-2.613654481942752	2.93165219225258	41.51445866512488	34.154527211119984	-7.62398484175128	-1.5630075375461343	-6.060977304205146	16.39253157291842	-8.338112550807727	790.905694337252	714.6910097643104	-0.05420231322696098	0.0	0.0	0.0	0.0	0	0	Medium	0.7177403179830636	2.0
2025-10-06	715.6599731445312	716.8800048828125	690.510009765625	705.1900024414062	21654700	META	-0.7557412654298321	3.818915691915615	1.0006741354132238	0.8263708745179864	1.260889919378787	0.7177403179830636	1.4847020897740169	3.818915691915615	34.049138619438786	36.96586348874266	-8.92462201530202	-3.035330433097312	-5.8892915822047085	17.105207540366212	-8.216215209181312	792.4014256090572	709.5820216565678	0.07338801292810743	0.0	0.0	0.0	0.0	0	0	Negative	-0.360500258712452	0.0
2025-10-07	713.0800170898438	718.5	705.75	717.719970703125	12062900	META	0.2878458536031221	1.8065887353878853	1.037315952756793	0.8105137189780104	0.7381821341675356	-0.36050025871245206	-0.6464852313828819	1.8065887353878853	-44.29431024211834	36.12557098101936	-10.047743109878866	-4.437812968453622	-5.609930141425243	16.794121287482913	-8.327382996233005	792.3728373512741	704.4002583518508	0.09866436606399678	0.0	0.0	0.0	0.0	0	0	Medium	0.6675281387145179	2.0
2025-10-08	717.8400268554688	719.6500244140625	707.8099975585938	713.4500122070312	10790600	META	0.0518869002524415	1.6727690900535226	1.0321949990322554	0.7626042720304862	0.7485383849118591	0.6675281387145179	0.6153219669668449	1.6727690900535226	-10.54721501463164	38.885841765655236	-10.433461215666966	-5.636942617896292	-4.796518597770675	16.4402573994819	-6.184320658410111	792.6199957027559	700.7898248538847	0.18567102558966442	0.0	0.0	0.0	0.0	0	0	High	2.1829352395963944	3.0
2025-10-09	733.510009765625	733.510009765625	712.4400024414062	718.280029296875	12717200	META	0.061295333910774095	2.9574430481185154	0.8952306069068691	0.7933745211953143	0.8665339324090995	2.1829352395963944	2.1203402360578845	2.9574430481185154	17.854428854743944	47.00490129478545	-9.366735041150378	-6.382901102547109	-2.9838339386032686	16.77095382267739	-2.897804334255459	792.0932366312578	699.6282294331953	0.3664281370773488	0.0	0.0	0.0	0.0	0	0	Negative	-3.8458946158989793	0.0
2025-10-10	705.2999877929688	735.27001953125	704.510009765625	730.9199829101562	16887300	META	-0.35310041049014845	4.366156525704748	1.1933140827471262	1.0397647210084568	1.1392986627123287	-3.8458946158989793	-3.505170978522375	4.366156525704748	32.79102318120341	37.37777054841143	-10.674609619719376	-7.241242805981563	-3.4333668137378135	17.770172104316508	-7.277888584396917	792.612935133666	694.1304913800059	0.11341611750518478	0.0	0.0	0.0	0.0	0	0	Medium	1.4745533239843591	2.0
2025-10-13	715.7000122070312	719.9400024414062	707.6412963867188	713.010009765625	9208366	META	1.0931549845594812	1.737985914259925	1.1658960799365898	1.02572753388107	0.7466279105858128	1.4745533239843591	0.377274148267636	1.737985914259925	-45.47165029341576	42.08695541640884	-10.748018129787283	-7.942597870742707	-2.805420259044576	17.546589428896578	-4.434439669438191	790.6234879608846	691.2715193633342	0.24587829701342598	0.42496	0.1249154849031191	0.2939457618537211	0.2149288394321834	0	0	Negative	-0.985047879380138	0.0
2025-10-14	708.6500244140625	715.5499877929688	699.3300170898438	707.780029296875	8829800	META	-1.106606507625045	2.319358572741087	1.10996423821791	1.0253328622003233	0.7555456509995523	-0.9850478793801379	0.12291885630790872	2.319358572741087	-4.111109397693358	39.89670900515858	-11.245439571247857	-8.603166210843739	-2.6422733604041184	17.462546978060214	-4.719324448529412	785.8909591654478	689.0215957661928	0.20262782740678797	0.0	0.0	0.0	0.0	0	0	Medium	1.2559039119860416	2.0
2025-10-15	717.5499877929688	723.9000244140625	709.510009765625	717.0599975585938	10230300	META	1.18675973397234	2.028162316299245	1.0443211947942008	0.9978887073095714	0.8838582767643186	1.2559039119860416	0.06833322679319606	2.028162316299245	15.861061405694354	43.86807524746579	-10.797035478676094	-9.041940064410209	-1.7550954142658846	17.30450790819877	-3.477271424825199	780.4767687875884	688.6711071889741	0.3145653557866252	0.0	0.0	0.0	0.0	0	0	Negative	-1.0930953930471043	0.0
2025-10-16	709.7064819335938	725.489990234375	703.8800048828125	717.5599975585938	6310538	META	0.0013949920974548283	3.070123487193005	1.0529362399258584	0.9220528909480739	0.6130747216664324	-1.0930953930471043	-1.094475117303164	3.070123487193005	-38.315220472517915	41.27937654753463	-10.948371366683432	-9.423226324864855	-1.5251450418185772	17.61204201129618	-3.3597759722714655	773.1922216645946	688.953927017046	0.2463553542171768	0.0	0.0	0.0	0.0	0	0	Medium	1.01640624119838	2.0
2025-10-17	716.9199829101562	718.5399780273438	706.1199951171875	707.0800170898438	12232400	META	-0.37007761808715656	1.7589054262788624	0.5494201832473679	0.9590434581821118	1.3065619651143126	1.0164062411983799	1.3916339851904207	1.7589054262788624	93.84084209618895	44.5218430892144	-10.366735629907225	-9.61192818587333	-0.7548074440338954	17.241180646929042	-0.0585557656881081	764.622013870574	691.4306350552073	0.34825615075852884	0.0	0.0	0.0	0.0	2025-10-22 17:57:46.116672+00:00	2025-10-22 17:57:46.119484+00:00	High	2.127155102874447	3.0
2025-10-20	732.1699829101562	733.77001953125	720.1799926757812	721.1900024414062	8900200	META	0.5956061531325895	1.8870319911243165	0.5226362047449403	0.8659040742953397	0.9569441164505578	2.127155102874447	1.5224809594669997	1.8870319911243165	-27.240770413001535	50.71748286357641	-8.576374461436785	-9.404817440986022	0.8284429795492372	17.213241787940806	0.7042150062789693	758.8731862374792	693.8804636648646	0.5891354867079435	0.0	0.0	0.0	0.0	2025-10-22 17:57:46.116672+00:00	2025-10-22 17:57:46.119484+00:00	Low	0.1502433378546105	1.0
2025-10-21	733.27001953125	738.5	728.75	736.02001953125	7629800	META	0.5258391781906995	1.3379073756432247	0.6430130859202356	0.9107369447549727	0.8420810892148592	0.1502433378546105	-0.37363114141262027	1.3379073756432247	-14.273836542999033	51.141347904958984	-6.98818117207577	-8.921490187203972	1.9333090151282022	16.68015308880218	3.1960738080788946	755.1392070192354	695.4014423948271	0.6339135281428014	0.0	0.0	0.0	0.0	2025-10-22 17:57:46.116672+00:00	2025-10-22 17:57:46.119484+00:00	Negative	-1.1019156483458823	0.0
2025-10-22	725.1900024414062	740.5900268554688	724.030029296875	733.4000244140625	5168887	META	0.017729469274580037	2.2871976145348016	0.6545271044463972	0.8830047082880182	0.6422282041135062	-1.1019156483458823	-1.1194466456713725	2.2871976145348016	-32.253964717292725	47.88364314434805	-6.308792565959038	-8.398950662954984	2.090158096995946	16.67157055093015	1.3316420722820501	748.578388910086	698.415263433664	0.5337534045865441	0.0	0.0	0.0	0.0	2025-10-22 17:57:46.116672+00:00	2025-10-22 17:57:46.119484+00:00	Medium	1.3822987021939042	2.0
2025-10-23	735.2142944335938	742.4099731445312	733.10498046875	734.7000122070312	6841935	META	1.3113818080239446	1.2692578721579009	0.4182035629530492	0.9198910921622702	0.8390230970709158	1.3822987021939042	0.06999894079457022	1.2692578721579009	32.36766445078022	51.97123117479618	-4.9049543530610435	-7.700151400976196	2.7951970479151527	16.710741990372636	3.104038370628077	745.7359005049398	699.8881839677165	0.7705097032956127	-0.0987161616161616	0.0	-98716161.6161616	-0.0493580808080808	2025-10-23 19:17:48.923302+00:00	2025-10-23 19:17:48.926159+00:00	Low	0.4278604131863592	1.0
2025-10-24	738.3599853515625	741.2100219726562	731.1500244140625	737.3200073242188	9068379	META	0.2864080454593491	1.3759142751387785	0.4410147400941743	0.5523340374982884	1.2056064418917063	0.4278604131863592	0.14104839377923523	1.3759142751387785	32.54114515849683	53.21139814560609	-3.4982458867867763	-6.859770298138312	3.361524411351536	16.235688816674145	2.858569838461415	744.5852465851921	700.4998364226204	0.8587908967916376	-0.0237862745098039	0.0	-23786274.509803925	-0.0118931372549019	2025-10-24 23:31:51.027545+00:00	2025-10-24 23:31:51.030459+00:00	Medium	1.6875267105277296	2.0
2025-10-27	750.8200073242188	755.739990234375	748.010009765625	749.5700073242188	11037792	META	1.5182325958954443	1.033406019683085	0.4807793625424442	0.6174205632654356	1.388513533657923	1.6875267105277296	0.16676227540936353	1.033406019683085	21.717365363754645	57.85362516509542	-1.3622959522938345	-5.7602754289694165	4.397979476675582	16.31742567854117	2.3598856631997065	746.540778782784	699.2863025160441	1.0905571044165132	0.0297961165048543	0.0	29796116.504854377	0.0148980582524271	2025-10-27 23:31:44.543330+00:00	2025-10-27 23:31:44.545974+00:00	Low	0.0825757320182564	1.0
2025-10-28	751.4400024414062	758.3900146484375	745.5200805664062	752.989990234375	12112734	META	0.28901506206389743	1.726302807598873	0.4873046653072092	0.5939473902814233	1.3692978480287703	0.08257573201825641	-0.20584440870008142	1.726302807598873	9.73874122650617	58.076518862790174	0.37615213624167154	-4.5329899159272	4.909142052168871	16.07117627879046	6.541899255211852	750.0684756408446	697.464605413843	1.026072735611337	0.0636989999999999	0.0	63698999.99999999	0.0318494999999999	2025-10-28 23:33:36.937303+00:00	2025-10-28 23:33:36.939980+00:00	Low	0.0306053002239433	1.0
2025-10-29	751.6699829101562	759.155029296875	742.510009765625	754.75	18180647	META	0.4404872708186503	2.2417232511793395	0.4699513063628494	0.6076462880146312	1.5880655755850648	0.030605300223943397	-0.4080844107113283	2.2417232511793395	50.09532117191709	58.164901250706194	1.752243500706868	-3.275943232600386	5.028186733307254	16.11216508253757	5.025844640159086	754.2487598690011	696.7173167911551	0.955176216328252	0.0574898989898989	0.0	57489898.98989898	0.0287449494949494	2025-10-29 23:33:55.682235+00:00	2025-10-29 23:33:55.685180+00:00	Negative	-11.334763146610156	0.0
2025-10-30	666.469970703125	680.9598999023438	650.1699829101562	668.75	87343945	META	-11.031434644912155	4.735671870665583	1.4742172387822339	1.0569731685318444	3.170528805436093	-11.334763146610156	-0.34093896028037385	4.735671870665583	380.4226439246084	31.592667104206356	-3.9861729966486337	-3.4179891854100357	-0.568183811238598	22.2112961480706	-5.952169936890004	761.0128849035581	683.8951900476137	-0.22595617487061784	-0.0409553398058252	0.0	-40955339.80582524	-0.0204776699029126	2025-10-30 23:36:52.506182+00:00	2025-10-30 23:36:52.509138+00:00	Negative	-2.7188014334795803	0.0
2025-10-31	648.3499755859375	674.8900146484375	645.573486328125	674.6699829101562	56719743	META	1.2303648427520668	4.541160524893647	1.6843642881937169	1.3280276795707675	1.529701057895019	-2.7188014334795803	-3.9011676806323408	4.541160524893647	-35.06161989820817	28.60013847388697	-9.882126580886279	-4.710816664505284	-5.171309916380995	22.718812731802164	-9.643929117729593	769.523937005434	669.1631357484722	-0.20738335985625592	-0.0236329999999999	0.0	-23633000.0	-0.0118164999999999	2025-10-31 23:31:11.386102+00:00	2025-10-31 23:31:11.388938+00:00	Negative	-1.6410818252388355	0.0
2025-11-03	637.7100219726562	659.3298950195312	636.2100219726562	656.0	32038521	META	1.1799220640285972	3.6340001333504097	1.3491622421363376	1.3894022958234378	0.7761435455088939	-1.6410818252388357	-2.788106406607279	3.6340001333504097	-43.51434032414427	26.983838052489133	-15.23761783591101	-6.816176898786429	-8.421440937124581	22.747459897164507	-10.144540284426217	776.9879194001206	653.9041582365982	-0.13157004718459372	0.075206	0.0	75205999.99999999	0.037603	2025-11-03 23:20:56.258084+00:00	2025-11-03 23:20:56.261014+00:00	Negative	-1.629269462677976	0.0
2025-11-04	627.3200073242188	641.7399291992188	626.2800903320312	628.0399780273438	26567322	META	-1.516370076073092	2.468518336418973	1.148165847871925	1.3367247627649281	0.6014783922881873	-1.629269462677976	-0.11463771866663777	2.468518336418973	-17.076939974850898	25.470116513591748	-20.0887005537013	-9.470681629769404	-10.618018923931897	22.226915537880437	-12.49790460885592	783.7250773106449	638.5909993495114	-0.07765916994567622	0.0277010101010101	0.0	27701010.1010101	0.013850505050505	2025-11-04 23:21:27.683083+00:00	2025-11-04 23:21:27.685986+00:00	Medium	1.3756941883016085	2.0
2025-11-05	635.9500122070312	642.22998046875	626.5374755859375	632.260009765625	20115648	META	0.7874772657861526	2.5046394660011164	1.078663935886007	1.3340784540976578	0.45145839795743326	1.3756941883016083	0.5836210395109619	2.5046394660011164	-24.284246639537095	29.03125575108703	-22.972041888341778	-12.17095368148388	-10.801088206857898	21.7601719196613	-13.14175300121967	786.5697326138322	627.5573425814803	0.052779972830063394	0.0157346153846153	0.0	15734615.384615395	0.0078673076923076	2025-11-05 23:21:34.542320+00:00	2025-11-05 23:21:34.545204+00:00	Negative	-2.6747400643318886	0.0
2025-11-06	618.9400024414062	635.8499755859375	618.0	635.75	23457725	META	-0.0314509321789488	2.888345564067557	0.8806984448399594	1.2569811131043611	0.7381333756881314	-2.6747400643318886	-2.644120732771333	2.888345564067557	16.614314388480054	26.357951596914035	-26.326204204325336	-15.002003786052171	-11.324200418273165	21.488017654473442	-15.591803025429884	788.5315996168299	614.1384748460607	0.027532780329826045	-0.1250359999999999	0.0	-125035999.99999996	-0.0625179999999999	2025-11-06 23:21:18.901659+00:00	2025-11-06 23:21:18.904316+00:00	Low	0.447542495286081	1.0
2025-11-07	621.7100219726562	622.1348266601562	601.2000122070312	616.4849853515625	29732971	META	-0.3966486380198315	3.4821713286851725	0.5419103263151462	1.1818966354896556	1.1269986373586545	0.447542495286081	0.8475529405009063	3.4821713286851725	26.751298346280382	27.52829677841656	-28.43312521060227	-17.68822807096219	-10.74489713964008	21.44850314009141	-14.269361149543833	790.9545374018809	603.3565404789784	0.09783410161474472	-0.0430010101010101	0.0	-43001010.1010101	-0.021500505050505	2025-11-07 23:20:44.004524+00:00	2025-11-07 23:20:44.007560+00:00	Medium	1.616507284389693	2.0
2025-11-10	631.760009765625	635.0	618.10498046875	631.3900146484375	18851500	META	1.5569947939824251	2.7333576115884695	0.41034589414944866	0.9854222492952976	0.7939133982764868	1.616507284389693	0.058600090055829585	2.7333576115884695	-36.59732153910889	31.765318278086724	-28.958114149863263	-19.942205286742407	-9.015908863120856	21.123254310888452	-14.071310290242591	790.4999578245238	595.4171198121949	0.18629465474114806	-0.0009629999999999	0.0	-962999.999999996	-0.0004814999999999	2025-11-10 23:22:15.412064+00:00	2025-11-10 23:22:15.414899+00:00	Negative	-0.740786470089721	0.0
2025-11-11	627.0800170898438	629.5599975585938	619.4000244140625	628.125	13047007	META	-0.5753782622254838	1.6402926612962825	0.6702433381722313	0.9989837103698906	0.6200763023750683	-0.740786470089721	-0.16636543843283583	1.6402926612962825	-30.790616131342336	30.8605038150765	-29.412756020573283	-21.83631543350858	-7.5764405870647025	20.497306528079456	-15.071234962541197	790.2039899235272	587.5560869807698	0.19503744936476547	0.0256484848484848	0.0	25648484.848484844	0.0128242424242424	2025-11-11 23:21:07.143996+00:00	2025-11-11 23:21:07.146826+00:00	Negative	-2.881611091368871	0.0
2025-11-12	609.010009765625	628.989990234375	607.77001953125	628.405029296875	24260038	META	0.21129874512352884	3.49144742603315	0.7565582719713643	0.9588563660047776	1.1092915587772576	-2.881611091368871	-3.0863883366673828	3.49144742603315	85.94332018063606	27.59241483795516	-30.87525087937979	-23.644102522682825	-7.231148356696966	20.548925397725565	-18.887349321440954	789.5670582802063	577.3390208213561	0.1492309372667581	0.0802047619047619	0.0	80204761.9047619	0.0401023809523809	2025-11-12 23:22:13.143575+00:00	2025-11-12 23:22:13.146487+00:00	Low	0.1444976057374108	1.0
2025-11-13	609.8900146484375	617.6500244140625	603.0	613.0700073242188	20683566	META	0.6666553083677924	2.4295231200767	0.7778348721796003	0.8187612219117524	0.9703753265702391	0.14449760573741083	-0.5186997631250175	2.4295231200767	-14.742235770611737	27.992342074748223	-31.599025654124944	-25.23508714897125	-6.363938505153694	20.127575327463916	-18.837164288975437	788.4849719176128	568.439460455434	0.1883726412666591	0.0641969696969696	0.0	64196969.69696968	0.0320984848484848	2025-11-13 23:21:55.257920+00:00	2025-11-13 23:21:55.260703+00:00	Negative	-0.0705033146065054	0.0
2025-11-14	609.4600219726562	613.6799926757812	595.2000122070312	601.4650268554688	20554793	META	-1.3813946106045392	3.1048353645399493	0.7045404539977171	0.6154721422962176	1.0552077199497019	-0.07050331460650544	1.329253532659462	3.1048353645399493	-0.6225860666386057	27.911220493776867	-31.840284216404825	-26.556126562457965	-5.28415765394686	20.009889980412918	-18.919201800093397	785.5436130898145	560.6348231894824	0.21708888658736125	0.0896869999999999	0.0	89686999.99999999	0.0448434999999999	2025-11-14 23:20:50.785795+00:00	2025-11-14 23:20:50.788328+00:00	Negative	-1.2223955531845363	0.0
2025-11-17	602.010009765625	611.6900024414062	595.4000244140625	609.0349731445312	16346046	META	-0.06974187195236081	2.735972011988887	0.7045910229297203	0.5482179597449232	0.8613023618039349	-1.2223955531845365	-1.153458124520403	2.735972011988887	-20.475745000205062	26.479408304868684	-32.26075518380719	-27.697052286727814	-4.563702897079377	19.74418198376512	-9.671847760746791	779.6693186660233	553.4931202988204	0.21450926232315656	0.0142229999999999	0.0	14222999.999999994	0.0071114999999999	2025-11-17 23:21:23.711534+00:00	2025-11-17 23:21:23.714402+00:00	Negative	-0.7175972582084837	0.0
2025-11-18	597.6900024414062	603.6599731445312	583.780029296875	591.5999755859375	25374098	META	-1.7292128055711804	3.405382652709163	0.4490022936245482	0.5745843863671288	1.1832887186927865	-0.7175972582084837	1.0294163466516397	3.405382652709163	55.2308001580321	25.657480967836108	-32.56715603958651	-28.671073037299557	-3.89608300228695	19.753879259757344	-7.813677034343678	772.3402989088163	547.2641383470432	0.22403911621961173	0.1014611650485436	0.0	101461165.04854368	0.0507305825242718	2025-11-19 01:45:54.576628+00:00	2025-11-19 01:45:54.579563+00:00	Negative	-1.2330798720211165	0.0
2025-11-19	590.3200073242188	595.3099975585938	581.2899780273438	593.7150268554688	24193838	META	-0.6650563954057742	2.4118804832706924	0.4329745049809844	0.5813375748928054	1.1289458435630446	-1.2330798720211165	-0.571826444958158	2.4118804832706924	-4.65143627962657	24.273214065322676	-33.02399784717136	-29.541657999273916	-3.4823398478974426	19.514318199350573	-7.43127958093616	765.2788749965446	540.8385627475961	0.2204659407252025	0.0766762886597938	0.0	76676288.65979381	0.0383381443298969	2025-11-20 01:44:31.070669+00:00	2025-11-20 01:44:31.073446+00:00	Negative	-0.1981946902764665	0.0
2025-11-20	589.1500244140625	606.719970703125	583.3499755859375	602.9450073242188	20301467	META	2.138670525030338	4.006170582884459	0.61543823583018	0.690524083981323	0.9507081102241953	-0.19819469027646655	-2.2879338484576484	4.006170582884459	-16.088274212632157	24.051372619117586	-33.09891245452593	-30.25310889032432	-2.84580356420161	19.789723693481783	-6.084611117851499	754.5993028844771	536.9117078577103	0.23996919323734997	0.0827089108910891	0.0	82708910.89108911	0.0413544554455445	2025-11-21 01:45:23.387384+00:00	2025-11-21 01:45:23.390122+00:00	Medium	0.8656497283539394	2.0
2025-11-21	594.25	598.1199951171875	581.8599853515625	588.5	20524255	META	-0.11033257865158878	2.794488394970248	0.63432966404191	0.6647462559367431	0.961416147453435	0.8656497283539394	0.9770603228547154	2.794488394970248	1.0973985278994862	27.175758276417824	-32.37357499241239	-30.677202110741938	-1.6963728816704489	19.53760127006344	-6.557121064014691	740.7984332433498	536.3015789636815	0.28337072098463023	0.078306	0.0	78306000.0	0.039153	2025-11-22 01:41:34.812968+00:00	2025-11-22 01:41:34.816046+00:00	High	3.163649607567312	3.0
2025-11-24	613.0499877929688	616.7000122070312	597.630126953125	598.719970703125	23240466	META	0.7522037363273033	3.190917658574129	0.6063083208254605	0.6696173825103487	1.022600658231853	3.163649607567312	2.3934423087666272	3.190917658574129	13.234151495389234	37.399232726968535	-29.936646900520714	-30.529091068697696	0.5924441681769821	19.745630622704	-0.9516293380948657	720.3974878042297	542.9255224496765	0.39512981784586493	-0.0122663265306122	0.0	-12266326.530612256	-0.0061331632653061	2025-11-25 01:47:31.417267+00:00	2025-11-25 01:47:31.419963+00:00	High	3.779460626623634	3.0
2025-11-25	636.219970703125	637.0449829101562	618.2999877929688	624.0250244140625	25191183	META	1.7902351911962024	3.0316990922315954	0.5916250980707988	0.4959475141935026	1.110221002580942	3.779460626623634	1.9542399442254939	3.0316990922315954	8.393622571939822	47.23143221027229	-25.83789666018822	-29.5908521869958	3.752955526807579	20.04915665802425	2.3338772446404152	695.7295541025694	556.0714529775087	0.5738909313527405	-0.063421	0.0	-63421000.0	-0.0317105	2025-11-26 01:46:46.494124+00:00	2025-11-26 01:46:46.496864+00:00	Negative	-0.4102331696186851	0.0
2025-11-26	633.6099853515625	638.3300170898438	631.6300048828125	637.6900024414062	15158308	META	0.23105715098138613	1.060749513993452	1.0822383220350833	0.7770905927396478	0.7258635937233142	-0.41023316961868517	-0.639811989246082	1.060749513993452	-39.82693071619543	46.34834759208805	-22.54038009925273	-28.180757769447187	5.640377670194457	19.095646340096177	0.292828852307986	659.8096815224516	580.1853258017671	0.6709587671541681	0.076167	0.0	76167000.0	0.0380835	2025-11-27 01:45:03.460591+00:00	2025-11-27 01:45:03.463505+00:00	High	2.2632261465248367	3.0
2025-11-28	647.9500122070312	648.0499877929688	635.5	636.0750122070312	7236056	META	0.3890448244910494	1.97482105318155	0.8879793965059442	0.8146865091779403	0.3960610164821848	2.2632261465248367	1.866918173502294	1.97482105318155	-52.26343204004035	51.69253889792696	-18.556051533419463	-26.25581652224164	7.699764988822178	18.763100347332607	3.328123133956825	655.2088842472589	582.9341272273506	0.8995655974571017	0.1044919999999999	0.0	104491999.99999996	0.0522459999999999	2025-11-29 01:44:31.194848+00:00	2025-11-29 01:44:31.197604+00:00	Negative	-1.0926795210216869	0.0
2025-12-01	640.8699951171875	645.2949829101562	637.760009765625	639.5449829101562	11911733	META	-1.2971724883908864	1.181474697245494	0.9996044811529722	0.9440633623615783	0.7198487737386513	-1.0926795210216869	0.20718045523584208	1.181474697245494	64.61637389207601	49.092481680015354	-15.787749302017232	-24.16220307819676	8.374453776179529	18.15073621119501	5.231438702267584	653.753742863903	583.6412705638313	0.8162417138626232	0.0610851485148514	0.0	61085148.51485149	0.0305425742574257	2025-12-02 01:49:17.034626+00:00	2025-12-02 01:49:17.037247+00:00	Medium	0.9721129895636328	2.0
2025-12-02	647.0999755859375	647.8699951171875	638.0700073242188	642.5850219726562	11638125	META	0.26760916699730114	1.5358797123321202	0.7964282851697492	0.9967498180534351	0.818026199471276	0.9721129895636329	0.7026235375703129	1.5358797123321202	-2.2969621632721284	51.408553040566105	-12.941955672476865	-21.918153597052786	8.97619792457592	17.554254181321706	6.101093647015873	655.4589164553627	582.8750923336997	0.8848374142506717	0.06919	0.0	69190000.0	0.034595	2025-12-03 01:48:45.099414+00:00	2025-12-03 01:48:45.102655+00:00	Negative	-1.159017197181762	0.0
2025-12-03	639.5999755859375	648.8499145507812	638.5999755859375	644.4099731445312	10885542	META	-0.41570121200676924	1.6050641022087542	0.36336854207794955	0.9690941191275969	0.9577324656847069	-1.159017197181762	-0.7464188574119013	1.6050641022087542	-6.466531335588852	48.54519583976802	-11.163149202922796	-19.767152718226786	8.60400351530399	17.032517380144707	4.945353678117626	657.0073627668382	582.554642848396	0.7661954163666642	0.0109643564356435	0.0	10964356.435643556	0.0054821782178217	2025-12-04 01:49:33.282258+00:00	2025-12-04 01:49:33.285034+00:00	High	3.428713969359892	3.0
2025-12-04	661.530029296875	676.0999755859375	660.0499877929688	676.0399780273438	29723064	META	5.697311418441435	2.431632162684471	0.4756975305571652	0.9694144063964757	2.081606823604949	3.428713969359892	-2.1463151887567613	2.431632162684471	173.05084119835283	56.22318395777216	-7.892876040970123	-17.392297382775453	9.49942134180533	18.423051852991513	9.886882039456848	661.9936984945917	580.126308829627	0.9943363383196379	-0.0497960396039603	0.0	-49796039.6039604	-0.0248980198019801	2025-12-05 01:49:58.475332+00:00	2025-12-05 01:49:58.477999+00:00	Medium	1.7973414791039506	2.0
2025-12-05	673.4199829101562	674.6900024414062	662.4149780273438	664.5	20920800	META	0.4489547823371999	1.8530716878741533	0.46401462964825	0.7602961213876429	1.2294887741389018	1.7973414791039506	1.3423601068707676	1.8530716878741533	-29.614255111787934	59.73159955579834	-4.292262579794283	-14.77229042217922	10.480027842384937	18.047117659530066	12.670444571502445	670.616697400415	576.9513079706787	1.0299287231581327	0.0193376237623762	0.0	19337623.76237624	0.0096688118811881	2025-12-06 01:43:51.571939+00:00	2025-12-06 01:43:51.574843+00:00	Negative	-0.9830410865711868	0.0
2025-12-08	666.7999877929688	676.7100219726562	665.635009765625	669.6849975585938	12959118	META	-0.5546294209182682	1.663826578312166	0.3627938106983376	0.7230809523762584	0.7523291658543455	-0.9830410865711868	-0.43080101482676225	1.663826578312166	-38.05629803831593	56.99286739682181	-1.9504452326111732	-12.20792138426561	10.257476151654437	17.549110127208724	12.95568158284448	676.4585858617761	575.618416091349	0.9042187444666532	0.0193166666666666	0.0	19316666.666666664	0.0096583333333333	2025-12-09 01:56:11.367706+00:00	2025-12-09 01:56:11.370412+00:00	Negative	-1.4756997601157216	0.0
2025-12-09	656.9600219726562	664.47998046875	653.3400268554688	663.7650146484375	12937317	META	-0.4551549490240187	1.7050774719709036	0.33687796132581405	0.5786585292593207	0.7399023476365529	-1.4756997601157216	-1.0252111101977117	1.7050774719709036	-0.16822904151347337	53.09589803545652	-0.878415294044089	-9.942020166221308	9.063604872177219	17.25702804222953	11.50980136613488	679.4570628521319	575.1399403216963	0.7843399018899135	-0.0002841584158415	0.0	-284158.4158415913	-0.0001420792079207	2025-12-10 01:51:44.072238+00:00	2025-12-10 01:51:44.075095+00:00	Negative	-1.039639682995509	0.0
2025-12-10	650.1300048828125	654.510009765625	643.3975830078125	650.4000244140625	15947894	META	-0.9985383187999815	1.7271477312462278	0.31845006001025117	0.3862853011864298	0.8621583730152452	-1.039639682995509	-0.04151591653048557	1.7271477312462278	23.27048954586179	50.51404501843449	-0.5733400354500873	-8.068284140067064	7.494944104616977	16.99312882241626	9.40345054822255	681.5494798186154	575.3525221345095	0.7041395947587928	-0.0338454545454545	0.0	-33845454.54545455	-0.0169227272727272	2025-12-11 01:53:03.516861+00:00	2025-12-11 01:53:03.519769+00:00	Low	0.396846333881914	1.0
2025-12-11	652.7100219726562	655.280029296875	640.7949829101562	642.72998046875	12019018	META	-1.1382376383930122	2.260480617519075	0.2444039528515381	0.36012283261185085	0.8035806037875914	0.39684633388191404	1.5527580488197699	2.260480617519075	-24.63570425035431	51.47395588560558	-0.12197383952184282	-6.47902207995802	6.3570482404361774	16.813980077009294	6.4692985840301445	683.950738168426	577.3212650054021	0.7070161253820846	0.0497099999999999	0.0	49709999.99999999	0.0248549999999999	2025-12-12 01:52:45.666097+00:00	2025-12-12 01:52:45.669011+00:00	Negative	-1.2992050402838002	0.0
2025-12-12	644.22998046875	711.0	638.6099853515625	650.2100219726562	12892636	META	-0.3830184792389677	11.335559466484996	4.253953124217487	3.044418718943702	0.9656539699220668	-1.2992050402838002	-0.9197092173023647	11.335559466484996	7.268630432203363	48.16678461206285	-0.44341988758753814	-5.271901641483924	4.828481753896386	20.783696832111307	1.2590000525718574	685.0933910576342	579.6126086982252	0.612598525770802	0.006195	0.0	6195000.000000002	0.0030975	2025-12-13 01:46:21.203695+00:00	2025-12-13 01:46:21.206472+00:00	Medium	0.509139499296262	2.0
2025-12-15	647.510009765625	653.0	638.7000732421875	645.4249877929688	15196370	META	0.18549390131599391	2.238911087832322	4.191148866274706	3.002738652583484	1.1012942065986615	0.509139499296262	0.3230463666716692	2.238911087832322	17.8686034415305	49.5178349841738	-0.42855710512390033	-4.30323273421192	3.8746756290880198	20.32057039823282	2.1937824111704907	686.2958696385762	582.21512889658	0.6273483490178386	0.0382539215686274	0.0	38253921.56862745	0.0191269607843137	2025-12-16 01:52:45.383433+00:00	2025-12-16 01:52:45.386124+00:00	Medium	1.4887823358787664	2.0
2025-12-16	657.1500244140625	662.52001953125	643.2000122070312	643.239990234375	14058674	META	-0.6594522813316186	3.0037324249925677	4.063008984211961	2.967814389722699	1.0025497973374786	1.4887823358787664	2.1624952414135743	3.0037324249925677	-7.486630030724442	53.3651572185535	0.3569753842045884	-3.3711911105286188	3.728166494733207	20.249101607231815	1.4198645009195072	687.753740366085	586.2712596339151	0.6984335056531472	0.0836450980392156	0.0	83645098.03921568	0.0418225490196078	2025-12-17 01:48:26.316917+00:00	2025-12-17 01:48:26.319744+00:00	Negative	-1.1641214532227284	0.0
2025-12-17	649.5	661.22998046875	649.2000122070312	655.6099853515625	14675497	META	-0.23435121437804887	1.8530449839058796	4.044875207011526	2.956039287601093	1.0658795089261752	-1.1641214532227284	-0.9319542850290937	1.8530449839058796	4.387490598330966	50.10194733940564	0.35809461336350523	-2.6253339657501944	2.9834285791136996	19.662020653980882	1.3466077283325526	687.2450662040185	591.960933551841	0.6038682920922206	0.0294436893203883	0.0	29443689.320388347	0.0147218446601941	2025-12-18 01:48:45.212026+00:00	2025-12-18 01:48:45.214672+00:00	High	2.3017724722142034	3.0
2025-12-18	664.4500122070312	670.5599975585938	656.4600219726562	656.989990234375	19001162	META	1.153193261643572	2.1478803147169887	4.0582354903699525	2.96353097171577	1.252972478929226	2.3017724722142034	1.1354848754993903	2.1478803147169887	29.47542423946528	55.791247919326416	1.547484218383829	-1.7907703289233898	3.338254547307219	19.761876147167516	2.681198775410801	686.3504810693817	600.2685191747589	0.7455858535245761	0.0187884615384615	0.0	18788461.53846154	0.0093942307692307	2025-12-19 01:52:10.599902+00:00	2025-12-19 01:52:10.603053+00:00	Negative	-0.8548412328136825	0.0
2025-12-19	658.77001953125	670.1599731445312	658.1799926757812	666.510009765625	47919952	META	0.3100304794564275	1.8201678267439112	0.4780308924532104	2.964937758690326	2.161445041122751	-0.8548412328136825	-1.1612714169284164	1.8201678267439112	152.1948499781224	53.30450927415685	2.008602194409832	-1.0308958242567456	3.0394980186665777	19.20602645585198	2.997192726242809	682.3603238020467	611.2206759538128	0.6683944188039396	-0.0135588235294117	0.0	-13558823.529411765	-0.0067794117647058	2025-12-20 01:46:38.609528+00:00	2025-12-20 01:46:38.612402+00:00	Low	0.4144056936125488	1.0
2025-12-22	661.5	673.5800170898438	656.6500244140625	661.64501953125	15561616	META	0.4364193747076887	2.5782368150961554	0.5059455923853167	2.933925469827359	0.699606618242312	0.4144056936125488	-0.021918026580588598	2.5782368150961554	-67.52581054338285	54.35751278245058	2.5647631281833583	-0.31176403376872486	2.876527161952083	19.043452614418356	-0.0045393701789951165	676.8205794883166	623.4854202675427	0.7127489687450054	0.072671	0.0	72671000.00000001	0.0363355	2025-12-23 01:53:08.634849+00:00	2025-12-23 01:53:08.637788+00:00	Medium	0.5200306033871882	2.0
2025-12-23	664.9400024414062	666.0	658.25	660.0499877929688	8180574	META	-0.21920063598356007	1.1773642233194077	0.5126045854228869	2.9657177401600254	0.388298230202943	0.5200306033871882	0.7408551986779677	1.1773642233194077	-47.43107656685527	55.71275654803326	3.2456898308454356	0.3997267391541073	2.8459630916913286	18.236777427674188	-1.2592409913504676	674.0228021095371	631.4721991111661	0.7865412232000899	0.0271148514851485	0.0	27114851.485148508	0.0135574257425742	2025-12-24 01:51:39.323668+00:00	2025-12-24 01:51:39.326402+00:00	Low	0.3925144136282414	1.0
2025-12-24	667.5499877929688	668.1799926757812	662.2000122070312	662.530029296875	5058216	META	-0.362434676163676	0.9030474718385251	0.6876423607486549	3.0164727262003836	0.2642151942426322	0.39251441362824147	0.7576952400816148	0.9030474718385251	-38.16795740738975	56.761767566195815	3.9503954540717814	1.109860482137642	2.8405349719341393	17.361291930608175	0.11247750655821302	675.0989390534962	633.5290638761912	0.8184033214357879	0.0748881188118811	0.0	74888118.81188117	0.0374440594059405	2025-12-25 01:53:11.842852+00:00	2025-12-25 01:53:11.845638+00:00	Negative	-0.6381559199348202	0.0
2025-12-26	663.2899780273438	668.9498901367188	661.3201293945312	668.0999755859375	6989608	META	0.08238900502224576	1.1537166952974642	0.6785918062740536	3.06377547380131	0.41748959735570795	-0.6381559199348202	-0.7199517638621798	1.1537166952974642	38.18326461345265	54.492953251780015	4.117666653882225	1.7114217164865586	2.406244937395666	16.666182560006696	0.963522260560166	674.6019098762812	636.9940923209844	0.6992132863784271	0.0890069999999999	0.0	89006999.99999999	0.0445034999999999	2025-12-27 01:50:37.629273+00:00	2025-12-27 01:50:37.632115+00:00	Negative	-0.6935089837506739	0.0
2025-12-29	658.6900024414062	660.25	654.3900146484375	658.010009765625	8452081	META	-0.796027142973218	0.8954881982284983	0.7040753145647061	0.7298640821762438	0.955208043380405	-0.6935089837506739	0.1033407798801503	0.8954881982284983	20.92353390919777	52.0725831469917	3.8348449927029833	2.1361063717298436	1.6987386209731397	16.11145261849952	1.3166593595594331	674.8225115255763	637.8474896951269	0.563691695487122	0.1188141304347826	0.0	118814130.4347826	0.0594070652173913	2025-12-30 01:53:48.605381+00:00	2025-12-30 01:53:48.608236+00:00	Medium	1.102189154035447	2.0
2025-12-30	665.9500122070312	672.219970703125	657.8400268554688	658.6900024414062	9020749	META	0.0	2.1859332452592772	0.5328491317077811	0.7263236907951705	1.1963468404795727	1.102189154035447	1.102189154035447	2.1859332452592772	6.7281418623413565	55.43680132208034	4.148705211057404	2.5386261395953555	1.6100790714620485	15.987773420582144	2.0284643698836384	675.0862697627354	640.091733166952	0.7389233164812079	0.0385	0.0	38500000.0	0.01925	2025-12-31 01:54:13.788575+00:00	2025-12-31 01:54:13.791274+00:00	Negative	-0.8799437261277114	0.0
2025-12-31	660.0900268554688	665.0	659.4400024414062	664.4600219726562	7844040	META	-0.2237390505387948	0.8431392602828606	0.5662143112955241	0.634745483942184	1.049659338840029	-0.8799437261277114	-0.6576761539714324	0.8431392602828606	-13.04447114092189	52.24878639247843	3.879865180742513	2.806873947824787	1.072991232917726	15.310790302370918	2.4618609607672677	675.0823182160802	641.3946898405604	0.5549615071298365	0.0691353535353535	0.0	69135353.53535353	0.0345676767676767	2026-01-01 02:04:24.818209+00:00	2026-01-01 02:04:24.820941+00:00	Negative	-1.4664747711840544	0.0
2026-01-02	650.4099731445312	664.3900146484375	643.5	662.7249755859375	13681484	META	0.3991802062244595	3.2463115226787105	1.036934381988242	0.8300914690851731	1.4875071002276639	-1.4664747711840544	-1.858237262073629	3.2463115226787105	74.4188453908955	47.39966177100885	2.852822522720089	2.8160636628038476	0.036758859916241615	15.70930632708996	0.44786386853786725	673.7897915797797	643.7682162327202	0.22123279125196166	0.0521921568627451	0.0	52192156.86274511	0.0260960784313725	2026-01-03 01:49:30.306469+00:00	2026-01-03 01:49:30.309148+00:00	Medium	1.2884188786801294	2.0
2026-01-05	658.7899780273438	664.5399780273438	647.751220703125	650.4099731445312	12005892	META	0.0	2.5918526723878323	1.058910568189313	0.8680044458852558	1.176950248416573	1.2884188786801294	1.2884188786801294	2.5918526723878323	-12.247150966956509	51.58844031957606	2.6841390915853935	2.789678748560157	-0.10553965697476331	15.786409969742015	0.24955543671226202	673.5997773711973	643.6842253143496	0.5049464801548396	0.0896882352941176	0.0	89688235.29411764	0.0448441176470588	2026-01-06 01:55:38.830621+00:00	2026-01-06 01:55:38.833425+00:00	Low	0.2777845976533348	1.0
2026-01-06	660.6199951171875	665.52001953125	651.9000244140625	659.7999877929688	10941825	META	0.1533128613536799	2.089276669291331	0.88054907564629	0.8749264123706918	1.0227153555006834	0.27778459765333485	0.12428119724004162	2.089276669291331	-8.862873329195367	52.478430463667095	2.6673754978170336	2.765218098411532	-0.09784260059449856	15.631666051702407	1.7120854683891455	671.3886150749958	644.6153888312543	0.5977840003378168	0.0503264705882353	0.0	50326470.5882353	0.0251632352941176	2026-01-07 01:55:12.250554+00:00	2026-01-07 01:55:12.253159+00:00	Negative	-1.8058782301412155	0.0
2026-01-07	648.6900024414062	659.1500244140625	644.8099975585938	655.780029296875	12725403	META	-0.7326399225100563	2.22391509278137	0.880654999621474	0.8450626993331398	1.1123867726654497	-1.8058782301412155	-1.0811593123795873	2.22391509278137	16.30055315269619	46.4795800439258	1.6721638590721568	2.546607250543657	-0.8744433914715004	15.64440401648036	-2.3718879488430877	670.4300487702892	643.7629566008045	0.18476127090601183	0.069276	0.0	69276000.0	0.034638	2026-01-08 01:55:15.934867+00:00	2026-01-08 01:55:15.937567+00:00	Negative	-0.4054332382053411	0.0
2026-01-08	646.0599975585938	647.1019897460938	635.719970703125	645.6500244140625	11774880	META	-0.468633402072254	1.79041395071794	0.5593573381281217	0.8223683694728786	0.9631097164176946	-0.40543323820534116	0.06349773546486072	1.79041395071794	-7.4694923217755855	45.25151497058349	0.6635826829756297	2.1700023370300516	-1.506419654054422	15.453377425180424	-1.929356466722652	670.7272733859118	642.3757295437758	0.1299494671377428	0.0774535353535353	0.0	77453535.35353534	0.0387267676767676	2026-01-09 01:56:33.099226+00:00	2026-01-09 01:56:33.101909+00:00	Medium	1.0834907015528603	2.0
2026-01-09	653.0599975585938	654.9500122070312	642.8875122070312	645.5	11408936	META	-0.0866788782326616	1.8763002501929873	0.3171136353893045	0.7607126084124994	0.9692091345020067	1.0834907015528603	1.1711847495884973	1.8763002501929873	-3.1078363431304608	49.10588099283145	0.42422611842164315	1.82084709330837	-1.3966209748867269	15.211171894810393	-1.2758885021022297	670.6643054495411	642.7316967477246	0.36975783111147326	-0.0426317307692307	0.0	-42631730.769230776	-0.0213158653846153	2026-01-10 01:52:24.377319+00:00	2026-01-10 01:52:24.380175+00:00	Negative	-1.6981635526487338	0.0
2026-01-12	641.969970703125	653.969970703125	641.2249755859375	652.5250244140625	14476714	META	-0.08191791665868361	1.9876011700170286	0.17122996694125517	0.7154360557147176	1.1802741916637487	-1.6981635526487338	-1.6175707162212596	1.9876011700170286	26.889255930614386	43.840004386510465	-0.6528129461914887	1.3261150854083983	-1.978928031599887	15.035016410694471	-3.454451778197138	671.4615328583046	640.860464212008	0.03625711585243294	0.0085466019417475	0.0	8546601.941747574	0.0042733009708737	2026-01-13 01:53:09.443931+00:00	2026-01-13 01:53:09.446637+00:00	Negative	-1.6947745757858217	0.0
2026-01-13	631.0900268554688	641.9974975585938	624.0999755859375	641.7000122070312	17878711	META	-0.04205157692938111	2.8677331634011245	0.4333555515359156	0.6546490114806186	1.3095147028086749	-1.6947745757858217	-1.6534182873194974	2.8677331634011245	23.499787313612742	39.378557621852835	-2.3571232559299915	0.5894674171407204	-2.9465906730707117	15.23948109369174	-5.461757412061783	673.6594587814302	637.3485429275543	-0.17235908059359675	-0.0251096153846153	0.0	-25109615.384615384	-0.0125548076923076	2026-01-14 01:59:57.261266+00:00	2026-01-14 01:59:57.264050+00:00	Negative	-2.467161048606552	0.0
2026-01-14	615.52001953125	628.3599853515625	614.8150024414062	626.4000244140625	15280068	META	-0.7431590172285113	2.2030989576327276	0.4325574885431002	0.6547172126390876	1.0788066288531564	-2.4671610486065516	-1.7369100349237228	2.2030989576327276	-14.534845381191072	34.039813093042426	-4.9075991739713345	-0.5099459010816907	-4.397653272889643	15.313448473718223	-7.20197199996356	678.9314874092294	628.8775152763175	-0.2668618528335444	-0.0106145631067961	0.0	-10614563.106796116	-0.005307281553398	2026-01-15 01:55:34.626681+00:00	2026-01-15 01:55:34.629537+00:00	Medium	0.857806097962454	2.0
2026-01-15	620.7999877929688	624.1699829101562	614.22998046875	618.47998046875	12938724	META	0.4808878417560101	1.6182867586210186	0.4728118274685011	0.5097482135566064	0.8987327909906919	0.857806097962454	0.3751143767758499	1.6182867586210186	-15.322863746417884	37.15153780561096	-6.428714186613206	-1.693699558187994	-4.735014628425212	14.929630899981655	-5.7523287901744045	680.9003967327972	623.2736022906404	-0.042924728359730956	-0.0370875	0.0	-37087500.0	-0.01854375	2026-01-16 01:57:01.543592+00:00	2026-01-16 01:57:01.546339+00:00	Negative	-0.0885933962279918	0.0
2026-01-16	620.25	629.0800170898438	620.0900268554688	624.1762084960938	16672912	META	0.5438499950890687	1.4497879090176686	0.5566869073876757	0.42968597046566825	1.079192988518706	-0.08859339622799187	-0.6290224527387319	1.4497879090176686	28.86055842910012	36.9559641962637	-7.5910829328616956	-2.8731762331227344	-4.717906699738961	14.505370852438322	-6.862378762570542	682.6094432932354	618.6395557302022	0.025175036742262617	-0.0547323232323232	0.0	-54732323.23232322	-0.0273661616161616	2026-01-17 01:51:15.689755+00:00	2026-01-17 01:51:15.692454+00:00	Negative	-2.60056507582628	0.0
2026-01-20	604.1199951171875	611.4000244140625	600.010009765625	607.8800048828125	15057638	META	-1.994356326833938	1.8983041054409493	0.559623422045319	0.39022474517939637	0.9673657132345326	-2.60056507582628	-0.618544735050112	1.8983041054409493	-9.688013707503524	31.68746326939589	-9.70198666564113	-4.238938319626413	-5.463048346014716	14.914986522576656	-8.479151246218763	684.7690581769006	610.4469391375525	-0.08512868177258678	-0.0278445544554455	0.0	-27844554.455445543	-0.0139222772277227	2026-01-21 01:59:24.114913+00:00	2026-01-21 01:59:24.117504+00:00	Medium	1.4632898971923545	2.0
2026-01-21	612.9600219726562	618.27001953125	600.0900268554688	606.4149780273438	14439157	META	0.3798885864903492	3.0295442120653484	0.6229102911183781	0.5091574281670035	0.9705234810558551	1.4632898971923545	1.0793011687480745	3.0295442120653484	-4.107423753977882	36.98923521620854	-10.540077343415192	-5.499166124384169	-5.040911219031022	15.148201247805556	-5.757899281712434	685.0054957245962	605.6295018339976	0.09235185324119673	-0.0354196078431372	0.0	-35419607.84313725	-0.0177098039215686	2026-01-22 02:00:17.432073+00:00	2026-01-22 02:00:17.434809+00:00	Very High	5.656157280629773	4.0
2026-01-22	647.6300048828125	648.22998046875	626.5499877929688	629.3499755859375	21297141	META	2.6739025427032495	3.460217556168077	0.8981798176597209	0.6690596175731194	1.3243572845921674	5.656157280629773	2.904588862477658	3.460217556168077	47.49573676635	52.54489119883942	-8.310889609881997	-6.0615108214837345	-2.2493787883982623	16.585469622683284	-1.6940107646974623	683.6356408964571	605.6123571504179	0.5385270359699212	0.0043405940594059	0.0	4340594.059405946	0.0021702970297029	2026-01-23 01:56:19.387118+00:00	2026-01-23 01:56:19.389890+00:00	Medium	1.7185746180531667	2.0
2026-01-23	658.760009765625	666.4899291992188	644.4450073242188	644.8350219726562	22185431	META	-0.4315709415999028	3.4207607514149383	0.921970630274431	0.747317237796293	1.2373043522964988	1.7185746180531667	2.1594651838806653	3.4207607514149383	4.170935432131477	56.2766488400587	-5.581800373756778	-5.965568731938344	0.38376835818156607	16.975430497848766	-0.2815514766900988	682.7720356703978	605.857963108899	0.6878071189693756	-0.0433116504854369	0.0	-43311650.485436894	-0.0216558252427184	2026-01-24 01:53:09.043065+00:00	2026-01-24 01:53:09.045883+00:00	High	2.0644810529370368	3.0
2026-01-26	672.3599853515625	675.280029296875	661.2855224609375	665.2249755859375	16072093	META	0.9813840737862366	2.116257858459946	0.7337162279662157	0.733020965720536	0.9024048005501538	2.0644810529370368	1.0725709387775775	2.116257858459946	-27.55564225910238	60.37686496352719	-2.295116448298927	-5.231478275210461	2.9363618269115337	16.94290114309171	3.6488897348613403	683.6456973872353	605.4653011479211	0.8556452438393044	0.0386811320754717	0.0	38681132.0754717	0.0193405660377358	2026-01-27 02:03:01.664841+00:00	2026-01-27 02:03:01.667495+00:00	Low	0.090723030051164	1.0
2026-01-27	672.969970703125	676.8150024414062	664.6599731445312	674.6500244140625	13165683	META	0.3405971670521987	1.8287590328885162	0.7550761943706211	0.7447025507253936	0.7552637546530353	0.09072303005116401	-0.2490259616304967	1.8287590328885162	-18.08358127345331	60.555532384040966	0.3547357885610154	-4.114235462456166	4.468971251017181	16.600910296933375	4.165243668733828	685.2686781741822	604.8103196285522	0.8471419540073972	0.0282234693877551	0.0	28223469.387755103	0.0141117346938775	2026-01-28 01:59:04.849029+00:00	2026-01-28 01:59:04.851780+00:00	Negative	-0.6300415202694736	0.0
2026-01-28	668.72998046875	677.677490234375	666.0999755859375	674.614990234375	16982940	META	0.24444174374248362	1.7381046498693073	0.8583855995515091	0.7497208090238333	0.94661747515877	-0.6300415202694736	-0.8723508743232088	1.7381046498693073	28.99399142452389	58.5782748274701	2.088555433631541	-2.873677283238625	4.962232716870165	16.242096322040812	2.399470641095317	686.6797936762384	604.4032019292304	0.7818357223317874	0.0915292929292929	0.0	91529292.92929292	0.0457646464646464	2026-01-29 02:13:01.807562+00:00	2026-01-29 02:13:01.810108+00:00	Very High	10.404800012266724	4.0
2026-01-29	738.3099975585938	744.0	712.5499877929688	737.75	59607699	META	10.32105955274654	4.413727141367806	1.1706144895517372	1.007374280634269	2.328173899251492	10.404800012266723	0.075906141456286	4.413727141367806	250.98574805069086	73.73468586753381	8.973702610769578	-0.5042013044369842	9.477903915206563	20.45837655127004	15.006936656235062	706.4124195278397	591.9065746127852	1.2785672474135892	0.1056319999999999	0.0	105632000.0	0.0528159999999999	2026-01-30 02:13:53.258826+00:00	2026-01-30 02:13:53.261619+00:00	Negative	-2.954043373476446	0.0
2026-01-30	716.5	732.1699829101562	713.5900268554688	727.5	22691755	META	-1.4641542975633142	2.603729782570336	1.1003831249769667	0.9588553294143013	0.882809095257188	-2.954043373476446	-1.5120274914089347	2.603729782570336	-61.93150317713153	65.62850196293819	12.525955407434253	2.1018300379372636	10.42412536949699	20.762776133545394	13.533722529272627	716.2382998594856	587.7216915955926	1.0020363137811503	0.1074166666666666	0.0	107416666.66666669	0.0537083333333333	2026-01-31 02:09:19.859998+00:00	2026-01-31 02:09:19.862963+00:00	Negative	-1.408238221279658	0.0
2026-02-02	706.4099731445312	721.2999877929688	703.52001953125	714.5999755859375	14365200	META	-0.2651813557658758	2.5272867534836334	1.0758824580536104	0.8723929268867585	0.5663917982341865	-1.408238221279658	-1.1460960986866593	2.5272867534836334	-36.69418694146839	62.220502477110166	14.36141109261905	4.553746248873622	9.807664843745428	20.549718428414916	14.766368392452712	723.2621185338182	586.2978729212598	0.8769595282774895	0.0	0.0	0.0	0.0	2026-02-07 02:12:06.526794+00:00	2026-02-07 02:12:06.529272+00:00	Negative	-2.082354651933877	0.0
2026-02-03	691.7000122070312	717.0	686.4099731445312	707.3699951171875	13760700	META	0.13590153156852866	4.456524242404573	1.2230720249563978	0.9786080640450517	0.5400237130559177	-2.082354651933877	-2.2152456307621953	4.456524242404573	-4.208086208336814	57.53014065768287	14.462339191779733	6.535464837454844	7.926874354324889	21.266883316061616	11.420751579928675	726.7701629934613	586.0808318795855	0.750726295243782	0.0	0.0	0.0	0.0	2026-02-07 02:12:06.526794+00:00	2026-02-07 02:12:06.529272+00:00	Negative	-3.2832183854088126	0.0
2026-02-04	668.989990234375	688.8300170898438	667.4600219726562	687.72998046875	16882800	META	-0.5739528217751408	3.2016891519628663	0.9448081471383823	0.9814871212826383	0.663068290189802	-3.2832183854088126	-2.7249052341155764	3.2016891519628663	22.688526019751905	51.122795178937366	12.564975246673384	7.741366919298553	4.823608327374831	21.47924809594114	7.858120150644901	727.3828229398367	586.305171444929	0.5860943807420168	0.0	0.0	0.0	0.0	2026-02-07 02:12:06.526794+00:00	2026-02-07 02:12:06.529272+00:00	Low	0.1823692067281637	1.0
2026-02-05	670.2100219726562	681.5	653.5	663.5800170898438	17131800	META	-0.8086777415960904	4.284621270084163	0.9127854798048737	1.0582347991583767	1.0097456445075048	0.18236920672816379	0.9991266632603928	4.284621270084163	1.474873836093539	51.43571850018142	11.032570411291431	8.399607617697129	2.6329627935943023	21.945016089088202	10.93988402794855	728.5848934354706	587.25510290242	0.586959895414526	0.0	0.0	0.0	0.0	2026-02-07 02:12:06.526794+00:00	2026-02-07 02:12:06.529272+00:00	Negative	-1.3055609007823803	0.0
2026-02-06	661.4600219726562	671.9899291992188	646.5001220703125	665.489990234375	17610125	META	-0.704261587194502	3.942738177261166	0.8054632442385642	1.0904368038683345	1.1040744194794712	-1.3055609007823803	-0.6055640687096525	3.942738177261166	2.792030026033458	49.01214132232215	9.008235336148346	8.521333161387373	0.48690217476097253	22.198215449075207	7.912424670684894	729.1565180089195	588.2234807703773	0.5196548845982744	-0.069131	0.0	-69131000.0	-0.0345655	2026-02-07 02:12:06.526794+00:00	2026-02-07 02:12:06.529272+00:00	High	2.382600339695245	3.0
2026-02-09	677.219970703125	683.3099975585938	658.780029296875	663.1799926757812	14809800	META	0.260026403106808	3.723544608342169	0.49393130284758996	1.0449736051277974	0.9233592149657289	2.382600339695245	2.117068998221073	3.723544608342169	-15.901789453510409	53.28194788921956	8.576763761915345	8.532419281492967	0.04434448042237804	22.364769221406885	4.568961536250432	730.764250851357	589.0317452423931	0.6222159488525575	-0.055895	0.0	-55895000.0	-0.0279475	2026-02-10 02:38:50.340084+00:00	2026-02-10 02:38:50.342943+00:00	Negative	-0.9598063083183092	0.0
2026-02-10	670.719970703125	680.6500244140625	669.7899780273438	677.3800048828125	10442700	META	0.023631048493939745	1.6214107023075515	1.0457405115397673	1.0783196693544894	0.6791803424226096	-0.9598063083183093	-0.9832050151583221	1.6214107023075515	-29.48790665640319	51.3711958035002	7.622456816155363	8.350426788425446	-0.727969972270083	21.543003304643445	1.815526255419654	731.8542923296447	590.8167037641053	0.566538805375909	0.0414717171717171	0.0	41471717.17171717	0.0207358585858585	2026-02-11 02:36:23.587968+00:00	2026-02-11 02:36:23.590526+00:00	Negative	-0.3026551094923722	0.0
2026-02-11	668.6900024414062	679.2675170898438	657.1500244140625	674.0	14316917	META	0.4890311068919716	3.365668698787916	1.0423039326309609	0.9382762441587109	0.9633063146672819	-0.30265510949237223	-0.7878334656667285	3.365668698787916	37.099763471132945	50.75898950815433	6.625980039298611	8.00553743860008	-1.3795573993014685	21.584038259724714	-0.5458360090000441	732.4009201963785	594.0300734559652	0.5395640103692124	0.058016	0.0	58015999.99999999	0.029008	2026-02-12 02:30:41.922239+00:00	2026-02-12 02:30:41.924963+00:00	Negative	-2.823431607154446	0.0
2026-02-12	649.8099975585938	676.0	645.280029296875	669.969970703125	14903200	META	0.19141429616796266	4.760719270453605	1.1598565227114694	0.9846236508562687	1.0337564572668447	-2.823431607154446	-3.0090860823767387	4.760719270453605	4.095036661873502	45.346251058816726	4.263657616188766	7.257161474117817	-2.993503857929051	22.236604862824738	-3.4414571456039122	730.9287423234259	598.9312491316523	0.38545238395566994	0.0535931372549019	0.0	53593137.25490195	0.0267965686274509	2026-02-13 02:32:19.001512+00:00	2026-02-13 02:32:19.004272+00:00	Negative	-1.5450636439982504	0.0
2026-02-13	639.77001953125	651.4298706054688	634.5700073242188	644.72998046875	12292279	META	-0.7817696109524203	2.6568957068019516	1.174841171433943	0.9796847790172247	0.9205645284012725	-1.5450636439982504	-0.769308251168011	2.6568957068019516	-17.519197219389124	42.736390769384165	1.5633365860303456	6.118396496500322	-4.555059910469977	21.852551892712256	-4.330591088080178	729.8265175462404	601.9304770826659	0.29586171949835305	0.0850323529411764	0.0	85032352.94117646	0.0425161764705882	2026-02-14 02:13:29.614551+00:00	2026-02-14 02:13:29.617108+00:00	0	0.0	0.0
2026-02-17	639.2899780273438	642.5900268554688	628.7999877929688	639.5900268554688	12567006	META	-0.028133965376046843	2.19307241256505	1.211491722506658	1.0196995660718866	0.9738528047334849	-0.07503344784083026	-0.04691268086217415	2.19307241256505	2.234955779965619	42.610115213678284	-0.6084092594029471	4.773035345319668	-5.381444604722615	21.276658119125667	-13.411713217846758	728.56154190657	605.0994505250706	0.2769313812822433	0.0	0.0	0.0	0.0	2026-02-18 02:29:07.038469+00:00	2026-02-18 02:29:07.041068+00:00	0	0.0	0.0
2026-02-18	643.219970703125	644.5399780273438	628.14501953125	633.5999755859375	14565880	META	-0.8900503115916009	2.610059458614892	1.0106898165368379	0.9775993898228017	1.0609527396216392	0.6147433576087057	1.5183073686660369	2.610059458614892	15.905729654302704	44.06720268248298	-1.9894824090742986	3.420531794440875	-5.410014203515173	20.9279652889091	-10.227498855111653	724.6460706684309	612.9249193218036	0.27116665927768363	0.0	0.0	0.0	0.0	2026-02-19 02:28:04.863389+00:00	2026-02-19 02:28:04.865920+00:00	0	0.0	0.0
2026-02-19	644.780029296875	647.1900024414062	636.719970703125	638.3499755859375	9972501	META	-0.7571274741149513	1.644369930272373	1.183340564175477	1.1000515380515852	0.7754561968107864	0.24253889257273034	1.0072928576578064	1.644369930272373	-31.535197324157554	44.66777082343405	-2.9243984942546604	2.151545736701768	-5.075944230956429	20.180970035292827	-8.724387563968719	721.3885976012323	619.364393121424	0.24911378927224134	0.0	0.0	0.0	0.0	2026-02-20 02:24:01.586901+00:00	2026-02-20 02:24:01.589837+00:00	0	0.0	0.0
2026-02-20	655.6599731445312	663.3499145507812	638.780029296875	639.1119995117188	14057273	META	-0.8790641036660471	3.8463765501484266	0.8116537241702939	1.054530278713749	1.107657908236268	1.6873884663457552	2.589213415716673	3.8463765501484266	40.96035688539916	48.796934866435286	-2.755640379477427	1.1701085134659293	-3.925748892943356	20.494463979479498	-5.210356863737185	721.1905359682496	620.3654515805786	0.3500569503938697	0.0	0.0	0.0	0.0	2026-02-21 02:10:51.044549+00:00	2026-02-21 02:10:51.047166+00:00	0	0.0	0.0
