timestamp	close	high	low	open	volume	symbol	gap_apertura_pct	volatilidad_diaria	vol_5d	vol_10d	vol_rel_5d	return_pct	close_open_pct	range_pct	volume_change_pct	rsi_14	macd	macd_signal	macd_diff	atr_14	momentum_12	bb_upper	bb_lower	bb_pctb	vader	finbert	sentiment_ratio	sentiment_combined	download_date	added_date	target_category	target	target_num
2025-06-05	466.9124145507813	468.8791825139859	463.2684111938008	464.1968775224098	20131700	MSFT	0.0	1.2111275417477003	0.0	0.0	0.0	0.0	0.5849968321340988	1.2111275417477003	0.0	0.0	0.0	0.0	0.0	0.0	0.0	0.0	0.0	0.0	0.0	0.0	0.0	0.0	0	0	Low	0.0	1.0
2025-06-06	469.6080017089844	472.5631351284868	468.0106215882427	469.31846913564885	15285600	MSFT	0.5153117608111628	0.9727372265173522	0.0	0.0	0.0	0.5773218004487	0.061692132821612	0.9727372265173522	-24.07198597237193	0.0	0.0	0.0	0.0	0.0	0.0	0.0	0.0	0.0	0.0	0.0	0.0	0.0	0	0	Medium	0.5773218004487	2.0
2025-06-09	471.97412109375	472.6529977632414	467.8508943889836	468.92913895111	16469900	MSFT	-0.1445594528636346	1.0264174829737958	0.0	0.0	0.0	0.5038498867470123	0.6493480335751639	1.0264174829737958	7.747814936934108	0.0	0.0	0.0	0.0	0.0	0.0	0.0	0.0	0.0	0.0	0.0	0.0	0.0	0	0	Medium	0.5038498867470123	2.0
2025-06-10	470.1471252441406	472.0240141385288	466.19360257943936	470.4166711436691	15375900	MSFT	-0.3299863023149865	1.250641691955852	0.0	0.0	0.0	-0.387096615673653	-0.0572993935085542	1.250641691955852	-6.642420415424502	0.0	0.0	0.0	0.0	0.0	0.0	0.0	0.0	0.0	0.0	0.0	0.0	0.0	0	0	Negative	-0.387096615673653	0.0
2025-06-11	471.8443298339844	474.68965849935887	468.8891963253199	469.2485908678973	16399200	MSFT	-0.1911177008211498	1.237064581461275	0.1299992870448533	0.0	0.9800830242534572	0.3609943565989936	0.5531692617949352	1.237064581461275	6.655220182233235	0.0	0.0	0.0	0.0	0.0	0.0	0.0	0.0	0.0	0.0	0.0	0.0	0.0	0	0	Low	0.3609943565989936	1.0
2025-06-12	478.0840759277344	479.6315503555016	472.7428502291372	474.2403884361742	18950600	MSFT	0.5078070140278846	1.4571770092398937	0.1944423355446565	0.0	1.148782995397739	1.322416250280133	0.8104934934442988	1.4571770092398937	15.558076003707496	0.0	0.0	0.0	0.0	0.0	0.0	0.0	0.0	0.0	0.0	0.0	0.0	0.0	0	0	Medium	1.322416250280133	2.0
2025-06-13	474.1804809570313	478.3935562569989	471.9841099060599	475.62811338522215	16814500	MSFT	-0.5137093382050776	1.3579792659152612	0.1608428185262767	0.0	1.0007427678338676	-0.8165080510427046	-0.3043622501385599	1.3579792659152612	-11.271938619357698	0.0	0.0	0.0	0.0	0.0	0.0	0.0	0.0	0.0	0.0	0.0	0.0	0.0	0	0	Negative	-0.8165080510427046	0.0
2025-06-16	478.3536376953125	479.90108160832807	474.2204177457221	474.4300645574067	15626100	MSFT	0.0526347267335123	1.1978952508223617	0.1059346283586478	0.0	0.9394490316390172	0.8800777142615769	0.8270076942881109	1.1978952508223617	-7.067709417467068	0.0	0.0	0.0	0.0	0.0	0.0	0.0	0.0	0.0	0.0	0.0	0.0	0.0	0	0	Medium	0.8800777142615769	2.0
2025-06-17	477.2554321289063	477.9542649832925	473.30190948641297	474.6197503672441	15414100	MSFT	-0.7805704888245714	0.9829572633518135	0.1793868626781908	0.0	0.92627802582793	-0.229580268626638	0.5553249226613154	0.9829572633518135	-1.3567044880040446	0.0	0.0	0.0	0.0	0.0	0.0	0.0	0.0	0.0	0.0	0.0	0.0	0.0	0	0	Negative	-0.229580268626638	0.0
2025-06-18	479.4518127441406	480.2105751696819	473.68130019053103	477.21549881727225	17526500	MSFT	-0.0083672827894125	1.3784109646136633	0.1884156866527886	0.1684428895077638	1.0391394468041713	0.4602107105280841	0.4686172038441422	1.3784109646136633	13.704335640744514	0.0	0.0	0.0	0.0	0.0	0.0	0.0	0.0	0.0	0.0	0.0	0.0	0.0	0	0	Low	0.4602107105280841	1.0
2025-06-20	476.6164855957031	482.666537493529	476.0873566497709	481.4385756672578	37576200	MSFT	0.4143821903072884	1.3819272349628875	0.1725520817962721	0.1773070293752834	1.824842119167733	-0.5913685323681468	-1.00160026954039	1.3819272349628875	114.39648532222635	0.0	0.0	0.0	0.0	0.0	0.0	0.0	0.0	0.0	0.0	0.0	0.0	0.0	0	0	Negative	-0.5913685323681468	0.0
2025-06-23	485.2023620605469	486.9494899074728	471.7345120072702	477.425138713905	24864000	MSFT	0.1696653688323854	3.225326431060043	0.9048795244692888	0.6425862229508962	1.11993038270594	1.8014224694961234	1.6289932632354147	3.225326431060043	-33.830456512366865	0.0	0.0	0.0	0.0	0.0	0.0	0.0	0.0	0.0	0.0	0.0	0.0	0.0	0	0	Medium	1.8014224694961234	2.0
2025-06-24	489.30560302734375	491.0427680081874	486.0010379300524	488.1475336634371	22305600	MSFT	0.6069986119570296	1.037390804679852	0.9267695309456347	0.6417921840074463	0.9476710987845663	0.8456762142235499	0.2372375734884051	1.037390804679852	-10.28957528957529	0.0	0.0	0.0	0.0	0.0	4.796014793932399	0.0	0.0	0.0	0.0	0.0	0.0	0.0	0	0	Medium	0.8456762142235499	2.0
2025-06-25	491.4620666503906	493.7483167920849	488.5868189509033	491.2324636297239	17495100	MSFT	0.393794918852067	1.056413648707181	0.9150267209027654	0.651385864382403	0.7303782164428718	0.4407191762581075	0.0467401968856434	1.056413648707181	-21.566333118140733	79.51415613893575	0.0	0.0	0.0	6.570628732133067	4.6536824035952415	0.0	0.0	0.0	0.0	0.0	0.0	0.0	0	0	Low	0.4407191762581075	1.0
2025-06-26	496.6335754394531	497.2226034494893	492.0011761864687	492.1709105807123	21578900	MSFT	0.1442316667800782	1.061263166785951	0.9460703075863764	0.6595305618238114	0.8713832521131515	1.0522701831922534	0.906730723576354	1.061263166785951	23.342535910054814	82.68824647932205	0.0	0.0	0.0	6.512765022630612	5.224747129897176	0.0	0.0	0.0	0.0	0.0	0.0	0.0	0	0	Medium	1.0522701831922534	2.0
2025-06-27	495.1260681152344	498.4805390751374	492.2208403370186	496.73341116664807	34539200	MSFT	0.0201024924878673	1.2717256615613528	0.9522996525997716	0.6607775466265912	1.4298062306884756	-0.3035451888013836	-0.323582633114737	1.2717256615613528	60.06005866842147	78.85285503845427	0.0	0.0	0.0	6.4946888594511964	5.313005552915493	0.0	0.0	0.0	0.0	0.0	0.0	0.0	0	0	Negative	-0.3035451888013836	0.0
2025-06-30	496.5936584472656	499.9381665482639	494.5170550643952	496.2242705630272	28369000	MSFT	0.2218025909993508	1.096243583178897	0.0958095737415151	0.6675614421923942	1.14126245697486	0.2964074054145109	0.0744397052202492	1.096243583178897	-17.864339648862742	79.83353173288462	0.0	0.0	0.0	6.418004761195303	5.245231753020993	0.0	0.0	0.0	0.0	0.0	0.0	0.0	0	0	Low	0.2964074054145109	1.0
2025-07-01	491.242431640625	497.2325843953567	490.1742108879921	495.655190908974	19945400	MSFT	-0.1889809751550144	1.439972432368025	0.1675225061699663	0.6650535667242892	0.817919814709713	-1.0775866174716533	-0.8902881174827469	1.439972432368025	-29.69297472593324	67.53540844015721	0.0	0.0	0.0	6.463745385921682	2.7523099754695863	0.0	0.0	0.0	0.0	0.0	0.0	0.0	0	0	Negative	-1.0775866174716533	0.0
2025-07-02	490.2840270996094	492.6900755013178	487.8979653734086	489.1858263089447	16319600	MSFT	-0.4186538456809964	0.9821951448888608	0.1842330073494629	0.6651058389600677	0.6757480822279696	-0.1950980777077414	0.2244956275513845	0.9821951448888608	-18.17862765349404	65.58668866275123	0.0	0.0	0.0	6.344342867492215	3.396079507548797	0.0	0.0	0.0	0.0	0.0	0.0	0.0	0	0	Negative	-0.1950980777077414	0.0
2025-07-03	498.0213012695313	499.3091926553608	492.6301698307581	492.99955771280014	13984800	MSFT	0.55386887255029	1.355788425807788	0.1877144678699957	0.6651997702169204	0.6179324484349317	1.5781207916753068	1.0186101545463484	1.355788425807788	-14.306723204000098	72.48840922931367	0.0	0.0	0.0	6.535830202367872	4.111532143661909	502.5790715466144	462.2508295764324	0.8869831647892544	0.0	0.0	0.0	0.0	0	0	Medium	1.5781207916753068	2.0
2025-07-07	496.9031372070313	497.9314455400232	494.41723357438383	496.56369887519327	13981600	MSFT	-0.2926787249104388	0.710778615104784	0.2936622616295028	0.6991865123780426	0.754942743227891	-0.2245213326517623	0.0683574600009885	0.710778615104784	-0.0228819861563983	70.29432448806791	0.0	0.0	0.0	6.326418594709272	4.1168111990851415	503.7011773360044	464.1277960526675	0.828216849091045	0.0	0.0	0.0	0.0	0	0	Negative	-0.2245213326517623	0.0
2025-07-08	495.804931640625	497.3823555722493	493.2990413573122	496.4239092084173	11846600	MSFT	-0.0964429408330248	0.8277563653279897	0.3216215667080042	0.2247827955263958	0.7785825074265885	-0.2210099885017926	-0.1246872997675088	0.8277563653279897	-15.270069233850204	68.11369411627263	0.0	0.0	0.0	6.166196853296975	3.410795091771029	504.5114213290373	465.9372450527986	0.7742922719577185	0.0	0.0	0.0	0.0	0	0	Negative	-0.2210099885017926	0.0
2025-07-09	502.68365478515625	505.94827712953634	498.919822567675	499.4789010645568	18659500	MSFT	0.741011068965083	1.408734278323443	0.3126536305980059	0.2459157826601737	1.2474245274567768	1.387384978557891	0.6416194385326492	1.408734278323443	57.5093275707798	73.63139152057825	0.0	0.0	0.0	6.450278898698	5.46921266411355	506.46800543556856	467.051614315408	0.9039904328411056	0.0	0.0	0.0	0.0	0	0	Medium	1.387384978557891	2.0
2025-07-10	500.656982421875	503.6121159415126	496.93309312638246	502.22438258392543	16492100	MSFT	-0.0913640610469236	1.3440487074648348	0.3322597515380131	0.2541930502861508	1.0999925298074025	-0.4031705316035065	-0.3120916101257804	1.3440487074648348	-11.615530962780351	69.79905520843172	0.0	0.0	0.0	6.466617749871726	3.185190668836767	507.3256409984132	469.24496447033687	0.8248807745938684	0.0	0.0	0.0	0.0	0	0	Negative	-0.4031705316035065	0.0
2025-07-11	502.4939575195313	504.2011425332065	496.9829974553982	497.6519112557523	16459500	MSFT	-0.6002255579430862	1.4523927608722833	0.3509943673057479	0.2687238817033487	1.0627355877442073	0.3669129088682904	0.972978532637567	1.4523927608722833	-0.1976703997671612	71.25922541154893	0.0	0.0	0.0	6.520298273295766	2.6953205543919667	508.2421305280869	471.3934377092178	0.844006053706955	0.0	0.0	0.0	0.0	0	0	Low	0.3669129088682904	1.0
2025-07-14	502.1944274902344	503.14288052756655	500.2077032480772	500.6968893054946	12058800	MSFT	-0.3576298156713355	0.5867916988142877	0.3916918058222132	0.3263877558215624	0.7984215370150894	-0.0596086828139201	0.2990907706291063	0.5867916988142877	-26.736535131686868	70.65933176595215	7.524762996472532	0.0	0.0	6.264218202309592	2.183761793253188	509.3738801273803	472.6727232661744	0.8043807538738704	0.0	0.0	0.0	0.0	0	0	Negative	-0.0596086828139201	0.0
2025-07-15	504.9898376464844	507.465747883617	501.9648118083004	502.1944148249749	14927200	MSFT	-2.52198327630762e-06	1.0958808159280669	0.3579007395392732	0.326390767850004	0.9496024662487548	0.5566390233002654	0.5566415593219487	1.0958808159280669	23.786778120542674	72.94819219421385	7.645012849382567	0.0	0.0	6.20969805038152	1.6825810054499628	510.1571849851685	474.9703540773315	0.8531454181759455	0.0	0.0	0.0	0.0	0	0	Medium	0.5566390233002654	2.0
2025-07-16	504.7901611328125	505.88836188358	501.066302385086	504.3508808325056	15154400	MSFT	-0.1265286479737198	0.9623595670953944	0.3411011497042083	0.3089138030765364	1.0090555585148884	-0.0395406993935702	0.0870981526951648	0.9623595670953944	1.5220537006270434	72.51304958638855	7.636174432772634	0.0	0.0	6.110581010960984	1.951844921913691	510.9750875206007	476.7961038856493	0.8190429986495122	0.0	0.0	0.0	0.0	0	0	Negative	-0.0395406993935702	0.0
2025-07-17	510.8601989746094	512.5274410723513	504.7901605415637	504.85005963085433	17503100	MSFT	0.0118660193192776	1.532771661493293	0.3841960306337811	0.3386314161802297	1.149961236744938	1.2024873520068118	1.1904800700924247	1.532771661493293	15.49846909148498	77.00382882171657	8.026447359472058	0.0	0.0	6.2267738338057415	2.872880127376565	512.3906041827948	478.7410639080255	0.9545192833040582	0.0	0.0	0.0	0.0	0	0	Medium	1.2024873520068118	2.0
2025-07-18	509.212890625	513.7953843002441	506.59719545986655	513.6356127696338	21209700	MSFT	0.5432824480347408	1.420889990092297	0.3777096182860596	0.344084840854042	1.311617845675867	-0.3224577590729962	-0.8610622072689842	1.420889990092297	21.176820106152626	73.49454544164874	8.109338047834967	0.0	0.0	6.296160619989442	3.658165058005725	513.1638775970314	480.9438982818749	0.8773746272961505	0.0	0.0	0.0	0.0	0	0	Negative	-0.3224577590729962	0.0
2025-07-21	509.2228698730469	511.2495674173143	504.7202620876888	505.8783619126309	14066800	MSFT	-0.6548398074283516	1.2936483474267833	0.2328846023474901	0.3122795477730707	0.8488170579233707	0.0019597398712013	0.6611288823999137	1.2936483474267833	-33.67751547640938	73.50242351237625	8.082662851407008	0.0	0.0	6.312813813534876	3.862830874885866	512.6477076155547	484.7207066910858	0.8773646424916646	0.0	0.0	0.0	0.0	0	0	Low	0.0019597398712013	1.0
2025-07-22	504.4407348632813	510.3610256433726	504.4407348632813	510.1313921533716	13868600	MSFT	0.1784134873108208	1.1736345562369948	0.2214063466380089	0.2853852152581682	0.8476869928339686	-0.9391045243034332	-1.1155277596363666	1.1736345562369948	-1.4089913839679244	63.727366688489134	7.588172507541628	0.0	0.0	6.284776454003192	1.288987755621275	512.3565029755808	486.9357486113332	0.6886100231772646	0.0	0.0	0.0	0.0	0	0	Negative	-0.9391045243034332	0.0
2025-07-23	505.0397644042969	505.9582679116736	499.8782664381748	505.9183250285286	16396600	MSFT	0.2929165039868912	1.216296422891344	0.1483617846442248	0.2781747708162012	0.9872141302044198	0.1187512228127102	-0.1736566122964999	1.216296422891344	18.22822779516317	64.366638444043	7.162062229921332	0.0	0.0	6.270149669681449	1.6374674635784192	512.4124429981263	488.45322472648303	0.6922821725550506	0.0	0.0	0.0	0.0	0	0	Low	0.1187512228127102	1.0
2025-07-24	510.0415344238281	512.826933461713	506.4673929575042	507.93498157135946	16107000	MSFT	0.5732651904108069	1.2556663257376544	0.0944488146571007	0.2747503490493165	0.9863598563112456	0.990371525582926	0.414728839102947	1.2556663257376544	-1.7662198260615003	69.24120409658656	7.145597800524229	7.547794784120055	-0.4021969835958261	6.378508197376783	2.8714120967078767	513.2961929176856	489.4274215842674	0.8636436518497826	0.0	0.0	0.0	0.0	0	0	Medium	0.990371525582926	2.0
2025-07-25	512.866943359375	517.4393829887753	509.5224046731241	511.6289272082179	19125700	MSFT	0.3112281407009251	1.5538037666332265	0.1494883124227251	0.2867504634126403	1.2018960669744243	0.5539566378135493	0.2419754015693663	1.5538037666332265	18.741540944930776	71.60426302985883	7.276655751831981	7.493566977662441	-0.2169112258304597	6.488398920110669	2.0257847012294485	514.8934102011821	489.4535410927632	0.9203428746755444	0.0	0.0	0.0	0.0	0	0	Medium	0.5539566378135493	2.0
2025-07-28	511.6588745117188	514.1547714605564	509.2827757416266	513.2362984451797	14308000	MSFT	0.0720177212797889	0.956638620231186	0.2142379746991532	0.2115466683228644	0.8964249510374547	-0.2355520985117728	-0.3073484744238934	0.956638620231186	-25.189666260581312	69.15778482599707	7.200041466555376	7.434861875441029	-0.2348204088856524	6.3729415485977485	2.1974909920607364	515.9277903876244	490.0724415459693	0.834892350435897	0.0	0.0	0.0	0.0	0	0	Negative	-0.2355520985117728	0.0
2025-07-29	511.728759765625	516.7704593446111	510.7204076628311	514.6839236482208	16469200	MSFT	0.5912238186797455	1.18461130415101	0.2135556680380182	0.2063398520509864	0.9992658346125608	0.0136585638181073	-0.57417062138813	1.18461130415101	15.104836455129997	69.2232941549517	7.063539166817691	7.3605973337163615	-0.2970581668986707	6.349877986682197	1.8377936904315408	516.8665376163929	490.6472044490369	0.8040462044563137	0.0	0.0	0.0	0.0	0	0	Low	0.0136585638181073	1.0
2025-07-30	512.3976440429688	515.1032182392812	508.6038929137552	514.3244691518986	26380400	MSFT	0.5072432097548023	1.2778756545278946	0.2140974308640645	0.1789148819546131	1.427660695982154	0.1307107065176683	-0.3746322068065531	1.2778756545278946	60.18021518956598	69.88265684490813	6.929455037673847	7.274368874507859	-0.3449138368340119	6.360552796599611	2.031726358200736	517.1027674268462	492.5264958788178	0.8085501547831448	0.0	0.0	0.0	0.0	0	0	Low	0.1307107065176683	1.0
2025-07-31	532.6243896484375	554.5383762548963	531.0270400328567	554.3187056451394	51617300	MSFT	8.181353308223882	4.42752147246304	1.4400507801852764	1.014068754469435	2.0178677816992256	3.947470453976672	-3.913690044331653	4.42752147246304	95.66534245121376	82.25980068714414	8.35896478493271	7.491288056592829	0.8676767283398803	8.916279897694466	5.472298636888324	522.6007292685953	491.2625702919517	1.3198547938732736	0.0	0.0	0.0	0.0	0	0	High	3.947470453976672	3.0
2025-08-01	523.2498168945312	534.9206337229102	520.0051507892547	534.1219588686084	28977600	MSFT	0.281167976772414	2.868333690736925	1.4848863314960516	1.0899239067133408	1.0517994228779877	-1.760072001226606	-2.035516756717295	2.868333690736925	-43.86068236812077	68.2584386408889	8.63586303065091	7.720203051404446	0.915659979246464	9.344794400263114	3.6568969015348807	524.8223547245578	491.563796398489	0.95271779929216	0.0	0.0	0.0	0.0	0	0	Negative	-1.760072001226606	0.0
2025-08-04	534.7609252929688	537.3666271513684	527.2632409127965	527.4030257699867	25349000	MSFT	0.7937334598805199	1.9161939339979384	1.3490177398381595	1.080553731550773	0.8518181237755682	2.199925929598124	1.3951189438550948	1.9161939339979384	-12.522086025067638	74.09017032434167	9.67265676457157	8.110693794037871	1.561962970533699	9.685652675732692	4.678525821023548	529.5250593520158	490.6468705796248	1.13467360765199	0.0	0.0	0.0	0.0	0	0	High	2.199925929598124	3.0
2025-08-05	526.8838500976562	536.4181643311854	526.374677366439	536.2983661514853	19171600	MSFT	0.287500598080212	1.9080490374263552	1.2281846609515072	1.0592794872055122	0.6327431963505283	-1.4730087451690763	-1.75546237841228	1.9080490374263552	-24.36940313227346	65.2549884068566	9.746359169987954	8.437826869227889	1.308532300760065	9.7112122678051	3.470249830275739	531.2323483389798	492.0474734383639	0.889026103761908	0.0	0.0	0.0	0.0	0	0	Negative	-1.4730087451690763	0.0
2025-08-06	524.0784912109375	530.8274067099719	523.1700114791388	530.0287318260303	21355700	MSFT	0.5968833031779412	1.4636533178160678	1.1847843457616156	1.0454667816465626	0.7290067945097739	-0.5324435141063416	-1.1226260498356877	1.4636533178160678	11.392372050324438	62.400985120157365	9.469244286744129	8.644110352731136	0.8251339340129924	9.564511050878531	2.9173122844216017	532.563795008124	492.85551041179775	0.7863089810237854	0.0	0.0	0.0	0.0	0	0	Negative	-0.5324435141063416	0.0
2025-08-07	519.9852294921875	527.2233308658066	516.7005900083886	525.9354090023164	16079100	MSFT	0.354320549787937	2.0365258064147183	0.5126043245214119	1.0224595883572964	0.7247212281286903	-0.781039822735731	-1.131351760744961	2.0365258064147183	-24.708157541078027	58.388323597035566	8.817691870322449	8.678826656249399	0.1388652140730499	9.632956037059918	3.081530406762099	532.9629670006917	494.3891631262615	0.663560857240038	0.0	0.0	0.0	0.0	0	0	Negative	-0.781039822735731	0.0
2025-08-08	521.1832275390625	523.7989228282858	518.5575389118288	521.7423060527517	15531000	MSFT	0.3379089368134831	1.0107622632303734	0.4268341042811845	1.060117507256529	0.7965726501337622	0.2303907839930286	-0.1071560629075523	1.0107622632303734	-3.408772879079053	59.21495762544666	8.302296609112204	8.60352064682196	-0.3012240377097548	9.319272314159704	3.196473678425523	533.4454771988195	495.7755799300868	0.6744814679934079	0.0	0.0	0.0	0.0	0	0	Low	0.2303907839930286	1.0
2025-08-11	520.9136962890625	526.7241518809952	518.8670119786243	521.4427947726738	20194400	MSFT	0.0498034510505854	1.5142878080471651	0.4054925209885435	1.0185388880196833	1.0935777272835578	-0.0517152578513856	-0.1014681742494768	1.5142878080471651	30.02639881527268	58.93130823956908	7.782382767889317	8.439293071035431	-0.6569103031461143	9.21483428474622	2.1316228446995376	533.6673432899015	497.4256407188875	0.6480947059303076	0.0	0.0	0.0	0.0	0	0	Negative	-0.0517152578513856	0.0
2025-08-12	528.3713989257812	530.1085334795151	521.8421543429575	522.8904188907295	18667000	MSFT	0.3794721881472847	1.5840765388081084	0.3651773687059694	0.9922086732799	1.0164199714245887	1.431658005893622	1.0482081593078734	1.5840765388081084	-7.563482945767143	64.06105958483448	7.881271190739085	8.327688694976162	-0.4464175042370772	9.213405920868109	3.0230951257745624	534.9776984901741	498.4534416465446	0.8191256952146546	0.0	0.0	0.0	0.0	0	0	Medium	1.431658005893622	2.0
2025-08-13	519.7256469726562	531.825750889051	518.5176108745642	531.236692379076	19619200	MSFT	0.5422877655982293	2.566574352612735	0.5869771314892883	0.9713618580102352	1.0888582284297936	-1.6363020350273432	-2.1668392962219856	2.566574352612735	5.100980339636792	55.41884048445024	7.179243204509021	8.097999596882735	-0.918756392373714	9.505886927555162	1.5765919175418672	534.9163892800855	500.0082994406178	0.5648360486842132	0.0	0.0	0.0	0.0	0	0	Negative	-1.6363020350273432	0.0
2025-08-14	521.6224975585938	525.0868343553949	519.2863720398742	521.7023833261101	20269100	MSFT	0.3803422757695496	1.1170064588321784	0.6151739478025583	0.5907464142609523	1.074933682079153	0.3649715185283702	-0.0153125172645378	1.1170064588321784	3.3125713586690586	56.79595667010014	6.6987222568592415	7.818144128878037	-1.1194218720187958	9.24121374098127	1.9333949097369756	535.2697709011829	500.7311476779186	0.6048692139703832	0.0	0.0	0.0	0.0	0	0	Low	0.3649715185283702	1.0
2025-08-15	519.3162841796875	525.2365445998882	518.2281072023833	521.9120536418995	25213300	MSFT	0.0555106585051522	1.3523846545760518	0.5551696443358998	0.467337256419998	1.2126092936910249	-0.44212306595292	-0.497357637958116	1.3523846545760518	24.3927949440281	54.5881128385404	6.061935578111388	7.4669024187247075	-1.4049668406133191	9.081729716447247	1.3502482334088497	535.3017697248492	501.7094882097211	0.5241321867952691	0.0	0.0	0.0	0.0	0	0	Negative	-0.44212306595292	0.0
2025-08-18	516.2512817382812	521.9619254356152	513.176380682391	520.7339636806648	23760600	MSFT	0.2729896104099059	1.7119932023258078	0.5521794675314865	0.4586460882269474	1.1048440795616443	-0.5901995633061519	-0.8608391722135761	1.7119932023258078	-5.761641673243883	51.711043966314776	5.249445129884975	7.023410960956761	-1.773965831071786	9.060573647645596	-3.074043965760456	535.1481161806269	502.565982940467	0.4200246404046412	0.0	0.0	0.0	0.0	0	0	Negative	-0.5901995633061519	0.0
2025-08-19	508.933349609375	514.314487646487	507.7153506663982	514.1547770514178	21481000	MSFT	-0.4061015945189068	1.2997710176434816	0.5768635873967639	0.4574963257238309	0.9733721697395036	-1.4175136000177817	-1.015536113850135	1.2997710176434816	-9.594033820694763	45.5396396077519	3.969289137317446	6.412586596228898	-2.443297458911452	9.023099177948271	-2.7360673282456105	534.6806210952702	503.4827395004329	0.1747109044046143	0.0	0.0	0.0	0.0	0	0	Negative	-1.4175136000177817	0.0
2025-08-20	504.8900146484375	510.161347905157	503.6121166003689	509.0331975839143	27723000	MSFT	0.019619066939887	1.3004514960836675	0.2180074321603852	0.4644000799852061	1.1702702474524471	-0.7944723929058506	-0.8139317740261465	1.3004514960836675	29.058237512220103	42.52016315792278	2.59853861477734	5.649776999938587	-3.0512383851612475	8.846394329865406	-5.585843922340898	534.7002071496173	503.4481784704997	0.0461357626649433	0.0	0.0	0.0	0.0	0	0	Negative	-0.7944723929058506	0.0
2025-08-21	504.239990234375	507.6300048828125	502.7200012207031	503.6900024414063	18443300	MSFT	-0.237677944149238	0.9766875497666532	0.2612571971569879	0.4618024978572336	0.7907353037012138	-0.1287457456482124	0.1091917231437748	0.9766875497666532	-33.47292861522923	42.03759951692207	1.4431220001009706	4.808445999971064	-3.365323999870093	8.565223567882834	-4.29769480675566	535.2622427604633	502.3059884407084	0.0586839079132636	0.0	0.0	0.0	0.0	0	0	Negative	-0.1287457456482124	0.0
2025-08-22	507.2300109863281	510.7300109863281	502.4100036621094	504.25	24324200	MSFT	0.0019851193516697	1.6560194390186314	0.3005944917256556	0.4391596086284899	1.0508838947880492	0.5929757278004345	0.5909788768127169	1.6560194390186314	31.886376082371378	45.12278281769515	0.7599554018624985	3.998747880349351	-3.2387924784868525	8.547708121906828	-3.2148772573511306	535.558288618775	501.4462493450922	0.1695519166952309	0.0	0.0	0.0	0.0	0	0	Medium	0.5929757278004345	2.0
2025-08-25	504.260009765625	508.1900024414063	504.1199951171875	506.6300048828125	21638600	MSFT	-0.1182907340890359	0.8073489176466201	0.328526003714442	0.4917701489962225	0.9523184998516856	-0.5855334180498989	-0.4677960433345629	0.8073489176466201	-11.04085643104398	42.69198908931872	-0.0208727186580404	3.194823760547873	-3.215696479205913	8.227872350643398	-3.0241666175632718	536.0644855085536	500.2001659807042	0.1132000784726518	0.0	0.0	0.0	0.0	0	0	Negative	-0.5855334180498989	0.0
2025-08-26	502.0400085449219	504.9800109863281	498.510009765625	504.3599853515625	30835700	MSFT	0.0198261975967453	1.297867865029431	0.3283942529583918	0.4906014509710404	1.2538425630749612	-0.4402493114088027	-0.4599843116070147	1.297867865029431	42.50321185289251	40.917620384178775	-0.8094888908751727	2.3939612302632645	-3.203450121138437	8.102310127076235	-3.673030516452268	536.7323069045939	498.5634694625936	0.09108317976965	0.0	0.0	0.0	0.0	0	0	Negative	-0.4402493114088027	0.0
2025-08-27	506.739990234375	507.2900085449219	499.8999938964844	502.0	17277900	MSFT	-0.007969194534482	1.4782986074546285	0.3498838600711506	0.2812175476099242	0.7677722212199286	0.93617672087036	0.9442211622260956	1.4782986074546285	-43.96786841226241	46.03166094036334	-1.0431983053809972	1.7065293231344123	-2.749727628515409	8.05143187860204	-2.720931731236782	536.9143886619282	497.81562232439984	0.2282519052630372	0.0	0.0	0.0	0.0	0	0	Medium	0.93617672087036	2.0
2025-08-28	509.6400146484375	511.0899963378906	505.5	507.0899963378906	18015600	MSFT	0.0690701563446259	1.1058350816796487	0.3294570502864626	0.282045274347879	0.8036077507761482	0.5722904191400395	0.5028729276780515	1.1058350816796487	4.26961609917872	48.96693088693738	-0.9830746933405976	1.1686085198394105	-2.151683213180008	7.87561505426551	-3.545116998275468	534.7160814188802	497.71549206744777	0.322279260682319	0.0	0.0	0.0	0.0	0	0	Medium	0.5722904191400395	2.0
2025-08-29	506.6900024414063	509.6000061035156	504.489990234375	508.6600036621094	20961600	MSFT	-0.1922947488737047	1.01290728618156	0.2585264654058187	0.2949940760415001	0.9639343176730488	-0.5788423440545942	-0.3872923380096723	1.01290728618156	16.35249450476254	46.21343705626683	-1.1600947779912758	0.7028678602732733	-1.8629626382645488	7.680930008536724	-2.508178037235821	534.0364213269418	496.73917071407385	0.2667979962013426	0.0	0.0	0.0	0.0	0	0	Negative	-0.5788423440545942	0.0
2025-09-02	505.1199951171875	506.0	496.80999755859375	500.4700012207031	18128000	MSFT	-1.2275752808883305	1.8498022355764652	0.3324992396092434	0.3203405920925287	0.8614430120852927	-0.309855595463493	0.9291253991532984	1.8498022355764652	-13.51805205709488	44.7705375625602	-1.410808023703794	0.2801326834778599	-1.6909407071816538	7.838006785270712	-3.1636868652415684	530.7879086721894	497.0235903512482	0.2397917437272175	0.0	0.0	0.0	0.0	0	0	Negative	-0.309855595463493	0.0
2025-09-03	505.3500061035156	507.7900085449219	502.3200073242188	503.7900085449219	16345100	MSFT	-0.2633011136209464	1.0889475117347849	0.3530163208467941	0.3256780015319654	0.9007728578325152	0.0455359099919936	0.3096523416769287	1.0889475117347849	-9.835061782877316	45.04126738944115	-1.5728097412506372	-0.0904558014678395	-1.4823539397827976	7.668863530658738	-2.6893587783855115	528.9945812329207	496.6635333911028	0.2686727864470113	0.0	0.0	0.0	0.0	0	0	Low	0.0455359099919936	1.0
2025-09-04	507.9700012207031	508.1499938964844	503.1499938964844	504.2999877929688	15509500	MSFT	-0.2077804091945994	0.993739453573098	0.3607162299513946	0.3354701266876793	0.8717139651842742	0.5184515851476653	0.7277441040194861	0.993739453573098	-5.112235471180965	48.15856921341081	-1.4728079466042914	-0.3669262304951299	-1.1058817161091614	7.47823042132597	-1.604118151473453	527.4554655536316	496.5918000713683	0.3686600723389006	0.0	0.0	0.0	0.0	0	0	Medium	0.5184515851476653	2.0
2025-09-05	495.0	511.9700012207031	492.3699951171875	509.0700073242188	31994800	MSFT	0.2165494223816871	3.980747465907358	1.27790996157125	0.9208946578148008	1.5540660002525768	-2.553300625929662	-2.7638649148029333	3.980747465907358	106.29162771204746	36.97709330937808	-2.412318798073045	-0.776004744010713	-1.636314054062332	8.344071541482375	-2.737755271897461	527.4231627448202	494.12557993096107	0.0262607671531935	0.0	0.0	0.0	0.0	0	0	Negative	-2.553300625929662	0.0
2025-09-08	498.2000122070313	501.2000122070313	495.0299987792969	498.1099853515625	16771000	MSFT	0.6282798690025252	1.246391823313572	1.2465128604276368	0.9236318540314578	0.8491783158005598	0.6464671125315772	0.0180736901721146	1.246391823313572	-47.58210709240252	40.6391254268648	-2.865640356946926	-1.1939318665979557	-1.6717084903489705	8.190924446164441	-1.3250415431694649	526.4137190657473	492.8367020768309	0.1597315846124994	0.0	0.0	0.0	0.0	0	0	Medium	0.6464671125315772	2.0
2025-09-09	498.4100036621094	502.25	497.7000122070313	501.4299926757813	14410500	MSFT	0.6483300661598045	0.9142028694739126	1.311678660106702	0.9154880177392926	0.7582007536496024	0.0421500300949018	-0.6022753041868042	0.9142028694739126	-14.074891181205654	40.88188644935004	-3.1713984951815632	-1.5894251923146774	-1.581973302866886	7.930857542364746	-1.1561928219052595	525.1271136853368	491.872938194546	0.196578786606022	0.0	0.0	0.0	0.0	0	0	Low	0.0421500300949018	1.0
2025-09-10	500.3699951171875	503.2300109863281	496.7200012207031	502.9800109863281	21611800	MSFT	0.916917254998944	1.3105994825306957	1.2917907265976551	0.9151893149509184	1.077383706090674	0.3932488193810163	-0.5189104561078809	1.3105994825306957	49.972589431317445	43.21610277184201	-3.2184587039895405	-1.91523189464965	-1.3032268093398904	7.8293684154547645	-1.3524467639052078	521.3430048650582	492.85690663396525	0.2637457900437066	0.0	0.0	0.0	0.0	0	0	Low	0.3932488193810163	1.0
2025-09-11	501.010009765625	503.1700134277344	497.8800048828125	502.25	18881600	MSFT	0.3757229452521827	1.0625067271313695	1.28287131042353	0.9255775188630008	0.9106614565297284	0.1279082788102847	-0.2468870551269288	1.0625067271313695	-12.632913500957809	43.99374085193208	-3.1675963462971595	-2.165704784979152	-1.0018915613180073	7.647985567559558	-0.6445087726687998	519.3890583874123	492.939289390908	0.3051338700078492	0.0	0.0	0.0	0.0	0	0	Low	0.1279082788102847	1.0
2025-09-12	509.8999938964844	512.5499877929688	503.8500061035156	506.6499938964844	23624900	MSFT	1.1257228440401397	1.7267007212590408	0.3077420573127226	0.9202447978356236	1.2395041752448588	1.7744124783091966	0.6414684770851927	1.7267007212590408	25.121282094737733	53.51621063049006	-2.382476433434931	-2.209059114670308	-0.1734173187646233	7.925985028972714	1.565609357378377	516.914834633409	494.2412627787004	0.69061598314216	0.0	0.0	0.0	0.0	0	0	Medium	1.7744124783091966	2.0
2025-09-15	515.3599853515625	515.469970703125	507.0	508.7900085449219	17143800	MSFT	-0.2176868728866547	1.6706056613658775	0.3598473001236509	0.9034321293771584	0.895961853236977	1.0707965327386466	1.2912943839895692	1.6706056613658775	-27.433343633200565	58.21522493134256	-1.304648392087188	-2.028176970153684	0.723528578066496	7.96484114855502	1.7010686512427449	515.8566657087806	494.90380182051626	0.9762953475063472	0.0	0.0	0.0	0.0	0	0	Medium	1.0707965327386466	2.0
2025-09-16	509.0400085449219	517.22998046875	508.6000061035156	516.8800048828125	19711900	MSFT	0.2949432580050021	1.6968097250627856	0.2942327399847405	0.8997265575281185	0.976087903816824	-1.2263227620067036	-1.5167923432573325	1.6968097250627856	14.979759446563772	51.70033871150398	-0.9494861289732056	-1.8124388019175883	0.8629526729443826	8.012350664032116	-0.1177313566968489	514.4153316116973	495.6240085982637	0.7139465346355501	0.0	0.0	0.0	0.0	0	0	Negative	-1.2263227620067036	0.0
2025-09-17	510.0199890136719	511.2900085449219	505.9299926757813	510.6199951171875	15816600	MSFT	0.3103855386106049	1.059438251682277	0.3495011921135122	0.9015230319933506	0.8308888113739614	0.1925154118143384	-0.1175054070058348	1.059438251682277	-19.761159502635465	52.58639207527057	-0.5822296617445204	-1.5663969738829748	0.9841673121384544	7.82289817868272	0.6572039227576132	514.5715758539006	495.57642829649006	0.7603816013288586	0.0	0.0	0.0	0.0	0	0	Low	0.1925154118143384	1.0
2025-09-18	508.4500122070313	513.0700073242188	507.6600036621094	511.489990234375	18913700	MSFT	0.2882242367688297	1.065674589899383	0.3486403289720332	0.8967221077489947	0.9932528733579874	-0.3078265245400965	-0.5943377359057826	1.065674589899383	19.581325948686825	50.97308437478981	-0.413098332545303	-1.3357372456154406	0.9226389130701376	7.650548570356052	0.6592526769943536	514.8618869921454	495.6421169141045	0.666391701925725	0.0	0.0	0.0	0.0	0	0	Negative	-0.3078265245400965	0.0
2025-09-19	517.9299926757812	519.2999877929688	510.30999755859375	510.55999755859375	52474100	MSFT	0.4149838333966441	1.76167237118312	0.3560065084596214	0.3307477844027899	2.114866101188053	1.864486230927628	1.4435120558660086	1.76167237118312	177.43963370466912	59.12720384580247	0.4803573996056229	-0.972518316571228	1.4528757161768509	7.879079071469008	2.489361120080554	517.0007320530883	494.8722720973023	1.041993913021948	0.0	0.0	0.0	0.0	0	0	Medium	1.864486230927628	2.0
2025-09-22	514.4500122070312	517.739990234375	512.5399780273438	515.5900268554688	20009300	MSFT	-0.4517919126914309	1.0145573867320516	0.3751427723203177	0.3466724844914535	0.7882294824684697	-0.6719017083315411	-0.2211087470776604	1.0145573867320516	-61.86823594878235	55.47942502681347	0.897278891394933	-0.5985588749779958	1.4958377663729288	7.701288755538187	1.275668045505838	517.9618597576247	494.6331445148363	0.849462453716604	0.0	0.0	0.0	0.0	0	0	Negative	-0.6719017083315411	0.0
2025-09-23	509.2300109863281	514.5900268554688	507.30999755859375	513.7999877929688	19799600	MSFT	-0.1263532702183918	1.435025789341785	0.3241427614912525	0.3152510113099168	0.7794301856577225	-1.0146760806378263	-0.8894466553553243	1.435025789341785	-1.0480126741065403	50.45144812751282	0.7972910295624729	-0.319388894069902	1.116679923632375	7.671198794205102	2.874749694207702	518.2378744253377	494.8541299691936	0.614780966499882	0.0	0.0	0.0	0.0	0	0	Negative	-1.0146760806378263	0.0
2025-09-24	510.1499938964844	512.47998046875	506.9200134277344	510.3800048828125	13533700	MSFT	0.2258299533951172	1.0968134801819664	0.3185340846724552	0.3275176089300424	0.5425181030446466	0.1806615655613725	-0.0450666139205311	1.0968134801819664	-31.64659892119033	51.28932330370044	0.7832559736143594	-0.0988599205330497	0.8821158941474091	7.520396526120139	2.398631352198191	518.5523252738736	495.350677655814	0.6378562628091522	0.0	0.0	0.0	0.0	0	0	Low	0.1806615655613725	1.0
2025-09-25	507.0299987792969	510.010009765625	505.0400085449219	508.2999877929688	15786500	MSFT	-0.3626396404291552	0.9840806939280452	0.3336541059576653	0.3362287837360088	0.6490988723980948	-0.6115838781761477	-0.2498502939546006	0.9840806939280452	16.645854422663426	48.3059485521881	0.5144453537811842	0.023801134329797	0.4906442194513871	7.348224299366023	1.729498817008359	518.566456924723	495.36554685945663	0.5027583783147753	0.0	0.0	0.0	0.0	0	0	Negative	-0.6115838781761477	0.0
2025-09-26	511.4599914550781	513.9400024414062	506.6199951171875	510.05999755859375	16213100	MSFT	0.5975975359627176	1.444871381858022	0.2273406836274551	0.3122043297804518	0.9498876288635634	0.8737141168070343	0.2744763171363089	1.444871381858022	2.7023089348493965	52.52825556839148	0.6513658468086305	0.1493140768255637	0.5020517699830668	7.346208801141217	2.2163591834265217	518.7679594208729	495.34604204397095	0.6879859215538993	0.0	0.0	0.0	0.0	0	0	Medium	0.8737141168070343	2.0
2025-09-29	514.5999755859375	516.8499755859375	508.8800048828125	511.5	17617800	MSFT	0.0078224192684265	1.5661787900195383	0.2505070465425592	0.3008229841937258	1.0619440221722058	0.613925660524546	0.6060558330278593	1.5661787900195383	8.663981595129865	55.31429332066273	1.0016998293139636	0.3197912273232437	0.6819086019907199	7.390763222711487	2.71251383314077	519.6128132437464	495.2921855355505	0.7938853504130744	0.0	0.0	0.0	0.0	0	0	Medium	0.613925660524546	2.0
2025-09-30	517.9500122070312	518.1599731445312	509.6600036621094	513.239990234375	19728200	MSFT	-0.264280104174895	1.6677725191983326	0.2977812499081994	0.2968147951798343	1.1901765579583805	0.6509982083227476	0.9177036205821338	1.6677725191983326	11.978794174073949	58.137141191834665	1.5320020266425445	0.5622333871871039	0.9697686394554406	7.469992241262228	1.5787445394990771	521.0237558287959	495.1642446594854	0.881136824217603	0.0	0.0	0.0	0.0	0	0	Medium	0.6509982083227476	2.0
2025-10-01	519.7100219726562	520.510009765625	511.6900024414063	514.7999877929688	22632300	MSFT	-0.608171510729378	1.723701319575552	0.2954698491969023	0.3086987632223327	1.2303118466501193	0.3398030165354068	0.953775115795479	1.723701319575552	14.720552305836316	59.58173810760154	2.070421883042286	0.8638710863581404	1.2065507966841458	7.5664218900448335	0.8440772944617132	522.6176871962795	495.00631487891593	0.8946932014025716	0.0	0.0	0.0	0.0	0	0	Low	0.3398030165354068	1.0
2025-10-02	515.739990234375	521.5999755859375	510.6799926757813	517.6400146484375	21222900	MSFT	-0.3983004438439827	2.138322054275001	0.262864810389286	0.3692869117046758	1.0893113228755942	-0.7638936272985952	-0.3670551658091827	2.138322054275001	-6.2273829880303815	54.97350135073029	2.151968561976389	1.12149058148179	1.030477980494599	7.805961962909931	1.3161994297078643	523.3232076346853	495.0777933418771	0.731523945030569	0.0	0.0	0.0	0.0	0	0	Negative	-0.7638936272985952	0.0
2025-10-03	517.3499755859375	520.489990234375	515.0	517.0999755859375	15112300	MSFT	0.263695927660072	1.0660175212378642	0.3842911109954202	0.376474101982067	0.7845369548401834	0.3121699658835553	0.048346550339075	1.0660175212378642	-28.7924835908382	56.44471289996954	2.319766431784672	1.3611457515423666	0.958620680242305	7.640535410871721	1.4371959394064324	523.25660773627	497.3793907988863	0.771743918033186	0.0	0.0	0.0	0.0	0	0	Low	0.3121699658835553	1.0
2025-10-06	528.5700073242188	531.030029296875	518.2000122070312	518.6099853515625	21388600	MSFT	0.2435507538582455	2.4758812789679947	0.53204444464339	0.4750277878824363	1.0685292298592286	2.1687508007657152	1.9205225996380328	2.4758812789679947	41.531070717230335	65.02213988115784	3.319841181477045	1.7528848375293025	1.5669563439477427	8.071929575162134	3.957123539018612	525.8165655687708	497.8564324781043	1.098477419492939	0.0	0.0	0.0	0.0	0	0	High	2.1687508007657152	3.0
2025-10-07	523.97998046875	529.7999877929688	521.4400024414062	528.2899780273438	14615200	MSFT	-0.0529786580764567	1.6032497147170648	0.5372451654025833	0.4730902627625034	0.7694535085862781	-0.8683857940984684	-0.8158393567652857	1.6032497147170648	-31.66827188315271	59.831159443120384	3.6993865931191294	2.142185188647268	1.5572014044718614	8.09250498776216	1.1681091804922714	526.6184306220722	499.6115651054668	0.9023044658144456	0.0	0.0	0.0	0.0	0	0	Negative	-0.8683857940984684	0.0
2025-10-08	524.8499755859375	526.9500122070312	523.0900268554688	523.280029296875	13363400	MSFT	-0.1335835715037866	0.7379198901509596	0.7220105786419043	0.5243728662005949	0.7796397767157046	0.1660359459552646	0.3000202952847288	0.7379198901509596	-8.56505555859653	60.47524504707049	4.023994299986271	2.5185470109150687	1.5054472890712018	7.7901821566050415	2.021569274396473	527.4311671903455	501.2468265840686	0.9014223178952528	0.0	0.0	0.0	0.0	0	0	Low	0.1660359459552646	1.0
2025-10-09	522.4000244140625	524.3300170898438	517.4000244140625	522.3400268554688	18343600	MSFT	-0.4782221296031628	1.339387775180186	0.6600192861415407	0.4935932485671642	1.1073963664726387	-0.4667907565661783	0.0114863030801871	1.339387775180186	37.26746187347531	57.67086998826809	4.037021392225597	2.8222418871771744	1.2147795050484227	7.765879943410039	2.5862602642419605	527.4207101302392	503.39628510901855	0.7910174452981942	0.0	0.0	0.0	0.0	0	0	Negative	-0.4667907565661783	0.0
2025-10-10	510.9599914550781	523.5800170898438	509.6300048828125	519.6400146484375	24065400	MSFT	-0.5283326256963137	2.737282356488999	0.8233989207372793	0.6106648897317205	1.3110915466101234	-2.189899009253649	-1.670391607396102	2.737282356488999	31.19235046555747	46.765537327075066	3.088626639933068	2.875518837728353	0.213107802204715	8.20760367652584	0.1587763536772889	527.3850511715876	503.5379438235296	0.3112347138468725	0.0	0.0	0.0	0.0	0	0	Negative	-2.189899009253649	0.0
2025-10-13	513.4099731445312	516.4099731445312	511.6799926757813	516.4099731445312	8943648	MSFT	1.066616130537545	0.9244020748231654	0.7865154092750709	0.6587708965676888	0.5636901111148536	0.4794860126868698	-0.5809337843985382	0.9244020748231654	-62.83607170460496	48.99016129326586	2.505824428720871	2.8015799559268566	-0.2957555272059857	8.010630677449218	1.2583031340541035	527.3211201295438	503.4068736448703	0.4182903904612632	-0.12077	0.1013639581064012	0.8393071027514986	0.0347237706744808	0	0	Low	0.4794860126868698	1.0
2025-10-14	513.5700073242188	515.280029296875	506.0	510.2300109863281	14684300	MSFT	-0.6193806751992966	1.8339978847579053	0.8029993868742539	0.6616015338739182	0.9246999773854896	0.0311708357956748	0.6546060141452796	1.8339978847579053	64.18691791090168	49.13967378213779	2.033422865282205	2.6479485377979266	-0.6145256725157218	8.101302007408202	0.4125475901131065	527.2271931504202	503.9538005019234	0.4131845737976849	0.0	0.0	0.0	0.0	0	0	Low	0.0311708357956748	1.0
2025-10-15	513.4299926757812	517.1900024414062	510.0	514.9600219726562	14682400	MSFT	0.2706572869548393	1.4098044002757353	0.6886034997579478	0.6655733312518073	0.9094721627335246	-0.0272630111651181	-0.2971161316589043	1.4098044002757353	-0.0129389892606389	49.00434085282589	1.6289655104018266	2.444151932318707	-0.8151864219168803	8.036209181265205	-0.2273577469225636	527.1637977298008	504.358196288754	0.3977880789716568	0.0	0.0	0.0	0.0	0	0	Negative	-0.0272630111651181	0.0
2025-10-16	510.3659973144531	516.8499755859375	508.1300048828125	512.72998046875	8542720	MSFT	-0.1363403418220818	1.716090492458922	0.6665167755293796	0.6424980973440694	0.6022916343878156	-0.5967698430237528	-0.4610581094040307	1.716090492458922	-41.81659674167711	46.01761970810588	1.0490979754989669	2.1651411409547587	-1.116043165455792	8.085049289969476	-1.4642368402043202	527.0424235992393	504.6711689300576	0.25456008027304	0.0	0.0	0.0	0.0	0	0	Negative	-0.5967698430237528	0.0
2025-10-17	513.5800170898438	515.47998046875	507.30999755859375	509.0400085449219	19867800	MSFT	-0.2598113464667719	1.6104517848009936	0.3570336058527268	0.616220383075262	1.4888745152416183	0.6297480224589419	0.891876565439203	1.6104517848009936	132.5699543002697	49.49490588294722	0.8392193137059394	1.8999567755049949	-1.0607374617990557	8.091115977125673	-1.1795048437867186	526.8243836272952	504.4542113434079	0.4079452599034729	0.0	0.0	0.0	0.0	2025-10-22 17:57:45.501703+00:00	2025-10-22 17:57:45.504535+00:00	Medium	0.6297480224589419	2.0
2025-10-20	516.7899780273438	518.7000122070312	513.4299926757812	514.6099853515625	14665600	MSFT	0.2005467945491678	1.0264339065555703	0.3166133925558516	0.5658701272761747	1.0122190163221143	0.6250167122328791	0.4236203606294114	1.0264339065555703	-26.18407674729965	52.767310279057554	0.921285971831594	1.7042226147703148	-0.7829366429387208	7.889609088134554	0.2035885936422322	526.9381261654223	504.5744653873121	0.54622151360784	0.0	0.0	0.0	0.0	2025-10-22 17:57:45.501703+00:00	2025-10-22 17:57:45.504535+00:00	Medium	0.6250167122328791	2.0
2025-10-21	517.6599731445312	518.6900024414062	513.0399780273438	517.5	15574000	MSFT	0.1373908169362143	1.1012834586082427	0.3038859822320528	0.5772421425986274	1.0618754135273136	0.1683459730601563	0.0309126849335748	1.1012834586082427	6.194086842679468	53.6439872678083	1.044485545559496	1.572275200928151	-0.527789655368655	7.729638754272265	0.059920280897405	526.9726541011576	505.38293366739714	0.5686520821240546	0.0	0.0	0.0	0.0	2025-10-22 17:57:45.501703+00:00	2025-10-22 17:57:45.504535+00:00	Low	0.1683459730601563	1.0
2025-10-22	518.2700805664062	525.219970703125	517.7100219726562	521.1500244140625	11251406	MSFT	0.6741976298323579	1.450609107749782	0.3056704280224671	0.5217490137850539	0.8048040324613228	0.1178587206905134	-0.552613204018213	1.450609107749782	-27.75519455502761	54.28480087006721	1.177775996857008	1.4933753601139226	-0.3155993632569145	7.717521526009514	-1.948640031611677	527.0469864125919	506.1206100229549	0.5805816696228367	0.0	0.0	0.0	0.0	2025-10-22 17:57:45.501703+00:00	2025-10-22 17:57:45.504535+00:00	Low	0.1178587206905134	1.0
2025-10-23	522.5881958007812	523.9500122070312	518.6300048828125	522.2999877929688	7950308	MSFT	0.777568950566913	1.0257808599833782	0.2703196823309571	0.5424884002817107	0.5735398666328356	0.8331785677567619	0.0551805503634706	1.0257808599833782	-29.33942655700096	58.64245722645788	1.613248921876675	1.5173500724664732	0.0958988494102017	7.571979391339191	-0.2656179090513469	527.1603443810818	507.5630717566134	0.76669464838735	0.099783495145631	0.0	99783495.14563106	0.0498917475728155	2025-10-23 19:17:48.221169+00:00	2025-10-23 19:17:48.224063+00:00	Medium	0.8331785677567619	2.0
2025-10-24	523.6099853515625	525.344970703125	520.7100219726562	522.489990234375	15342893	MSFT	-0.0187921516780083	0.8901208993269852	0.2108858807455098	0.3476893233997393	1.184153801558457	0.195524804997848	0.2143572390133445	0.8901208993269852	92.98488813263587	59.62324642210196	2.0175570874457662	1.617391475462332	0.4001656119834342	7.3621914869913025	-0.23625612880913	527.7354348788417	508.202980648502	0.7887900066919824	-0.0707117647058823	0.0	-70711764.70588234	-0.0353558823529411	2025-10-24 23:31:50.449475+00:00	2025-10-24 23:31:50.452393+00:00	Low	0.195524804997848	1.0
2025-10-27	531.52001953125	534.5800170898438	529.010009765625	531.7091064453125	18454905	MSFT	1.5467850729225654	1.0529115180044537	0.2089364078442405	0.3344317910816903	1.3456292715472995	1.510672905593376	-0.035562098104097	1.0529115180044537	20.283084813274783	66.28829411118875	2.9423305182519925	1.882379284020264	1.0599512342317283	7.619894362083442	1.7457876514107604	530.0833450334567	507.5470748884183	1.0637494354011203	0.029985294117647	0.0	29985294.11764705	0.0149926470588235	2025-10-27 23:31:43.958994+00:00	2025-10-27 23:31:43.961618+00:00	Medium	1.510672905593376	2.0
2025-10-28	542.0700073242188	553.719970703125	540.77001953125	550.2899780273438	29829304	MSFT	3.531373759477031	2.394724319794997	0.613517836152262	0.4564661939482096	1.8006598090210535	1.984871200575443	-1.493752572523963	2.394724319794997	61.63347359414746	72.74939223846621	4.474931742188801	2.4008897756539715	2.0740419665348293	8.661326991354267	6.088542427861636	535.1592588982069	504.8831605353869	1.228257562886587	0.109247619047619	0.0	109247619.04761904	0.0546238095238095	2025-10-28 23:33:36.275248+00:00	2025-10-28 23:33:36.278444+00:00	Medium	1.984871200575443	2.0
2025-10-29	541.5499877929688	546.27001953125	536.7286987304688	544.9400024414062	33295714	MSFT	0.5294510078789363	1.777680385518691	0.6419925074846105	0.4746860081386517	1.5874283481819422	-0.0959321719009939	-0.6220895205435034	1.777680385518691	11.62082092160112	72.01671734342777	5.583208274208346	3.0373534753648466	2.545854798843499	8.724183692027623	5.481002730836266	538.919638910064	503.3067771055611	1.0738595201178738	0.0339316326530612	0.0	33931632.653061226	0.0169658163265306	2025-10-29 23:33:54.934020+00:00	2025-10-29 23:33:54.936904+00:00	Negative	-0.0959321719009939	0.0
2025-10-30	525.760009765625	534.969970703125	522.1199951171875	530.4949951171875	40049515	MSFT	-2.041361448614325	2.4611153960984358	0.7316810050493439	0.5765433950980237	1.4619563932222197	-2.915700929418202	-0.8925598535602643	2.4611153960984358	20.28429545015914	54.175285552401206	5.128290406524343	3.455540861596746	1.6727495449275969	9.488884333724313	2.373581452880805	539.3514363051744	503.8769816635755	0.6168672167940392	0.0412333333333333	0.0	41233333.333333336	0.0206166666666666	2025-10-30 23:36:51.236236+00:00	2025-10-30 23:36:51.239105+00:00	Negative	-2.915700929418202	0.0
2025-10-31	517.8099975585938	529.3200073242188	515.0999755859375	528.8049926757812	32037001	MSFT	0.5791583333836388	2.7606352964986365	0.6807036046780522	0.7058786574306488	1.0424202320455933	-1.5120990678951092	-2.079215451721105	2.7606352964986365	-20.006519429760885	47.7597960433882	4.079242209840345	3.5802811312454663	0.4989610785948786	9.826823434049809	0.8530870703493102	539.3534394912849	503.9209806747308	0.3919856918700198	0.0721843137254902	0.0	72184313.72549021	0.0360921568627451	2025-10-31 23:31:10.417919+00:00	2025-10-31 23:31:10.420741+00:00	Negative	-1.5120990678951092	0.0
2025-11-03	517.030029296875	524.9600219726562	514.5900268554688	519.8049926757812	22312524	MSFT	0.3852755115956896	2.0151955102114885	0.3871058219353345	0.6865077024009729	0.7082259142917712	-0.1506282739607574	-0.5338470037814896	2.0151955102114885	-30.35389298767385	47.16961569200957	3.148631570935663	3.4939512191835056	-0.3453196482478424	9.865621411416786	1.305735887086527	538.5863505443085	503.5340718189727	0.3850236837283684	0.09460384615384616	0.0	94603846.15384616	0.04730192307692308	2025-11-03 23:20:55.683790+00:00	2025-11-03 23:20:55.686662+00:00	Negative	-0.1506282739607574	0
