timestamp	close	high	low	open	volume	symbol	gap_apertura_pct	volatilidad_diaria	vol_5d	vol_10d	vol_rel_5d	return_pct	close_open_pct	range_pct	volume_change_pct	rsi_14	macd	macd_signal	macd_diff	atr_14	momentum_12	bb_upper	bb_lower	bb_pctb	vader	finbert	sentiment_ratio	sentiment_combined	download_date	added_date
2025-06-05	1250.52001953125	1262.81005859375	1237.2900390625	1240.5999755859375	2817200	NFLX	0.0	2.062573747913353	0.0	0.0	0.0	0.0	0.7996166484387721	2.062573747913353	0.0	0.0	0.0	0.0	0.0	0.0	0.0	0.0	0.0	0.0	0.0	0.0	0.0	0.0	0	0
2025-06-06	1241.469970703125	1260.0	1235.550048828125	1259.4100341796875	2557000	NFLX	0.7109054241106727	1.9788717741596065	0.0	0.0	0.0	-0.723702834562965	-1.4244815421252142	1.9788717741596065	-9.236120971177057	0.0	0.0	0.0	0.0	0.0	0.0	0.0	0.0	0.0	0.0	0.0	0.0	0.0	0	0
2025-06-09	1224.4599609375	1238.8800048828125	1221.5699462890625	1238.8800048828125	2403100	NFLX	-0.2086208995329652	1.4170337643239537	0.0	0.0	0.0	-1.3701507218890785	-1.1639580821773383	1.4170337643239537	-6.018771998435667	0.0	0.0	0.0	0.0	0.0	0.0	0.0	0.0	0.0	0.0	0.0	0.0	0.0	0	0
2025-06-10	1203.6199951171875	1227.52001953125	1180.6099853515625	1227.52001953125	4454400	NFLX	0.249910874293275	3.9733726431018295	0.0	0.0	0.0	-1.701972010939134	-1.947017077830563	3.9733726431018295	85.36057592276643	0.0	0.0	0.0	0.0	0.0	0.0	0.0	0.0	0.0	0.0	0.0	0.0	0.0	0	0
2025-06-11	1219.8800048828125	1228.2900390625	1196.010009765625	1202.5999755859375	2382300	NFLX	-0.0847459775832893	2.698976516358816	0.9770994439695024	0.0	0.8150745860134118	1.3509255272916834	1.4368892106833553	2.698976516358816	-46.51804956896552	0.0	0.0	0.0	0.0	0.0	0.0	0.0	0.0	0.0	0.0	0.0	0.0	0.0	0	0
2025-06-12	1215.030029296875	1230.0	1211.9599609375	1222.5899658203125	2084600	NFLX	0.2221497956071779	1.48850124129062	1.0606598137623962	0.0	0.7508608641779647	-0.3975780869039994	-0.618354209897761	1.48850124129062	-12.496327078873358	0.0	0.0	0.0	0.0	0.0	0.0	0.0	0.0	0.0	0.0	0.0	0.0	0.0	0	0
2025-06-13	1212.1500244140625	1220.6199951171875	1201.8900146484375	1206.5899658203125	2210300	NFLX	-0.6946382618581596	1.5583772425489923	1.10917323192443	0.0	0.8165308429444317	-0.2370315805675295	0.4608076273840001	1.5583772425489923	6.029933800249449	0.0	0.0	0.0	0.0	0.0	0.0	0.0	0.0	0.0	0.0	0.0	0.0	0.0	0	0
2025-06-16	1225.3499755859375	1226.25	1212.199951171875	1212.199951171875	2112800	NFLX	0.0041188596136549	1.159053736517836	1.1610710982387398	0.0	0.7976201262420344	1.0889700867065266	1.0848065454341855	1.159053736517836	-4.411165905080758	0.0	0.0	0.0	0.0	0.0	0.0	0.0	0.0	0.0	0.0	0.0	0.0	0.0	0	0
2025-06-17	1220.6700439453125	1232.3599853515625	1216.0899658203125	1219.949951171875	1892100	NFLX	-0.4406924161793301	1.3378960429358588	0.6068885956299755	0.0	0.885640463953717	-0.381926121832022	0.0590264193007085	1.3378960429358588	-10.445853843241196	0.0	0.0	0.0	0.0	0.0	0.0	0.0	0.0	0.0	0.0	0.0	0.0	0.0	0	0
2025-06-18	1222.2900390625	1242.0	1220.5	1229.989990234375	2281000	NFLX	0.7635106911397299	1.7615731257681275	0.2274362260206404	0.8402563675777175	1.0778958112808106	0.1327135965384661	-0.626017384938862	1.7615731257681275	20.553881930130544	0.0	0.0	0.0	0.0	0.0	0.0	0.0	0.0	0.0	0.0	0.0	0.0	0.0	0	0
2025-06-20	1231.4100341796875	1248.5	1224.3499755859375	1234.449951171875	5348200	NFLX	0.9948466992909218	1.9724772242924264	0.3243598791591928	0.8393217111846242	1.931539106064546	0.7461400179766303	-0.2462568036315832	1.9724772242924264	134.4673388864533	0.0	0.0	0.0	0.0	0.0	0.0	0.0	0.0	0.0	0.0	0.0	0.0	0.0	0	0
2025-06-23	1253.5400390625	1254.8399658203125	1215.010009765625	1238.030029296875	2667300	NFLX	0.5375947030996427	3.2781586764351585	0.834967324533468	0.9413045943124034	0.9325310808732012	1.797127217462911	1.2527975411415289	3.2781586764351585	-50.12714558169103	0.0	0.0	0.0	0.0	0.0	0.0	0.0	0.0	0.0	0.0	0.0	0.0	0.0	0	0
2025-06-24	1279.1099853515625	1282.5699462890625	1255.0	1260.550048828125	2663300	NFLX	0.5592170610575519	2.196808469248008	0.7260486931767455	0.9135955623998312	0.896619287767895	2.03981887233421	1.472368077784124	2.196808469248008	-0.1499643834589284	0.0	0.0	0.0	0.0	0.0	2.2862461515033785	0.0	0.0	0.0	0.0	0.0	0.0	0.0	0	0
2025-06-25	1275.25	1298.0	1273.81005859375	1286.8399658203125	2146500	NFLX	0.6043249257119527	1.899022640232172	0.6112842816259543	0.6488353948582297	0.7104651701607938	-0.3017711843209156	-0.900653238021274	1.899022640232172	-19.404498178950927	67.59532346631343	0.0	0.0	0.0	25.49713134765625	2.720970308910749	0.0	0.0	0.0	0.0	0.0	0.0	0.0	0	0
2025-06-26	1306.6700439453125	1307.3399658203125	1280.0	1280.0	2605900	NFLX	0.3724759851009606	2.135934829711914	0.5617722717017785	0.5975872381952979	0.8443607755715693	2.4638340674622623	2.083597183227539	2.135934829711914	21.402282785930584	75.73902156516834	0.0	0.0	0.0	25.968048095703125	6.713987033505683	0.0	0.0	0.0	0.0	0.0	0.0	0.0	0	0
2025-06-27	1323.1199951171875	1331.3499755859375	1301.0	1306.8800048828125	4070900	NFLX	0.0160683975631714	2.3328190304333205	0.5321479020977062	0.5959624054864281	1.4380842029405323	1.2589215807080576	1.242653508638785	2.3328190304333205	56.21858091254461	78.7500471987382	0.0	0.0	0.0	26.28104291643416	9.928382752428869	0.0	0.0	0.0	0.0	0.0	0.0	0.0	0	0
2025-06-30	1339.1300048828125	1341.1500244140625	1321.2099609375	1331.0	3282900	NFLX	0.595562376193595	1.509227455597859	0.3232432602608637	0.5998620141653422	1.1113781780019636	1.210019486116753	0.6108192999859129	1.509227455597859	-19.35689896583065	81.1960995679495	0.0	0.0	0.0	25.828115813586177	9.775551654480616	0.0	0.0	0.0	0.0	0.0	0.0	0.0	0	0
2025-07-01	1293.5999755859375	1338.77001953125	1282.219970703125	1338.22998046875	4993600	NFLX	-0.0672096369120831	4.410323510802511	1.1339738688726635	0.9162167274365342	1.4601340366553994	-3.399970811710648	-3.335002617949097	4.410323510802511	52.10941545584696	60.0326552413124	0.0	0.0	0.0	28.04825283973627	6.466502423362335	0.0	0.0	0.0	0.0	0.0	0.0	0.0	0	0
2025-07-02	1284.8599853515625	1299.949951171875	1271.5899658203125	1296.9599609375	3048800	NFLX	0.2597391322646393	2.230277535515724	1.102428787722492	0.8553260977563331	0.8467900967109393	-0.6756331477523577	-0.9329490462597706	2.230277535515724	-38.94585068888177	56.96332099844632	0.0	0.0	0.0	28.070519447723857	5.9984291938324255	0.0	0.0	0.0	0.0	0.0	0.0	0.0	0	0
2025-07-03	1297.1800537109375	1302.260009765625	1279.760009765625	1292.0	2006200	NFLX	0.5557037132325243	1.7581421382373594	1.1476694780274048	0.8555991061735687	0.5764147473911644	0.9588646622848942	0.4009329497629644	1.7581421382373594	-34.19706113880871	60.06301458846208	0.0	0.0	0.0	27.672625201457866	5.862005105166164	1335.527461731096	1176.4035563353102	0.7590091323816014	0.0	0.0	0.0	0.0	0	0
2025-07-07	1289.6199951171875	1295.0	1276.02001953125	1295.0	2273700	NFLX	-0.1680609954416783	1.4874359475741106	1.2283454404757683	0.8936856698062993	0.7285071642785738	-0.582807187955318	-0.4154443924951737	1.4874359475741106	13.333665636526767	57.33410121059141	0.0	0.0	0.0	27.207440128474268	5.648533075246339	1338.7623933157822	1177.078622309218	0.6960585599119928	0.0	0.0	0.0	0.0	0	0
2025-07-08	1275.31005859375	1293.25	1260.0	1290.9000244140625	3292500	NFLX	0.0992563159474496	2.638888888888889	1.152919079274182	0.8390272035204283	1.054288239362656	-1.109624275183261	-1.2076818905777589	2.638888888888889	44.808022166512735	52.47421803891684	0.0	0.0	0.0	27.639051547868963	4.337760910815939	1340.422871674606	1178.8021527394562	0.5971258294737414	0.0	0.0	0.0	0.0	0	0
2025-07-09	1288.280029296875	1288.2900390625	1266.239990234375	1273.989990234375	2384500	NFLX	-0.1035096014870771	1.7413799120373414	0.4596651505084846	0.8550393082505721	0.9167134410297024	1.0170052855559406	1.121675929327441	1.7413799120373414	-27.577828397873954	56.10587784612646	0.0	0.0	0.0	27.23983706788725	4.618282581648106	1342.8460613184786	1182.7609699315217	0.6591435745274569	0.0	0.0	0.0	0.0	0	0
2025-07-10	1250.5899658203125	1289.5999755859375	1246.010009765625	1285.5	4230800	NFLX	-0.215793867300132	3.4983640162338494	0.8349558655479263	0.9353143692198952	1.491009818363794	-2.925611095371338	-2.7156774935579544	3.4983640162338494	77.4292304466345	45.27815426314099	0.0	0.0	0.0	28.4077034073462	-0.2353393709221929	1340.7433078350275	1189.560720485285	0.4036790638715801	0.0	0.0	0.0	0.0	0	0
2025-07-11	1245.1099853515625	1261.0	1231.300048828125	1259.7900390625	3957200	NFLX	0.7356586486085229	2.412080727207115	0.7937769519557261	0.9315645092767916	1.2259971373158929	-0.4381916230357293	-1.1652778046937076	2.412080727207115	-6.466862059185025	43.95007129407134	0.0	0.0	0.0	28.500006819098257	-2.658098239351569	1339.7490692205356	1193.077957146652	0.354753076247899	0.0	0.0	0.0	0.0	0	0
2025-07-14	1261.949951171875	1270.489990234375	1240.0	1244.9100341796875	2781000	NFLX	-0.0160589164192224	2.4588701801915325	0.630176230058074	0.9313787855803944	0.8353358164123513	1.3524882153730104	1.368766940931251	2.4588701801915325	-29.72303649044779	48.90941540211792	5.173483083494375	0.0	0.0	28.642148491618023	-1.0429365871887866	1338.2722504293013	1199.2467681253863	0.4510193527645324	0.0	0.0	0.0	0.0	0	0
2025-07-15	1260.27001953125	1271.219970703125	1243.239990234375	1262.0	2801700	NFLX	0.0039659915259336	2.250569535128549	0.6403168452455691	0.8793681712975775	0.8671201842131326	-0.133121891170484	-0.137082446018225	2.250569535128549	0.7443365695792881	48.448874761074	3.9044760791455246	0.0	0.0	28.59485077569888	-3.551013098453221	1335.836626041423	1206.4943920249832	0.4157623216824271	0.0	0.0	0.0	0.0	0	0
2025-07-16	1250.31005859375	1271.0	1249.8199462890625	1261.7099609375	3227000	NFLX	0.1142565786644339	1.694648399061388	0.6538500048350838	0.5925111083128412	0.9492460744688987	-0.7903037272285942	-0.9035279657520836	1.694648399061388	15.180069243673485	45.70126876726695	2.07121756985066	0.0	0.0	28.065222413930208	-5.502897453906952	1334.4078730822837	1210.4191532849038	0.3217301168528491	0.0	0.0	0.0	0.0	0	0
2025-07-17	1274.1700439453125	1277.5	1244.800048828125	1253.0	6469900	NFLX	0.2151419472123125	2.6269239949547933	0.3580947390734667	0.6066026639330251	1.6816466356150712	1.9083254739547024	1.6895485989874302	2.6269239949547933	100.49271769445303	52.63163765003479	2.514660958763216	0.0	0.0	28.396274468069123	-4.850907731186611	1332.3582077658864	1217.818818601301	0.4919811931512798	0.0	0.0	0.0	0.0	0	0
2025-07-18	1209.239990234375	1246.5	1201.010009765625	1241.9599609375	10693300	NFLX	-2.527926563716558	3.787644554540581	0.769143713077166	0.7449773390120998	2.05854948812031	-5.095870368282203	-2.634543119926842	3.787644554540581	65.27767044312895	38.30408447596484	-2.3461744138589893	0.0	0.0	31.593685876041864	-6.521334797749325	1334.3341300851228	1214.5378913992524	-0.0442242696681786	0.0	0.0	0.0	0.0	0	0
2025-07-21	1233.27001953125	1237.0999755859375	1198.0	1206.0	5627600	NFLX	-0.2679360805580888	3.263770917023164	0.8239864568709114	0.6976696167167926	0.9763528166692692	1.987201009802653	2.26119564935738	3.263770917023164	-47.3726539047815	44.34273916418071	-4.210858771417861	0.0	0.0	32.12984942674869	-4.015220834058155	1334.164829279814	1214.8931907397173	0.154075428295175	0.0	0.0	0.0	0.0	0	0
2025-07-22	1190.0799560546875	1232.3699951171875	1187.5	1230.3800048828125	5063000	NFLX	-0.2343375418739164	3.778525904605263	0.8852399177918454	0.7855055462359709	0.8144899745180304	-3.502076819558014	-3.275414804222488	3.778525904605263	-10.032695998294122	37.27998982550426	-9.069168003858522	0.0	0.0	33.10414729135593	-8.256378700077985	1341.0293887337036	1201.6826229850465	-0.0832647020404259	0.0	0.0	0.0	0.0	0	0
2025-07-23	1176.780029296875	1192.6199951171875	1173.5999755859375	1189.81005859375	4504300	NFLX	-0.0226789351055247	1.6206560946589972	0.9133229199352972	0.8034733587770159	0.6960081092523974	-1.1175658148133143	-1.095135244719257	1.6206560946589972	-11.034959510171834	35.409639859353206	-13.83314611247556	0.0	0.0	32.09813816563408	-8.749861683872135	1347.0266624256878	1185.4523536875936	-0.0536739068138369	0.0	0.0	0.0	0.0	0	0
2025-07-24	1180.760009765625	1183.5	1162.6600341796875	1177.800048828125	3845600	NFLX	0.0866788614571799	1.792438477943907	1.065628587840011	0.8054779575346385	0.6466714647976377	0.3382093823539846	0.25131268592195	1.792438477943907	-14.623803920698	36.43733793528434	-17.090473583400808	-6.110517845019012	-10.979955738381795	31.293982998111108	-7.413887171279962	1350.2978439417925	1172.7321731480513	0.0452105217280359	0.0	0.0	0.0	0.0	0	0
2025-07-25	1180.489990234375	1187.3199462890625	1174.3800048828125	1178.4200439453125	2629300	NFLX	-0.1981745486770822	1.1018530077529065	1.147706506712778	0.9306130116525472	0.606673804096023	-0.0228682822094895	0.1756543687200352	1.1018530077529065	-31.628354483045555	36.39502834489272	-19.469287563588523	-8.782271788732915	-10.687015774855608	29.98298002726389	-8.366972755242529	1348.0951498731165	1162.3168618456334	0.0978215946637055	0.0	0.0	0.0	0.0	0	0
2025-07-28	1174.5999755859375	1197.7900390625	1168.530029296875	1181.199951171875	3447000	NFLX	0.0601412077504396	2.5040015260225075	1.0348466379851218	0.9308370873319984	0.8843359399051782	-0.4989465982060631	-0.5587517658961658	2.5040015260225075	31.09953219488077	35.428638142553694	-21.58101720590639	-11.342020872167613	-10.23899633373878	29.93133929428968	-6.076331356499417	1341.507351743248	1154.0526580223773	0.1096121796456919	0.0	0.0	0.0	0.0	0	0
2025-07-29	1168.739990234375	1179.5999755859375	1163.2900390625	1179.0	2752500	NFLX	0.3745976933012953	1.4020524525922822	0.5259665379017411	0.9872037674782186	0.8011374551042861	-0.4988920035213949	-0.8702298359308737	1.4020524525922822	-20.147954743255003	34.44859145703121	-23.45703194282237	-13.765023086298564	-9.692008856523804	28.958381953514525	-6.13359430216312	1329.1214426147892	1149.3995656859922	0.1076130790468271	0.0	0.0	0.0	0.0	0	0
2025-07-30	1184.199951171875	1184.8499755859375	1166.0999755859375	1168.550048828125	2922700	NFLX	-0.0162518103117109	1.6079238823908362	0.5263817531684406	0.9940287502759813	0.9369369946977324	1.3227887354483108	1.3392581994621824	1.6079238823908362	6.1834695731153495	39.22512595069946	-23.426254218123177	-15.697269312663488	-7.72898490545969	28.229211813977773	-6.161100123487433	1323.0714184489937	1144.5095874103815	0.2222779836577216	0.0	0.0	0.0	0.0	0	0
2025-07-31	1159.4000244140625	1190.0	1157.739990234375	1184.800048828125	3712900	NFLX	0.0506753657316188	2.786464148922957	0.7278437534473547	1.0002533314010635	1.200466878766716	-2.094234739097117	-2.1438237143208623	2.786464148922957	27.036644198857225	34.83951878893882	-25.11351649178141	-17.580518748487073	-7.532997743294338	28.517125953381147	-8.003839935405708	1319.1627454017296	1135.8722643638955	0.1283632402345569	0.0	0.0	0.0	0.0	0	0
2025-08-01	1158.5999755859375	1178.510009765625	1152.8499755859375	1163.010009765625	3891000	NFLX	0.3113666789326586	2.2257912758028864	0.587240528499791	0.8663220499225404	1.1631521992574478	-0.0690054175675327	-0.379191420766553	2.2257912758028864	4.7967895714939806	34.70471421391005	-26.213073262369107	-19.30702965126348	-6.906043611105627	28.313047969545888	-7.334987219966922	1311.0658835440845	1130.1111184090405	0.1574363468993821	0.0	0.0	0.0	0.0	0	0
2025-08-04	1170.989990234375	1177.0	1162.6199951171875	1167.6500244140625	2244700	NFLX	0.7811193698280658	1.2368619964568088	0.6429159566462721	0.8282280720748562	0.7229866398691042	1.0693953831797305	0.2860416863339274	1.2368619964568088	-42.31046003598047	38.66289621174352	-25.7874476461468	-20.603113250240146	-5.184334395906657	27.60497485843993	-8.097824478077747	1301.7452260708446	1127.5687753939992	0.2492944061705357	0.0	0.0	0.0	0.0	0	0
2025-08-05	1147.8699951171875	1171.7099609375	1144.7099609375	1171.0	2660700	NFLX	0.0008548122279846	2.358676077028928	0.6174448523542887	0.5728696057574422	0.8620723172628305	-1.9743973313179224	-1.9752352589933817	2.358676077028928	18.53254332427496	34.46447333288273	-27.004436330578528	-21.883377866307825	-5.121058464270703	27.561762368551367	-5.075088122523368	1295.338380221364	1121.2316148958232	0.1530002591889892	0.0	0.0	0.0	0.0	0	0
2025-08-06	1178.47998046875	1181.3800048828125	1151.8699951171875	1153.52001953125	3362200	NFLX	0.4922181464884167	2.561921908784745	0.5963734365634363	0.6049347566308224	1.0591941530416156	2.666677017586603	2.1638082144116453	2.561921908784745	26.36524222948848	43.25087465213279	-25.20835243614169	-22.5483727802746	-2.6599796558670974	27.98663718262805	-4.442663666090333	1282.5167469418154	1123.0732432925597	0.3475007504731854	0.0	0.0	0.0	0.0	0	0
2025-08-07	1180.3699951171875	1191.219970703125	1168.199951171875	1181.760009765625	2628300	NFLX	0.278327112147492	1.97055474177666	0.5132244534829766	0.6021406988828073	0.8887258316482832	0.1603773233114856	-0.1176224137685262	1.97055474177666	-21.82796978169056	43.75232226743535	-23.36311912881684	-22.71132204998305	-0.6517970788337877	27.6318787789582	-0.8159082831451201	1276.4199386014918	1122.148054562571	0.377398259685012	0.0	0.0	0.0	0.0	0	0
2025-08-08	1211.6400146484375	1214.1099853515625	1180.3699951171875	1183.18994140625	3816700	NFLX	0.2389035896140798	2.85842493234719	0.626484660790407	0.574506248339816	1.2970854913475525	2.6491709938920893	2.4045229127264127	2.85842493234719	45.21553856104706	51.40335943490109	-19.15670265330528	-22.000398170647493	2.843695517342219	28.068172454345103	2.962319591061662	1272.1039954073246	1123.1170006864252	0.5941660487067638	0.0	0.0	0.0	0.0	0	0
2025-08-11	1218.31005859375	1223.0699462890625	1201.9300537109375	1214.010009765625	2455600	NFLX	0.1956022488969352	1.758828853048142	0.4430774841804848	0.5719921449530264	0.8227292525211914	0.5504971662105301	0.3542020900597979	1.758828853048142	-35.661697277753035	52.875823533819705	-15.110683930092591	-20.62245532253652	5.511771392443922	27.573295320329382	3.180159263318758	1264.6240095034868	1126.2329973324509	0.6653398932258844	0.0	0.0	0.0	0.0	0	0
2025-08-12	1225.280029296875	1231.989990234375	1206.510009765625	1225.0	2278800	NFLX	0.5491164879630026	2.1118747679266834	0.4488503556328623	0.5207054278882935	0.7835451394619575	0.572101547874453	0.0228595344387755	2.1118747679266834	-7.19986968561655	54.42966818934624	-11.212515655758123	-18.74046738918084	7.527951733422711	27.42377283093085	3.794190499964118	1257.8125625581054	1129.5454452543947	0.7463688750079267	0.0	0.0	0.0	0.0	0	0
2025-08-13	1204.43994140625	1237.1199951171875	1203.0	1234.0	2762400	NFLX	0.7116716582844284	2.836242320630715	0.5089026412121831	0.5240847777033052	0.9906898678793268	-1.7008428597815353	-2.3954666607576987	2.836242320630715	21.221695629278567	49.20535209838653	-9.693074410380632	-16.930988793420795	7.237914383040163	27.90207442280633	2.5404364413873863	1250.3245933318815	1132.4464027618685	0.6107451963441991	0.0	0.0	0.0	0.0	0	0
2025-08-14	1230.56005859375	1244.0899658203125	1207.030029296875	1209.8900146484375	3904700	NFLX	0.4524985476506399	3.070340888289733	0.5619404745010914	0.5614876210157781	1.2829046799227242	2.1686525238446777	1.7084233851883366	3.070340888289733	41.35172313929916	55.03127331472341	-6.3085105318327805	-14.806493141103193	8.497982609270412	28.74121370789606	5.289462915269787	1238.1035843997165	1140.3064131588774	0.9228656032658724	0.0	0.0	0.0	0.0	0	0
2025-08-15	1238.949951171875	1246.93994140625	1227.8800048828125	1234.0400390625	2767800	NFLX	0.2827964750234804	1.5522637755842077	0.6638028860149978	0.6095756009159393	0.9766890389786368	0.6817946446037536	0.3978729987646964	1.5522637755842077	-29.116193305503625	56.74730684706572	-2.9156156574294982	-12.428317644368455	9.512701986938955	28.04969390900616	4.623374620630564	1243.5760027713302	1137.8049908810135	0.9562635213866312	0.0	0.0	0.0	0.0	0	0
2025-08-18	1245.0899658203125	1251.1600341796875	1235.449951171875	1235.6300048828125	2111100	NFLX	-0.2679645199487107	1.2716082098599657	0.7820749921171444	0.6033426885342329	0.7635191829176552	0.4955821373276537	0.7655981887876853	1.2716082098599657	-23.726425319748536	58.01017196019922	0.2656634401398605	-9.889521427466793	10.155184867606652	27.16829313034947	7.390886631174255	1246.279102473925	1136.283885807325	0.9891891966791908	0.0	0.0	0.0	0.0	0	0
2025-08-19	1214.1500244140625	1241.0	1192.7900390625	1240.199951171875	3707700	NFLX	-0.3927438805769969	4.041780980615138	1.1410262982710615	0.8327885695044336	1.2153444737997994	-2.4849562887502343	-2.1004618435275466	4.041780980615138	75.62881909904789	50.07589596772871	0.286947595968968	-7.854227622779641	8.141175218748609	28.9634098180254	4.794583980552195	1248.3710283453104	1136.598966771877	0.6938322202389999	0.0	0.0	0.0	0.0	0	0
2025-08-20	1213.8599853515625	1223.0	1193.31005859375	1218.0	2434400	NFLX	0.3170922463058436	2.488032443239266	1.1301013764169825	0.8315525211555252	0.8155061404155249	-0.0238882392346835	-0.3399026804956896	2.488032443239266	-34.34204493351673	50.00684745697922	0.2772161393281749	-6.227938870358078	6.505155009686253	29.015304931470016	3.661004404367882	1250.4776453334575	1138.200345389199	0.6738640847252803	0.0	0.0	0.0	0.0	0	0
2025-08-21	1206.2099609375	1221.4000244140625	1197.6400146484375	1211.4300537109375	2047200	NFLX	-0.2001822014028442	1.9839024644312389	1.093217548308077	0.8308041206658126	0.7832754319646164	-0.6302229669303147	-0.4309033573541407	1.9839024644312389	-15.905356556030236	48.122066570486446	-0.3438257373877604	-5.051116243764015	4.707290506376254	28.63992670533823	5.082454116622894	1251.614860812641	1139.6081250272027	0.5946234879827295	0.0	0.0	0.0	0.0	0	0
2025-08-22	1204.6500244140625	1213.6199951171875	1198.22998046875	1208.8800048828125	3128100	NFLX	0.2213581409357014	1.284395725302825	1.1424850487949234	0.8813106802646083	1.1647242804483002	-0.1293254552652735	-0.3499090440461085	1.284395725302825	52.7989449003517	47.72704146741823	-0.9509181470846216	-4.231076624428136	3.280158477343514	27.693504415559605	2.220660883429106	1252.5074393246114	1141.1315499332013	0.5703072256297519	0.0	0.0	0.0	0.0	0	0
2025-08-25	1218.0699462890625	1233.800048828125	1199.0	1201.6500244140625	2812000	NFLX	-0.2490349843689406	2.9024227546392827	1.0338258436950296	0.8861302283882833	0.9950882556938015	1.1140100114576763	1.366447929213544	2.9024227546392827	-10.105175665739589	51.42151165458786	-0.3451885960253094	-3.453899018747571	3.108710422722261	28.201114730742848	3.1939096493326344	1254.4350866919458	1143.550899636179	0.6720439463149577	0.0	0.0	0.0	0.0	0	0
2025-08-26	1226.0899658203125	1231.5	1212.199951171875	1220.2099609375	1985700	NFLX	0.175688978695945	1.5921506026680652	0.6554848722124267	0.916643473812168	0.800207940422651	0.658420278382499	0.4818846814112902	1.5921506026680652	-29.38477951635846	53.53505255921608	0.773093249559679	-2.608500565086121	3.3815938146458	27.565324309127288	1.1925944172508791	1256.6759631712116	1147.0450207155072	0.7210094461857138	0.0	0.0	0.0	0.0	0	0
2025-08-27	1223.5	1229.2099609375	1213.0	1223.6099853515625	1664500	NFLX	-0.2022674141281937	1.3363529214756802	0.6654330734230962	0.9419337028450808	0.7151450053705692	-0.2112378285862318	-0.0089885954576367	1.3363529214756802	-16.175655939970788	52.73708348637245	1.4338228551691827	-1.8000358810350603	3.233858736204243	26.75422692543962	0.4259951208348847	1258.785167503071	1148.86582126646	0.6789903805730736	0.0	0.0	0.0	0.0	0	0
2025-08-28	1231.449951171875	1237.8900146484375	1214.27001953125	1222.7900390625	1950300	NFLX	-0.0580270484266448	1.9452012103786955	0.6632692633888332	0.885607465151454	0.8449733982635218	0.6497712441254597	0.7082092454739377	1.9452012103786955	17.170321417843194	54.95648175533079	2.569332778059106	-0.926162149216227	3.4954949272753333	26.530353224850185	0.5035519821979471	1259.6443808309923	1155.21160061432	0.7300231823703167	0.0	0.0	0.0	0.0	0	0
2025-08-29	1208.25	1228.7900390625	1201.1500244140625	1227.969970703125	3209800	NFLX	-0.2825921155332682	2.301129258347281	0.6151470190934537	0.8713469817209781	1.3808798602686216	-1.883954045375325	-1.6059000768425564	2.301129258347281	64.57980823463056	47.88909797987537	1.5789888033298212	-0.4251319587070173	2.0041207620368384	26.79960847720464	0.3163344607537298	1257.0825204572452	1162.7384634294735	0.4823996126976966	0.0	0.0	0.0	0.0	0	0
2025-09-02	1214.1099853515625	1215.4000244140625	1182.800048828125	1197.0	2303300	NFLX	-0.931098696461825	2.756169617868748	0.5637576394063705	0.8375562512446583	1.0362528793550243	0.4849977530777985	1.4294056266969506	2.756169617868748	-28.241634992834445	49.65038466936596	1.252547326349486	-0.0895961016957166	1.3421434280452027	27.2139204135427	-1.336795642545573	1255.7376834925176	1168.3952999059195	0.5233963577410017	0.0	0.0	0.0	0.0	0	0
2025-09-03	1226.1800537109375	1227.0	1203.3800048828125	1205.1400146484375	2471500	NFLX	-0.7388103887908986	1.9628043528517547	0.5217963579993274	0.5585681116475886	1.0653568288014896	0.9941495008691444	1.7458584734353697	1.9628043528517547	7.302565883732037	53.16193043070961	1.945368746826716	0.3173968680087699	1.6279718788179462	26.95721146380304	-1.0307032539013337	1248.5618784796495	1183.402110778163	0.6565085242284956	0.0	0.0	0.0	0.0	0	0
2025-09-04	1257.47998046875	1257.47998046875	1223.0899658203125	1223.199951171875	3023500	NFLX	-0.2430395544311338	2.811732219990253	0.4165918517881692	0.5946490652953976	1.1666177923200396	2.552637083198812	2.8024877914713247	2.811732219990253	22.334614606514265	60.79739368802026	4.962868361820028	1.2464911667710217	3.716377195049007	27.488125976991217	0.9951099911301984	1252.523023828166	1187.3409654296463	1.0760478690359452	0.0	0.0	0.0	0.0	0	0
2025-09-05	1243.8199462890625	1267.0999755859375	1239.02001953125	1260.0	2379700	NFLX	0.2004023579214847	2.2663036603162228	0.3582052935811713	0.5958802662098203	0.888756927949327	-1.0863023182759106	-1.2841312468998016	2.2663036603162228	-21.293203241276665	56.47073170673839	6.1807599961352935	2.233344932643876	3.947415063491418	27.530399553969524	2.443678398747999	1251.792690232348	1194.416294142652	0.8610448810548902	0.0	0.0	0.0	0.0	0	0
2025-09-08	1244.760009765625	1252.0400390625	1232.0	1248.5400390625	1915100	NFLX	0.3794836051246725	1.626626547280844	0.5091813183682017	0.5509546963335037	0.7918151673268228	0.0755787426763158	-0.3027559532422634	1.626626547280844	-19.523469344875405	56.699110043110856	7.139503405810274	3.214576627277156	3.924926778533118	26.995373804578843	2.54560038117684	1254.4176800359846	1195.103303850734	0.8371782543881641	0.0	0.0	0.0	0.0	0	0
2025-09-09	1263.25	1265.719970703125	1246.6700439453125	1246.6700439453125	2219700	NFLX	0.1534459787189933	1.5280648516688158	0.520983288654671	0.512508271976051	0.9241433864856988	1.4854261134125335	1.3299393961707169	1.5280648516688158	15.90517466450838	61.02991905064072	9.28427876364458	4.428517054550641	4.855761709093938	26.564272885501783	4.728864866790429	1260.8795962736915	1193.1353817536522	1.0349904968727228	0.0	0.0	0.0	0.0	0	0
2025-09-10	1247.7099609375	1267.0	1246.3599853515625	1263.969970703125	2701000	NFLX	0.0569935248862062	1.6560235318061451	0.5495002024924971	0.5070543285524922	1.1034398235149931	-1.2301633930338414	-1.2864237396858276	1.6560235318061451	21.683110330224807	55.96375591475502	9.61919333515425	5.466652310671362	4.152541024482888	26.141111582854336	3.5744768730139445	1263.1634012071702	1193.0945699842362	0.7794534317191213	0.0	0.0	0.0	0.0	0	0
2025-09-11	1203.5	1253.449951171875	1192.0	1251.0	5682300	NFLX	0.2636862063702643	5.155197245962668	1.541920889824073	1.0658848183645615	1.9070936648364187	-3.543288289874809	-3.796962430055955	5.155197245962668	110.37763791188448	44.61663052644701	6.245249823970653	5.62237181333122	0.6228780106394325	28.66317155349867	-1.1961502156301358	1263.245672429544	1192.9183046212372	0.1504634071846053	0.0	0.0	0.0	0.0	0	0
2025-09-12	1188.43994140625	1211.780029296875	1182.4000244140625	1203.06005859375	3784900	NFLX	-0.0365551646240132	2.4847770869568224	1.5386319606753756	1.0538409395147004	1.160798626019751	-1.2513550971125882	-1.2152441669944036	2.4847770869568224	-33.39140840856695	41.5277003190151	2.3293036544653205	4.963758181558041	-2.6344545270927204	28.714373934163945	-3.070739135269968	1265.1143760502468	1186.8375892817844	0.0204703359784714	0.0	0.0	0.0	0.0	0	0
2025-09-15	1202.260009765625	1207.239990234375	1173.2099609375	1188.4000244140625	2909300	NFLX	-0.0033587723532976	2.90059157609623	1.4635382081698356	1.0611475518893871	0.8409742617302223	1.16287478044722	1.1662727252463774	2.90059157609623	-23.134032603239188	45.272149419832814	0.3371654858917736	4.038439642424788	-3.701274156533014	29.094063602929022	-1.736002471138128	1264.106182780332	1184.1767884110743	0.2262399396023173	0.0	0.0	0.0	0.0	0	0
2025-09-16	1200.510009765625	1209.0	1197.280029296875	1205.6400146484375	2404700	NFLX	0.2811375954749935	0.9788830028349984	1.592609364878109	1.1604270013257605	0.6877566896614843	-0.1455591956636031	-0.4255005491260507	0.9788830028349984	-17.344378372804456	44.88022231700723	-1.3670700078444042	2.957337712370949	-4.324407720215353	27.85305696722873	-2.5124806230904366	1261.92779563232	1181.8971799536175	0.2325713685214182	0.0	0.0	0.0	0.0	0	0
2025-09-17	1228.5	1233.9300537109375	1206.6099853515625	1221.02001953125	3459800	NFLX	1.7084413789793522	2.264200420272084	1.5207420065695558	1.153518787655788	0.9483580944027192	2.331508276206666	0.6126009687885025	2.264200420272084	43.8765750405456	52.032876666727375	-0.4538983673414805	2.275090496428464	-2.728988863769944	28.25069889423472	1.675977653631285	1262.577371209544	1182.6826019349871	0.5734718114969733	0.0	0.0	0.0	0.0	0	0
2025-09-18	1207.780029296875	1233.0	1205.5	1220.8199462890625	3169100	NFLX	-0.6251569972273098	2.281211115719618	0.7197461459394033	1.142955852533123	1.007483564134844	-1.6866073018416767	-1.0681277801714375	2.281211115719618	-8.40221978149026	47.1547171398388	-1.3861530256886	1.5428417920050508	-2.928994817693651	28.19707754464652	-0.5213659496305496	1262.6266778782344	1182.025299660828	0.3195321247060889	0.0	0.0	0.0	0.0	0	0
2025-09-19	1226.969970703125	1229.949951171875	1208.0999755859375	1218.6199951171875	4947600	NFLX	0.8975115962650193	1.808623129500528	0.7121001431728036	1.1541946890004138	1.4646102838873922	1.5888606319663754	0.6851992925928097	1.808623129500528	56.12003407907608	51.6736068280863	-0.5699338221779726	1.120286669168446	-1.6902204913464187	27.766566425386056	0.0644209624676961	1263.015014535919	1183.7129639797065	0.545471477975924	0.0	0.0	0.0	0.0	0	0
2025-09-22	1227.3699951171875	1229.760009765625	1214.239990234375	1221.9000244140625	2546800	NFLX	-0.4132086693333763	1.278167385036816	0.5838261642741986	1.1806799991619987	0.7704501452081317	0.0326026246455944	0.4476610683225098	1.278167385036816	-48.52453714932493	51.76619905559807	0.107959909582405	0.917821317251238	-0.8098614076688329	26.89181307580491	-2.39447035493467	1263.2325187646463	1185.7674568212913	0.5370490547895946	0.0	0.0	0.0	0.0	0	0
2025-09-23	1218.469970703125	1227.7900390625	1208.469970703125	1227.3299560546875	2499100	NFLX	-0.003262183584354	1.5987214269076118	0.4328041525835953	1.1761917242172872	0.7517265858119164	-0.7251297041209435	-0.7218910699485702	1.5987214269076118	-1.8729385896026387	49.49407147234893	-0.0721305377051066	0.719830946259969	-0.7919614839650757	26.350974167488488	-2.038074374154327	1263.2396286006956	1185.8003494266482	0.4218740363407922	0.0	0.0	0.0	0.0	0	0
2025-09-24	1203.949951171875	1221.5	1194.199951171875	1218.6099853515625	2773100	NFLX	0.0114910216750523	2.286053420227937	0.4381579555624338	1.15813237877218	0.8700904258990819	-1.191660022845794	-1.2030128060585483	2.286053420227937	10.963947020927534	45.95052903834918	-1.3706971978997444	0.3017253174280263	-1.6724225153277708	26.418765214676814	-3.2785483365130035	1263.1425869853722	1183.6833895771276	0.2550562081645761	0.0	0.0	0.0	0.0	0	0
2025-09-25	1208.239990234375	1216.8399658203125	1191.510009765625	1203.0899658203125	1997800	NFLX	-0.0714303240533733	2.125870185485895	0.4041773337044228	0.5825225063800566	0.6765598331120805	0.3563303489754083	0.4280664422756628	2.125870185485895	-27.95788107172478	47.15437853553079	-2.0302469101841325	-0.1646691280944054	-1.865577782089727	26.34099313182044	-4.354641580496735	1262.9259706357047	1182.3740049502326	0.3211092996183388	0.0	0.0	0.0	0.0	0	0
2025-09-26	1210.6099853515625	1214.0	1200.0	1205.4200439453125	1945000	NFLX	-0.2333928947770951	1.1666666666666667	0.4992675016258556	0.6093309384861616	0.8268292268190243	0.1961526796284707	0.430550448560938	1.1666666666666667	-2.642907197917709	47.845482788893214	-2.334791981284525	-0.5986936987324294	-1.7360982825520954	25.45949362240469	-2.973445491936399	1261.9975452417511	1181.2184337621552	0.36385088980375	0.0	0.0	0.0	0.0	0	0
2025-09-29	1206.4100341796875	1224.489990234375	1187.5400390625	1205.0	3033200	NFLX	-0.4634015429778033	3.111469925767305	0.7368556899042568	0.6512128658645886	1.2382227592625856	-0.3469285089908893	0.1170152846213692	3.111469925767305	55.94858611825193	46.680416196631406	-2.8818271933644155	-1.0553203976588268	-1.8265067957055887	26.280240590224	0.241797605291857	1262.035008358503	1180.996974063372	0.3135942318611056	0.0	0.0	0.0	0.0	0	0
2025-09-30	1198.9200439453125	1208.5	1178.0	1206.4100341796875	3830300	NFLX	0.0	2.5891341256366727	0.7154179019176803	0.5977838871394033	1.410334771786677	-0.6208494642924539	-0.6208494642924539	2.5891341256366727	26.279177106686006	44.59488564627823	-3.8750667976692057	-1.6192696776609026	-2.255797120008303	26.58165197663657	0.8818369506044763	1262.3573233320462	1179.1556649492036	0.2375478972446132	0.0	0.0	0.0	0.0	0	0
2025-10-01	1170.9000244140625	1179.1400146484375	1163.2099609375	1175.489990234375	4110200	NFLX	-1.954263241261336	1.3694908267548296	0.8160841906773697	0.6284974206106302	1.3777360640901015	-2.337104936459641	-0.3904725568439192	1.3694908267548296	7.307521604051901	37.79252556206768	-6.844300902706664	-2.664275922670055	-4.180024980036609	27.233682764577708	-2.608419567883322	1264.8040370645294	1171.180948287033	-0.0030005832603771	0.0	0.0	0.0	0.0	0	0
2025-10-02	1162.530029296875	1163.3299560546875	1134.0	1161.5	4685500	NFLX	-0.8028033323140825	2.586415877838404	0.8489390501988199	0.6526906544977887	1.330790379568512	-0.7148343105873606	0.0886809553917348	2.586415877838404	13.996885796311616	36.02478931556413	-9.76031810656923	-4.083484359449891	-5.676833747119339	27.924135739540905	-3.163653793787593	1262.2810062330566	1164.2089840013184	-0.0171196093058644	0.0	0.0	0.0	0.0	0	0
2025-10-03	1153.3199462890625	1168.0	1143.219970703125	1165.0	3137400	NFLX	0.2124651097932408	2.167564417339064	0.649326112127795	0.6513501971011325	0.8345658257344414	-0.7922447399817252	-1.0025797176770386	2.167564417339064	-33.04023049834596	34.13285031108737	-12.668425750029428	-5.800472637565799	-6.8679531124636295	27.69955670792191	-6.119662491732805	1262.1415699136471	1155.2984203207277	-0.0185175562420551	0.0	0.0	0.0	0.0	0	0
2025-10-06	1163.31005859375	1163.5799560546875	1145.449951171875	1160.3699951171875	2968600	NFLX	0.6112830052761448	1.5827845524166502	0.5641808119278401	0.6186930267341295	0.7923873585308563	0.8662047627661186	0.2533729318178017	1.5827845524166502	-5.380251163383694	37.94007441254015	-14.005556104503285	-7.441489330953296	-6.564066773549989	27.01601729184267	-3.681959431719845	1258.8707365259895	1150.4242585911982	0.1188217473535658	0.0	0.0	0.0	0.0	0	0
2025-10-07	1191.06005859375	1201.3699951171875	1177.4599609375	1177.7900390625	3309100	NFLX	1.2447223645821397	2.0306452000839337	0.4823553828094478	0.5977573706250792	0.9085542645023832	2.3854345447287866	1.1266880421074623	2.0306452000839337	11.470053223741832	47.08886970558809	-12.6798826659342	-8.489167997949476	-4.190714667984725	27.80486866552801	-2.926714831398566	1248.3467608689823	1153.7292401075804	0.3945444584233735	0.0	0.0	0.0	0.0	0	0
2025-10-08	1214.25	1217.3900146484375	1192.0	1197.1099853515625	2851400	NFLX	0.5079447265619396	2.130034785942743	0.358604254989221	0.5944352248761519	0.8410217083529967	1.9470001734110445	1.431782781713569	2.130034785942743	-13.831555407814813	53.28638344827856	-9.646839686887915	-8.720702335737164	-0.9261373511507518	27.69951776475369	-1.0689519190938688	1242.0988312738898	1156.6311736089226	0.6741594184895404	0.0	0.0	0.0	0.0	0	0
2025-10-09	1231.0699462890625	1237.5	1211.8199462890625	1214.25	2824100	NFLX	0.0	2.119131129139864	0.2418703357634775	0.594388829984692	0.9357149483784608	1.3852127888871733	1.3852127888871733	2.119131129139864	-0.9574244230904118	57.20202820764726	-5.818826370423267	-8.140327142674384	2.3215007722511167	27.55527033233825	1.0340817491518983	1245.6456172918386	1155.8413822198802	0.8376950598031723	0.0	0.0	0.0	0.0	0	0
2025-10-10	1220.0799560546875	1247.0	1219.0999755859375	1229.0	4143100	NFLX	-0.1681420536097194	2.288575586317511	0.2668400498861568	0.5001302942260004	1.2869727825649373	-0.8927185873965349	-0.7257969036055736	2.288575586317511	46.70514500194752	54.01606939854985	-3.630053604192881	-7.238272434978083	3.6082188307852014	27.57989562388998	1.339757094313781	1247.6100834362585	1157.0409175403042	0.6960320092469725	0.0	0.0	0.0	0.0	0	0
2025-10-13	1219.030029296875	1231.1199951171875	1206.81005859375	1221.9300537109375	2291704	NFLX	0.1516374108982635	2.0143962465613643	0.1090829131905511	0.3842822695400926	0.7431234047697305	-0.0860539305315363	-0.237331458151412	2.0143962465613643	-44.68624942675774	53.70830628527301	-1.9575898551574933	-6.182135919013966	4.224546063856472	27.3463271167148	0.8930377366839962	1249.0299857664795	1157.2980171632078	0.6729607254004285	0.6212	0.2495121994841581	0.4016609752465919	0.3610185396389107	0	0
2025-10-14	1215.3499755859375	1224.2900390625	1203.0999755859375	1214.75	2362400	NFLX	-0.3511012193312153	1.7612886631672025	0.1948847555048657	0.3521087746169131	0.8161570913078856	-0.3018837618840382	0.0493908693918501	1.7612886631672025	3.0848661083630344	52.57753786932064	-0.9185118309435438	-5.129411101399882	4.210899270456339	26.906593999561064	0.3915373482565899	1250.0555081906252	1157.756491321093	0.6239880577087262	0.0	0.0	0.0	0.0	0	0
2025-10-15	1203.2900390625	1219.6199951171875	1201.6099853515625	1213.010009765625	2023300	NFLX	-0.1925343207568148	1.4988232442455691	0.3104992398793592	0.3277002607565774	0.7414286262906568	-0.9923015399431124	-0.8013100159827263	1.4988232442455691	-14.35404673213681	48.9410585734768	-1.0559982089312143	-4.314728522906148	3.258730313974934	26.27112369713706	-0.2586181338676428	1247.395078459823	1157.8959249581455	0.5072016027895017	0.0	0.0	0.0	0.0	0	0
2025-10-16	1181.02001953125	1216.7099609375	1176.155029296875	1212.1500244140625	2008393	NFLX	0.736313362858504	3.448094054817706	0.7556660387877264	0.5389670429800536	0.7827613706774635	-1.8507607316853447	-2.5681643572016046	3.448094054817706	-0.7367666683141403	43.02344842027641	-2.928207063591799	-4.037424231043278	1.1092171674514797	27.291395693100487	-1.4930123576179857	1246.954223549107	1155.6607788922995	0.2777772350937307	0.0	0.0	0.0	0.0	0	0
2025-10-17	1199.3599853515625	1203.1199951171875	1178.949951171875	1183.5999755859375	2957100	NFLX	0.2184515090363575	2.050133164795291	0.7563785806473343	0.5387106905926673	1.2699158980793184	1.5528920354450624	1.3315317751525857	2.050133164795291	47.237119428319055	48.54157994086706	-2.8986502653253865	-3.8096694378997	0.9110191725743136	27.068441996829915	2.4306055465104146	1244.0296803529695	1155.8243235532805	0.493571630770111	0.0	0.0	0.0	0.0	2025-10-22 17:57:46.461392+00:00	2025-10-22 17:57:46.464197+00:00
2025-10-20	1238.56005859375	1247.760009765625	1206.9000244140625	1207.8800048828125	3986200	NFLX	0.7103805058789391	3.385531901981657	0.9230537663453384	0.6411282546079706	1.4943700016937342	3.26841596526142	2.5399918524120326	3.385531901981657	34.800987453924456	57.922030539914594	0.2846111915571327	-2.9908133120083336	3.2754245035654663	28.59212645520367	6.540048633656347	1246.221317963052	1154.751692290854	0.9162425853063184	0.0	0.0	0.0	0.0	2025-10-22 17:57:46.461392+00:00	2025-10-22 17:57:46.464197+00:00
2025-10-21	1241.3499755859375	1248.5999755859375	1231.760009765625	1242.8299560546875	6394800	NFLX	0.3447469043839104	1.3671466589921806	1.007293345665104	0.7005375974057173	1.8407818676941048	0.2252548814915884	-0.1190814931310585	1.3671466589921806	60.42346094024384	58.50183984669855	2.9979335039722628	-1.7930639488122142	4.790997452784477	27.752686409854302	7.632750095073061	1250.1662838822415	1153.0947268599457	0.9091772238259326	0.0	0.0	0.0	0.0	2025-10-22 17:57:46.461392+00:00	2025-10-22 17:57:46.464197+00:00
2025-10-22	1117.375	1157.5	1112.51904296875	1143.3599853515625	11524244	NFLX	-7.893824639431125	4.043162884764525	1.1075198826176074	0.9079255853580566	2.1443855447656683	-9.987109036468082	-2.272686265434817	4.043162884764525	80.21273534746982	35.254527870081375	-4.800150298044855	-2.3944812186587425	-2.4056690793861124	34.97256113894953	-3.948651372384583	1258.1252043219029	1136.4783113030971	-0.1570390400365089	0.0	0.0	0.0	0.0	2025-10-22 17:57:46.461392+00:00	2025-10-22 17:57:46.464197+00:00
2025-10-23	1115.43994140625	1127.8284912109375	1099.72998046875	1126.9000244140625	5841116	NFLX	0.852446529953015	2.5550372583468866	1.059707497640898	0.903522443978112	0.951214618808434	-0.1731789769549166	-1.0169564965420272	2.5550372583468866	-49.314540719547416	35.02060556080042	-11.009421195445157	-4.117469214016026	-6.891951981429131	34.48155753918081	-6.348975993434158	1262.8736885877504	1122.449822154437	-0.0499194398091578	0.07757037037037036	0.0	77570370.37037036	0.03878518518518518	2025-10-23 19:17:49.420393+00:00	2025-10-23 19:17:49.423273+00:00
