timestamp	close	high	low	open	volume	symbol	gap_apertura_pct	volatilidad_diaria	vol_5d	vol_10d	vol_rel_5d	return_pct	close_open_pct	range_pct	volume_change_pct	rsi_14	macd	macd_signal	macd_diff	atr_14	momentum_12	bb_upper	bb_lower	bb_pctb	vader	finbert	sentiment_ratio	sentiment_combined	download_date	added_date	target_category	target	target_num
2025-06-05	3.619999885559082	3.680000066757202	3.549999952316284	3.670000076293945	37293900	NIO	0.0	3.6619751038615145	0.0	0.0	0.0	0.0	-1.3624029889763447	3.6619751038615145	0.0	0.0	0.0	0.0	0.0	0.0	0.0	0.0	0.0	0.0	0.0	0.0	0.0	0.0	0	0	Low	0.276249425358517	1
2025-06-06	3.630000114440918	3.700000047683716	3.569999933242798	3.5899999141693115	31176800	NIO	-0.8287285176291446	3.641459856354473	0.0	0.0	0.0	0.276249425358517	1.1142117333688593	3.641459856354473	-16.402414335856534	0.0	0.0	0.0	0.0	0.0	0.0	0.0	0.0	0.0	0.0	0.0	0.0	0.0	0	0	Negative	-0.8264520347810004	0
2025-06-09	3.5999999046325684	3.700000047683716	3.5999999046325684	3.630000114440918	23999800	NIO	0.0	2.777781825006852	0.0	0.0	0.0	-0.8264520347810004	-0.8264520347810004	2.777781825006852	-23.02032280413641	0.0	0.0	0.0	0.0	0.0	0.0	0.0	0.0	0.0	0.0	0.0	0.0	0.0	0	0	Very High	5.833334547502055	4
2025-06-10	3.809999942779541	3.809999942779541	3.630000114440918	3.650000095367432	40706700	NIO	1.3888942238726798	4.958672800657641	0.0	0.0	0.0	5.833334547502055	4.383557348811585	4.958672800657641	69.61266343886199	0.0	0.0	0.0	0.0	0.0	0.0	0.0	0.0	0.0	0.0	0.0	0.0	0.0	0	0	Negative	-1.8372686166428187	0
2025-06-11	3.740000009536743	3.900000095367432	3.740000009536743	3.849999904632568	31465400	NIO	1.0498677809387418	4.278077150339564	0.812400101240091	0.0	0.9555667852669966	-1.8372686166428187	-2.8571402031326234	4.278077150339564	-22.70215959534917	0.0	0.0	0.0	0.0	0.0	0.0	0.0	0.0	0.0	0.0	0.0	0.0	0.0	0	0	Negative	-3.20855945646174	0
2025-06-12	3.619999885559082	3.690000057220459	3.609999895095825	3.670000076293945	22556000	NIO	-1.871655964286184	2.216071037379081	1.106291985590104	0.0	0.7523446563049724	-3.20855945646174	-1.3624029889763447	2.216071037379081	-28.314910981586124	0.0	0.0	0.0	0.0	0.0	0.0	0.0	0.0	0.0	0.0	0.0	0.0	0.0	0	0	Negative	-3.038671231306864	0
2025-06-13	3.509999990463257	3.5899999141693115	3.490000009536743	3.539999961853028	39274700	NIO	-2.209942713677706	2.865326772473052	1.1481897263114238	0.0	1.242849801205803	-3.038671231306864	-0.8474568280522619	2.865326772473052	74.12085476148253	0.0	0.0	0.0	0.0	0.0	0.0	0.0	0.0	0.0	0.0	0.0	0.0	0.0	0	0	Low	0.2849000139722797	1
2025-06-16	3.5199999809265137	3.5899999141693115	3.509999990463257	3.5199999809265137	21246000	NIO	0.2849000139722797	2.2792001117782377	1.2361037853400012	0.0	0.6842564966685732	0.2849000139722797	0.0	2.2792001117782377	-45.90410620577624	0.0	0.0	0.0	0.0	0.0	0.0	0.0	0.0	0.0	0.0	0.0	0.0	0.0	0	0	Negative	-2.272725117600642	0
2025-06-17	3.440000057220459	3.5199999809265137	3.440000057220459	3.509999990463257	23446500	NIO	-0.2840906397000802	2.3255791388182447	0.8697707755138967	0.0	0.8495810523478027	-2.272725117600642	-1.994300097805958	2.3255791388182447	10.357243716464277	0.0	0.0	0.0	0.0	0.0	0.0	0.0	0.0	0.0	0.0	0.0	0.0	0.0	0	0	Negative	-0.5813947847045612	0
2025-06-18	3.4200000762939453	3.4800000190734863	3.4200000762939453	3.4600000381469727	25543100	NIO	0.5813947847045612	1.7543842526623408	0.3951946705033996	1.0257811456186097	0.9670559408418348	-0.5813947847045612	-1.1560682489023788	1.7543842526623408	8.942059582453671	0.0	0.0	0.0	0.0	0.0	0.0	0.0	0.0	0.0	0.0	0.0	0.0	0.0	0	0	Negative	-0.2923973754437234	0
2025-06-20	3.4100000858306885	3.470000028610229	3.400000095367432	3.4600000381469727	23893500	NIO	1.1695895017748938	2.058821508216228	0.4083975206261362	1.0490125405688846	0.8955329608302013	-0.2923973754437234	-1.4450853111279736	2.058821508216228	-6.45810414554224	0.0	0.0	0.0	0.0	0.0	0.0	0.0	0.0	0.0	0.0	0.0	0.0	0.0	0	0	Medium	0.5865096898272248	2
2025-06-23	3.430000066757202	3.450000047683716	3.3399999141693115	3.400000095367432	28943200	NIO	-0.2932548449135994	3.293417255723563	0.5776872416344	1.0278111711331035	1.1758616683039156	0.5865096898272248	0.8823520749498102	3.293417255723563	21.134199677736625	0.0	0.0	0.0	0.0	0.0	0.0	0.0	0.0	0.0	0.0	0.0	0.0	0.0	0	0	High	2.040814340536656	3
2025-06-24	3.5	3.569999933242798	3.4100000858306885	3.4600000381469727	33481300	NIO	0.8746347173728525	4.692077518617799	1.1924828969964991	1.174330955742299	1.2372290987350305	2.040814340536656	1.1560682489023788	4.692077518617799	15.679330550872054	0.0	0.0	0.0	0.0	0.0	-3.3149140705165783	0.0	0.0	0.0	0.0	0.0	0.0	0.0	0	0	Negative	-0.8571420397077414	0
2025-06-25	3.470000028610229	3.569999933242798	3.440000057220459	3.569999933242798	21509500	NIO	1.9999980926513672	3.779066100579648	1.2172486075535056	1.0117709299750164	0.8063808665477998	-0.8571420397077414	-2.8011178292021484	3.779066100579648	-35.75667611472673	40.01316211377103	0.0	0.0	0.0	0.1200000047683715	-4.407715724144865	0.0	0.0	0.0	0.0	0.0	0.0	0.0	0	0	Negative	-1.4409208041508068	0
2025-06-26	3.4200000762939453	3.4800000190734863	3.400000095367432	3.4600000381469727	31146400	NIO	-0.2881841608301511	2.352938866532849	1.0705048728748956	0.9099072150160632	1.1205845126315086	-1.4409208041508068	-1.1560682489023788	2.352938866532849	44.802994025895536	35.992080115480164	0.0	0.0	0.0	0.1171428561210631	-4.999995364083061	0.0	0.0	0.0	0.0	0.0	0.0	0.0	0	0	Medium	1.1695895017748938	2
2025-06-27	3.4600000381469727	3.549999952316284	3.400000095367432	3.4200000762939453	63720200	NIO	0.0	4.411760374749103	0.9323068267249556	1.0216715573247173	1.7818788080129484	1.1695895017748938	1.1695895017748938	4.411760374749103	104.58287314103715	41.09227722079167	0.0	0.0	0.0	0.1194897847516195	-9.186349340919676	0.0	0.0	0.0	0.0	0.0	0.0	0.0	0	0	Negative	-0.867051186676784	0
2025-06-30	3.430000066757202	3.490000009536743	3.4100000858306885	3.490000009536743	24598900	NIO	0.867051186676784	2.3460387593088994	1.1153775760752256	1.041228522699807	0.70501609858744	-0.867051186676784	-1.719196063483831	2.3460387593088994	-61.39544445874306	38.607589142300064	0.0	0.0	0.0	0.116669080391222	-8.28876850238135	0.0	0.0	0.0	0.0	0.0	0.0	0.0	0	0	High	2.3323592463276066	3
2025-07-01	3.509999990463257	3.569999933242798	3.450000047683716	3.470000028610229	46064800	NIO	1.1661796231637904	3.478257504362888	0.9084019606879222	1.0269855599360107	1.2314170566906082	2.3323592463276066	1.1527366433206685	3.478257504362888	87.26365813105464	47.69086708814358	0.0	0.0	0.0	0.1183355651122487	-3.038671231306864	0.0	0.0	0.0	0.0	0.0	0.0	0.0	0	0	Negative	-0.8547000419168391	0
2025-07-02	3.4800000190734863	3.539999961853028	3.470000028610229	3.5	22912600	NIO	-0.2849000139722797	2.017289125811173	1.0003586000549716	1.0553579557977355	0.6079454306848388	-0.8547000419168391	-0.5714280264718192	2.017289125811173	-50.26006842534864	45.001962922290446	0.0	0.0	0.0	0.1148830199787166	-0.8547000419168391	0.0	0.0	0.0	0.0	0.0	0.0	0.0	0	0	Medium	0.862068138659312	2
2025-07-03	3.509999990463257	3.549999952316284	3.470000028610229	3.5	15645500	NIO	0.5747120924395414	2.305473286641324	1.0073011953185491	0.9946622464193288	0.4523337303835968	0.862068138659312	0.2857140132359096	2.305473286641324	-31.716610074806	48.15023037685262	0.0	0.0	0.0	0.112391370244955	-0.2840906397000802	3.7424883626958976	3.310511658284937	0.4618034494483682	0.0	0.0	0.0	0.0	0	0	Negative	-2.849000139722797	0
2025-07-07	3.4100000858306885	3.470000028610229	3.390000104904175	3.440000057220459	31339200	NIO	-1.994300097805958	2.3598796823139216	0.563730058186674	0.9646407694087248	1.1147900199913203	-2.849000139722797	-0.8720921770568419	2.3598796823139216	100.30807580454444	39.94249966410025	0.0	0.0	0.0	0.1129348356245355	-0.8720921770568419	3.733200320437382	3.298799720570613	0.2559857543801287	0.0	0.0	0.0	0.0	0	0	High	2.639293604222512	3
2025-07-08	3.5	3.5199999809265137	3.380000114440918	3.430000066757202	43515600	NIO	0.5865096898272248	4.142007743948048	0.9074092698697116	1.018986539642912	1.3643161394978731	2.639293604222512	2.040814340536656	4.142007743948048	38.853576351661815	48.45805080035809	0.0	0.0	0.0	0.1148680521146112	2.339179003549788	3.7203529631637706	3.298647066400133	0.4774724165470316	0.0	0.0	0.0	0.0	0	0	Negative	-0.5714280264718192	0
2025-07-09	3.4800000190734863	3.5899999141693115	3.4600000381469727	3.5199999809265137	26907300	NIO	0.5714280264718192	3.7572218089327305	0.9618266905067556	0.90186635346293	0.958782128303694	-0.5714280264718192	-1.136362558800321	3.7572218089327305	-38.16631277059261	46.8677057092096	0.0	0.0	0.0	0.1159488966794489	2.052783914395287	3.710504779030775	3.296495261977221	0.4432380163679383	0.0	0.0	0.0	0.0	0	0	Very High	6.034483821723741	4
2025-07-10	3.690000057220459	3.700000047683716	3.490000009536743	3.549999952316284	74015200	NIO	2.011492323538395	6.017193053671301	1.5253949161042022	1.2862797665401329	1.9332911231055023	6.034483821723741	3.9436649798496	6.017193053671301	175.0747938291839	61.24863406657172	0.0	0.0	0.0	0.1233811203887904	7.58017450154357	3.673212810608549	3.321787241843538	1.0477689960662342	0.0	0.0	0.0	0.0	0	0	Very High	5.691057856111752	4
2025-07-11	3.900000095367432	4.050000190734863	3.700000047683716	3.75	141527800	NIO	1.6260146842582102	9.459463203797943	2.74153730769446	2.275842779342012	2.2301532499792787	5.691057856111752	4.000002543131522	9.459463203797943	91.2145072903944	69.99467291323613	0.0	0.0	0.0	0.1402824784691914	11.428574153355202	3.731904524888651	3.2790955361465057	1.3712284311001262	0.0	0.0	0.0	0.0	0	0	Very High	6.923076264721876	4
2025-07-14	4.170000076293945	4.21999979019165	4.019999980926514	4.110000133514404	122870700	NIO	5.384616231071846	4.975119657066306	2.288936085883363	2.2932637147967143	1.5026871371105228	6.923076264721876	1.4598525749495752	4.975119657066306	-13.18263973579749	77.13884112525334	0.0645094864149893	0.0	0.0	0.1531194224945505	20.172911870668585	3.8989563376907888	3.167043742417853	1.3703225499242604	0.0	0.0	0.0	0.0	0	0	Medium	1.9184633631266976	2
2025-07-15	4.25	4.28000020980835	4.130000114440918	4.25	66259200	NIO	1.9184633631266976	3.631963467578191	2.383480768453784	2.2197442001172925	0.7676348451574007	1.9184633631266976	0.0	3.631963467578191	-46.07404368983004	78.75305239796074	0.106457613200865	0.0	0.0	0.1528966134140419	24.26900307573903	4.050791055104881	3.089209025957436	1.2071679158477422	0.0	0.0	0.0	0.0	0	0	Negative	-3.294114505543428	0
2025-07-16	4.110000133514404	4.190000057220459	3.9600000381469727	4.190000057220459	69862800	NIO	-1.411763359518612	5.808081233784828	2.1598987391044124	2.2558700298473204	0.7361174301533057	-3.294114505543428	-1.9093060289627928	5.808081233784828	5.438640973630831	69.50404838918504	0.1269416820091717	0.0	0.0	0.1626897097311123	18.78612971679456	4.133821128398439	3.065178967922667	0.9777091006091048	0.0	0.0	0.0	0.0	0	0	Very High	7.055959913194757	4
2025-07-17	4.400000095367432	4.489999771118164	4.110000133514404	4.130000114440918	116140100	NIO	0.4866175249831918	9.245732974680644	2.6100837043256155	2.531896777837978	1.1239496489571683	7.055959913194757	6.537529623363311	9.245732974680644	66.24025948000939	75.83500438993252	0.1646777251035662	0.0	0.0	0.1782118474363014	28.279883665637623	4.279445484221693	3.0155546159141102	1.0953837187756312	0.0	0.0	0.0	0.0	0	0	Negative	-0.2272779242065186	0
2025-07-18	4.389999866485596	4.570000171661377	4.28000020980835	4.380000114440918	78373600	NIO	-0.4545450112051311	6.775699711145879	2.109098073705454	2.358602875140724	0.8640848287918318	-0.2272779242065186	0.2283048352375247	6.775699711145879	-32.51805362661131	75.25483051322323	0.1915685927441726	0.0	0.0	0.1861967127517818	25.071221607217005	4.395897163218336	2.996102915936633	0.9957870260260092	0.0	0.0	0.0	0.0	0	0	High	2.961278323340572	3
2025-07-21	4.519999980926514	4.670000076293945	4.460000038146973	4.46999979019165	58884000	NIO	1.8223217799343223	4.70852099441288	2.147269227905163	2.101080348869649	0.7558539401216421	2.961278323340572	1.1185725521638008	4.70852099441288	-24.867557442812377	77.64874605650428	0.2208241979707699	0.0	0.0	0.1928969625415367	29.88505621129038	4.52413900045398	2.978861068210571	0.9973215047978732	0.0	0.0	0.0	0.0	0	0	Very High	10.840713496084607	4
2025-07-22	5.010000228881836	5.090000152587891	4.639999866485596	4.639999866485596	133091900	NIO	2.654864735961445	9.69828230713144	2.164497917887877	2.3216930490903267	1.4582140906895635	10.840713496084607	7.974145970751589	9.69828230713144	126.02387745397732	83.95108042719514	0.2803170799883778	0.0	0.0	0.2198329060500967	42.73504964370687	4.762218384510068	2.8987817003669463	1.1329703587356963	0.0	0.0	0.0	0.0	0	0	Negative	-1.7964101492262292	0
2025-07-23	4.920000076293945	5.210000038146973	4.869999885559082	5.190000057220459	108246500	NIO	3.592810780745145	6.981522804468366	2.0288041166509023	2.128556481891593	1.093982226079722	-1.7964101492262292	-5.202311713867573	6.981522804468366	-18.667852814483822	79.51615279978947	0.3165543163485704	0.0	0.0	0.2284162808027963	44.28152353243755	4.932757083043577	2.870243009462832	0.9938148268111044	0.0	0.0	0.0	0.0	0	0	Negative	-1.8292713656964903	0
2025-07-24	4.829999923706055	4.949999809265137	4.699999809265137	4.920000076293945	63260400	NIO	0.0	5.319149152031316	1.9330910096693907	2.1656580886452192	0.7158479542222315	-1.8292713656964903	-1.8292713656964903	5.319149152031316	-41.55894185955204	75.23589411403157	0.3341583575485645	0.2244024166090376	0.1097559409395268	0.229957975031168	37.99999782017299	5.055860492342573	2.8831395896734184	0.8960471322575062	0.0	0.0	0.0	0.0	0	0	Medium	1.8633572258699664	2
2025-07-25	4.920000076293945	5.090000152587891	4.789999961853027	4.840000152587891	60712300	NIO	0.2070440794989241	6.263052048518331	1.9414263327775327	1.9296460187144155	0.7156176485772702	1.8633572258699664	1.652890933552547	6.263052048518331	-4.027954296842891	76.59279728483382	0.351322124421114	0.2497863581714529	0.101535766249661	0.2349609904385748	41.37931176229832	5.17497739655097	2.9140226854650213	0.8872258170379018	0.0	0.0	0.0	0.0	0	0	Negative	-1.8292713656964903	0
2025-07-28	4.829999923706055	5.010000228881836	4.820000171661377	4.989999771118164	42322400	NIO	1.4227580028199296	3.941909760450672	2.146958285543611	2.035639735242039	0.5191231829572398	-1.8292713656964903	-3.2064099148496847	3.941909760450672	-30.2902377277751	72.32504131230007	0.353586349833666	0.2705463565038956	0.0830399933297704	0.2317494952087093	30.894304845738013	5.259422303477711	2.966577767094188	0.8127119510470695	0.0	0.0	0.0	0.0	0	0	Negative	-2.484469719556563	0
2025-07-29	4.710000038146973	4.840000152587891	4.679999828338623	4.820000171661377	38397400	NIO	-0.2070342070938364	3.418810472607793	1.5060200139638424	2.066829631153265	0.6134965600324664	-2.484469719556563	-2.282160365079178	3.418810472607793	-9.2740487306958	66.96712904479908	0.3417582010970923	0.2847887254225349	0.0569694756745574	0.2266245544258921	20.76922879416565	5.306550398832371	3.047449668878505	0.7359345899119865	0.0	0.0	0.0	0.0	0	0	Negative	-4.246280417097862	0
2025-07-30	4.510000228881836	4.610000133514404	4.510000228881836	4.599999904632568	40824100	NIO	-2.3354592913693693	2.2172926731172544	1.589932456184988	2.426256734680252	0.8313918488607288	-4.246280417097862	-1.956514730795876	2.2172926731172544	6.319959163901723	59.10780536512092	0.312642051905156	0.2903593907190591	0.0222826611860968	0.2247227869144095	8.153480728232099	5.322027002819727	3.1319730887330075	0.6292206467088202	0.0	0.0	0.0	0.0	0	0	Very High	7.982253623222116	4
2025-07-31	4.869999885559082	4.980000019073486	4.460000038146973	4.679999828338623	131207100	NIO	3.769392257856605	11.659192297732842	3.74342959775656	2.8786562154483253	2.0928622266147263	7.982253623222116	4.0598304314021325	11.659192297732842	221.3961850965484	66.68659294171833	0.3149853030492009	0.2952845731850875	0.0197007298641134	0.2458140150581313	14.588232601390166	5.369277271883222	3.2237228063180727	0.7672968016719035	0.0	0.0	0.0	0.0	0	0	High	2.874750443791472	3
2025-08-01	5.010000228881836	5.059999942779541	4.730000019073486	4.739999771118164	81680900	NIO	-2.669406930098804	6.976742544933333	3.793073834778595	2.8846083153259485	1.2211888279796277	2.874750443791472	5.696212464161762	6.976742544933333	-37.74658536009103	69.08611424694884	0.324399726027698	0.3011076037536096	0.0232921222740884	0.2518272942472687	21.897811827997536	5.423379807878943	3.319620294164208	0.8035043566994129	0.0	0.0	0.0	0.0	0	0	Negative	-8.183638832702691	0
2025-08-04	4.599999904632568	4.900000095367432	4.579999923706055	4.889999866485596	92178900	NIO	-2.395216704870744	6.986903427772079	3.694891379893839	2.850651123796952	1.1993453354303696	-8.183638832702691	-5.930469729469503	6.986903427772079	12.85245387844649	56.29723691385149	0.2953722568994825	0.2999605343827842	-0.0045882774833017	0.2645539378850196	4.545450112051311	5.389037633711839	3.4729624502115013	0.5882010602330149	0.0	0.0	0.0	0.0	0	0	Negative	-2.1739110153428576	0
2025-08-05	4.5	4.670000076293945	4.460000038146973	4.659999847412109	55676400	NIO	1.3043466092057148	4.70852099441288	3.486837006517961	2.626627054165388	0.6932385447623487	-2.1739110153428576	-3.433473232857806	4.70852099441288	-39.59962637870489	53.68682269400334	0.2612866718066939	0.2922257618675662	-0.0309390900608722	0.2606572307608734	2.5056978783569908	5.338575700677444	3.623424383245896	0.5110777153276382	0.0	0.0	0.0	0.0	0	0	High	2.4444474114312067	3
2025-08-06	4.610000133514404	4.670000076293945	4.519999980926514	4.590000152587891	55025100	NIO	2.000003390842014	3.318586194699153	3.1681200846535846	2.70511489323954	0.661727779215544	2.4444474114312067	0.4357294174649966	3.318586194699153	-1.1697954609134211	56.09829376173319	0.240378754857006	0.2818563604654542	-0.0414776056084482	0.2541817197275214	1.9911538267184308	5.262479360074851	3.8125207352925816	0.5500014859676254	0.0	0.0	0.0	0.0	0	0	Medium	1.518431514032407	2
2025-08-07	4.679999828338623	4.71999979019165	4.590000152587891	4.619999885559082	27399000	NIO	0.2169143547736621	2.832236019218095	1.9659821226276168	2.832944676716244	0.439142416519025	1.518431514032407	1.2987000923330156	2.832236019218095	-50.206360370085655	57.61087782298424	0.2268425704538321	0.2708536024631298	-0.0440110320092976	0.2453115710043955	-6.586834041260403	5.200354744917464	3.973645327561785	0.5758124057606658	0.0	0.0	0.0	0.0	0	0	High	3.418810472607793	3
2025-08-08	4.840000152587891	4.869999885559082	4.710000038146973	4.730000019073486	36036300	NIO	1.0683801830952866	3.39702433367829	1.6812217795804685	2.8619087769584346	0.6765710771088599	3.418810472607793	2.325584208685715	3.39702433367829	31.524143216905724	60.92484518707176	0.2264157558848607	0.261966033147476	-0.0355502772626152	0.2413607485912572	-1.6260146842582102	5.168580272184792	4.099419806016501	0.6926746452059876	0.0	0.0	0.0	0.0	0	0	Medium	1.4462746408549336	2
2025-08-11	4.909999847412109	5.010000228881836	4.849999904632568	4.960000038146973	36250500	NIO	2.4793364003288203	3.2989758225858985	0.7052915756760754	2.894007103186214	0.8615182570430819	1.4462746408549336	-1.0080683538370103	3.2989758225858985	0.594400646015268	62.31302292349031	0.229085141711276	0.255389854860236	-0.0263047131489599	0.2362635577128778	1.6563131463710423	5.173469941912542	4.1685301134005694	0.7378250050149212	0.0	0.0	0.0	0.0	0	0	Negative	-8.961304906198068	0
2025-08-12	4.46999979019165	4.739999771118164	4.449999809265137	4.739999771118164	106157200	NIO	-3.462323453707365	6.5168533546727785	1.4947057513655502	2.885848039173085	2.034691094848316	-8.961304906198068	-5.696202404305619	6.5168533546727785	192.8434090564268	50.232843159486656	0.1934661643131168	0.2430051167508121	-0.0495389524376953	0.2522447348867417	-9.146347136670444	5.155945193415881	4.208054840916394	0.2763452002486735	0.0	0.0	0.0	0.0	0	0	High	3.3557069889929547	3
2025-08-13	4.619999885559082	4.619999885559082	4.539999961853027	4.610000133514404	35804200	NIO	3.1319988790592634	1.762112871767564	1.7748031308229677	2.941029578884442	0.7408362273595556	3.3557069889929547	0.2169143547736621	1.762112871767564	-66.27247139148358	53.5395910884831	0.1753206350497036	0.2294682204105905	-0.0541475853608868	0.2449415463496481	-4.3478269454265295	5.104180055317782	4.310819954218962	0.3897094533893241	0.0	0.0	0.0	0.0	0	0	Negative	-3.679655422185644	0
2025-08-14	4.449999809265137	4.510000228881836	4.369999885559082	4.5	43446300	NIO	-2.597400184666032	3.203669267484266	1.744159767318323	1.886898083156612	0.8429807388205802	-3.679655422185644	-1.1111153496636283	3.203669267484266	21.344143983108125	49.523429003911765	0.1455448366911058	0.2126835436666935	-0.0671387069755877	0.2453028644675304	-5.520174666158311	5.099461277461731	4.320538703464783	0.1662053586867297	0.0	0.0	0.0	0.0	0	0	Very High	8.089890987520153	4
2025-08-15	4.809999942779541	4.820000171661377	4.550000190734863	4.559999942779541	69021000	NIO	2.471913218633812	5.934065266113899	2.00664128582496	1.7461163023562334	1.1872366512636612	8.089890987520153	5.482456209146636	5.934065266113899	58.86508172157353	56.897058616316166	0.149275548494594	0.2000019446322736	-0.0507263961376796	0.2542098286052954	6.651878019351763	5.093541130775795	4.368458857780113	0.6089530822139649	0.0	0.0	0.0	0.0	0	0	Medium	1.247400072625968	2
2025-08-18	4.869999885559082	4.96999979019165	4.809999942779541	4.909999847412109	47355300	NIO	2.07900012104328	3.326400193669248	2.0037925036279214	1.4555129779930416	0.7845893089096837	1.247400072625968	-0.8146631995133347	3.326400193669248	-31.390011735558744	57.998321440484254	0.1552836452176942	0.1910582847493578	-0.0357746395316635	0.2474805442343536	0.0	5.102295225697253	4.394704753321912	0.6717093443070699	0.0	0.0	0.0	0.0	0	0	High	4.10678215199454	3
2025-08-19	5.070000171661377	5.230000019073486	4.929999828338623	4.940000057220459	90447700	NIO	1.437375221895736	6.0851967785151295	1.8818390388130195	1.60525803902077	1.5808417038219065	4.10678215199454	2.6315812335043547	6.0851967785151295	90.998050904545	61.526944099333534	0.1741756680918982	0.1876817614178658	-0.0135060933259676	0.2555176577543572	1.197603593581715	5.1149983602407	4.388001613056418	0.938104002867131	0.0	0.0	0.0	0.0	0	0	Low	0.0	1
2025-08-20	5.070000171661377	5.139999866485596	4.96999979019165	5.010000228881836	46063500	NIO	-1.1834307839851566	3.420524818319758	1.4778580862195565	1.6009973097457466	0.7772231854752985	0.0	1.197603593581715	3.420524818319758	-49.07167346433353	61.526944099333534	0.1869922026162251	0.1875438496575377	-0.0005516470413125	0.2494092590786134	10.21739732114952	5.141774187055258	4.376225795778604	0.9062449660769472	0.0	0.0	0.0	0.0	0	0	Very High	9.270212510419643	4
2025-08-21	5.539999961853027	5.679999828338623	5.239999771118164	5.239999771118164	147125700	NIO	3.353049185422026	8.396948023655492	2.1183267766724017	2.059927978992257	1.8390105626514328	9.270212510419643	5.725194729747979	8.396948023655492	219.39757074473283	68.69482957711837	0.2323955425281658	0.1965141882316634	0.0358813542965024	0.2751657160499444	23.111110263400608	5.306807593299242	4.282192393349318	1.2275901905077948	0.0	0.0	0.0	0.0	0	0	Very High	14.440436755296982	4
2025-08-22	6.340000152587891	6.579999923706055	5.78000020980835	5.869999885559082	234464700	NIO	5.956677364230086	13.84082499755188	4.355806940693138	3.5371522053623354	2.073232283486151	14.440436755296982	8.006819015193965	13.84082499755188	59.36352384389675	76.66433903958915	0.3291372566200383	0.2230388019093384	0.1060984547106999	0.3297967336073074	37.52711429434671	5.712175359433787	4.018824634844168	1.370758865270664	0.0	0.0	0.0	0.0	0	0	Negative	-3.94321757071179	0
2025-08-25	6.090000152587891	6.730000019073486	6.070000171661377	6.699999809265137	156581500	NIO	5.678227886639715	10.87314380143527	4.05575099957498	3.796231558316733	1.1604077529139236	-3.94321757071179	-9.10447274690522	10.87314380143527	-33.21745234996995	70.61449758773459	0.3812381749926441	0.2546786765259995	0.1265594984666446	0.3533826703076504	30.128213161704554	5.928805581118461	3.9281944360476775	1.0805726649412055	0.0	0.0	0.0	0.0	0	0	Very High	10.016414472798202	4
2025-08-26	6.699999809265137	6.829999923706055	6.380000114440918	6.389999866485596	146133100	NIO	4.926103553055297	7.053288419957503	3.931461481520457	3.802855839799778	1.0004066440433836	10.016414472798202	4.851329409339038	7.053288419957503	-6.672818947321363	75.66135715665823	0.4663743295210176	0.2970178071250031	0.1693565223960145	0.3809981775084014	38.42974376111799	6.284624089261223	3.7713759050167313	1.165274453437546	0.0	0.0	0.0	0.0	0	0	Negative	-5.373129357099657	0
2025-08-27	6.340000152587891	6.619999885559082	6.309999942779541	6.5	89801700	NIO	-2.985071865055365	4.912835904765266	3.456853167749593	3.4949136443183604	0.5800343802734171	-5.373129357099657	-2.461536114032452	4.912835904765266	-38.54800863048823	68.21528906617851	0.4990437163878436	0.3374229889775713	0.1616207274102723	0.3816411552924867	29.124243373031568	6.474571667181836	3.764428319466724	0.9503452410709564	0.0	0.0	0.0	0.0	0	0	High	2.68138915145852	3
2025-08-28	6.510000228881836	6.539999961853027	6.260000228881836	6.53000020980835	74896800	NIO	2.996846256271837	4.4728390213047176	4.030262118829088	3.374623049043288	0.533545867955932	2.68138915145852	-0.3062784116985603	4.4728390213047176	-16.597569979187476	69.73022338893914	0.5325135416273188	0.3764410995075208	0.1560724421197979	0.3743810536981084	45.63759584880698	6.679191233409565	3.7238087875712704	0.9427515701847724	0.0	0.0	0.0	0.0	0	0	Negative	-1.9969294910953777	0
2025-08-29	6.380000114440918	6.510000228881836	6.260000228881836	6.440000057220459	57629700	NIO	-1.0752714162868815	3.9936100776254304	2.830888308293373	3.4859214335006694	0.5488095446695013	-1.9969294910953777	-0.931676121839001	3.9936100776254304	-23.054523023680584	67.09659017383835	0.5422974292911391	0.4096123654642445	0.1326850638268946	0.3654966927196721	38.09524399303859	6.8305256915672175	3.709474317969527	0.855649419635483	0.0	0.0	0.0	0.0	0	0	High	3.1347931924396644	3
2025-09-02	6.579999923706055	6.639999866485596	6.059999942779541	6.239999771118164	123577100	NIO	-2.19436270864428	9.570955927105604	2.3130546460852988	3.3847107853348923	1.255766826329002	3.1347931924396644	5.448720593894589	9.570955927105604	114.43300936843328	69.03428708792447	0.5597372413988593	0.4396373406511675	0.1200999007476917	0.3808183520758423	47.865173162617765	6.996721219287393	3.741278792156699	0.8719924234849299	0.0	0.0	0.0	0.0	0	0	Negative	-3.951364058652421	0
2025-09-03	6.320000171661377	6.400000095367432	6.039999961853027	6.380000114440918	89712400	NIO	-3.039510814348016	5.960267148809036	2.239176933010135	3.389763838835491	1.0297148164548868	-3.951364058652421	-0.9404379577318994	5.960267148809036	-27.403701818540817	63.77615704342435	0.5462814189110423	0.4609661563031424	0.0853152626078998	0.392188467059927	31.39293652484445	7.086714618646182	3.833285409964047	0.7643365206967643	0.0	0.0	0.0	0.0	0	0	Negative	-3.006329937654298	0
2025-09-04	6.130000114440918	6.190000057220459	5.96999979019165	6.070000171661377	72831200	NIO	-3.95569609508857	3.6850967296557657	2.4184701398461925	3.357436145644506	0.8698398078381988	-3.006329937654298	0.988466904163511	3.6850967296557657	-18.81701972079668	60.16947245788776	0.5143569788484603	0.4716443208122061	0.0427126580362542	0.3891750323749127	25.87269524621737	7.1386155230492285	3.933384503653652	0.6853220867684884	0.0	0.0	0.0	0.0	0	0	Negative	-2.936383390136332	0
2025-09-05	5.949999809265137	6.230000019073486	5.920000076293945	6.179999828338623	59299500	NIO	0.8156560026796225	5.2364854524395215	2.3578545336236134	3.388797229032686	0.7356347191749707	-2.936383390136332	-3.72168325990581	5.2364854524395215	-18.57953734113952	56.88724330078484	0.4691243364623467	0.4711403239422342	-0.0020159874798875	0.3835196688323861	17.35699423685413	7.161543345747801	4.037456679047732	0.6121927251901749	0.0	0.0	0.0	0.0	0	0	High	3.697483598003343	3
2025-09-08	6.170000076293945	6.230000019073486	5.949999809265137	6.050000190734863	81801400	NIO	1.680678734039779	4.705886029985124	2.248788976637752	2.42085599965002	0.9573649834184412	3.697483598003343	1.9834691202630563	4.705886029985124	37.94618841642847	59.77538961849768	0.4458893890970365	0.4660901369731948	-0.0202007478761582	0.3761254217592406	21.696249849871545	7.206135208642976	4.125864808523161	0.6636220208755933	0.0	0.0	0.0	0.0	0	0	Medium	1.7828222391283448	2
2025-09-09	6.28000020980835	6.320000171661377	6.050000190734863	6.059999942779541	54499200	NIO	-1.7828222391283448	4.462809461394713	0.8517324479973061	1.7589922087698937	0.7608566058819407	1.7828222391283448	3.6303674769987047	4.462809461394713	-33.376201385306366	61.17584755631847	0.4313789493721209	0.45914789945298	-0.0277689500808591	0.3685450331283316	13.357405289725056	7.255795338342519	4.213204715063242	0.679288064234397	0.0	0.0	0.0	0.0	0	0	Negative	-8.917203836109252	0
2025-09-10	5.71999979019165	5.78000020980835	5.599999904632568	5.739999771118164	237836500	NIO	-8.59873281288736	3.21429121859229	0.8089323703196418	1.778206673426358	2.348919879952863	-8.917203836109252	-0.3484317373521015	3.21429121859229	336.40365363161294	51.37033225925181	0.3704219736709593	0.4414027142965759	-0.0709807406256166	0.390791838274578	-9.779185291394128	7.203756689015567	4.390243364390194	0.4726319986341337	0.0	0.0	0.0	0.0	0	0	Very High	6.118888012371757	4
2025-09-11	6.070000171661377	6.130000114440918	5.769999980926514	5.829999923706055	95275100	NIO	1.92307932778296	6.239170445484084	1.1062054484809818	1.8182148583323647	0.9010118368857736	6.118888012371757	4.11664238586743	6.239170445484084	-59.94092580407128	56.10579538328477	0.3463625846927511	0.422394688375811	-0.0760321036830598	0.3921638729870558	-0.3284069035370198	7.17172093165717	4.5672791503588215	0.576983917280512	0.0	0.0	0.0	0.0	0	0	High	2.471163332590452	3
2025-09-12	6.21999979019165	6.289999961853027	5.940000057220459	6.03000020980835	75071300	NIO	-0.6589779361090073	5.892254229983054	1.2091664791796843	1.814518969339648	0.6893808535979511	2.471163332590452	3.1509050376855545	5.892254229983054	-21.20575050564103	57.99370773024738	0.3355312656359697	0.4050220038278427	-0.069490738191873	0.3891521609617353	-7.164179593105589	7.0920300581624325	4.823970021946209	0.6155171141652936	0.0	0.0	0.0	0.0	0	0	High	4.340835852635848	3
2025-09-15	6.489999771118164	6.829999923706055	6.420000076293945	6.460000038146973	68234900	NIO	3.858525016894371	6.386290382239197	1.3643015268928302	1.7811337805730507	0.6426136288723097	4.340835852635848	0.4643921485145489	6.386290382239197	-9.1065427133938	61.22643206017831	0.3447599313419056	0.3929695893306553	-0.0482096579887497	0.4049270161440688	2.36592452555456	7.0670970931390364	5.016902969803468	0.7185157661646389	0.0	0.0	0.0	0.0	0	0	Very High	8.166413382123059	4
2025-09-16	7.019999980926514	7.090000152587891	6.480000019073486	6.550000190734863	130662500	NIO	0.9245057277769632	9.413582279612749	2.2004701019879374	1.7417753359739836	1.076154999593958	8.166413382123059	7.175569106951732	9.413582279612749	91.48925256723466	66.65174105877793	0.3903406983458897	0.3924438111337022	-0.0021031127878125	0.4195750959562357	7.834097298215853	7.1092806849101375	5.189719387569111	0.9534890059998108	0.0	0.0	0.0	0.0	0	0	Very High	6.125353696680079	4
2025-09-17	7.449999809265137	7.449999809265137	7.059999942779541	7.230000019073486	122761800	NIO	2.9914535429850018	5.524077473746433	1.5579758603756166	1.7349623720918894	1.2475650683650754	6.125353696680079	3.042873991857099	5.524077473746433	-6.046646895628049	70.28459017218883	0.4559057790472964	0.4051362047164211	0.0507695743308753	0.4203197196978348	16.77115479045698	7.253249149226532	5.283750887013092	1.099898874659318	0.0	0.0	0.0	0.0	0	0	Negative	-1.0738245067679515	0
2025-09-18	7.369999885559082	7.5	7.199999809265137	7.230000019073486	76975000	NIO	-2.9530173936118667	4.166669426141035	1.937686032960977	1.685713700388303	0.8124773725447562	-1.0738245067679515	1.9363743584545168	4.166669426141035	-37.29726999767029	68.78330495393129	0.4956971642693144	0.4232483966269998	0.0724487676423146	0.4117254676290511	12.006078586822772	7.317422312991275	5.44957769463812	1.0281487935619418	0.0	0.0	0.0	0.0	0	0	Low	0.0	1
2025-09-19	7.369999885559082	7.599999904632568	7.28000020980835	7.590000152587891	79099400	NIO	2.985078296403794	4.395600076948939	2.119013768366102	1.7222351139839969	0.8278609668652153	0.0	-2.89855418453183	4.395600076948939	2.7598570964598896	68.78330495393129	0.5212237804487367	0.4428434733913472	0.0783803070573895	0.4051736267144202	16.61391907243707	7.418959650381591	5.531040349618408	0.974066812706074	0.0	0.0	0.0	0.0	0	0	Negative	-6.241520288871449	0
2025-09-22	6.909999847412109	7.409999847412109	6.800000190734863	7.369999885559082	128795300	NIO	0.0	8.970582934812015	2.5208095530987817	2.0221450226825217	1.1963285862372606	-6.241520288871449	-6.241520288871449	8.970582934812015	62.82715165981031	60.20721561819579	0.4985882341793104	0.4539924255489398	0.0445958086303705	0.4198040574260506	12.72430209476971	7.463713922734715	5.543286046747707	0.7116715070395325	0.0	0.0	0.0	0.0	0	0	Low	0.2894353309429369	1
2025-09-23	6.929999828338623	7.170000076293945	6.769999980926514	6.900000095367432	80663300	NIO	-0.1447142151301606	5.908420923107437	1.92226118659904	1.96140455935329	0.8259692710223414	0.2894353309429369	0.4347787327036825	5.908420923107437	-37.37092890812009	60.43817677824837	0.4767673547067543	0.4585474113805028	0.0182199433262515	0.4183894887075778	16.47058908384272	7.50317361505137	5.587826322006125	0.7007468103596776	0.0	0.0	0.0	0.0	0	0	High	2.7417036353088773	3
2025-09-24	7.119999885559082	7.340000152587891	6.980000019073486	7.079999923706055	76711800	NIO	2.1645035942719817	5.157595021929386	1.941968202073964	1.7369411998670998	0.8673001921107948	2.7417036353088773	0.5649712187014997	5.157595021929386	-4.8987581713121084	62.655698091158	0.4693946775796691	0.4607168646203361	0.008677812959333	0.4177902626748414	15.397079376306277	7.554736180635332	5.578263764051559	0.7800443398913363	0.0	0.0	0.0	0.0	0	0	High	4.915729076659745	3
2025-09-25	7.46999979019165	7.679999828338623	7.0	7.050000190734863	92782900	NIO	-0.9831417970412254	9.714283261980327	2.370323403682705	2.061714334003554	1.0127972174380808	4.915729076659745	5.957440965870499	9.714283261980327	20.94997119087285	66.3927053069049	0.4861893568088558	0.46581136305804	0.0203779937508157	0.4365195173651116	18.949037271124816	7.679808244345245	5.56619166410202	0.900734856021308	0.0	0.0	0.0	0.0	0	0	Negative	-5.756356632074162	0
2025-09-26	7.039999961853027	7.369999885559082	6.960000038146973	7.309999942779541	92524000	NIO	-2.1418989545648226	5.890802373059578	2.0606127296176084	2.0617660790385703	0.9812137296960002	-5.756356632074162	-3.693570219425328	5.890802373059578	-0.2790384866176849	58.6301353462266	0.4595049812171456	0.4645500866898612	-0.0050451054727155	0.4417681055565091	23.07692692445273	7.720134695859807	5.5788651858845775	0.6823684590667676	0.0	0.0	0.0	0.0	0	0	High	2.4147738240782446	3
2025-09-29	7.210000038146973	7.269999980926514	6.920000076293945	7.130000114440918	65361300	NIO	1.2784112652779236	5.057802034303059	1.9245631070037423	2.1157791880026524	0.8009113248520439	2.4147738240782446	1.1220185472932167	5.057802034303059	-29.35746400933812	60.59185383328064	0.4469231547887728	0.4610247003096435	-0.0141015455208706	0.4352132340619419	18.78088689038001	7.780805341876896	5.601194532238095	0.7381159511571173	0.0	0.0	0.0	0.0	0	0	Very High	5.686544316821982	4
2025-09-30	7.619999885559082	7.78000020980835	7.300000190734863	7.300000190734863	107657600	NIO	1.248268406542497	6.575342555233092	1.909727124427844	1.842263055956793	1.237336726756492	5.686544316821982	4.383557348811597	6.575342555233092	64.71153419531129	64.91316944403877	0.4646789976394325	0.4617555597756013	0.0029234378638312	0.4448408724619015	22.50804087767172	7.903604864244203	5.582395006056091	0.8778201903267389	0.0	0.0	0.0	0.0	0	0	Low	0.3937035467048236	1
2025-10-01	7.650000095367432	7.900000095367432	7.539999961853027	7.789999961853027	57383700	NIO	2.230972163347642	4.774537603922359	1.9823024209423048	1.884690498794012	0.6901899042480386	0.3937035467048236	-1.7971741613756511	4.774537603922359	-46.69795722735785	65.21375136679565	0.4756879625055514	0.4645420403215914	0.01114592218396	0.4387808196799375	17.87365739844103	8.01700102931067	5.601998833360229	0.8480328777511514	0.0	0.0	0.0	0.0	0	0	High	3.1372518709313404	3
2025-10-02	7.889999866485596	8.020000457763672	7.639999866485596	7.849999904632568	86946400	NIO	2.6143765591094503	4.973829815691825	0.7578604339881119	1.810357860459069	1.0606504941774648	3.1372518709313404	0.5095536603691158	4.973829815691825	51.517591232353446	67.60470870464911	0.4980375553245508	0.4712411433221833	0.0267964120023675	0.4345822319369474	12.393160796622364	8.149791790698952	5.645208047176415	0.8962734127436379	0.0	0.0	0.0	0.0	0	0	Negative	-2.4081122995644586	0
2025-10-03	7.699999809265137	7.800000190734863	7.5	7.800000190734863	68069200	NIO	-1.1406803203257916	4.000002543131511	0.936409052593003	1.8564917843167184	0.8830563787594877	-2.4081122995644586	-1.2820561413384426	4.000002543131511	-21.71130719615764	63.8624208079836	0.4947155786913715	0.4759360303960209	0.0187795482953505	0.4313977772618508	3.3557047838993146	8.204368548724654	5.765631289150712	0.7931844697580778	0.0	0.0	0.0	0.0	0	0	Negative	-1.4285670052210573	0
2025-10-06	7.590000152587891	7.849999904632568	7.579999923706055	7.630000114440918	61137200	NIO	-0.9090869682878512	3.562005061267913	1.1567974792333593	1.710102367350921	0.8019169236879584	-1.4285670052210573	-0.5242458879826414	3.562005061267913	-10.183754179570204	61.73186967763955	0.4777002046860925	0.4762888652540353	0.0014113394320572	0.4198693632378982	2.985078296403794	8.242193819627298	5.869806025877463	0.7250897729462099	0.0	0.0	0.0	0.0	0	0	Negative	-1.1857727375302374	0
2025-10-07	7.5	7.599999904632568	7.289999961853027	7.570000171661377	75295400	NIO	-0.2635043547356777	4.252399786031588	0.573442500776646	1.7524292390779836	1.079250492859168	-1.1857727375302374	-0.9247050207928084	4.252399786031588	23.158077242660767	59.9690402890671	0.4517456948779532	0.4713802311788189	-0.0196345363008657	0.4120215474908727	1.763909314240868	8.26206063943933	5.971939185084596	0.6672400767259531	0.0	0.0	0.0	0.0	0	0	High	4.666665395100911	3
2025-10-08	7.849999904632568	7.860000133514404	7.570000171661377	7.599999904632568	75642200	NIO	1.333332061767578	3.830910901939669	0.5375434808970906	1.821335302619284	1.030293900358059	4.666665395100911	3.289473725487982	3.830910901939669	0.4605859056462945	64.24511777986484	0.4541830861969318	0.4679408021824415	-0.0137577159855097	0.4083057322068392	13.603474355683264	8.214928681738089	6.2320711542299305	0.8159581452308762	0.0	0.0	0.0	0.0	0	0	Negative	-4.968151225778267	0
2025-10-09	7.460000038146973	7.800000190734863	7.400000095367432	7.760000228881836	64913000	NIO	-1.146492698651122	5.405406624492354	0.7138801635107556	0.9549128435253392	0.940612710363795	-4.968151225778267	-3.8659817253393474	5.405406624492354	-14.18414588681979	56.94564792804106	0.4198057471836414	0.4583137911826815	-0.0385080439990401	0.4112838805681462	7.647910864889735	8.134833698777516	6.451166123839061	0.5991883013752215	0.0	0.0	0.0	0.0	0	0	Negative	-10.053619251539525	0
2025-10-10	6.710000038146973	7.440000057220459	6.659999847412109	7.440000057220459	124556300	NIO	-0.2680962576976282	11.711715130315444	3.4049152768557938	2.3810432780133666	1.5509666310624413	-10.053619251539525	-9.811828137891307	11.711715130315444	91.88190347079936	46.09842096051358	0.3282587636583152	0.4323027856778083	-0.1040440220194931	0.4390493312943402	-5.758424915759884	8.055060119034394	6.579939728377715	0.0881692847533337	0.3546	-0.207581094310155	-0.5853934261611079	-0.0389267660171085	0	0	Very High	7.004467772275082	4
2025-10-13	7.179999828338623	7.21999979019165	6.960000038146973	7.010000228881836	65080693	NIO	4.470941714297084	3.735628600857019	3.377768111043944	2.439047814906791	0.8024991901540129	7.004467772275082	2.425101196949657	3.735628600857019	-47.74997892519286	52.23829040272727	0.2902859391605039	0.4038994163743474	-0.1136134772138435	0.4441172184907929	-3.882195046829942	7.989231435268389	6.714768417865766	0.3650411225121356	0.05185	-0.4994179076747969	-9.631789313124084	-0.3340375353723578	0	0	Negative	-5.292474187867602	0
2025-10-14	6.800000190734863	7.0	6.769999980926514	6.900000095367432	56830400	NIO	-3.8997178226392855	3.3973415025329072	3.4945270614838	2.458792664466192	0.7342000315728339	-5.292474187867602	-1.449273960151203	3.3973415025329072	-12.677020817833023	47.524745486263264	0.2269136874612289	0.3685022705917238	-0.1415885831304948	0.4416802634137441	-3.409087676400963	8.007690229093914	6.674309645021077	0.0942645687324038	0.0	0.0	0.0	0.0	0	0	Low	0.2941173583166078	1
2025-10-15	6.820000171661377	7.039999961853027	6.739999771118164	6.989999771118164	39927800	NIO	2.7941113978522973	4.451041556713485	3.4256496273562047	2.463691045363861	0.5682731116948361	0.2941173583166078	-2.4320401290884868	4.451041556713485	-29.742180241560856	47.79175630630581	0.1762725920162067	0.3300563348766204	-0.1537837428604136	0.4315602582223955	-5.409152072429514	8.01122561862571	6.607774291728903	0.1512171287063653	0.0	0.0	0.0	0.0	0	0	Negative	-0.8797645347408373	0
2025-10-16	6.760000228881836	6.869999885559082	6.28000020980835	6.289999961853027	111388539	NIO	-7.771263877831247	9.394898981519905	3.7749707536084953	2.839969591101166	1.4001143088476025	-0.8797645347408373	7.472182351020986	9.394898981519905	178.9748971894269	47.01880553107973	0.1298013953971946	0.2900053469807352	-0.1602039515835406	0.4428773594744196	-11.286084902797182	8.019510507349638	6.538489437337251	0.149566266159017	0.0	0.0	0.0	0.0	0	0	Negative	-0.1479323749000828	0
2025-10-17	6.75	6.769999980926514	6.519999980926514	6.53000020980835	76615100	NIO	-3.4023670308592635	3.834355839437812	2.506760566564349	2.849342643477833	1.0949940757917906	-0.1479323749000828	3.369062528684164	3.834355839437812	-31.21814803585852	46.88270641394213	0.0911153809797911	0.2502273537805464	-0.1591119728007553	0.4291004052262467	-11.764706982323304	8.021837074088323	6.474162882042659	0.1782268641391174	0.0	0.0	0.0	0.0	2025-10-22 17:57:53.272476+00:00	2025-10-22 17:57:53.275349+00:00	High	4.592591744882089	3
2025-10-20	7.059999942779541	7.079999923706055	6.71999979019165	6.75	52665400	NIO	0.0	5.357145011222348	2.411408570146884	2.7793379318768454	0.7803963923611988	4.592591744882089	4.592591744882089	5.357145011222348	-31.259764720009503	51.56323795382712	0.084496813769312	0.2170812457782996	-0.1325844320089875	0.4241646715325437	-10.519644331448609	8.01892570671544	6.492074258952285	0.371958702766579	0.0	0.0	0.0	0.0	2025-10-22 17:57:53.272476+00:00	2025-10-22 17:57:53.275349+00:00	Negative	-3.682716064475138	0
2025-10-21	6.800000190734863	6.920000076293945	6.800000190734863	6.880000114440918	35593400	NIO	-2.5495726600212496	1.7647041498996467	2.809006997963274	3.0089505232074454	0.5628478619796989	-3.682716064475138	-1.1627895694091224	1.7647041498996467	-32.415969498000585	47.76189713091598	0.057607679025124	0.1851865324276645	-0.1275788534025404	0.412438605854839	-11.68830702368766	8.025502273217898	6.472497728689452	0.2108831317971799	0.0	0.0	0.0	0.0	2025-10-22 17:57:53.272476+00:00	2025-10-22 17:57:53.275349+00:00	Negative	-1.3235316185802115	0
2025-10-22	6.710000038146973	7.059999942779541	6.680099964141846	6.889999866485596	37606935	NIO	1.3235246062692585	5.687040323901783	2.807357781357482	2.9660014877355305	0.5990857680813421	-1.3235316185802115	-2.612479416932647	5.687040323901783	5.6570459691965365	46.48440309268778	0.0287046959960273	0.153890165141337	-0.1251854691453097	0.4101144181964716	-11.594204173248569	8.038469616722463	6.418530400443675	0.1799262804272628	0.0	0.0	0.0	0.0	2025-10-22 17:57:53.272476+00:00	2025-10-22 17:57:53.275349+00:00	High	3.186288409019684	3
2025-10-23	6.923799991607666	6.96999979019165	6.864999771118164	6.914999961853027	23517515	NIO	3.055140425344428	1.529497779668302	1.9459920881984176	3.2184545861389227	0.5203028030956863	3.186288409019684	0.127260011615105	1.529497779668302	-37.46495161065372	49.91178065869549	0.0227880566225628	0.1276697434375822	-0.1048816868150193	0.399391942042772	-7.682666778564454	8.01357626612198	6.388803771185761	0.3292745427986252	0.037836	0.0	37836000.0	0.018918	2025-10-23 19:17:57.146303+00:00	2025-10-23 19:17:57.149251+00:00	Negative	-0.3437403776695198	0
2025-10-24	6.900000095367432	7.03000020980835	6.769999980926514	6.840000152587891	38241219	NIO	-1.2103157098897876	3.840476065204559	1.946151107033416	2.228276394066248	1.0190893331722102	-0.3437403776695198	0.8771921263311704	3.840476065204559	62.607397082557405	49.53149047669869	0.0159942527794862	0.105334645305963	-0.0893403925264767	0.3894353911027051	-12.101908545304664	8.014386369228246	6.3739936814309335	0.3206588384899528	0.0405349999999999	0.0	40534999.99999999	0.0202674999999999	2025-10-24 23:31:57.638735+00:00	2025-10-24 23:31:57.641647+00:00	High	2.0289835442116844	3
2025-10-27	7.039999961853027	7.21999979019165	7.0	7.074999809265137	45177406	NIO	2.536227702593766	3.142854145595005	1.6918366968238867	2.2526858399718326	1.2539771859086284	2.0289835442116844	-0.4946975032603531	3.142854145595005	18.13798613480392	51.855285953365765	0.0216572818211755	0.0885991726090055	-0.06694189078783	0.3844756985113847	-5.63002780356917	8.008573953864557	6.362806089165227	0.4114759360740821	0.0461099999999999	0.0	46109999.99999999	0.0230549999999999	2025-10-27 23:31:51.043923+00:00	2025-10-27 23:31:51.046502+00:00	Medium	0.7102299858777631	2
2025-10-28	7.090000152587891	7.110000133514404	6.889999866485596	7.010000228881836	30797791	NIO	-0.426132572922558	3.193037319186841	1.5001194733876664	2.262083567409812	0.8782262715640973	0.7102299858777631	1.1412256932096485	3.193037319186841	-31.82921790595945	52.69306777291441	0.0298359405099386	0.0768465261891922	-0.0470105856792535	0.3727274534054864	5.663190943078719	7.958211478603351	6.360168591129314	0.4567033633322521	0.049339	0.0	49339000.0	0.0246695	2025-10-28 23:33:46.275852+00:00	2025-10-28 23:33:46.278808+00:00	Medium	0.7052145673008892	2
2025-10-29	7.139999866485596	7.324999809265137	7.065000057220459	7.130000114440918	41332382	NIO	0.5641743440361864	3.680109694818147	0.9164062098579298	2.266448599776477	1.1541082548564006	0.7052145673008892	0.140248974532616	3.680109694818147	34.20567078983035	53.5632784596001	0.0398922919814657	0.0694556793476469	-0.0295633873661811	0.3646754747368572	-0.5571025460913265	7.900324887377484	6.367055159466999	0.5041152857507681	0.0548309999999999	0.0	54830999.99999999	0.0274154999999999	2025-10-29 23:34:02.329462+00:00	2025-10-29 23:34:02.332367+00:00	Negative	-1.8207232497855403	0
2025-10-30	7.010000228881836	7.260000228881836	6.994999885559082	7.050000190734863	33598428	NIO	-1.260499683945113	3.788425270311116	0.3350867394463535	1.3175960809151686	0.8881554519863801	-1.8207232497855403	-0.5673753300829047	3.788425270311116	-18.711609701081347	50.93957786309304	0.0369462453542244	0.0629537925489624	-0.0260075471947379	0.3575558224929926	3.0882357684798585	7.774265777543288	6.405114305540819	0.4417962042259165	0.033922	0.0	33922000.0	0.016961	2025-10-30 23:37:05.240287+00:00	2025-10-30 23:37:05.243163+00:00	High	3.4236770796289457	3
2025-10-31	7.25	7.269999980926514	6.849999904632568	7.050000190734863	49244529	NIO	0.5706128466048243	6.1313880604568265	1.2323729717368013	1.5468130975772032	1.2301872876323448	3.4236770796289457	2.836876650414524	6.1313880604568265	46.56795550077521	55.2934132592057	0.0533623302186132	0.0610355000828925	-0.0076731698642793	0.3620161263359178	6.304982661516173	7.697478234435239	6.436901867722354	0.6450209235620561	0.0690848484848484	0.0	69084848.48484848	0.0345424242424242	2025-10-31 23:31:21.077067+00:00	2025-10-31 23:31:21.079890+00:00	High	2.3448286385371766	3
2025-11-03	7.420000076293945	7.510000228881836	7.230000019073486	7.340000152587891	54333277	NIO	1.241381415005388	3.872755312167084	1.1476773555183024	1.4502097019303928	1.2979363073200143	2.3448286385371766	1.089917194045954	3.872755312167084	10.333631173525896	58.1279856414574	0.079177077093437	0.0646638154850014	0.0145132616084355	0.3561578465839486	9.76331102168142	7.664662898264734	6.452717196263464	0.798123941058762	0.0626815217391304	0.0	62681521.73913044	0.0313407608695652	2025-11-03 23:21:02.665805+00:00	2025-11-03 23:21:02.668587+00:00	Negative	-3.504046175316184	0
2025-11-04	7.159999847412109	7.360000133514404	7.065000057220459	7.190000057220459	41717919	NIO	-3.099730683404036	4.175514138778443	1.0239137504453004	1.2912430627005762	0.9471592285643508	-3.504046175316184	-0.4172490899804975	4.175514138778443	-23.21847437989061	52.63166060147188	0.0777592442544374	0.0672829012388886	0.0104763430155487	0.3560751446189156	6.074071813512732	7.615405069380913	6.467975009888495	0.6031085134981917	0.0608940594059406	0.0	60894059.4059406	0.0304470297029703	2025-11-04 23:21:34.635978+00:00	2025-11-04 23:21:34.638966+00:00	Medium	1.81564409513088	2
2025-11-05	7.289999961853027	7.400000095367432	7.179999828338623	7.289999961853027	33391845	NIO	1.81564409513088	3.064070644688502	1.1508117757696867	1.147199750895456	0.7864825121438297	1.81564409513088	0.0	3.064070644688502	-19.95802810777786	54.92655434311352	0.0861326408259568	0.0710528491563023	0.0150797916696545	0.3477840805715161	3.257790664838656	7.469399963302159	6.557980121689296	0.8031642572849165	0.0751990099009901	0.0	75199009.9009901	0.037599504950495	2025-11-05 23:21:40.899702+00:00	2025-11-05 23:21:40.902513+00:00	Negative	-1.783266325393417	0
2025-11-06	7.159999847412109	7.539999961853027	7.110000133514404	7.409999847412109	68091283	NIO	1.646088973758781	6.047817443936928	1.3686194725127565	1.1120585201128803	1.3796012537589677	-1.783266325393417	-3.373819232767066	6.047817443936928	103.91590521577947	52.20288960391067	0.0813410462091992	0.0731104885668817	0.0082305576423175	0.3536566339834523	5.2941124496989405	7.412470554656522	6.584909511261447	0.694921952574459	0.074135	0.0	74135000.0	0.0370675	2025-11-06 23:21:26.809750+00:00	2025-11-06 23:21:26.812532+00:00	Negative	-4.189940227528583	0
2025-11-07	6.860000133514404	7.019999980926514	6.675000190734863	7.025000095367432	65576073	NIO	-1.885471437453615	5.168536034958056	1.1616185020805965	1.1568630848844443	1.2461703100238948	-4.189940227528583	-2.3487538734958164	5.168536034958056	-3.6938795822073134	46.475494998946985	0.0527283832645242	0.0690340675064102	-0.0163056842418859	0.3630382784615804	2.235470857148542	7.403893337777608	6.608486737677104	0.3162073281834984	0.050096	0.0	50096000.00000001	0.025048	2025-11-07 23:20:59.745776+00:00	2025-11-07 23:20:59.749522+00:00	Negative	-2.186590268921555	0
2025-11-10	6.710000038146973	7.059999942779541	6.650000095367432	6.96999979019165	57715180	NIO	1.603493506360806	6.165411150861881	1.311814877582665	1.234539508528143	1.0828676851075998	-2.186590268921555	-3.730269151665623	6.165411150861881	-11.987440906990573	43.883020723261225	0.017744341916571	0.0587761223884423	-0.0410317804718713	0.3663926762437611	-3.087899039831309	7.391912055630472	6.573468040805075	0.1668189819569084	0.076589	0.0	76589000.0	0.0382945	2025-11-10 23:22:23.505225+00:00	2025-11-10 23:22:23.508048+00:00	Negative	-1.1922492287816349	0
2025-11-11	6.630000114440918	7.0	6.590000152587891	6.949999809265137	53063811	NIO	3.5767476863449046	6.221545340194	1.3387001910008147	1.2419203425662413	0.9549409067562604	-1.1922492287816349	-4.604312282104281	6.221545340194	-8.059177845412593	42.52071764354685	-0.0162487823060004	0.0437711414495538	-0.0600199237555542	0.3695074741843574	-3.913043147749926	7.404743841463976	6.543636247342176	0.1002939327074683	0.0683969999999999	0.0	68396999.99999999	0.0341984999999999	2025-11-11 23:21:14.965813+00:00	2025-11-11 23:21:14.968515+00:00	Negative	-2.7149366827870707	0
2025-11-12	6.449999809265137	6.53000020980835	6.340000152587891	6.519999980926514	44325712	NIO	-1.6591271736905568	2.996846256271837	1.367224093825607	1.3281124191804052	0.7674861645807637	-2.7149366827870707	-1.0736222678857998	2.996846256271837	-16.46715310364723	39.545984786726784	-0.0570553993342208	0.0236058332927988	-0.0806612326270197	0.363828366160691	-8.380684031035054	7.4396401751967645	6.471739877369764	-0.0224610614889105	0.0422859999999999	0.0	42285999.99999999	0.0211429999999999	2025-11-12 23:22:26.583935+00:00	2025-11-12 23:22:26.586736+00:00	Negative	-3.2558146411929654	0
2025-11-13	6.239999771118164	6.489999771118164	6.139999866485596	6.440000057220459	60951581	NIO	-0.1550349200059438	5.7003243036371725	1.3292861480595928	1.3096778811933705	1.0821125393627975	-3.2558146411929654	-3.1055944771003032	5.7003243036371725	37.50840821237119	36.350825741029226	-0.1051283313955862	-0.0021409996448781	-0.102987331750708	0.3628406189086822	-11.98872162449068	7.500905681382748	6.358474325407413	-0.1037038712825797	0.046389	0.0	46389000.00000001	0.0231945	2025-11-13 23:22:01.716187+00:00	2025-11-13 23:22:01.718959+00:00	Negative	-1.2820501064172196	0
2025-11-14	6.159999847412109	6.300000190734863	5.949999809265137	5.989999771118164	53493970	NIO	-4.006410403364515	5.882359540998941	1.3563351057442452	1.2869827876366828	0.992281943833746	-1.2820501064172196	2.8380648211979995	5.882359540998941	-12.235303625676256	35.18456110612786	-0.1479760261393528	-0.031308004943773	-0.1166680211955797	0.361923459091614	-13.72549071987386	7.559608858672842	6.24077113285853	-0.0612442940215019	0.054428	0.0	54428000.0	0.027214	2025-11-14 23:21:09.308695+00:00	2025-11-14 23:21:09.311248+00:00	Negative	-1.2987000923330156	0
2025-11-17	6.079999923706055	6.284999847412109	6.021699905395508	6.130000114440918	52962179	NIO	-0.4870086641933061	4.372518494000041	1.338050494051854	1.2505752894796127	1.000051518661336	-1.2987000923330156	-0.8156637814259406	4.372518494000041	-0.9941139160170764	34.0094808957262	-0.1862415811642765	-0.0622947201878737	-0.1239468609764028	0.3548789221576846	-13.266765689166396	7.595947501260957	6.106432488363067	-0.0177457524282264	0.0759019801980198	0.0	75901980.1980198	0.0379509900990099	2025-11-17 23:21:30.068181+00:00	2025-11-17 23:21:30.071105+00:00	Negative	-1.6447352942006876	0
2025-11-18	5.980000019073486	6.03000020980835	5.829999923706055	5.980000019073486	52810237	NIO	-1.6447352942006876	3.4305366847270444	1.3008087470446743	1.3238342249936934	0.99813832633665	-1.6447352942006876	0.0	3.4305366847270444	-0.286887743043956	32.54625591888343	-0.2220765060557541	-0.0942510773614498	-0.1278254286943042	0.3473875705749928	-17.517241116227776	7.646377797760522	5.974002174697365	0.0035864217903008	0.097346	0.0	97346000.0	0.048673	2025-11-19 01:46:01.126429+00:00	2025-11-19 01:46:01.129316+00:00	Negative	-3.84615415284098	0
2025-11-19	5.75	5.985000133514404	5.730000019073486	5.940000057220459	44272675	NIO	-0.6688956810275186	4.450263762514791	1.0194597412507107	1.1737146147192492	0.836942181871221	-3.84615415284098	-3.198654131147717	4.450263762514791	-16.166490599161673	29.411907551630392	-0.2659690953862128	-0.1285946809664024	-0.1373744144198103	0.340788466565416	-22.50673934127582	7.717588860007682	5.806791108635506	-0.0297211510714432	0.0825819999999999	0.0	82581999.99999999	0.0412909999999999	2025-11-20 01:44:42.904547+00:00	2025-11-20 01:44:42.907285+00:00	Negative	-6.086954863175103	0
2025-11-20	5.400000095367432	5.869999885559082	5.382999897003174	5.820000171661377	66474073	NIO	1.2173942897630774	9.04699977473585	2.200176511712868	1.716508284159821	1.2309414733877353	-6.086954863175103	-7.216495943402217	9.04699977473585	50.14695407494577	25.402761342106945	-0.3252471096712366	-0.1679251667073693	-0.1573219429638672	0.351232146707594	-24.581002647378646	7.806471341328635	5.56552863769053	-0.0738655843607102	0.10088	0.0	100880000.0	0.05044	2025-11-21 01:45:30.471667+00:00	2025-11-21 01:45:30.474442+00:00	High	3.333330095550217	3
2025-11-21	5.579999923706055	5.690000057220459	5.389999866485596	5.489999771118164	55936673	NIO	1.6666606326163145	5.56586638527081	2.188666297396141	1.716606030017504	1.026527337713084	3.333330095550217	1.6393471100192785	5.56586638527081	-15.851894617620315	30.63915094242064	-0.3536245179225616	-0.2050650369504078	-0.1485594809721538	0.3475727212809704	-23.456790769479124	7.833886328887228	5.406113632965798	0.0716237937070381	0.06002	0.0	60020000.0	0.03001	2025-11-22 01:41:41.149191+00:00	2025-11-22 01:41:41.152115+00:00	High	3.04659639100921	3
2025-11-24	5.75	5.860000133514404	5.710000038146973	5.78000020980835	50861295	NIO	3.5842345669686178	2.626971880303352	2.5046051934096627	1.8930864165839207	0.9406392306783444	3.04659639100921	-0.5190347529303004	2.626971880303352	-9.073435597429972	35.26120996444841	-0.3582663614017454	-0.2357053018406753	-0.12256105956107	0.3427461133186403	-19.69273571872681	7.809684603739559	5.301315361928165	0.1788750358570899	0.0821315217391304	0.0	82131521.73913044	0.0410657608695652	2025-11-25 01:47:40.976822+00:00	2025-11-25 01:47:40.979425+00:00	Negative	-4.3478260869565215	0
2025-11-25	5.5	5.699999809265137	5.380000114440918	5.590000152587891	88332843	NIO	-2.7826060419497285	5.947949591400198	2.352585265537049	1.875841610234971	1.4439248712586987	-4.3478260869565215	-1.6100205747977496	5.947949591400198	73.67399512733603	31.895153768484	-0.3777633457640492	-0.2641169106253501	-0.1136464351386991	0.3446928113358147	-19.8250744467212	7.784959873338522	5.167040077070414	0.1271849211745242	-0.0372043478260869	0.0	-37204347.82608695	-0.0186021739130434	2025-11-26 01:46:52.852829+00:00	2025-11-26 01:46:52.855534+00:00	Negative	-0.7272720336914062	0
2025-11-26	5.460000038146973	5.729000091552734	5.300000190734863	5.539999961853027	83548254	NIO	0.7272720336914062	8.094337459983917	2.4955053601484884	1.9610613454499195	1.2103070318891322	-0.7272720336914062	-1.4440419540959022	8.094337459983917	-5.4165459159963865	31.37901356319827	-0.3919246456172187	-0.2896784576237239	-0.1022461879934948	0.3507147462988187	-18.62891196562793	7.734916222421515	5.049083745153559	0.1529940145080828	-0.0158039999999999	0.0	-15803999.999999994	-0.0079019999999999	2025-11-27 01:45:09.069077+00:00	2025-11-27 01:45:09.071739+00:00	Medium	0.732600028819828	2
2025-11-28	5.5	5.625	5.429999828338623	5.5	30218889	NIO	0.732600028819828	3.591163495875095	2.137362254149848	2.049941884949929	0.4891403230207216	0.732600028819828	0.0	3.591163495875095	-63.83061577803888	32.5544016517338	-0.3953624232390638	-0.3108152507467919	-0.0845471724922719	0.3395922766818585	-17.043742005066413	7.6815534330923905	4.9514465115945	0.2009274743366215	0.082026	0.0	82026000.0	0.041013	2025-11-29 01:44:37.444523+00:00	2025-11-29 01:44:37.447255+00:00	Negative	-5.818184939297763	0
2025-12-01	5.179999828338623	5.425000190734863	5.139999866485596	5.329999923706055	56164906	NIO	-3.090910478071733	5.544753534091678	2.1363935875314235	2.042066625538477	0.908446265019922	-5.818184939297763	-2.814260741361017	5.544753534091678	85.86026111019501	28.36810524068342	-0.4190773632948179	-0.3324676732563971	-0.0866096900384207	0.3410499807413261	-19.689922767163736	7.593059382312175	4.832940545208578	0.1257407030685103	0.0534363636363636	0.0	53436363.636363626	0.0267181818181818	2025-12-02 01:49:26.035383+00:00	2025-12-02 01:49:26.038103+00:00	Negative	-2.8957456274353333	0
2025-12-02	5.03000020980835	5.179999828338623	5.03000020980835	5.15500020980835	43556488	NIO	-0.4826181343386558	2.982099647586072	2.034562012814488	2.1540156147371765	0.7215606793660542	-2.8957456274353333	-2.424830163191152	2.982099647586072	-22.44892566899337	26.638845302133447	-0.4448474156623412	-0.354943621737586	-0.0899037939247552	0.3274035262976795	-19.391019321992555	7.448479982965588	4.738519957906605	0.10755887511492	0.079510101010101	0.0	79510101.010101	0.0397550505050505	2025-12-03 01:48:51.993579+00:00	2025-12-03 01:48:51.996889+00:00	Negative	-4.771376499892167	0
2025-12-03	4.789999961853027	4.989999771118164	4.730000019073486	4.974999904632568	91533165	NIO	-1.0934453853209052	5.496823488292639	2.0046614336538244	2.070570371828464	1.500436926287953	-4.771376499892167	-3.7185918859470672	5.496823488292639	110.14817585843927	24.106777506122867	-0.479113460338036	-0.379777589457676	-0.09933587088036	0.3254461451860498	-22.240258433360765	7.35055073739386	4.599449214922425	0.0692634369812069	0.0120571428571428	0.0	12057142.857142856	0.0060285714285714	2025-12-04 01:49:39.991367+00:00	2025-12-04 01:49:39.994224+00:00	High	4.592907490205924	3
2025-12-04	5.010000228881836	5.03000020980835	4.909999847412109	4.940000057220459	56647591	NIO	3.1315260242591654	2.4439993100913897	1.4361805406139787	2.2547939100788725	1.0183981622476248	4.592907490205924	1.417007507096331	2.4439993100913897	-38.11249616464153	30.61718333470391	-0.4829502152316456	-0.4004121146124699	-0.0825381006191756	0.3193428668124264	-17.59867941202213	7.157362523249984	4.564637455769181	0.1717740066999805	0.0089166666666666	0.0	8916666.666666666	0.0044583333333333	2025-12-05 01:50:12.457469+00:00	2025-12-05 01:50:12.460087+00:00	Medium	0.5987970379372006	2
2025-12-05	5.039999961853027	5.179999828338623	5.03000020980835	4.940000057220459	30322957	NIO	-1.3972089513656578	2.982099647586072	1.5049564002066644	1.867822164031765	0.5449356696626232	0.5987970379372006	2.024289544013372	2.982099647586072	-46.47087993556514	31.480358652058072	-0.4780593725297173	-0.4159415661959195	-0.0621178063337978	0.3086754905727379	-15.71906445187768	6.952054675124901	4.557945315338356	0.2013503036292589	0.020003	0.0	20003000.000000004	0.0100015	2025-12-06 01:43:57.479109+00:00	2025-12-06 01:43:57.481871+00:00	Medium	1.1904750641601431	2
2025-12-08	5.099999904632568	5.230000019073486	5.019999980926514	5.059999942779541	31669705	NIO	0.3968250213867144	4.183267708065093	1.228466608550241	1.8332807349231808	0.6240830160556635	1.1904750641601431	0.7905130890387859	4.183267708065093	4.4413478540367946	33.26847697762908	-0.463993225432918	-0.4255518980433192	-0.0384413273895987	0.3016272439708975	-11.304349484650986	6.7821519291356624	4.55184803843941	0.2457745191046754	0.022162	0.0	22162000.000000004	0.011081	2025-12-09 01:56:21.796034+00:00	2025-12-09 01:56:21.798824+00:00	Negative	-1.372543061434859	0
2025-12-09	5.03000020980835	5.079999923706055	4.96999979019165	5.010000228881836	28684136	NIO	-1.7646995575231583	2.2132824579085653	1.3680863497928146	1.8815017897008752	0.6004443970819529	-1.372543061434859	0.3992011978605717	2.2132824579085653	-9.427208115768682	32.21230893534917	-0.4532690889706012	-0.4310953362287756	-0.0221737527418255	0.2893681632901846	-6.851849611567575	6.6217125544938735	4.544287430247337	0.233805191769391	0.0249689999999999	0.0	24969000.0	0.0124844999999999	2025-12-10 01:51:50.479852+00:00	2025-12-10 01:51:50.482580+00:00	Low	0.0	1
2025-12-10	5.03000020980835	5.110000133514404	4.96999979019165	5.019999980926514	24335313	NIO	-0.1988116990996499	2.816908435268873	0.7642059474036885	1.8458470388378228	0.708824281892322	0.0	0.1992077474070079	2.816908435268873	-15.161073702899747	32.21230893534917	-0.4397015280503176	-0.4328165745930841	-0.0068849534572335	0.278699033292511	-9.85662583185867	6.449173179248982	4.556826815028972	0.2500458709494291	0.04579	0.0	45789999.99999999	0.022895	2025-12-11 01:53:10.374292+00:00	2025-12-11 01:53:10.377454+00:00	Medium	1.988069591678576	2
2025-12-11	5.130000114440918	5.190000057220459	4.900000095367432	4.989999771118164	37848176	NIO	-0.7952373165350151	5.918366453241495	1.4688811430004338	1.384805432693737	1.2379989840003376	1.988069591678576	2.805618231348786	5.918366453241495	55.52779617011706	35.59966637177216	-0.4160836286343876	-0.4294699854013448	0.0133863567669572	0.279506242475405	-10.78260670537534	6.289222842569529	4.584777182226002	0.319882848072157	0.0031369999999999	0.0	3136999.9999999986	0.0015684999999999	2025-12-12 01:52:51.716391+00:00	2025-12-12 01:52:51.719170+00:00	Negative	-1.9493158362914893	0
2025-12-12	5.03000020980835	5.260000228881836	5.014999866485596	5.130000114440918	31567471	NIO	0.0	4.885351324404545	1.507445694670579	1.4213193994339866	1.024220880697935	-1.9493158362914893	-1.9493158362914893	4.885351324404545	-16.594472082353455	33.78173764351902	-0.4008150829813779	-0.4237390049173515	0.0229239219359735	0.2770415367554647	-8.54545073075728	6.161236173580898	4.591763895083654	0.2792252661794723	-0.0259849999999999	0.0	-25985000.0	-0.0129924999999999	2025-12-13 01:46:28.138864+00:00	2025-12-13 01:46:28.141488+00:00	Negative	-0.7952373165350151	0
2025-12-15	4.989999771118164	5.079999923706055	4.970099925994873	5.050000190734863	31118649	NIO	0.3976139183357151	2.2112231010965595	1.6949530139890074	1.3955552448703523	1.0132819945225042	-0.7952373165350151	-1.1881270762480527	2.2112231010965595	-1.4217863698995716	33.05460646402412	-0.3874757721461144	-0.4164863583631041	0.0290105862169897	0.2651028553951587	-8.608063438554817	6.031599291819917	4.60440076921524	0.2701789525392692	-0.0312659999999999	0.0	-31266000.0	-0.0156329999999999	2025-12-16 01:52:51.223281+00:00	2025-12-16 01:52:51.225917+00:00	Medium	0.8016120345677332	2
2025-12-16	5.03000020980835	5.03000020980835	4.945000171661377	4.960000038146973	25639084	NIO	-0.6011970811066598	1.71890869962124	1.807417046522641	1.5114016987883885	0.8517476130099674	0.8016120345677332	1.4112937726413528	1.71890869962124	-17.60862111976648	34.57125194916226	-0.3694181486372612	-0.4070727164179355	0.0376545677806743	0.2522383684488598	-8.54545073075728	5.896894472768688	4.634105616876697	0.3135081459457496	0.005034	0.0	5034000.000000003	0.002517	2025-12-17 01:48:32.114967+00:00	2025-12-17 01:48:32.117690+00:00	Negative	-3.379723045785372	0
2025-12-17	4.860000133514404	5.059999942779541	4.849999904632568	5.010000228881836	24441102	NIO	-0.3976139183357151	4.329897778892473	1.7888960194468206	1.3781623969349703	0.8113795458261445	-3.379723045785372	-2.9940137428079447	4.329897778892473	-4.672483619149577	31.32336547350508	-0.3646218041265676	-0.3985825339596619	0.0339607298330942	0.2492213448558678	-6.17760049090295	5.772437808363538	4.646562292725939	0.189574991039389	0.009188	0.0	9188000.0	0.004594	2025-12-18 01:48:51.885543+00:00	2025-12-18 01:48:51.888295+00:00	Medium	1.440322899201239	2
2025-12-18	4.929999828338623	5.010000228881836	4.920000076293945	5.010000228881836	19090278	NIO	3.0864216305887693	1.8292713656964903	1.4964139357626711	1.436545588791425	0.7239031006597288	1.440322899201239	-1.5968143091496003	1.8292713656964903	-21.89272807748194	34.06999786313207	-0.3511247288786325	-0.389090972943456	0.0379662440648235	0.2421341127495509	-1.9880790715421608	5.685579293269664	4.651420790653675	0.2693775054600039	0.008615	0.0	8615000.000000007	0.0043075	2025-12-19 01:52:17.489094+00:00	2025-12-19 01:52:17.491971+00:00	Medium	1.2170374212722963	2
2025-12-19	4.989999771118164	5.03000020980835	4.980000019073486	4.989999771118164	27357612	NIO	1.2170374212722963	1.0040198904289497	1.258382466992351	1.6120103252345308	1.0716143324476206	1.2170374212722963	0.0	1.0040198904289497	43.30651444677757	36.41730457354266	-0.3317623556406746	-0.3776252494828997	0.0458628938422251	0.2319817033724206	4.1753613957810165	5.659218143451678	4.636781908046736	0.3454668866773234	-0.001363	0.0	-1363000.000000001	-0.0006815	2025-12-20 01:46:52.688738+00:00	2025-12-20 01:46:52.691556+00:00	Low	0.2004053976057613	1
2025-12-22	5.0	5.050000190734863	4.980000019073486	5.019999980926514	21821884	NIO	0.601206636961972	1.405625931591869	1.3100843652264431	1.645684089651403	0.9219219001003464	0.2004053976057613	-0.3984059960658085	1.405625931591869	-20.23469007455768	36.82104568227895	-0.3120138984563647	-0.3645029792775928	0.052489080821228	0.2204115939644889	-0.1996053577839427	5.5933796074439766	4.644620451683831	0.3745729842590438	-0.029028	0.0	-29028000.0	-0.014514	2025-12-23 01:53:15.479504+00:00	2025-12-23 01:53:15.482303+00:00	Negative	-2.200002670288086	0
2025-12-23	4.889999866485596	4.974999904632568	4.860000133514404	4.96999979019165	24511563	NIO	-0.6000041961669922	2.3662503695242587	1.3002017857937582	1.6399818161484712	1.0455149717538297	-2.200002670288086	-1.6096564805482574	2.3662503695242587	12.325603967100182	34.2451345884666	-0.3017606859745783	-0.3519545206169899	0.0501938346424116	0.214667899144568	-2.976192390927757	5.461351815427333	4.6906482303490336	0.2586618772719333	-0.0197379999999999	0.0	-19737999.99999999	-0.0098689999999999	2025-12-24 01:51:51.704381+00:00	2025-12-24 01:51:51.707072+00:00	Low	0.4089975761264692	1
2025-12-24	4.909999847412109	4.929999828338623	4.880000114440918	4.889999866485596	13095280	NIO	0.0	1.0245842771549472	0.5780062868751791	1.7387922470598056	0.6184217238448411	0.4089975761264692	0.4089975761264692	1.0245842771549472	-46.57509192702236	35.13367078827065	-0.288693234002122	-0.3393022632940163	0.0506090292918943	0.2029058859126492	-3.725491387713028	5.384983423635111	4.708016606882467	0.2983650535465535	-0.029692	0.0	-29692000.0	-0.014846	2025-12-25 01:53:18.411883+00:00	2025-12-25 01:53:18.414651+00:00	High	3.869655053464033	3
2025-12-26	5.099999904632568	5.150000095367432	4.900000095367432	4.900000095367432	47952864	NIO	-0.203660944102641	5.102040717026833	1.7241360002449275	1.5813434377999478	1.7794696321604335	3.869655053464033	4.081628681073312	5.102040717026833	266.18433511921853	43.01208538323111	-0.2600085507240397	-0.323443520780021	0.0634349700559813	0.2062697512046029	1.3916439742432107	5.310725114892986	4.746274902273151	0.6266717496971798	-0.0203339999999999	0.0	-20334000.0	-0.0101669999999999	2025-12-27 01:50:43.813126+00:00	2025-12-27 01:50:43.815837+00:00	High	4.705887302807963	3
2025-12-29	5.340000152587891	5.380000114440918	5.079999923706055	5.079999923706055	64707686	NIO	-0.392156496088299	5.905515654338862	2.2123088778914908	1.7679370842713664	1.8800615334097777	4.705887302807963	5.118114818634797	5.905515654338862	34.940190433672534	51.09256338602889	-0.2154264166866655	-0.30184009996135	0.0864136832746844	0.2129647825996215	6.163020474135377	5.253607353466564	4.787392678958363	1.1853069065499926	0.028681	0.0	28681000.0	0.0143405	2025-12-30 01:54:01.914177+00:00	2025-12-30 01:54:01.916943+00:00	High	2.9962517385803755	3
2025-12-30	5.5	5.789999961853027	5.494999885559082	5.539999961853027	74020647	NIO	3.7453146732254696	5.3685183337165965	2.1348124279083494	1.9459495457524536	1.6501247012546902	2.9962517385803755	-0.7220209770479511	5.3685183337165965	14.392356728689077	55.6113212183279	-0.1652788718018705	-0.2745278543294541	0.1092489825275835	0.2298958559328726	7.212473241814063	5.343438191956049	4.729561857635015	1.255038025235348	0.0586619999999999	0.0	58661999.99999999	0.0293309999999999	2025-12-31 01:54:19.637164+00:00	2025-12-31 01:54:19.639874+00:00	Negative	-7.272729006680575	0
2025-12-31	5.099999904632568	5.320000171661377	4.949999809265137	5.309999942779541	80631356	NIO	-3.454546494917436	7.474755083903113	2.3922486928742424	2.335400185568447	1.4377514910576694	-7.272729006680575	-3.95480302090262	7.474755083903113	8.930898699115666	44.53346214404347	-0.1560148043937843	-0.2508252443423201	0.0948104399485357	0.2527604512758719	1.3916439742432107	5.348155873209645	4.731844145863841	0.5973531614500014	0.082715	0.0	82714999.99999999	0.0413575	2026-01-01 02:04:30.558699+00:00	2026-01-01 02:04:30.561412+00:00	Medium	0.784312992176598	2
2026-01-02	5.139999866485596	5.380000114440918	5.079999923706055	5.320000171661377	38412680	NIO	4.313730806719664	5.905515654338862	0.9200521181949424	2.4422431206876043	0.6282222704201847	0.784312992176598	-3.3834642738285696	5.905515654338862	-52.360121538821694	45.69836495973911	-0.1437878052864238	-0.2294177565311408	0.085629951244717	0.2561347183800856	3.006014073099235	5.346004816674777	4.768995192861966	0.642978311474382	0.0708619565217391	0.0	70861956.52173913	0.0354309782608695	2026-01-03 01:49:35.999732+00:00	2026-01-03 01:49:36.002420+00:00	Negative	-5.447465763508616	0
2026-01-05	4.860000133514404	5.010000228881836	4.849999904632568	5.010000228881836	74168424	NIO	-2.529175894563694	3.2989758225858985	1.504098213229421	2.3573211023332084	1.1171935713246308	-5.447465763508616	-2.9940137428079447	3.2989758225858985	93.08317982499528	39.45221072610128	-0.1549058011483133	-0.2145153654545753	0.059609564306262	0.2585536643424386	-3.379723045785372	5.350599434953329	4.74940056504667	0.1839650305478874	0.0881397849462365	0.0	88139784.94623654	0.0440698924731182	2026-01-06 01:55:44.864147+00:00	2026-01-06 01:55:44.866938+00:00	Negative	-1.6460889199236397	0
2026-01-06	4.78000020980835	5.039999961853027	4.75	5.010000228881836	59918103	NIO	3.0864216305887693	6.105262354800576	1.5171477388430543	2.2119372321043915	0.9157554850553664	-1.6460889199236397	-4.590818534250231	6.105262354800576	-19.213460703978285	37.85996923087544	-0.1682329336873333	-0.2052588791011269	0.0370259454137935	0.2607998284503378	-1.6460889199236397	5.359868404737039	4.7141316200584935	0.1020053237057668	0.0925279569892473	0.0	92527956.9892473	0.0462639784946236	2026-01-07 01:55:18.906232+00:00	2026-01-07 01:55:18.908828+00:00	Low	0.2091998243882643	1
2026-01-07	4.789999961853027	4.835000038146973	4.755000114440918	4.809999942779541	32862804	NIO	0.6276094488371209	1.6824378923376937	2.345679467005928	2.1717269182256653	0.5745378703136147	0.2091998243882643	-0.415800024208656	1.6824378923376937	-45.15379767613805	38.195738047537255	-0.1759595338475339	-0.1993990100504084	0.0234394762028744	0.2478855495400318	-2.839753982968692	5.360160622409984	4.682839408107595	0.1582123097322484	0.100636	0.0	100636000.0	0.050318	2026-01-08 01:55:21.784105+00:00	2026-01-08 01:55:21.786737+00:00	Negative	-1.252608418734305	0
2026-01-08	4.730000019073486	4.849999904632568	4.670000076293945	4.849999904632568	33358881	NIO	1.252608418734305	3.8543859828256943	1.857653976854917	2.063386662372127	0.6987004932940684	-1.252608418734305	-2.474224493168792	3.8543859828256943	1.5095394781285247	36.90711675497345	-0.1847942213304181	-0.1964780523064103	0.0116838309759922	0.2430365694542169	-5.210416111630737	5.368122743648377	4.644877267795715	0.1176955184924138	0.076902	0.0	76902000.0	0.038451	2026-01-09 01:56:40.647141+00:00	2026-01-09 01:56:40.649880+00:00	Negative	-1.902751632663204	0
2026-01-09	4.639999866485596	4.739999771118164	4.619999885559082	4.75	36919129	NIO	0.4228325760225107	2.597400184666032	1.663679255083573	1.8069300318426047	0.7781381531397765	-1.902751632663204	-2.3157922845137744	2.597400184666032	10.672564226599809	34.99967409999506	-0.1967895673273751	-0.1965403553106033	-0.0002492120167718	0.2342482348902787	-7.200002670288086	5.3819734312087855	4.592026545903031	0.060729805351402	0.079524	0.0	79524000.0	0.039762	2026-01-10 01:52:30.332218+00:00	2026-01-10 01:52:30.335045+00:00	High	4.525863021328701	3
2026-01-12	4.849999904632568	4.960000038146973	4.739999771118164	4.739999771118164	47835374	NIO	2.1551704204748128	4.641356068608219	1.7286228830098225	1.8022426545315824	1.134107845527217	4.525863021328701	2.3206780343041093	4.641356068608219	29.567991704246328	42.47086794560976	-0.1871928744833262	-0.1946708591451479	0.0074779846618217	0.2403733732310714	-0.8179951522529385	5.366553045166375	4.579446910964606	0.3437312732193852	0.049515	0.0	49515000.0	0.0247575	2026-01-13 01:53:17.041133+00:00	2026-01-13 01:53:17.043910+00:00	Negative	-3.5051562811695427	0
2026-01-13	4.679999828338623	4.849999904632568	4.679999828338623	4.869999885559082	37068346	NIO	0.4123707488614652	3.632480395929726	1.1538615854641678	1.774102578038618	0.9856267877480556	-3.5051562811695427	-3.901438638301872	3.632480395929726	-22.50850594373946	38.60268982760222	-0.1911021055550747	-0.1939571084271333	0.0028550028720585	0.2353467091641339	-4.684318252977367	5.368027565605756	4.5429723523782535	0.1660827951432935	0.042835	0.0	42834999.99999999	0.0214175	2026-01-14 02:00:05.447855+00:00	2026-01-14 02:00:05.450587+00:00	Negative	-2.5641002128344392	0
2026-01-14	4.559999942779541	4.65500020980835	4.539999961853027	4.650000095367432	38850028	NIO	-0.6410199587943396	2.5330451304317685	0.8921706748326389	1.837530086817768	1.0011254961674882	-2.5641002128344392	-1.935487112732608	2.5330451304317685	4.806478282036107	36.10305977879416	-0.2015597321025524	-0.1954776331622171	-0.0060820989403352	0.2285362204013811	-10.588234744132448	5.380515401633316	4.487484533516831	0.0812014588204036	0.053586	0.0	53586000.0	0.026793	2026-01-15 01:55:40.461488+00:00	2026-01-15 01:55:40.464411+00:00	Medium	1.754384313814067	2
2026-01-15	4.639999866485596	4.690000057220459	4.550000190734863	4.599999904632568	25343989	NIO	0.8771921569070334	3.076920013556846	0.8719718451256017	1.443395051507791	0.6812282548615779	1.754384313814067	0.8695644061371431	3.076920013556846	-34.76455409504467	38.941612248374426	-0.2010742919554777	-0.1965969649208692	-0.0044773270346085	0.2222121951216822	-13.108619215358228	5.376343032808854	4.452656868009018	0.2028210507160464	0.0945869999999999	0.0	94587000.0	0.0472934999999999	2026-01-16 01:57:07.631376+00:00	2026-01-16 01:57:07.634180+00:00	Medium	1.5086244326639628	2
2026-01-16	4.710000038146973	4.71999979019165	4.590000152587891	4.699999809265137	24879325	NIO	1.2931022522848876	2.832236019218095	0.830245815884085	1.2425862517874418	0.715017391200686	1.5086244326639628	0.2127708359077468	2.832236019218095	-1.8334288260620693	41.39488916048711	-0.1928184571555178	-0.195841263367799	0.0030228062122811	0.215625583870402	-14.36363567005504	5.376940398559099	4.437059492722029	0.2903990747443255	0.0493999999999999	0.0	49399999.99999999	0.0246999999999999	2026-01-17 01:51:25.207143+00:00	2026-01-17 01:51:25.211420+00:00	Negative	-3.1847153747889414	0
2026-01-20	4.559999942779541	4.630000114440918	4.46999979019165	4.590000152587891	45661249	NIO	-2.5477682502587173	3.579425766425094	0.4749480717164895	1.2425794384508968	1.328884412494066	-3.1847153747889414	-0.6535993205018779	3.579425766425094	83.53089965262322	37.88239374246666	-0.1961186687557363	-0.1958967444453865	-0.0002219243103498	0.2173666313050391	-10.588234744132448	5.381907522861493	4.395092379863726	0.1671108961855361	0.024054	0.0	24054000.000000004	0.012027	2026-01-21 01:59:37.048666+00:00	2026-01-21 01:59:37.051273+00:00	High	2.412283659972019	3
2026-01-21	4.670000076293945	4.699999809265137	4.53000020980835	4.590000152587891	38099974	NIO	0.6578993461579525	3.7527503660751327	0.5085625785360746	0.8432928358008499	1.1022093294822133	2.412283659972019	1.7429176698599866	3.7527503660751327	-16.55950103335982	41.78361546172451	-0.1876943946150913	-0.1942562744793274	0.0065618798642361	0.2139832718873068	-9.143965027240483	5.372414989364738	4.372584943878061	0.2974656880521277	0.023754	0.0	23754000.0	0.011877	2026-01-22 02:00:24.659848+00:00	2026-01-22 02:00:24.662545+00:00	High	2.1413255460142744	3
2026-01-22	4.769999980926514	4.900000095367432	4.690000057220459	4.699999809265137	45721675	NIO	0.6423925584814727	4.477612699037572	0.6405536330939463	0.7338101011277303	1.272122830122311	2.1413255460142744	1.489365414938639	4.477612699037572	20.004478218279097	45.15577331412116	-0.1709780120029842	-0.1896006219840588	0.0186226099810745	0.2151273252577482	-1.85185494064604	5.359232870630772	4.362767060704679	0.4086772633493961	0.033237	0.0	33237000.0	0.0166185	2026-01-23 01:56:30.612361+00:00	2026-01-23 01:56:30.615174+00:00	Negative	-2.7253692863886982	0
2026-01-23	4.639999866485596	4.75	4.630000114440918	4.739999771118164	36195452	NIO	-0.6289352186228403	2.59179012079943	0.7553973811968697	0.7731956104712507	0.9497243288678874	-2.7253692863886982	-2.109702731250944	2.59179012079943	-20.83524499047771	41.7685711625291	-0.1663030431653895	-0.184941106220325	0.0186380630549354	0.2097610782025945	-2.928877346814324	5.355659740793995	4.341340190541454	0.2944433791794532	0.052046	0.0	52046000.0	0.026023	2026-01-24 01:53:14.879425+00:00	2026-01-24 01:53:14.882362+00:00			
