timestamp	close	high	low	open	volume	symbol	gap_apertura_pct	volatilidad_diaria	vol_5d	vol_10d	vol_rel_5d	return_pct	close_open_pct	range_pct	volume_change_pct	rsi_14	macd	macd_signal	macd_diff	atr_14	momentum_12	bb_upper	bb_lower	bb_pctb	vader	finbert	sentiment_ratio	sentiment_combined
2025-06-05 00:00:00+00:00	104.18000030517578	106.58999633789062	103.697998046875	106.06999969482422	2680300	OKTA	0.0	2.788866077924035	0.0	0.0	0.0	0.0	-1.781841609395858	2.788866077924035	0.0	0.0	0.0	0.0	0.0	0.0	0.0	0.0	0.0	0.0	0.0	0.0	0.0	0.0
2025-06-06 00:00:00+00:00	105.08000183105469	105.5250015258789	104.04000091552734	105.38999938964844	2476800	OKTA	1.161450452033203	1.4273362142290553	0.0	0.0	0.0	0.863890884279632	-0.2941432397656873	1.4273362142290553	-7.5924336827967025	0.0	0.0	0.0	0.0	0.0	0.0	0.0	0.0	0.0	0.0	0.0	0.0	0.0
2025-06-09 00:00:00+00:00	101.19999694824219	105.44999694824219	101.0999984741211	105.44999694824219	6071200	OKTA	0.35210802316350354	4.30266917880773	0.0	0.0	0.0	-3.692429401600779	-4.030346252248845	4.30266917880773	145.12273901808786	0.0	0.0	0.0	0.0	0.0	0.0	0.0	0.0	0.0	0.0	0.0	0.0	0.0
2025-06-10 00:00:00+00:00	100.77999877929688	102.27999877929688	99.72000122070312	101.68000030517578	5230900	OKTA	0.47431163182651787	2.5671856470678245	0.0	0.0	0.0	-0.4150179660184345	-0.885131317051239	2.5671856470678245	-13.840756357886413	0.0	0.0	0.0	0.0	0.0	0.0	0.0	0.0	0.0	0.0	0.0	0.0	0.0
2025-06-11 00:00:00+00:00	100.44000244140625	102.25	100.26000213623047	100.80000305175781	2838000	OKTA	0.01984944701651153	1.9848372445330473	1.082634504074931	0.0	0.7353398420496238	-0.3373648958214416	-0.3571434518377077	1.9848372445330473	-45.74547401020857	0.0	0.0	0.0	0.0	0.0	0.0	0.0	0.0	0.0	0.0	0.0	0.0	0.0
2025-06-12 00:00:00+00:00	100.18000030517578	101.04000091552734	99.56999969482422	100.12999725341797	2605600	OKTA	-0.30864713306745406	1.4763495281797592	1.184059746811106	0.0	0.6777474313955001	-0.2588631321291996	0.04993813355578179	1.4763495281797592	-8.188865398167723	0.0	0.0	0.0	0.0	0.0	0.0	0.0	0.0	0.0	0.0	0.0	0.0	0.0
2025-06-13 00:00:00+00:00	97.4800033569336	99.62000274658203	97.31999969482422	98.5199966430664	2240900	OKTA	-1.657021019217956	2.3633405866935426	1.0698717143807048	0.0	0.5901267209505652	-2.6951456777972207	-1.055616444954482	2.3633405866935426	-13.996776174393613	0.0	0.0	0.0	0.0	0.0	0.0	0.0	0.0	0.0	0.0	0.0	0.0	0.0
2025-06-16 00:00:00+00:00	99.27999877929688	99.88099670410156	98.11000061035156	98.37000274658203	2898400	OKTA	0.9130071388996658	1.8051127130083235	0.4354275622392547	0.0	0.916414776966953	1.846527862511866	0.9250747253297831	1.8051127130083235	29.340889821054038	0.0	0.0	0.0	0.0	0.0	0.0	0.0	0.0	0.0	0.0	0.0	0.0	0.0
2025-06-17 00:00:00+00:00	98.66999816894531	99.94999694824219	97.94999694824219	98.62000274658203	2465900	OKTA	-0.664782474647325	2.0418581544793932	0.3258092173613133	0.0	0.9448761571945313	-0.6144244740651301	0.05069501213841123	2.0418581544793932	-14.922025945349157	0.0	0.0	0.0	0.0	0.0	0.0	0.0	0.0	0.0	0.0	0.0	0.0	0.0
2025-06-18 00:00:00+00:00	99.0	99.69999694824219	97.77999877929688	99.23999786376953	2466000	OKTA	0.5776828878097784	1.9635898884382448	0.32512311662367555	0.8354167443910404	0.9726429382809542	0.33445002247760247	-0.24183582117664423	1.9635898884382448	0.004055314489638672	0.0	0.0	0.0	0.0	0.0	0.0	0.0	0.0	0.0	0.0	0.0	0.0	0.0
2025-06-20 00:00:00+00:00	99.41999816894531	101.32499694824219	98.86000061035156	99.08999633789062	5151400	OKTA	0.09090539180871213	2.4934213257859486	0.28612756502867354	0.8201968600257743	1.692023701601566	0.4242405746922348	0.3330324384405083	2.4934213257859486	108.89699918897	0.0	0.0	0.0	0.0	0.0	0.0	0.0	0.0	0.0	0.0	0.0	0.0	0.0
2025-06-23 00:00:00+00:00	98.66000366210938	100.06999969482422	96.74800109863281	98.80000305175781	3532600	OKTA	-0.6236120786624203	3.4336612213876023	0.6587919073275288	0.8436734477823468	1.0695578983063163	-0.7644282044186642	-0.14169978271670375	3.4336612213876023	-31.424467135147726	0.0	0.0	0.0	0.0	0.0	0.0	0.0	0.0	0.0	0.0	0.0	0.0	0.0
2025-06-24 00:00:00+00:00	98.52999877929688	100.4800033569336	98.3499984741211	99.55999755859375	3063000	OKTA	0.9122175786316334	2.16573961958217	0.6018407078932971	0.5342478319477895	0.9182260220997788	-0.13177060408160993	-1.0345508281985372	2.16573961958217	-13.29332502972315	0.0	0.0	0.0	0.0	0.0	-5.423307265625155	0.0	0.0	0.0	0.0	0.0	0.0	0.0
2025-06-25 00:00:00+00:00	98.20999908447266	99.98200225830078	97.7699966430664	99.0	2267100	OKTA	0.47701332236480415	2.262458516092467	0.5746948641600911	0.5213829223030767	0.6878295641409943	-0.3247738747475323	-0.7979807227548926	2.262458516092467	-25.984329089128305	28.202245398458473	0.0	0.0	0.0	2.432642255510603	-6.537878403949279	0.0	0.0	0.0	0.0	0.0	0.0	0.0
2025-06-26 00:00:00+00:00	98.12999725341797	98.69999694824219	95.4800033569336	98.33999633789062	3963400	OKTA	0.13236661707547226	3.372427186948526	0.6122904514171013	0.6311351421848248	1.1023223473786679	-0.08145996517714668	-0.21354392138790748	3.372427186948526	74.82246041198006	27.880477549930248	0.0	0.0	0.0	2.488881636639031	-3.0335966278678272	0.0	0.0	0.0	0.0	0.0	0.0	0.0
2025-06-27 00:00:00+00:00	98.43000030517578	99.79000091552734	97.73600006103516	98.33000183105469	3471700	OKTA	0.20381594133770586	2.1015806388735823	0.6745390331885458	0.5636784490816892	1.0650824037600166	0.30572002461496356	0.10169680896874765	2.1015806388735823	-12.406015037593985	31.05705339647173	0.0	0.0	0.0	2.457818723628542	-2.331810381609025	0.0	0.0	0.0	0.0	0.0	0.0	0.0
2025-06-30 00:00:00+00:00	99.97000122070312	100.5999984741211	98.44999694824219	99.19999694824219	2858200	OKTA	0.7822784117434542	2.1838512874807097	0.5370529374615104	0.5678291768709385	0.91471766708911	1.564564574573475	0.7762140082148278	2.1838512874807097	-17.671457787251203	44.557026195399594	0.0	0.0	0.0	2.43726011257974	-0.4679422633201447	0.0	0.0	0.0	0.0	0.0	0.0	0.0
2025-07-01 00:00:00+00:00	98.55000305175781	99.88999938964844	96.5199966430664	99.88999938964844	3006400	OKTA	-0.08002583782915834	3.4915073184724545	0.6879398528079208	0.6248943484087572	0.9656448338772259	-1.4204242788898158	-1.3414719652400842	3.4915073184724545	5.18508151983766	37.303570772321464	0.0	0.0	0.0	2.509599002940953	-1.6270685251073564	0.0	0.0	0.0	0.0	0.0	0.0	0.0
2025-07-02 00:00:00+00:00	98.13999938964844	98.76000213623047	97.16999816894531	98.29000091552734	2249900	OKTA	-0.26382762879663973	1.636311615979126	0.8265196897470409	0.6729228831279226	0.7234591243504656	-0.4160361739350163	-0.152611175584199	1.636311615979126	-25.162985630654607	35.50627916272116	0.0	0.0	0.0	2.4439136432512534	0.6770578682667836	0.0	0.0	0.0	0.0	0.0	0.0	0.0
2025-07-03 00:00:00+00:00	99.11000061035156	99.76200103759766	98.41999816894531	98.47000122070312	1765300	OKTA	0.33625619839722076	1.3635469351957263	0.8193553539757721	0.7495004409089083	0.6610867692768603	0.9883851912938144	0.6499435175328087	1.3635469351957263	-21.53873505489133	42.557592351700734	0.0	0.0	0.0	2.385205643586822	-0.1712310344838186	103.48914895978709	95.85485128435354	0.42638490983562055	0.0	0.0	0.0	0.0
2025-07-07 00:00:00+00:00	97.4000015258789	98.84600067138672	96.79000091552734	97.58000183105469	2190300	OKTA	-1.543738038416553	2.1241861105608746	0.8190467316511275	0.7562132814228035	0.9073247114771211	-1.725354731048256	-0.18446433879702637	2.1241861105608746	24.07522800657112	35.24239194586242	0.0	0.0	0.0	2.380548075818065	-1.2871153001258653	102.66150191945069	96.00449844676025	0.20962931517814887	0.0	0.0	0.0	0.0
2025-07-08 00:00:00+00:00	97.52999877929688	98.19999694824219	96.58000183105469	97.94999694824219	2520100	OKTA	0.5646770161673447	1.6773608267489188	0.8462113313327588	0.6943849875683632	1.0740282986703034	0.13346740388235911	-0.4287883430637001	1.6773608267489188	15.057298087020044	36.141048903709226	0.0	0.0	0.0	2.32622286448731	-1.4848497178819444	101.08938277616188	96.82161728487328	0.16598416568800362	0.0	0.0	0.0	0.0
2025-07-09 00:00:00+00:00	99.1500015258789	99.87999725341797	97.18000030517578	97.8499984741211	3314200	OKTA	0.32810386427703564	2.778346305580724	0.5539316814905407	0.7140560716366574	1.376351766640642	1.6610302131224022	1.3285672682985592	2.778346305580724	31.510654339113525	46.16685211159494	0.0	0.0	0.0	2.3529210133269447	-0.27157176427181023	100.7268848992441	96.97911561955472	0.5792474787839965	0.0	0.0	0.0	0.0
2025-07-10 00:00:00+00:00	94.41000366210938	98.9229965209961	94.1500015258789	98.75	4141600	OKTA	-0.4034306805073551	5.069564437346545	1.477920851549657	1.1291445680876433	1.4864156767038725	-4.780633172791586	-4.39493300039557	5.069564437346545	24.96530082674552	30.886975269713062	0.0	0.0	0.0	2.541998083803591	-4.307723334934583	101.04668169905216	96.02231930802793	-0.32089955310526136	0.0	0.0	0.0	0.0
2025-07-11 00:00:00+00:00	91.55999755859375	94.61000061035156	91.4000015258789	94.2300033569336	3073000	OKTA	-0.19065808515376934	3.512033950638152	1.332817929179526	1.1408350409669477	1.008255026510578	-3.018754361789576	-2.833498570753665	3.512033950638152	-25.80162256132896	25.435829214797423	0.0	0.0	0.0	2.5897124409942385	-7.073988944540272	101.9016759612882	94.27932455751063	-0.35675697102723564	0.0	0.0	0.0	0.0
2025-07-14 00:00:00+00:00	91.97000122070312	92.52999877929688	90.72000122070312	91.52999877929688	3086100	OKTA	-0.03276406738398754	1.9951471938259764	1.3558483503095446	1.1464205139026962	0.9563371552525566	0.44779780804056213	0.480719378645697	1.9951471938259764	0.4262935242434104	27.420342371002917	-2.054636979909475	0.0	0.0	2.5340185208227752	-6.3537296832702	102.20436976282107	93.15563084753049	-0.13102705669006356	0.0	0.0	0.0	0.0
2025-07-15 00:00:00+00:00	91.0999984741211	92.86000061035156	91.01000213623047	92.5	3249900	OKTA	0.5762735373081287	2.032741930224197	1.2756998480040593	1.1532445480459368	0.963515725060481	-0.9459636131723648	-1.5135151631123311	2.032741930224197	5.307669874599009	25.848268950681984	-2.3146000991121554	0.0	0.0	2.4851599460583698	-7.1639651238775635	102.71955951574887	92.00244060632144	-0.08420566570428796	0.0	0.0	0.0	0.0
2025-07-16 00:00:00+00:00	91.06999969482422	91.54000091552734	89.77999877929688	91.4800033569336	2155100	OKTA	0.4171294063418107	1.9603499222104273	1.3724483032349883	1.118129096148221	0.6860884901659907	-0.0329295058170575	-0.44818938244857354	1.9603499222104273	-33.68719037508846	25.793355915953768	-2.494290763512737	0.0	0.0	2.4333629596420914	-7.4773957000227185	102.88505522791591	91.01594498570712	0.0045542343119257325	0.0	0.0	0.0	0.0
2025-07-17 00:00:00+00:00	92.0999984741211	93.06500244140625	91.34500122070312	91.43000030517578	2567000	OKTA	0.3953009899614861	1.8829724645220005	0.6928088161653148	1.1016426062332352	0.9082803178804197	1.1309967966930967	0.732799044852879	1.8829724645220005	19.112802190153587	31.197951026540707	-2.5244839368340877	0.0	0.0	2.402051515852087	-7.872364359791771	102.85910153427588	90.38489870986476	0.13749173301078682	0.0	0.0	0.0	0.0
2025-07-18 00:00:00+00:00	95.43000030517578	95.875	92.30000305175781	93.0	4368800	OKTA	0.977200370021499	3.8732360022106236	0.8539257654081728	1.1150481021530725	1.4159682113710468	3.6156372271714803	2.612903553952453	3.8732360022106236	70.19088430074017	45.11549417354252	-2.2537293375363703	0.0	0.0	2.500119373711146	-3.1659083206150953	102.60200491338755	90.28499536127065	0.4177154302052866	0.0	0.0	0.0	0.0
2025-07-21 00:00:00+00:00	95.86000061035156	96.08000183105469	93.9000015258789	95.5	3215200	OKTA	0.07335187530165209	2.321619030618409	0.8323235754341903	1.1056128074441718	1.0334276163538185	0.4505923753543775	0.3769639898969241	2.321619030618409	-26.405420252700974	46.61715514508075	-1.981614121861341	0.0	0.0	2.4772537259586196	-2.3232105089429655	102.27354748655371	90.25745303224512	0.4662536233724049	0.0	0.0	0.0	0.0
2025-07-22 00:00:00+00:00	95.6500015258789	97.48999786376953	95.05000305175781	96.25	2163900	OKTA	0.4068426738632035	2.5670644225893002	0.8049572258372895	1.0475233628099028	0.7477194194885971	-0.21906851985767592	-0.6233750380478896	2.5670644225893002	-32.69781040059716	45.95585846946189	-1.7625880066680395	0.0	0.0	2.4745923749624126	-3.491069582448651	102.02558969883371	90.20441060634208	0.460663938591004	0.0	0.0	0.0	0.0
2025-07-23 00:00:00+00:00	95.62999725341797	96.69999694824219	94.08000183105469	95.77999877929688	2270100	OKTA	0.1359093061622136	2.78485870131294	0.7434841525698029	1.047510907650235	0.7782310593075077	-0.020914032558091676	-0.15661049048930403	2.78485870131294	4.907805351448773	45.88907792630264	-1.5724956588733932	0.0	0.0	2.4849782851213473	-1.8172528179998566	101.77788872749316	90.16211142509472	0.4707292233636599	0.0	0.0	0.0	0.0
2025-07-24 00:00:00+00:00	97.88999938964844	97.97000122070312	94.53500366210938	95.5	3219800	OKTA	-0.13593773622462635	3.633572143151599	0.6803251542844674	0.7610742408421809	1.0565173450235599	2.363277424594606	2.5026171619355364	3.633572143151599	41.835161446632306	54.01855245971458	-1.2253576586070665	-1.847834394947016	0.6224767363399495	2.55283680465509	0.36911782513831165	101.73883431113154	90.16916587197392	0.6673340345297455	0.0	0.0	0.0	0.0
2025-07-25 00:00:00+00:00	101.0999984741211	104.9800033569336	96.44000244140625	98.0	9545800	OKTA	0.11237165291390809	8.855247510716277	2.7408603082058463	2.109558823708217	2.337960695181927	3.2791900137779586	3.163263749103157	8.855247510716277	196.47183054848128	62.610762597081575	-0.6833509489976564	-1.6149377057571441	0.9315867567594878	2.980491384003108	1.9667139871230594	102.24459792260835	89.96040238256744	0.9068234102301302	0.0	0.0	0.0	0.0
2025-07-28 00:00:00+00:00	97.83999633789062	101.5	96.38999938964844	101.33999633789062	4127600	OKTA	0.23738661463082447	5.301380477963089	2.5959860336178084	2.1598554395184237	0.9676844592820436	-3.2245323298050717	-3.453720274796738	5.301380477963089	-56.7600410651805	51.98626248361075	-0.5109714928035771	-1.3941444631664308	0.8831729703628537	3.1325991858851405	3.6330818162629175	102.17563964344052	89.97036026500675	0.6447731206209997	0.0	0.0	0.0	0.0
2025-07-29 00:00:00+00:00	98.98999786376953	101.93499755859375	96.56999969482422	98.04000091552734	6789500	OKTA	0.20442005838389707	5.555553361006249	2.333491074158778	2.177310043514444	1.3080476865694646	1.1753899927667348	0.9689891262452337	5.555553361006249	64.49026068417483	54.89402417192018	-0.2783553128913496	-1.1709866331114147	0.8926313202200651	3.2920562343054542	8.114897884767808	102.01541520322793	90.03258436952596	0.7475206500496235	0.0	0.0	0.0	0.0
2025-07-30 00:00:00+00:00	99.7699966430664	101.31999969482422	97.69999694824219	99.63999938964844	3094600	OKTA	0.656633538646441	3.70522298838942	2.1192377633694286	2.0744351017966496	0.5778401855302813	0.7879571634806102	0.13046693518092706	3.70522298838942	-54.42079681861698	56.80479678318158	-0.03071190392343226	-0.9429316872738183	0.912219783350386	3.315480985182353	8.481021331776871	102.20157815376892	89.96842077811586	0.8012302600192205	0.0	0.0	0.0	0.0
2025-07-31 00:00:00+00:00	97.80000305175781	100.1500015258789	97.31600189208984	100.08000183105469	3566100	OKTA	0.3107198540833321	2.9121620069550134	2.288250901897379	1.9783899139474823	0.657379551386984	-1.974535088295505	-2.278176196624923	2.9121620069550134	15.23621792800362	50.935924101327714	0.006510217231067372	-0.7530433063728412	0.7595535236039086	3.2810894600828324	7.354560581622841	102.16349153993423	89.97250775816147	0.6420724884647582	0.0	0.0	0.0	0.0
2025-08-01 00:00:00+00:00	95.12999725341797	97.27999877929688	94.47000122070312	96.41000366210938	2890600	OKTA	-1.4212672252298608	2.9744866330942084	1.264418323700159	2.012529660308889	0.7061128373492799	-2.7300671932768963	-1.32766970238636	2.9744866330942084	-18.942261854687192	44.261311948772786	-0.17739325828159735	-0.6379132967545925	0.46052003847299516	3.2845832008665363	4.458106480947416	101.81221686354354	89.9257820988588	0.43782810048486365	0.0	0.0	0.0	0.0
2025-08-04 00:00:00+00:00	97.72000122070312	97.73999786376953	95.3499984741211	96.18000030517578	1608400	OKTA	1.1037559992361783	2.506554198107414	1.2115410169521235	1.9955470712256478	0.44804225257950214	2.7225943887979023	1.6011654300696347	2.506554198107414	-44.357572822251434	50.97270516062832	-0.11284559916158798	-0.5328997572359916	0.4200541580744036	3.236398730115467	6.102066058297687	101.84631281884508	89.9236861130397	0.6539091846151014	0.0	0.0	0.0	0.0
2025-08-05 00:00:00+00:00	95.9800033569336	98.0999984741211	95.58000183105469	97.72000122070312	1640100	OKTA	0.0	2.6365312772442735	0.46563253557037954	1.9898093850440923	0.6406740730323911	-1.780595417553978	-1.780595417553978	2.6365312772442735	1.9709027605073364	46.88808733370852	-0.19979133001884009	-0.4662780717925613	0.2664867417737212	3.1852271524691056	0.576341873623553	101.72136751826056	89.89363187138787	0.5145846734539581	0.0	0.0	0.0	0.0
2025-08-06 00:00:00+00:00	97.75	97.83000183105469	95.5	95.87000274658203	1680400	OKTA	-0.11460784174229356	2.4397924932509816	0.23944070614307422	2.0176879029094295	0.7379496908375491	1.8441306325902955	1.9609859179700446	2.4397924932509816	2.4571672458996403	51.174272054521225	-0.12443806694136583	-0.3979100708223222	0.2734720038809564	3.1241396295109327	1.971624637611721	101.52320876947729	89.95179046758327	0.673919940405258	0.0	0.0	0.0	0.0
2025-08-07 00:00:00+00:00	93.58000183105469	98.3499984741211	90.86199951171875	98.19999694824219	4279100	OKTA	0.46035493426310736	8.2410677760141	2.5136256374757107	2.401143755819716	1.7684277519713025	-4.265982781529731	-4.704679491611939	8.2410677760141	154.64770292787432	42.4770360958341	-0.3966319390678734	-0.3976544444714325	0.001022505403559082	3.435843867574605	-2.1641397405144454	101.53089897655559	89.8611000773995	0.318677449867977	0.0	0.0	0.0	0.0
2025-08-08 00:00:00+00:00	91.55000305175781	93.58000183105469	90.93000030517578	93.0999984741211	2432300	OKTA	-0.5129336904696488	2.9143313724679123	2.518462730920287	1.8873327334597756	1.044775478295233	-2.1692655904856117	-1.6648715872902313	2.9143313724679123	-43.15860811852959	39.00198726811925	-0.7673064487511425	-0.47158484532737455	-0.29572160342376796	3.379712271739198	-4.266437643878873	101.53181760362327	89.85918199964823	0.14485340838822947	0.0	0.0	0.0	0.0
2025-08-11 00:00:00+00:00	88.51000213623047	92.43000030517578	88.23999786376953	91.0199966430664	3891800	OKTA	-0.578925604613871	4.748416299686498	2.440625895730723	1.8500534421689752	1.3975451927289442	-3.3205907309568063	-2.757629751052227	4.748416299686498	60.00493360194055	34.45594478883348	-1.2914839131461804	-0.6355646588911358	-0.6559192542550446	3.43759014100113	-9.582181338137667	101.9640289324783	89.08097076234591	-0.044319339288489544	0.0	0.0	0.0	0.0
2025-08-12 00:00:00+00:00	89.33000183105469	89.4000015258789	87.23999786376953	88.48500061035156	4943000	OKTA	-0.028247119280852655	2.475932731546314	2.4671926519400467	1.7925037945381395	1.434699824689724	0.9264486216621184	0.9549654911843569	2.475932731546314	27.010637751169124	36.6025070854894	-1.6220334162828465	-0.8328584103694779	-0.7891750059133685	3.346333963937433	-11.64193552987957	102.15855730401431	88.70944272650327	0.0461412608967647	0.0	0.0	0.0	0.0
2025-08-13 00:00:00+00:00	90.9800033569336	91.94999694824219	88.81999969482422	89.62999725341797	2277800	OKTA	0.33582829532528996	3.523978005147823	2.321099012760852	1.7917372750219005	0.6389699281867145	1.847085516688414	1.5061989790077157	3.523978005147823	-53.91867287072628	40.80358678555016	-1.7309021825872435	-1.0124671648130312	-0.7184350177742123	3.3308813417574714	-7.011440349267831	102.16584247169556	88.69315792503295	0.16973940301059984	0.0	0.0	0.0	0.0
2025-08-14 00:00:00+00:00	88.61000061035156	90.74500274658203	88.37000274658203	89.7249984741211	3523900	OKTA	-1.3794293652516731	2.6875635692925903	0.9146713573297754	1.8018238773604078	1.0322635451818523	-2.6049710476312193	-1.2426836252230467	2.6875635692925903	54.706295548336115	37.009943865274096	-1.9855328917258817	-1.2070803101956014	-0.7784525815302803	3.279389860942764	-10.485905119124224	102.48967410241174	88.02032650793983	0.04075333034621566	0.0	0.0	0.0	0.0
2025-08-15 00:00:00+00:00	92.0199966430664	92.33999633789062	89.10399627685547	89.37999725341797	2104600	OKTA	0.8689726190752943	3.6317114790009692	0.9010881267358917	1.791882091331391	0.6285727939024317	3.8483196131661943	2.953680320847718	3.6317114790009692	-40.27639830869207	44.941720142310054	-1.890380255059796	-1.3437402991684402	-0.5466399558913557	3.3115759942710707	-7.7678663533748775	102.4541099110231	87.71489033311752	0.2920850922393704	0.0	0.0	0.0	0.0
2025-08-18 00:00:00+00:00	91.37999725341797	92.7699966430664	90.7699966430664	91.5999984741211	2102000	OKTA	-0.4564205436503445	2.203371239358499	0.6393165082646796	1.814495896392937	0.7029489074528636	-0.6955003401390155	-0.24017600913528392	2.203371239358499	-0.12353891475814882	43.826287089647195	-1.8453417559337169	-1.4440605905214956	-0.40128116541222125	3.2178919946802798	-6.56442290185026	102.39275275401423	87.32824715443303	0.26896004466934387	0.0	0.0	0.0	0.0
2025-08-19 00:00:00+00:00	91.1500015258789	92.5	90.11100006103516	92.05999755859375	2477800	OKTA	0.7441456835350765	2.6511745928318353	0.6142597801573129	1.8136822853062315	0.992223352367833	-0.2516915456904982	-0.9884814869082039	2.6511745928318353	17.878211227402474	43.409320080942315	-1.8073728843886556	-1.5167230492949277	-0.2906498350937279	3.1586854192720346	-4.18374418422057	102.32713368256599	86.94386622588128	0.27342275052039583	0.0	0.0	0.0	0.0
2025-08-20 00:00:00+00:00	91.02999877929688	91.79000091552734	89.7699966430664	91.05000305175781	1853400	OKTA	-0.10970759456619715	2.2501997861185807	0.5741146775208413	1.8275354906898296	0.7682996592520126	-0.13165413557119976	-0.021970644470561934	2.2501997861185807	-25.19977399305836	43.17849097151009	-1.7666012196930723	-1.5666986833745569	-0.1999025363185154	3.0773510516426703	-6.846093284727564	102.2382359714397	86.57276408959544	0.28452604066572773	0.0	0.0	0.0	0.0
2025-08-21 00:00:00+00:00	89.77999877929688	90.41999816894531	88.33000183105469	90.29000091552734	2713800	OKTA	-0.8129164821408636	2.3661228286715974	0.5914634353193534	0.8028095553085627	1.2059618187635537	-1.3731736974210418	-0.5648489656209127	2.3661228286715974	46.42279054710262	40.747876475638634	-1.814240499835364	-1.6162070466667184	-0.19803345316864562	3.0503971871140645	-6.459683643247997	101.90852302452654	86.09147697547346	0.23319915693387253	0.0	0.0	0.0	0.0
2025-08-22 00:00:00+00:00	92.05000305175781	93.3030014038086	89.77999877929688	90.11000061035156	2741700	OKTA	0.36756720376653135	3.9240395103726797	0.7174402587831514	0.8599476446308106	1.153069721668475	2.52840755549709	2.152926898530493	3.9240395103726797	1.0280787088215786	46.62406187213919	-1.6498066548521138	-1.6229269683037977	-0.026879686548316073	3.084154718356754	-5.831198924032929	100.7865757369246	86.30842472083906	0.3965684792581411	0.0	0.0	0.0	0.0
2025-08-25 00:00:00+00:00	91.3499984741211	95.0	91.26000213623047	94.54000091552734	5447600	OKTA	2.705049191980425	4.0981785845090855	0.8844119547271442	0.7320058891680712	1.7879390585717756	-0.760461221541862	-3.374235678563782	4.0981785845090855	98.69424079950396	45.137483528379036	-1.558016324892094	-1.609944839621457	0.05192851472936311	3.1310006573148095	-2.3829913585164766	100.24181161052412	86.20418906086259	0.3665727152196849	0.0	0.0	0.0	0.0
2025-08-26 00:00:00+00:00	91.55999755859375	93.38999938964844	90.80999755859375	92.36499786376953	12491700	OKTA	1.1111104615245075	2.841098888247388	0.8664705107229357	0.7128559449164481	2.473780309091341	0.22988405909185397	-0.8715426014117251	2.841098888247388	129.30648358910346	45.69685955069525	-1.4515935886988842	-1.5782745894369425	0.12668100073805832	3.0916435982962294	0.010916992356938647	99.3793733443148	86.32362729655433	0.40107782756218996	0.0	0.0	0.0	0.0
2025-08-27 00:00:00+00:00	93.02999877929688	98.87000274658203	92.16999816894531	97.43000030517578	15004000	OKTA	6.411099719422259	7.269181632569611	1.9148002053754511	1.5271348472177961	1.9537068866735419	1.6055059631935864	-4.516064366311168	7.269181632569611	20.111754204791982	49.57280711137804	-1.2344065203581067	-1.5095009756211755	0.27509445526306875	3.39295514041709	5.1067636809108174	98.22344994275035	86.80555091174183	0.5451482668265679	0.0	0.0	0.0	0.0
2025-08-28 00:00:00+00:00	92.58999633789062	93.9800033569336	90.45999908447266	91.94000244140625	7085900	OKTA	-1.1716611331754585	3.8912274022619813	1.6762120572034582	1.5127880142152457	0.8283552602353469	-0.47296834051358627	0.7069761575203556	3.8912274022619813	-52.773260463876305	48.457897680539844	-1.0852783109114625	-1.424656442679233	0.33937813176777043	3.4020300784202218	3.6493836785108327	97.42454118497338	87.0834589981321	0.5324914008289606	0.0	0.0	0.0	0.0
2025-08-29 00:00:00+00:00	92.7699966430664	95.66000366210938	90.6500015258789	92.58999633789062	8811200	OKTA	0.0	5.526753504576837	1.7141203048064013	1.64249608813854	0.9020401143315779	0.19440578064060218	0.19440578064060218	5.526753504576837	24.34835377298579	48.96358155546136	-0.9417131274744577	-1.3280677796382778	0.38635465216382014	3.516885225406668	1.9674579249137796	97.14377179336945	87.12822832870087	0.5633012661038084	0.0	0.0	0.0	0.0
2025-09-02 00:00:00+00:00	89.5	91.63999938964844	88.45999908447266	91.18499755859375	5111700	OKTA	-1.7085255382415911	3.5948455099339536	1.7738939404178509	1.5581948002924324	0.5269304909853725	-3.5248429033017588	-1.8478890209006176	3.5948455099339536	-41.98633557290721	41.07874200047652	-1.0793559424339492	-1.2783254121974121	0.19896946976346297	3.573536106348602	1.0044006133823076	96.14716903754294	87.30283096245705	0.2484266226471236	0.0	0.0	0.0	0.0
2025-09-03 00:00:00+00:00	89.81999969482422	90.25	88.16999816894531	89.58999633789062	3446000	OKTA	0.10055456747555866	2.359081177555579	1.9034212992840422	1.5854817435762505	0.43665798250326926	0.35754155846281427	0.25672883841420313	2.359081177555579	-32.58602813154137	42.06200586494064	-1.1493683609212582	-1.2525340019421813	0.10316564102092318	3.466855086684751	-2.3907813828506095	95.45196165865613	87.38203797513293	0.302104680948719	0.0	0.0	0.0	0.0
2025-09-04 00:00:00+00:00	89.73999786376953	90.8499984741211	88.27999877929688	89.37999725341797	2904500	OKTA	-0.48987134591540715	2.9111913574549417	1.2036950301713358	1.5257865075711718	0.5308067092359819	-0.08906906181975585	0.4027753651981632	2.9111913574549417	-15.713871154962275	41.873868007330316	-1.1975050928581794	-1.241528220125381	0.04402312726720159	3.402793987266142	-1.7947028222164836	93.87664036546383	88.1563590547022	0.27684631629707074	0.0	0.0	0.0	0.0
2025-09-05 00:00:00+00:00	91.4800033569336	91.94999694824219	90.02999877929688	90.29000091552734	3279800	OKTA	0.6128850733791511	2.132620454268885	1.3642324277742077	1.553040937611715	0.6962535876229132	1.938940867600076	1.3179781031562743	2.132620454268885	12.921328972284385	47.38603793723583	-1.082768417936876	-1.20977625968768	0.12700784175080404	3.317594351352322	0.36204259520609533	93.5316072524807	88.2913923202732	0.6084885978745829	0.0	0.0	0.0	0.0
2025-09-08 00:00:00+00:00	92.68000030517578	92.7300033569336	90.80999755859375	91.16999816894531	2351100	OKTA	-0.33887754330169123	2.114311033981682	0.6317487476244713	1.646697041296233	0.6877336469101567	1.3117587496800582	1.6562489487301664	2.114311033981682	-28.315750960424417	50.84788285407533	-0.884809518148046	-1.1447829113797532	0.2599733932317072	3.2177665975657166	1.8125909568331984	93.68759074497078	88.24840855312493	0.8147533205808907	0.0	0.0	0.0	0.0
2025-09-09 00:00:00+00:00	93.8499984741211	93.94999694824219	91.88099670410156	92.30999755859375	3059200	OKTA	-0.3992260955585778	2.2518260775987695	0.32687423161091017	1.6965878168320414	1.016980705556959	1.2624063067466056	1.6682926619620249	2.2518260775987695	30.1178171919527	54.02421204740425	-0.6262970274215576	-1.0410857345881142	0.4147887071665566	3.135711858035353	4.533303352820667	93.98524549331482	88.48475343856994	0.9754118326419435	0.0	0.0	0.0	0.0
2025-09-10 00:00:00+00:00	90.20999908447266	94.33999633789062	89.6500015258789	93.97000122070312	2899100	OKTA	0.12786654079181653	5.231449784925967	1.3283535466307184	1.7622475544695264	1.0001241918902695	-3.8785289811721824	-4.00127922463204	5.231449784925967	-5.233394351464435	44.40906885263409	-0.7069917848309331	-0.974266944636678	0.2672751598057449	3.246732069033665	-1.9989178775480974	93.9323804203592	88.62561823686737	0.29855885619558187	0.0	0.0	0.0	0.0
2025-09-11 00:00:00+00:00	91.95999908447266	92.13999938964844	89.77999877929688	90.77999877929688	2193700	OKTA	0.6318586637945434	2.628648521318286	1.3352540342436758	1.2678550837861704	0.7958049467093282	1.9399179888709452	1.299846134658563	2.628648521318286	-24.33168914490704	49.099480416118176	-0.622556147076665	-0.9039247851246754	0.2813686380480105	3.1833941076992294	0.6677620367168063	93.99365095216905	88.66234727781142	0.618545107929642	0.0	0.0	0.0	0.0
2025-09-12 00:00:00+00:00	90.33999633789062	92.47000122070312	90.25	91.95999908447266	1810700	OKTA	0.0	2.4598351475934903	1.297453944832829	1.2699976711404029	0.7352320161120044	-1.7616384979450994	-1.7616384979450994	2.4598351475934903	-17.459087386607102	45.28995174223013	-0.6785392010184523	-0.858847668303431	0.18030846728497862	3.1145803300566506	-1.3324609580973243	93.82146744876232	89.00753035397204	0.27679339336623204	0.0	0.0	0.0	0.0
2025-09-15 00:00:00+00:00	90.91000366210938	91.80599975585938	89.91999816894531	90.80000305175781	1700400	OKTA	0.5091949662546646	2.097421736342306	1.300151112814536	0.9775515620954078	0.728965712374926	0.6309578783762648	0.12114604257101177	2.097421736342306	-6.091566797371183	46.85247595613786	-0.6691972578611711	-0.820917586214979	0.1517203283538079	3.026824705546466	-2.278829565737121	93.75873972374909	88.95925878088958	0.4064491357387385	0.0	0.0	0.0	0.0
2025-09-16 00:00:00+00:00	89.91999816894531	91.0	89.29000091552734	90.86000061035156	2287800	OKTA	-0.055002804689857694	1.915107029834615	1.35199547635529	0.965865906753388	1.0502492723817218	-1.0889951086611709	-1.0345613417254993	1.915107029834615	34.54481298517996	44.4765515581814	-0.7332266892255461	-0.8033794068170925	0.0701527175915464	2.9327657326126224	-2.883678879521317	93.76622005386152	88.80577854232989	0.22462105923941986	0.0	0.0	0.0	0.0
2025-09-17 00:00:00+00:00	90.0	91.72799682617188	88.9000015258789	90.12999725341797	2569600	OKTA	0.23353991186487963	3.181097021094804	0.49414840803448346	0.9770390503693585	1.2164132472401583	0.08897000965722535	-0.14423306044541004	3.181097021094804	12.317510271876912	44.72050734558851	-0.7686544259741623	-0.7964344106485065	0.02777998467434417	2.9252821303040757	-2.985875545219646	93.77120048667092	88.68579795693259	0.25842635570778166	0.0	0.0	0.0	0.0
2025-09-18 00:00:00+00:00	93.5999984741211	94.0	90.5999984741211	90.94000244140625	3154100	OKTA	1.0444471571180556	3.7527611292952505	0.7705254982137946	1.0326450737277726	1.3686581153559092	3.999998304578993	2.925001057074648	3.7527611292952505	22.746731008717312	54.42455065671081	-0.5004722397251271	-0.7372419764638307	0.2367697367387036	3.002047692425213	4.581003881699546	94.09856846404288	88.61542994904305	0.9090721511853316	0.0	0.0	0.0	0.0
2025-09-19 00:00:00+00:00	93.37000274658203	94.1500015258789	92.0199966430664	94.0	5822800	OKTA	0.42735206452968083	2.3147195832602687	0.7835727241531689	1.021575258054323	1.87412695449542	-0.24572193513726676	-0.670209844061669	2.3147195832602687	84.61050695919596	53.77506176040299	-0.30300184141660225	-0.6503939494543851	0.34739210803778287	2.939758920310019	3.952352553795853	94.3114536909726	88.76154511884187	0.830366404751579	0.0	0.0	0.0	0.0
2025-09-22 00:00:00+00:00	92.37999725341797	94.3499984741211	91.4000015258789	92.5999984741211	2522900	OKTA	-0.8246805717151217	3.227567723187541	0.7456071044371861	0.9996119203691536	0.7711894456263908	-1.0603035922051565	-0.23758231568935576	3.227567723187541	-56.672047812049186	50.956183681662026	-0.2238103511262466	-0.5650772297887575	0.34126687866251093	2.9404902080194595	2.9418313488887176	94.34384895922118	88.76214927075928	0.6481624208728487	0.0	0.0	0.0	0.0
2025-09-23 00:00:00+00:00	92.19999694824219	94.19999694824219	91.87000274658203	92.4000015258789	2157100	OKTA	0.02165433324928721	2.5361860585628886	0.5779132127854599	0.9828373904313703	0.6646843126983638	-0.1948477057019196	-0.21645516702800327	2.5361860585628886	-14.499187443021919	50.4384842103376	-0.17357418961789506	-0.486776621754585	0.31320243213668997	2.8968833504223666	0.7870502458327936	94.39855045923638	88.7924476181562	0.6078285444776865	0.0	0.0	0.0	0.0
2025-09-24 00:00:00+00:00	89.87000274658203	93.80000305175781	89.81999969482422	92.30000305175781	3193800	OKTA	0.10846649330342698	4.431088143460479	0.8707023880526996	0.7883478425711522	0.9476757642115757	-2.5271087622357866	-2.6327196368705894	4.431088143460479	48.05989522970655	44.18121596024813	-0.3181058035016946	-0.45304245810400695	0.13493665460231236	2.9742490651731686	-3.0319352064534075	94.41336934020741	88.60862925598398	0.2173005978383607	0.0	0.0	0.0	0.0
2025-09-25 00:00:00+00:00	91.19000244140625	91.44999694824219	88.89900207519531	89.45999908447266	2796900	OKTA	-0.45621859305547696	2.869542754697194	0.8325875403238182	0.784352007138268	0.8478794676690817	1.4687878652306168	1.9338289454933228	2.869542754697194	-12.427202705241406	48.10875500834761	-0.32241856460984764	-0.4269176794051751	0.10449911479532747	2.9440166228784332	-2.834305888079829	94.23840223847726	88.59959672392507	0.45938908706747533	0.0	0.0	0.0	0.0
2025-09-26 00:00:00+00:00	91.16000366210938	91.69000244140625	89.5999984741211	90.76000213623047	2409900	OKTA	-0.4715432543738291	2.3325937532117322	0.8285311598082652	0.7928846965902281	0.9211733406724463	-0.03289700459888746	0.4407244562186162	2.3325937532117322	-13.836747827952376	48.02605006952358	-0.3245162878765626	-0.40643740109945264	0.08192111322289003	2.8830157189074845	1.0531034112384086	94.11657047785732	88.5784292169669	0.46614456430954443	0.0	0.0	0.0	0.0
2025-09-29 00:00:00+00:00	93.86000061035156	94.70999908447266	91.84500122070312	92.0	2842300	OKTA	0.9214527250395111	3.119383554565974	0.8250998190200987	0.7473982120538039	1.0605597014925374	2.96182189532364	2.021739793860394	3.119383554565974	17.942653222125397	55.449478013278416	-0.10707724000207008	-0.34656536887997613	0.23948812887790605	2.9306571262971843	2.066117382334467	94.31982520502292	88.4841748865298	0.9212042241094912	0.0	0.0	0.0	0.0
2025-09-30 00:00:00+00:00	91.69999694824219	94.08999633789062	90.3949966430664	94.08999633789062	2349200	OKTA	0.2450412593686867	4.087615279653464	0.8703933593081813	0.7226795840809639	0.8641784566034681	-2.3013036949321672	-2.5401206107667473	4.087615279653464	-17.348626112655243	49.373843913086276	-0.10780674260483636	-0.29881364362494817	0.1910069010201118	2.9852530240491153	1.5054246905931605	94.29759559072943	88.72640419564752	0.5337444976705831	0.0	0.0	0.0	0.0
2025-10-01 00:00:00+00:00	91.69000244140625	92.94999694824219	90.77999877929688	91.37999725341797	1889900	OKTA	-0.34896369190157633	2.390392375110054	0.7111949890559804	0.7651913879712434	0.768989762536417	-0.010899135407363923	0.3392484102714129	2.390392375110054	-19.55133662523412	49.34690093502097	-0.10794700595738504	-0.26064031609143556	0.15269331013405052	2.9270205343988436	0.8579900427635477	94.28100714779795	88.9299929132372	0.5157918493923819	0.0	0.0	0.0	0.0
2025-10-02 00:00:00+00:00	94.91999816894531	95.48999786376953	91.7699966430664	92.0	3451400	OKTA	0.3380930857667404	4.0536137700558434	0.8559819897799329	0.798621734467662	1.3333384842420823	3.5227349127874272	3.1739110532014267	4.0536137700558434	82.62341922853061	57.431559130577554	0.1508367432533504	-0.17834490422247837	0.3291816474758288	2.9893758835391604	5.560498333869846	94.76125240283102	88.96774768872172	1.0274006450236743	0.6934	-0.17213964465310028	-0.24825410498845585	0.08752224874282982
2025-10-03 00:00:00+00:00	93.30000305175781	95.26000213623047	93.0	94.83000183105469	2012200	OKTA	-0.09481283146512831	2.4301098239037295	0.8321502015328497	0.7861690248029313	0.8019928258270227	-1.7066952680552294	-1.6134121583406265	2.4301098239037295	-41.699020687257345	52.873401560386306	0.2226382269533076	-0.09814827798732119	0.32078650494062877	2.9372777587313967	3.666670057508681	94.91195338961194	88.99904667142323	0.7273844464862602	0.9356	5.794599928776734e-07	6.193452047161914e-07	0.280680405621995
2025-10-06 00:00:00+00:00	93.70999908447266	96.37000274658203	90.58000183105469	93.6500015258789	3406200	OKTA	0.37513232869556656	6.392140426676702	1.6359081730988658	1.2944508266827461	1.2991936775778288	0.4394383915372437	0.06406573157093916	6.392140426676702	69.27740781234469	53.87124204652907	0.30906199910629084	-0.016706222568598793	0.3257682216748896	3.1410436985025356	0.11752202152222888	95.04684877264955	88.96715116631529	0.7801124702675883	0.7845	-3.972608464408722e-09	-5.063866667357623e-09	0.23534999721917405
2025-10-07 00:00:00+00:00	90.88999938964844	94.58000183105469	90.06999969482422	94.18000030517578	2480500	OKTA	0.5015486343986126	5.007218998014087	1.7161100256211776	1.3328830383944892	0.9367305629824323	-3.0092836648970587	-3.4933116424576376	5.007218998014087	-27.17691268862662	46.56769459170061	0.1482936170281306	0.016293745350747086	0.1319998716773835	3.238826444054531	-2.6561029066954576	94.81251896081604	88.90548106970154	0.3359582851046306	0.68515	-0.49999934467201657	-0.7297651826707054	-0.14445454127041155
2025-10-08 00:00:00+00:00	92.62999725341797	93.30999755859375	90.94999694824219	91.6500015258789	1772200	OKTA	0.8361779528375992	2.5948330836059195	1.6683126831483048	1.3491014108146149	0.6752524290341018	1.9143996869337658	1.0692806450879813	2.5948330836059195	-28.554726869582748	50.98344006465409	0.15944877556356118	0.04492475139330991	0.11452402417025127	3.180338710118158	0.2706213546577587	94.8504975782412	89.10950226917092	0.6132203206445698	0.3753	0.6665842533111572	1.7761323665835083	0.57919897731781
2025-10-09 00:00:00+00:00	93.63999938964844	94.4000015258789	90.9749984741211	93.25	2242600	OKTA	0.6693325758024393	3.7647739590037967	1.6751161512278177	1.3301412329908784	0.9411853580331887	1.090361833291753	0.41822990847017427	3.7647739590037967	26.543279539555353	53.39126915683392	0.24694146305485276	0.08532809372561848	0.16161336932923429	3.1978147345209904	1.5618248254548386	95.02416419337872	89.10383568455096	0.7662013515523055	0.4767	0.11159186065196991	0.234091937403047	0.22112430245637893
2025-10-10 00:00:00+00:00	89.3499984741211	93.44400024414062	88.55000305175781	93.20500183105469	3508400	OKTA	-0.46454246201312704	5.526817643949998	1.4948702248791106	1.3702866598827361	1.3081380174348802	-4.581376488135248	-4.136047724049459	5.526817643949998	56.443413894586634	43.59539454809299	-0.029546578047373373	0.06235315937102011	-0.09189973741839348	3.332970563333107	-0.5786182892719611	95.1179649742617	88.91103511729105	0.07072149467535378	-0.875	-0.9995855689048767	-1.1423822017401999	-0.9622098982334137
2025-10-13 00:00:00+00:00	90.13999938964844	90.66500091552734	88.94000244140625	90.0999984741211	1995676	OKTA	0.8393956494775167	1.9395080130085718	1.5287910106857026	1.4937166528194068	0.8315749085619119	0.8841644421025434	0.04439613341262485	1.9395080130085718	-43.11720442366891	45.57564955629149	-0.18281153347801649	0.013320220801212791	-0.19613175427922927	3.2181154141036776	-1.1514453598490553	95.1515838077711	88.80041585653554	0.21091924247607022	0.0	0.0	0.0	0.0
