timestamp	close	high	low	open	volume	symbol	gap_apertura_pct	volatilidad_diaria	vol_5d	vol_10d	vol_rel_5d	return_pct	close_open_pct	range_pct	volume_change_pct	rsi_14	macd	macd_signal	macd_diff	atr_14	momentum_12	bb_upper	bb_lower	bb_pctb	vader	finbert	sentiment_ratio	sentiment_combined	download_date	added_date	target_category	target	target_num
2025-06-05	33.7599983215332	34.154998779296875	33.439998626708984	33.970001220703125	12541200	PINS	0.0	2.138158438848769	0.0	0.0	0.0	0.0	-0.6182010351001547	2.138158438848769	0.0	0.0	0.0	0.0	0.0	0.0	0.0	0.0	0.0	0.0	0.0	0.0	0.0	0.0	0	0	Medium	1.3033248319968145	2
2025-06-06	34.20000076293945	34.5	33.73500061035156	34.470001220703125	8110300	PINS	2.1030892608695995	2.2676726717286555	0.0	0.0	0.0	1.3033248319968145	-0.7832911174993117	2.2676726717286555	-35.33074984849935	0.0	0.0	0.0	0.0	0.0	0.0	0.0	0.0	0.0	0.0	0.0	0.0	0.0	0	0	Negative	-0.1754426080482302	0
2025-06-09	34.13999938964844	34.97999954223633	34.119998931884766	34.540000915527344	9883100	PINS	0.9941524707693252	2.5205176942367995	0.0	0.0	0.0	-0.1754426080482302	-1.1580819782175713	2.5205176942367995	21.858624218586243	0.0	0.0	0.0	0.0	0.0	0.0	0.0	0.0	0.0	0.0	0.0	0.0	0.0	0	0	High	2.84124557130847	3
2025-06-10	35.11000061035156	35.20000076293945	34.529998779296875	34.95000076293945	10773200	PINS	2.3725875447338627	1.9403475451157293	0.0	0.0	0.0	2.84124557130847	0.4577964060640915	1.9403475451157293	9.00628345357226	0.0	0.0	0.0	0.0	0.0	0.0	0.0	0.0	0.0	0.0	0.0	0.0	0.0	0	0	Negative	-1.0253506240197063	0
2025-06-11	34.75	35.39799880981445	34.54999923706055	34.9900016784668	9200100	PINS	-0.3417799196773185	2.454412710505323	0.2359335607532122	0.0	0.9107585150045836	-1.0253506240197063	-0.6859150241610201	2.454412710505323	-14.601975271971188	0.0	0.0	0.0	0.0	0.0	0.0	0.0	0.0	0.0	0.0	0.0	0.0	0.0	0	0	Negative	-2.100718107154901	0
2025-06-12	34.02000045776367	34.54999923706055	33.935001373291016	34.380001068115234	6304300	PINS	-1.064745127725944	1.8122818296202376	0.3121607122742201	0.0	0.7120123783063405	-2.100718107154901	-1.0471221616262103	1.8122818296202376	-31.47574482886056	0.0	0.0	0.0	0.0	0.0	0.0	0.0	0.0	0.0	0.0	0.0	0.0	0.0	0	0	Negative	-0.5291014190292391	0
2025-06-13	33.84000015258789	34.130001068115234	33.26300048828125	33.52000045776367	6869000	PINS	-1.4697236721697209	2.606501419315536	0.3633614672585883	0.0	0.7981696363209597	-0.5291014190292391	0.9546530144813964	2.606501419315536	8.9573782973526	0.0	0.0	0.0	0.0	0.0	0.0	0.0	0.0	0.0	0.0	0.0	0.0	0.0	0	0	High	4.078017322377877	3
2025-06-16	35.220001220703125	35.290000915527344	34.20500183105469	34.21500015258789	8294100	PINS	1.1081560233720098	3.1720480233612696	0.547337472653306	0.0	1.0007190998221556	4.078017322377877	2.937311306834	3.1720480233612696	20.74683360023293	0.0	0.0	0.0	0.0	0.0	0.0	0.0	0.0	0.0	0.0	0.0	0.0	0.0	0	0	Negative	-1.9307219807137923	0
2025-06-17	34.540000915527344	35.25	34.45000076293945	35.02000045776367	7667500	PINS	-0.5678613174547197	2.322203829734507	0.4914577913042978	0.0	1.0000652145558888	-1.9307219807137923	-1.3706440204512214	2.322203829734507	-7.554767847023788	0.0	0.0	0.0	0.0	0.0	0.0	0.0	0.0	0.0	0.0	0.0	0.0	0.0	0	0	Medium	0.6948403514999358	2
2025-06-18	34.779998779296875	35.060001373291016	34.5	34.56999969482422	7306700	PINS	0.0868522828654273	1.6231923863507698	0.6226112267247644	0.4444553636803218	1.0025218431682472	0.6948403514999358	0.6074604753441669	1.6231923863507698	-4.705575480925987	0.0	0.0	0.0	0.0	0.0	0.0	0.0	0.0	0.0	0.0	0.0	0.0	0.0	0	0	Negative	-1.6101137959990206	0
2025-06-20	34.220001220703125	35.0099983215332	33.98500061035156	34.959999084472656	10862500	PINS	0.5175397110218651	3.0160296977291634	0.6160688236975186	0.4957993774179713	1.3247015839101657	-1.6101137959990206	-2.1166987504247343	3.0160296977291634	48.66492397388698	0.0	0.0	0.0	0.0	0.0	0.0	0.0	0.0	0.0	0.0	0.0	0.0	0.0	0	0	Negative	-0.6429024338258179	0
2025-06-23	34.0	34.33000183105469	33.35499954223633	34.02000045776367	7187100	PINS	-0.5844557446083681	2.9231068871212136	0.6394140402139619	0.5228378619364631	0.8697320047727498	-0.6429024338258179	-0.0587902924589984	2.9231068871212136	-33.83567318757193	0.0	0.0	0.0	0.0	0.0	0.0	0.0	0.0	0.0	0.0	0.0	0.0	0.0	0	0	Very High	5.117651995490579	4
2025-06-24	35.7400016784668	35.775001525878906	34.0620002746582	34.45000076293945	9268400	PINS	1.3235316557042738	5.029068279631127	1.2724780434447491	0.973677947790298	1.095757610150335	5.117651995490579	3.74455990408888	5.029068279631127	28.958829013092902	0.0	0.0	0.0	0.0	0.0	5.864939145067091	0.0	0.0	0.0	0.0	0.0	0.0	0.0	0	0	Negative	-1.1191983970160402	0
2025-06-25	35.34000015258789	36.25	35.314998626708984	36.0	7649000	PINS	0.727471486633564	2.647604161547008	1.2381079599897895	0.9382223340251205	0.9046996122884914	-1.1191983970160402	-1.8333329094780817	2.647604161547008	-17.472271373699883	59.839229683194965	0.0	0.0	0.0	0.960714612688337	3.333331474319113	0.0	0.0	0.0	0.0	0.0	0.0	0.0	0	0	Negative	-0.5942249110524646	0
2025-06-26	35.130001068115234	35.70000076293945	34.220001220703125	35.61000061035156	8595200	PINS	0.7640080831858745	4.324954673996117	1.033604986521607	1.0501716494537645	0.9865433793518232	-0.5942249110524646	-1.347934664445908	4.324954673996117	12.370244476402144	57.49692042680715	0.0	0.0	0.0	0.9978063933703364	2.899829221341388	0.0	0.0	0.0	0.0	0.0	0.0	0.0	0	0	High	2.334186364624021	3
2025-06-27	35.95000076293945	36.084999084472656	35.25	35.689998626708984	21660400	PINS	1.5940721365420514	2.3687917290004434	1.1564050084930786	0.9967020873520868	1.9923068574193203	2.334186364624021	0.7285013904032303	2.3687917290004434	152.00577066269545	63.5042505634347	0.0	0.0	0.0	0.9947486521551282	2.392481167716732	0.0	0.0	0.0	0.0	0.0	0.0	0.0	0	0	Negative	-0.2503481242778471	0
2025-06-30	35.86000061035156	36.290000915527344	35.4900016784668	36.15999984741211	11133600	PINS	0.5841420862753987	2.254153843971043	1.267247892534839	1.0182843271282924	0.9547461179351908	-0.2503481242778471	-0.8296439113011145	2.254153843971043	-48.59928717844546	62.46077399489855	0.0	0.0	0.0	0.9808379796483724	3.1942463607239207	0.0	0.0	0.0	0.0	0.0	0.0	0.0	0	0	Negative	-0.5019528781709538	0
2025-07-01	35.68000030517578	36.44499969482422	35.4900016784668	36.0	8239400	PINS	0.3904054301884881	2.6908931281816684	0.8408477044065777	1.018944953303472	0.7192515049513247	-0.5019528781709538	-0.8888880411783854	2.6908931281816684	-25.995185744054037	60.32577585316888	0.0	0.0	0.0	0.978992267984733	4.879482143079403	0.0	0.0	0.0	0.0	0.0	0.0	0.0	0	0	Low	0.1681652824490356	1
2025-07-02	35.7400016784668	36.08000183105469	34.810001373291016	35.099998474121094	8626800	PINS	-1.6255656560926424	3.6483780742913634	0.8957766120995088	1.018797781305946	0.7404292134291414	0.1681652824490356	1.8233710318180545	3.6483780742913634	4.701798674660776	60.80669783484976	0.0	0.0	0.0	0.9997785672546572	5.614661694183252	0.0	0.0	0.0	0.0	0.0	0.0	0.0	0	0	Negative	-0.1678829615924898	0
2025-07-03	35.68000030517578	36.09000015258789	35.68000030517578	35.88999938964844	4177600	PINS	0.4196913937808056	1.1491027015283806	0.8982729724219168	1.1004633569320434	0.3879801923555568	-0.1678829615924898	-0.5851186627025275	1.1491027015283806	-51.574164232392086	60.0231426318516	0.0	0.0	0.0	0.9576515158373324	1.306073448408225	36.35092755367505	33.419073285558355	0.7711594140965796	0.0	0.0	0.0	0.0	0	0	Negative	-0.0280328927828451	0
2025-07-07	35.66999816894531	36.29999923706055	35.369998931884766	35.63999938964844	7938400	PINS	-0.112110188299357	2.629347846367674	0.9019456641127376	1.1068161598717023	0.9894355839843652	-0.0280328927828451	0.0841716605236196	2.629347846367674	90.02297970126388	59.88461077070152	0.0	0.0	0.0	0.9556764293615074	3.27156115653136	36.38854150419631	33.572459319778304	0.7448429100447229	0.0	0.0	0.0	0.0	0	0	Low	0.252313308684848	1
2025-07-08	35.7599983215332	36.165000915527344	35.40999984741211	35.970001220703125	6711300	PINS	0.841051491892137	2.13216908039725	0.9109960799019456	1.1380835963364648	0.940129155168308	0.252313308684848	-0.5838278900281251	2.13216908039725	-15.457774866471832	60.76215941773405	0.0	0.0	0.0	0.9413424749867736	2.817710111075916	36.45776125602927	33.65923932380472	0.7506673339017179	0.0	0.0	0.0	0.0	0	0	Low	0.3635376795780023	1
2025-07-09	35.88999938964844	36.06999969482422	35.0	35.25	7561100	PINS	-1.4261698698853211	3.057141985212054	0.9491358793102994	0.8634884832134802	1.0796882496744271	0.3635376795780023	1.8156011053856385	3.057141985212054	12.662226394290228	62.053440977648286	0.0	0.0	0.0	0.9505322764037342	4.880181500212696	36.52326410672823	33.768736473105754	0.7701004305239135	0.0	0.0	0.0	0.0	0	0	Negative	-0.2507666595665891	0
2025-07-10	35.79999923706055	35.9900016784668	35.03499984741211	35.900001525878906	4921000	PINS	0.0278688670954773	2.7258508212187977	0.7430204515756297	0.8634135844426868	0.7858662254786103	-0.2507666595665891	-0.2785578957323208	2.7258508212187977	-34.916877173956166	60.56738328431625	0.0	0.0	0.0	0.9508515303073738	5.294115403119255	36.58669308470897	33.77430735779592	0.7202752666107722	0.0	0.0	0.0	0.0	0	0	Negative	-1.0614555201494338	0
2025-07-11	35.41999816894531	35.79999923706055	35.30500030517578	35.709999084472656	4121000	PINS	-0.2513970796254137	1.4020646582807077	0.6437492271197933	0.7369564811456845	0.6593009266369734	-1.0614555201494338	-0.8121000362989125	1.4020646582807077	-16.25685836212152	54.61973047160796	0.0	0.0	0.0	0.9182906304200448	-0.8953651216929996	36.60945530958271	33.818544949816705	0.5738103388110531	0.0	0.0	0.0	0.0	0	0	Medium	1.5810316268790778	2
2025-07-14	35.97999954223633	36.59999847412109	35.43000030517578	35.43000030517578	6650100	PINS	0.0282386695300232	3.3022810016018727	0.7653391045690853	0.7890311824820354	1.1096631013365816	1.5810316268790778	1.5523545930655849	3.3022810016018727	61.371026449890806	60.73848231172755	0.4183232342770324	0.0	0.0	0.9369841786168824	1.810977325651119	36.63150876962251	33.99249139822416	0.7531243126903079	0.0	0.0	0.0	0.0	0	0	Medium	1.5286249140023445	2
2025-07-15	36.52999877929688	37.040000915527344	36.27999877929688	36.380001068115234	11239400	PINS	1.1117329932407338	2.094824040248192	0.7702840430845452	0.7961048161840614	1.629248012617199	1.5286249140023445	0.4123081549689981	2.094824040248192	69.01099231590503	65.63877564023653	0.4618861164349965	0.0	0.0	0.9457711210936064	3.985191200157169	36.684276105807726	34.20872392470986	0.9376796305532028	0.0	0.0	0.0	0.0	0	0	Negative	-1.2318559082384288	0
2025-07-16	36.08000183105469	36.880001068115234	35.35499954223633	36.880001068115234	9310500	PINS	0.9581229140820928	4.313397102599551	1.1174110340906884	0.985858998331885	1.2844903702886157	-1.2318559082384288	-2.169195265431241	4.313397102599551	-17.161948146698222	59.1354558863749	0.4548557277652492	0.0	0.0	0.9871447214354134	0.3616163153166087	36.75231365402299	34.22668643752974	0.7338040156607961	0.0	0.0	0.0	0.0	0	0	Low	0.0	1
2025-07-17	36.08000183105469	36.40499877929688	35.900001525878906	36.10499954223633	8213400	PINS	0.0692841183841755	1.4066775263336495	1.274458060587763	0.9873341076478064	1.0387662390222183	0.0	-0.0692361487289255	1.4066775263336495	-11.783470275495407	59.1354558863749	0.4441640474369279	0.0	0.0	0.952705616577025	0.6135003261534193	36.77497472222946	34.35802546087601	0.7124586344085693	0.0	0.0	0.0	0.0	0	0	High	2.8547636558331244	3
2025-07-18	37.11000061035156	37.25	35.939998626708984	36.459999084472656	11534600	PINS	1.0532074116772867	3.64496778894555	1.181003223835969	0.9445440933640314	1.228444236176195	2.8547636558331244	1.7827798743849246	3.64496778894555	40.43636009447975	67.64509703327968	0.5128908210559473	0.0	0.0	0.9782267420565958	4.007848354665916	37.00922933190761	34.35677103430333	1.037991654208086	0.0	0.0	0.0	0.0	0	0	High	2.398273713313221	3
2025-07-21	38.0	38.900001525878906	37.75	38.84000015258789	13915900	PINS	4.661814911837424	3.046361657957368	1.1675190244441942	0.9516856343922192	1.2834278357171052	2.398273713313221	-2.1627192309161765	3.046361657957368	20.644842473947943	72.89702979902478	0.6318887765293439	0.0	0.0	1.0362106115902203	6.323442124779873	37.37586989200299	34.368130352137634	1.2075080304410106	0.0	0.0	0.0	0.0	0	0	Low	0.2894752903988487	1
2025-07-22	38.11000061035156	38.63999938964844	37.709999084472656	38.060001373291016	7046400	PINS	0.1578983507658306	2.4661902088422885	1.1139768363413325	0.9347624951197028	0.704346991651473	0.2894752903988487	0.1313695093443541	2.4661902088422885	-49.36439612242112	73.47022518931735	0.7266947586914796	0.0	0.0	1.0286241611320464	6.810538913653772	37.6246121654847	34.53038813969108	1.156869199133818	0.0	0.0	0.0	0.0	0	0	Negative	-0.8396738118584532	0
2025-07-23	37.790000915527344	38.380001068115234	37.54999923706055	38.380001068115234	6083200	PINS	0.7084766555745828	2.210391073018996	0.8477548320461477	0.94176878443726	0.6500048083601355	-0.8396738118584532	-1.5372593438462463	2.210391073018996	-13.669391462306994	68.90486704177032	0.7671644869101186	0.0	0.0	1.0144368518408065	5.943377783595539	37.88741961190981	34.47258061697202	0.9714719503534768	0.0	0.0	0.0	0.0	0	0	Negative	-0.3175515842147649	0
2025-07-24	37.66999816894531	38.2400016784668	37.630001068115234	37.90999984741211	7014200	PINS	0.3175414897528088	1.6210486129069763	0.7776917809912299	0.996563798313462	0.7691970268213352	-0.3175515842147649	-0.6330827734972422	1.6210486129069763	15.30444502893214	67.21802076057045	0.7805560550246184	0.6211080602431669	0.1594479947814515	0.985548548877289	5.341163134960176	38.0752330717002	34.517766958817376	0.88608889307831	0.0	0.0	0.0	0.0	0	0	Medium	0.6371162467022665	2
2025-07-25	37.90999984741211	37.91999816894531	37.34999847412109	37.709999084472656	4253700	PINS	0.1061877288869103	1.526103662947041	0.6271441598337729	0.9813324679991932	0.5551190967128994	0.6371162467022665	0.5303653349114102	1.526103662947041	-39.35587807590316	68.85994372930986	0.8012982316869	0.6571460945319135	0.1441521371549864	0.9558664878734988	5.628310092271247	38.26173644955572	34.60926345889154	0.9036990545740766	0.0	0.0	0.0	0.0	0	0	Medium	1.6090757394007311	2
2025-07-28	38.52000045776367	38.56999969482422	37.7599983215332	37.84000015258789	5783700	PINS	-0.1846470459139219	2.1451308508906903	0.4033139860420182	0.9522965409121392	0.958162697308258	1.6090757394007311	1.7970409683766235	2.1451308508906903	35.96868608505536	72.614350517409	0.8570786383684421	0.6971326032992192	0.1599460350692229	0.9454475511176073	7.59776893483101	38.58661639530872	34.541383482620965	0.9835322368370668	0.0	0.0	0.0	0.0	0	0	Negative	-0.5192127740464322	0
2025-07-29	38.31999969482422	39.18999862670898	37.81999969482422	39.09999847412109	9616600	PINS	1.5057061512586682	3.622419203964845	0.8385383562350475	1.0101974588763778	1.468120446759528	-0.5192127740464322	-1.994881866333375	3.622419203964845	66.27072635164342	69.64934807577383	0.8750594814500516	0.7327179789293857	0.1423415025206659	0.9757726497438324	8.187469440417699	38.819614577582975	34.55438520879398	0.8828633024018098	0.0	0.0	0.0	0.0	0	0	Negative	-0.0521932618031134	0
2025-07-30	38.29999923706055	38.72999954223633	37.994998931884766	38.400001525878906	6247400	PINS	0.2087730472124537	1.9344667219736704	0.8487587884446333	0.8250954729525457	0.9490029043979148	-0.0521932618031134	-0.2604226167828791	1.9344667219736704	-35.03525154420481	69.34441323893317	0.8775793706359849	0.7616902572707056	0.1158891133652793	0.9585746469300986	6.4480259153444655	39.00819279719059	34.62780688237484	0.8383262173922339	0.0	0.0	0.0	0.0	0	0	Medium	0.7832878408265058	2
2025-07-31	38.59999847412109	39.93000030517578	38.137001037597656	39.09999847412109	14505300	PINS	2.088770895552473	4.701468963987186	1.3315197494805784	1.032767365936121	1.7949127248698855	0.7832878408265058	-1.2787724284207642	4.701468963987186	132.1813874571822	71.36923951710716	0.89348430135189	0.7880490660869426	0.1054352352649474	1.0181764055478149	5.66657477141051	39.22326341161883	34.698735947512034	0.8622475070729214	0.0	0.0	0.0	0.0	0	0	Negative	-2.176166284439238	0
2025-08-01	37.7599983215332	37.90999984741211	37.04999923706055	37.27000045776367	11850700	PINS	-3.4455908521579253	2.321189279516413	1.1826017878933257	0.980544389091974	1.2343527686407507	-2.176166284439238	1.3147245982055265	2.321189279516413	-18.300896913541948	59.515574190473096	0.8287547129444945	0.796190195458453	0.0325645174860415	1.0561637506558663	4.656309327103507	39.27272718188209	34.85727197888451	0.6574013797440589	0.0	0.0	0.0	0.0	0	0	High	3.469283452123375	3
2025-08-04	39.06999969482422	39.27999877929688	37.88999938964844	38.11000061035156	8681200	PINS	0.926912882352448	3.668512568063522	1.1195900356104769	1.0331936307194252	0.8527500333980338	3.469283452123375	2.51902143557536	3.668512568063522	-26.745255554524206	68.3454533414413	0.8730976838514408	0.8115716931370507	0.0615259907143901	1.0892949440207105	8.287133348191762	39.50947989683293	34.960519416521564	0.9033888722685434	0.0	0.0	0.0	0.0	0	0	Negative	-0.4863031179755918	0
2025-08-05	38.880001068115234	39.130001068115234	38.290000915527344	38.88999938964844	11645600	PINS	-0.4607123280823232	2.193784623931033	1.1812612339215114	1.0413082159073863	1.1000903076126674	-0.4863031179755918	-0.0257092355107221	2.193784623931033	34.147352900520666	66.09385332912697	0.8827329109629858	0.8258039367022378	0.0569289742607479	1.0714881732040804	4.769605035441426	39.66739965617097	35.114599931841724	0.82705178445517	0.0	0.0	0.0	0.0	0	0	Medium	0.5658369340588009	2
2025-08-06	39.09999847412109	39.275001525878906	38.65999984741211	38.790000915527344	10867300	PINS	-0.2314818675807549	1.5907958636682844	1.2632855846673448	1.0842477001032145	0.9441599580191868	0.5658369340588009	0.7991687323463125	1.5907958636682844	-6.68321082640654	67.43176552142216	0.8977718943817479	0.84019752823814	0.0575743661436078	1.0388819950085602	2.8947328266344385	39.834587623496766	35.26841187296319	0.8391237680043655	0.0	0.0	0.0	0.0	0	0	Low	0.1790273594781754	1
2025-08-07	39.16999816894531	39.83000183105469	38.52999877929688	39.83000183105469	25282300	PINS	1.8670163310025811	3.374002317530124	0.8656847530143903	1.0619930660390708	1.8500931548390025	0.1790273594781754	-1.6570515485007655	3.374002317530124	132.6456433520746	67.86624959446293	0.904907576198596	0.8531395378302313	0.0517680383683647	1.0575334990620775	2.7814157481431003	39.95814132073341	35.48185806891503	0.8239291154178126	0.0	0.0	0.0	0.0	0	0	Negative	-10.31400890907639	0
2025-08-08	35.130001068115234	36.369998931884766	33.099998474121094	33.290000915527344	37478600	PINS	-15.01148207374627	9.879155916941476	3.317874006423388	2.4313979772061467	1.9944973657602043	-10.31400890907639	5.52718564729647	9.879155916941476	48.24046862824981	37.101991092130014	0.5779069020435941	0.798093010672904	-0.2201861086293098	1.4155667987593736	-7.038898605369324	40.00594634598632	35.40505333357912	-0.0597823650152595	0.0	0.0	0.0	0.0	0	0	Negative	-2.6757825585704778	0
2025-08-11	34.189998626708984	35.31999969482422	34.1150016784668	35.27000045776367	17724000	PINS	0.3985180341355128	3.532164611083722	3.3232866991400885	2.3818457159128377	0.8604067271339776	-2.6757825585704778	-3.062097581620406	3.532164611083722	-52.7090126098627	33.31757721515628	0.2401380092795619	0.6865020103942355	-0.4463640011146735	1.4005261714449484	-9.238119754158092	40.28738381649104	34.944615771521654	-0.141240858382987	0.0	0.0	0.0	0.0	0	0	Medium	1.813403835874066	2
2025-08-12	34.810001373291016	34.94499969482422	33.90999984741211	34.20500183105469	12890600	PINS	0.0438818512674134	3.052196555792957	3.2198523407681585	2.39023605545466	0.6182968991623402	1.813403835874066	1.7687458261939035	3.052196555792957	-27.270367862784923	37.82246739895752	0.0222265544563953	0.5536469192066675	-0.5314203647502722	1.3744171482997456	-8.177257944074384	40.4361235397006	34.62387630771151	0.0320229092381204	0.0	0.0	0.0	0.0	0	0	High	2.78654802567781	3
2025-08-13	35.779998779296875	35.80799865722656	34.81999969482422	34.81999969482422	11444800	PINS	0.02872255426245	2.837446786506445	2.9997495673434877	2.335719356712944	0.5459247874696027	2.78654802567781	2.757033580949038	2.837446786506445	-11.215924782399576	44.17652763936793	-0.0713763769567989	0.4286422599739742	-0.5000186369307733	1.3475300151308744	-7.11319222716819	40.45381864278731	34.576180899449014	0.2048132144945928	0.0	0.0	0.0	0.0	0	0	Medium	1.5930679549213025	2
2025-08-14	36.34999847412109	36.400001525878906	35.388999938964844	35.45000076293945	10089500	PINS	-0.9222974500165894	2.85682440492167	3.058138567123388	2.321962816760539	0.5628573819419264	1.5930679549213025	2.538780512869606	2.85682440492167	-11.842059275828325	47.56737454638439	-0.0984285398505946	0.3232281000090605	-0.4216566398596551	1.3234922702582452	-5.140921806868424	40.44320870803816	34.613790498504805	0.2978355494853514	0.0	0.0	0.0	0.0	0	0	Negative	-1.5680872592883754	0
2025-08-15	35.779998779296875	36.6150016784668	35.7599983215332	36.34999847412109	8599900	PINS	0.0	2.390949096937585	0.412902582804602	2.318027037784416	0.7078246813105773	-1.5680872592883754	-1.5680872592883754	2.390949096937585	-14.763863422369791	44.64681224873449	-0.1639716227322694	0.2257881554607945	-0.3897597781930639	1.2900287764493417	-6.579635791024306	40.471029731170965	34.45296929226654	0.2205078364536863	0.0	0.0	0.0	0.0	0	0	Medium	0.8943535655159686	2
2025-08-18	36.09999847412109	36.3849983215332	35.65999984741211	35.880001068115234	7163400	PINS	0.2794921526834232	2.0330860269863624	0.4141560586035775	2.3649794836309237	0.7136538070701878	0.8943535655159686	0.6131477130901006	2.0330860269863624	-16.703682600960477	46.6280209393695	-0.1879273772805731	0.143045048912521	-0.3309724261930942	1.249669469140181	-6.476684193850669	40.42171435891578	34.312284511933825	0.2926155151892592	0.0	0.0	0.0	0.0	0	0	Negative	-2.43766562496894	0
2025-08-19	35.220001220703125	36.47999954223633	35.119998931884766	36.11000061035156	7627200	PINS	0.027706749731987	3.872439213307732	0.6910534883976512	2.331231444704803	0.8488852482370539	-2.43766562496894	-2.4646894893524416	3.872439213307732	6.474579110478265	42.1591680740931	-0.2747537194098228	0.0594852952480522	-0.3342390146578751	1.257550264940994	-6.726687536375252	40.39413507185488	34.05086386002989	0.1843114257031534	0.0	0.0	0.0	0.0	0	0	Medium	0.7382121309535054	2
2025-08-20	35.47999954223633	35.56999969482422	34.70000076293945	35.0	7276600	PINS	-0.6246485323055675	2.5072014776839664	0.7020529746854756	2.26302558175316	0.89268977294475	0.7382121309535054	1.371427263532366	2.5072014776839664	-4.596706524019299	43.87080557624372	-0.3189083524724267	-0.0161934342960435	-0.3027149181763832	1.229868026865549	-9.188636244252324	40.35488501272256	33.85911378183311	0.2495293788511816	0.0	0.0	0.0	0.0	0	0	Negative	-1.719280209193356	0
2025-08-21	34.869998931884766	35.45000076293945	34.69499969482422	35.2599983215332	5764800	PINS	-0.6200710922818072	2.1761091648831026	0.7369546391848539	2.309517241351505	0.7911747671683332	-1.719280209193356	-1.1060675218758187	2.1761091648831026	-20.776186680592584	40.81882235230441	-0.3985291723361541	-0.0926605819040656	-0.3058685904320884	1.198091728333161	-10.313791219308882	40.34454317411883	33.589455696730774	0.1895672320218613	0.0	0.0	0.0	0.0	0	0	High	2.122172931270574	3
2025-08-22	35.61000061035156	35.775001525878906	34.81999969482422	35.0	7218500	PINS	0.3728163811222912	2.7426819052977844	0.7292402429117056	0.5762099286420792	1.0297285345430165	2.122172931270574	1.74285888671875	2.7426819052977844	25.21683319456009	45.749404107648175	-0.3973370406441603	-0.1535958736520846	-0.2437411669920756	1.1807281642418412	-8.92582608687167	40.24984304688925	33.45415590025431	0.3172371922925815	0.0	0.0	0.0	0.0	0	0	Negative	-0.2808264170298538	0
2025-08-25	35.5099983215332	35.650001525878906	35.290000915527344	35.5099983215332	7752400	PINS	-0.2808264170298538	1.0201207169511997	1.028457472078366	0.7445790755874812	1.0876134625906648	-0.2808264170298538	0.0	1.0201207169511997	7.396273464016071	45.20134445314992	-0.3998523674505421	-0.2028471724117761	-0.1970051950387659	1.1221047675353928	-9.343885673994809	40.05686637826514	33.346132355255364	0.3224484771499469	0.0	0.0	0.0	0.0	0	0	Medium	1.548868143494931	2
2025-08-26	36.060001373291016	36.09999847412109	35.40999984741211	35.47999954223633	8506600	PINS	-0.0844798105177149	1.948598219944372	0.6654867223465348	0.743479514047345	1.1646845879804704	1.548868143494931	1.6347289699489371	1.948598219944372	9.728600175429545	48.83196586960133	-0.35339145563497	-0.2329560290564149	-0.120435426578555	1.0912400431906488	2.64731077967393	39.8696283921454	33.30737050922178	0.4194639883373312	0.0	0.0	0.0	0.0	0	0	Low	0.2773113430748807	1
2025-08-27	36.15999984741211	36.5	35.85499954223633	36.0	7152400	PINS	-0.1663931530947127	1.7989135852696827	0.6257327936618328	0.7540268295721317	0.9826156006231676	0.2773113430748807	0.4444440205891927	1.7989135852696827	-15.919403757082735	49.48724312063971	-0.3049861170389221	-0.2473620466529163	-0.0576240703860057	1.059365787088722	5.761922491462676	39.67068232871375	33.29231663368859	0.4495952961681367	0.0	0.0	0.0	0.0	0	0	Medium	1.4933653700388232	2
2025-08-28	36.70000076293945	37.15999984741211	36.2599983215332	36.2599983215332	6010300	PINS	0.2765444539354731	2.482078233700401	0.6684320384440414	0.7342468104180894	0.820178383305768	1.4933653700388232	1.213465145542911	2.482078233700401	-15.968066662938316	52.988442218521946	-0.2205090850821278	-0.2419914543387586	0.0214823692566308	1.0551253737252415	5.42947232141908	39.42734294696211	33.34565624432207	0.5515483915278422	0.0	0.0	0.0	0.0	0	0	Negative	-0.1907348593161505	0
2025-08-29	36.630001068115234	37.060001373291016	36.45000076293945	36.630001068115234	5154900	PINS	-0.1907348593161505	1.6735270166901637	0.5268638229844191	0.7587123996909568	0.7454318816772036	-0.1907348593161505	0.0	1.6735270166901637	-14.232234663827098	52.48063235861762	-0.1573944734770904	-0.225072058166425	0.0676775846893345	1.023330747769979	2.3756353208994243	39.30800547385791	33.351993992084466	0.5503695024870433	0.0	0.0	0.0	0.0	0	0	Low	0.272996099386243	1
2025-09-02	36.72999954223633	36.79999923706055	35.60599899291992	35.86000061035156	6370500	PINS	-2.1021032905017374	3.353368190506454	0.6888244235210919	0.8327740865980829	0.959565834304874	0.272996099386243	2.4260984859928487	3.353368190506454	23.581446778792998	53.17105693588266	-0.0981749482329803	-0.1996926361797361	0.1015176879467557	1.035521426082168	1.0453950043100506	38.92302596080607	33.50297348987752	0.5953864966561775	0.0	0.0	0.0	0.0	0	0	Medium	1.061800692918528	2
2025-09-03	37.119998931884766	37.46500015258789	36.67499923706055	36.880001068115234	4582300	PINS	0.4083896753290656	2.1540584375228504	0.6721797252064031	0.6405459025073349	0.7827532251011261	1.061800692918528	0.6507534078599104	2.1540584375228504	-28.07001020328075	55.86438940568695	-0.0195480190443149	-0.1636637127526519	0.144115693708337	1.0179842467568234	3.745109553674008	38.58573454967832	33.66426468738224	0.70217523243966	0.0	0.0	0.0	0.0	0	0	Low	0.0	1
2025-09-04	37.119998931884766	37.387001037597656	36.4900016784668	37.150001525878906	6163800	PINS	0.0808259559737472	2.45820585878512	0.6132589573259655	0.6379954983486202	1.0897114045074925	0.0	-0.0807606803817777	2.45820585878512	34.51323571132401	55.86438940568694	0.0422770453518666	-0.1224755611317482	0.1647526064836148	1.0093424690692545	2.825486152014339	38.134054078111554	33.91794520472536	0.7594807969433806	0.0	0.0	0.0	0.0	0	0	High	2.2090509655695625	3
2025-09-05	37.93999862670898	38.16999816894531	37.17399978637695	37.66999816894531	8405100	PINS	1.4816790217849845	2.6792876426855736	0.6241532156996377	0.6571425900972829	1.3699529934868924	2.2090509655695625	0.7167519800578325	2.6792876426855736	36.36230896524871	61.29295136790787	0.1556467774960879	-0.0668510934061809	0.2224978709022689	1.0122465239257754	7.722877091801392	37.74901573154808	34.17998359706521	1.0535111167298503	0.0	0.0	0.0	0.0	0	0	Low	0.0263630379349422	1
2025-09-08	37.95000076293945	38.41999816894531	37.60100173950195	38.0	9319100	PINS	0.1581480639505953	2.178123963604294	0.4910540519802596	0.6320800945663377	1.3373831829349498	0.0263630379349422	-0.1315769396330181	2.178123963604294	10.87435009696494	61.35538927756153	0.2434933559693917	-0.0047822035310664	0.2482755595004581	0.99844294574846	6.961672076017843	38.04305970039596	34.16793959769974	0.9759855346440084	0.0	0.0	0.0	0.0	0	0	Negative	-3.820818797862764	0
2025-09-09	36.5	38.56999969482422	35.09000015258789	38.20000076293945	22049500	PINS	0.6587615150831317	9.917354024233818	3.383344315714749	2.456206810442865	2.1822631918574498	-3.820818797862764	-4.45026368844669	9.917354024233818	136.60546619308732	49.01230775473896	0.1938745932741667	0.0349491558299802	0.1589254374441865	1.1756969883547363	4.674508511741818	37.9524947830239	34.4895046524009	0.5805662943767631	0.0	0.0	0.0	0.0	0	0	Negative	-3.3150659848565924	0
2025-09-10	35.290000915527344	36.09999847412109	34.47999954223633	36.06999969482422	16404200	PINS	-1.1780830278788528	4.698372834664161	3.247977358349538	2.4712920881121083	1.3156683247328835	-3.3150659848565924	-2.16245851371271	4.698372834664161	-25.60284813714597	41.50809442202208	0.0562659537313763	0.0392125154102594	0.0170534383211169	1.2360043790268034	-0.8986231096306054	37.90961366026324	34.58038572938519	0.2131470721967055	0.0	0.0	0.0	0.0	0	0	Negative	-0.9351142603951847	0
2025-09-11	34.959999084472656	35.279998779296875	34.43000030517578	35.27000045776367	13487500	PINS	-0.0566745742272616	2.4687727754487283	3.246412236876804	2.433691267008849	0.9680199927080014	-0.9351142603951847	-0.8789378204353774	2.4687727754487283	-17.780202631033514	39.72183192300256	-0.078513222789212	0.0156673677703651	-0.0941805905595771	1.209146966978572	-1.5488574008944074	37.9507726782652	34.45722674190082	0.1439146219142193	0.0	0.0	0.0	0.0	0	0	Low	0.2002279652670495	1
2025-09-12	35.029998779296875	35.29499816894531	34.849998474121094	34.970001220703125	6136400	PINS	0.028610230241428	1.2769001845284629	3.482949461023008	2.513090767357748	0.4552448413646365	0.2002279652670495	0.1715686488401662	1.2769001845284629	-54.50305838739574	40.30862977230523	-0.1776306848887117	-0.0229922427614502	-0.1546384421272614	1.1545650189675467	-2.8563576116695457	37.95601631484418	34.31998313583942	0.195272047449192	0.0	0.0	0.0	0.0	0	0	High	3.5112748646833287	3
2025-09-15	36.2599983215332	36.27999877929688	35.22999954223633	35.2400016784668	7724300	PINS	0.599494451864029	2.9804122926590937	3.389033779227119	2.453199203987797	0.5869359395397398	3.5112748646833287	2.894428474700298	2.9804122926590937	25.87673554527084	49.594089645495856	-0.1551429132510833	-0.0494223768593768	-0.1057205363917064	1.1613818033270082	0.2765444539354731	37.97313860384167	34.35086080106556	0.5270544183564507	0.0	0.0	0.0	0.0	0	0	Negative	-0.0275739713072892	0
2025-09-16	36.25	36.4900016784668	35.529998779296875	36.41999816894531	7078800	PINS	0.4412571837243924	2.70195027343854	1.2321049540372502	2.4636878281672163	0.6963046318009412	-0.0275739713072892	-0.4667714922903728	2.70195027343854	-8.35674430045441	49.52664652993308	-0.1365538652441742	-0.0668486745363363	-0.0697051907078379	1.1469975958872165	-1.2261600915111552	37.98079188538143	34.358207672113686	0.5222217667038933	0.0	0.0	0.0	0.0	0	0	Medium	0.6620735957704741	2
2025-09-17	36.4900016784668	37.040000915527344	36.150001525878906	36.27999877929688	8246300	PINS	0.0827552532327782	2.4619622464228907	0.6510672985999947	2.448941863275115	0.9662130653125022	0.6620735957704741	0.5788393225904752	2.4619622464228907	16.492908402554104	51.240748276009015	-0.1012881938483118	-0.0737365783987314	-0.0275516154495804	1.1286405811558748	-0.3821987047941985	37.99506815306993	34.470931450201554	0.572926193987275	0.0	0.0	0.0	0.0	0	0	Negative	-0.5206972668306913	0
2025-09-18	36.29999923706055	37.04999923706055	35.97999954223633	36.7400016784668	8363000	PINS	0.6851191792285615	2.973873564306647	0.705576928081961	2.432700558959757	1.1136174791205045	-0.5206972668306913	-1.19761138079679	2.973873564306647	1.4151801413967475	49.79888641612803	-0.0876610028230189	-0.0765214632835889	-0.0111395395394299	1.1244519464178997	-1.1707059911103948	38.00190510405765	34.54609446869626	0.5075234014322296	0.0	0.0	0.0	0.0	0	0	Negative	-1.3498564023915105	0
2025-09-19	35.810001373291016	36.45000076293945	35.44499969482422	36.20000076293945	11906200	PINS	-0.2754778959306427	2.8353817936750825	0.2164975719488404	2.42781790258054	1.3742595559413278	-1.3498564023915105	-1.0773463575385005	2.8353817936750825	42.36757144565348	46.18920890673169	-0.1150735915475138	-0.0842318889363739	-0.0308417026111399	1.115919740824852	-3.5290883520702594	37.94138133470376	34.70061848219077	0.3423215278587869	0.0	0.0	0.0	0.0	0	0	Negative	-1.3962579749380473	0
2025-09-22	35.310001373291016	36.150001525878906	35.19499969482422	35.66999816894531	7163800	PINS	-0.3909611811691381	2.7134588416977032	0.1892194287789588	2.402443250213287	0.8377126205327178	-1.3962579749380473	-1.0092425403254268	2.7134588416977032	-39.831348373116526	42.78147971196017	-0.1751253509009203	-0.1024105813292832	-0.072714769571637	1.1044256044126974	-4.876071149449916	37.95768259721867	34.65431729596981	0.1984897271498609	0.0	0.0	0.0	0.0	0	0	Negative	-0.1132849446944542	0
2025-09-23	35.27000045776367	35.71500015258789	34.88999938964844	35.5099983215332	8429500	PINS	0.5664031165783755	2.3645766046766505	0.2540383816586227	0.8426723039141182	0.9555349499419616	-0.1132849446944542	-0.6758599693427667	2.3645766046766505	17.66799743153075	42.51126240385037	-0.2233696758392369	-0.1266024002312739	-0.0967672756079629	1.0844666871646085	-7.037422945676338	37.97191985464153	34.61608025216999	0.1948603875799291	0.0	0.0	0.0	0.0	0	0	Negative	-6.4360658585248105	0
2025-09-24	33.0	35.314998626708984	32.89500045776367	35.150001525878906	18708400	PINS	-0.3402294593913205	7.356735477333485	2.085069134790189	1.6028785053496128	1.714137021746022	-6.4360658585248105	-6.1166470342710655	7.356735477333485	121.93961682187556	30.671694984144366	-0.4397050703465339	-0.189222934254326	-0.2504821360922079	1.1798617930060875	-13.04348000902661	38.35027927202971	33.93172069745272	-0.2108653040866197	0.0	0.0	0.0	0.0	0	0	Medium	1.3636386755741003	2
2025-09-25	33.45000076293945	33.73500061035156	32.380001068115234	32.380001068115234	12114400	PINS	-1.8787846420750476	4.18468035064583	2.0572112130528284	1.629717502332453	1.038573581631726	1.3636386755741003	3.3045079046580184	4.18468035064583	-35.246199568108445	34.56242434971875	-0.5682902323004342	-0.2650363938635476	-0.3032538384368866	1.192371632236819	-8.356162293316567	38.50663920742373	33.50436085361143	-0.0108670663299951	0.0	0.0	0.0	0.0	0	0	Low	0.4484236405394313	1
2025-09-26	33.599998474121094	34.119998931884766	33.150001525878906	33.5099983215332	8787800	PINS	0.1793648945450058	2.9260855546224347	2.0459449291163643	1.4928736395724196	0.7959401419102636	0.4484236405394313	0.268577013118074	2.9260855546224347	-27.45988245393912	35.85465970585528	-0.6505917214600743	-0.3421474593828529	-0.3084442620772213	1.1764877589346077	-4.788898831290937	38.53758352743791	33.163416304715405	0.0812371761637369	0.0	0.0	0.0	0.0	0	0	Negative	-0.8333297381323742	0
2025-09-29	33.31999969482422	34.130001068115234	33.119998931884766	33.84000015258789	9419300	PINS	0.71429074216074	3.049523456530475	2.0018918446515546	1.4911319705762425	0.8196483081967442	-0.8333297381323742	-1.5366443718053742	3.049523456530475	7.186098909852295	34.48564243111946	-0.7299948794468918	-0.4197169433956607	-0.3102779360512311	1.1645959287414551	-4.691073891866424	38.5607639386199	32.80923575620432	0.0888049093076662	0.0	0.0	0.0	0.0	0	0	Negative	-3.4513851633004142	0
2025-09-30	32.16999816894531	33.720001220703125	31.96500015258789	33.59000015258789	12669300	PINS	0.810325510914133	5.490383418543952	1.8554527507446312	1.6109678884466991	1.0266988875058347	-3.4513851633004142	-4.227454531682032	5.490383418543952	34.5036255348062	29.503031973525523	-0.8756243143562799	-0.5108984175877845	-0.3647258967684953	1.2067677244110109	-8.164432515030104	38.66865441001231	32.24534514748281	-0.0117302430037168	0.0	0.0	0.0	0.0	0	0	Negative	-0.994708752531076	0
2025-10-01	31.850000381469727	32.20500183105469	31.280000686645508	31.86000061035156	12380000	PINS	-0.9636231776133696	2.957164719002369	1.1193669639029498	1.5781571055132364	1.1179177472602888	-0.994708752531076	-0.0313880373203233	2.957164719002369	-2.2834726464761275	28.278667287461914	-1.0052697143334086	-0.6097726769369094	-0.3954970373964992	1.1866415401251658	-12.16215704412919	38.66998835502428	31.717011347429324	0.0191269198639855	0.0	0.0	0.0	0.0	0	0	Low	0.15698347397711	1
2025-10-02	31.89999961853028	32.099998474121094	31.40999984741211	32.08000183105469	10961100	PINS	0.722139550487338	2.1967482650778614	1.2581886772636235	1.6351795134650702	1.0108452068059206	0.15698347397711	-0.5611041217278169	2.1967482650778614	-11.461227786752827	28.776027935587905	-1.091399137406576	-0.7060979690308427	-0.3853011683757332	1.1511670463097243	-12.00000105233026	38.57126855142959	31.293731219688578	0.0833068071251878	0.0	0.0	0.0	0.0	0	0	Low	0.1567434012761792	1
2025-10-03	31.950000762939453	32.5099983215332	31.73500061035156	32.04999923706055	10410000	PINS	0.4702182455298011	2.442091370021432	1.3138410796544078	1.6603490535071517	0.9321325150385836	0.1567434012761792	-0.312007726993834	2.442091370021432	-5.027780058570764	29.304009916097144	-1.1424531623411551	-0.7933690076929052	-0.3490841546482501	1.12429780808629	-12.441766803772044	38.21795286895394	31.04804711578728	0.1257971413018666	0.0	0.0	0.0	0.0	0	0	Low	0.2816906117019149	1
2025-10-06	32.040000915527344	32.400001525878906	31.13500022888184	32.2400016784668	12357400	PINS	0.9076710754377558	4.062955797969162	1.357042675567392	1.6378531487738972	1.0511961999258224	0.2816906117019149	-0.6203497286820375	4.062955797969162	18.70701248799232	30.30548351517146	-1.162253845917185	-0.8671459753377612	-0.2951078705794238	1.1343480572942026	-11.73553281286009	37.75024613258444	30.92475386741556	0.1633943757878088	0.0	0.0	0.0	0.0	0	0	Negative	-2.0287188118146915	0
2025-10-07	31.38999938964844	32.22999954223633	31.36000061035156	32.099998474121094	10091300	PINS	0.1872582923824879	2.7742312339037167	0.7202260779700228	1.605457413215342	0.8978056861412318	-2.0287188118146915	-2.2118352592603747	2.7742312339037167	-18.337999902892197	27.297824642868733	-1.216374117496528	-0.9369916037695146	-0.2793825137270135	1.1154659769078146	-12.342926037805864	37.5731295607031	30.590870378261748	0.1144513531374349	0.0	0.0	0.0	0.0	0	0	Medium	1.2742960613462522	2
2025-10-08	31.790000915527344	31.799999237060547	31.200000762939453	31.51000022888184	6447100	PINS	0.3822900336626684	1.923071985414163	0.8343438854696569	1.0806142550509212	0.6412868110028667	1.2742960613462522	0.8886089641753084	1.923071985414163	-36.11229474894216	31.78447804775115	-1.2130052727379024	-0.9921943375631924	-0.22081093517471	1.078646869565906	-9.968848260726066	37.48810098707935	30.32589895188549	0.2044206455567018	0.0	0.9996888637542723	999688.8637542723	0.6997822046279907	0	0	Low	0.2516512154832305	1
2025-10-09	31.8700008392334	31.8700008392334	31.3700008392334	31.770000457763672	8850100	PINS	-0.0629143038303687	1.5938794600689552	0.956260548684718	1.12802390744803	0.9189009031084456	0.2516512154832305	0.3147635506101774	1.5938794600689552	37.27257216422888	32.67929942467465	-1.1901606822440485	-1.0317876064993636	-0.1583730757446848	1.0373149503111985	-9.639919405733552	37.40447421796844	30.10052589647248	0.2422627960760962	0.7902	-0.3474406599998474	-0.4396864342108494	-0.0061484619998931	0	0	Negative	-4.612491942245199	0
2025-10-10	30.39999961853028	32.04999923706055	30.270000457763672	31.850000381469727	9399400	PINS	-0.0627563766457464	5.880405524871208	1.7542599361709623	1.461179054635901	0.996854405423234	-4.612491942245199	-4.552592607763527	5.880405524871208	6.20670952870589	25.94466510350581	-1.2759644687537417	-1.0806229789502393	-0.1953414898035024	1.0903637952387468	-7.878789034756725	37.39965935075169	29.642340847612576	0.0976701898486063	0.1508666666666666	-0.2285568333785287	-1.5149490837126272	-0.1147297833649701	0	0	Very High	6.151318627298714	4
2025-10-13	32.27000045776367	32.290000915527344	30.73590087890625	30.989999771118164	10853470	PINS	1.9407899999717424	5.056302213961321	1.918354509527141	1.5665678107415348	1.1889947650563513	6.151318627298714	4.130366879958592	5.056302213961321	15.469817222375896	42.24919008069152	-1.1794748958666048	-1.1003933623335125	-0.0790815335330923	1.1474807596500551	-3.5276540456260594	37.02249662971721	29.62050378227009	0.3579436957180211	0.63874	0.2487839063658231	0.3894910556326008	0.3657707344560761	0	0	High	2.634020644758302	3
2025-10-14	33.119998931884766	33.5880012512207	31.59000015258789	31.690000534057617	17013600	PINS	-1.7973347241354485	6.324789772022631	2.2382021950781987	1.704221165915504	1.6183801473527248	2.634020644758302	4.512459368027818	6.324789772022631	56.757239850481	47.86768320648204	-1.0226301967132727	-1.0848407292094646	0.0622105324961919	1.2082322124345375	-1.428570131055293	36.61352212664359	29.7164781785322	0.4934752886828493	0.0	0.0	0.0	0.0	0	0	Medium	0.6340667449954268	2
2025-10-15	33.33000183105469	34.25	32.869998931884766	33.779998779296875	12100900	PINS	1.9927532267421808	4.198360550528029	1.8721676727783811	1.7037791727697478	1.0392842560832685	0.6340667449954268	-1.3321402146348866	4.198360550528029	-28.87513518596887	49.18309524137831	-0.8713398997594837	-1.0421405633194685	0.1708006635599848	1.2205014164117305	0.0300184163327661	36.103250456389816	29.91074986404476	0.5521601356383692	0.0	0.0	0.0	0.0	0	0	Negative	-2.655271790011972	0
2025-10-16	32.44499969482422	34.160701751708984	32.33000183105469	33.29999923706055	5800927	PINS	-0.090016778715524	5.662541964027395	0.8237146130564403	1.7287013494377372	0.5257482390656358	-2.655271790011972	-2.56756625172764	5.662541964027395	-52.06202018031717	44.12963521437722	-0.8134762774037085	-0.9964077061363166	0.182931428732608	1.264087023857628	0.8548384878192927	35.52211945662003	30.10638090959091	0.4318189966013388	0.0	0.0	0.0	0.0	0	0	Negative	-0.1695185874344611	0
2025-10-17	32.38999938964844	32.63999938964844	31.959999084472656	32.130001068115234	7707500	PINS	-0.970869562865906	2.1276605902850307	1.624696457836547	1.762550142382304	0.7206450352292807	-0.1695185874344611	0.809207323031237	2.1276605902850307	32.86669527129026	43.82824267387157	-0.7632586343480696	-0.9497778917786672	0.1865192574305976	1.222366543951782	1.6954442753880823	34.97920482989194	30.30729533795474	0.4457928937382103	0.0	0.0	0.0	0.0	2025-10-22 17:57:51.077643+00:00	2025-10-22 17:57:51.080635+00:00	Medium	1.574566674408339	2
2025-10-20	32.900001525878906	33.25	32.650001525878906	32.689998626708984	7951300	PINS	0.9262094557384402	1.8376675224518	2.0239080605778863	1.884428010364564	0.7861019803624483	1.574566674408339	0.642407182600312	1.8376675224518	3.1631527732727864	47.414641472975376	-0.6745322919203005	-0.894728771806994	0.2201964798866934	1.196483262980338	3.134802254880712	34.52011719734184	30.52538298576363	0.5944371801339767	0.0	0.0	0.0	0.0	2025-10-22 17:57:51.077643+00:00	2025-10-22 17:57:51.080635+00:00	High	2.5835818683852976	3
2025-10-21	33.75	34.0	32.880001068115234	32.970001220703125	7228400	PINS	0.212765019992955	3.4063226748823423	1.5656811473035692	1.8589412662803648	0.8860716388258048	2.5835818683852976	2.3657832891042903	3.4063226748823423	-9.091595085080426	52.821170797467765	-0.5295242275023355	-0.8216878629460623	0.2921636354437268	1.1910200964735114	5.633800294454027	34.1075098026417	30.7859903346874	0.8923655856631517	0.0	0.0	0.0	0.0	2025-10-22 17:57:51.077643+00:00	2025-10-22 17:57:51.080635+00:00	Negative	-2.681477864583333	0
2025-10-22	32.845001220703125	33.81999969482422	32.78499984741211	33.689998626708984	3700082	PINS	-0.1777818467881944	3.15693107283576	1.508898010884689	1.7586827989017646	0.5712081825827418	-2.681477864583333	-2.5081550621850037	3.15693107283576	-48.81188091417188	47.25087670269142	-0.4820730913067805	-0.753764908618206	0.2716918173114254	1.1798757929691257	2.5124852751975397	34.090782907942504	30.78721735145691	0.6228978459974412	0.0	0.0	0.0	0.0	2025-10-22 17:57:51.077643+00:00	2025-10-22 17:57:51.080635+00:00	Medium	1.339621282862492	2
2025-10-23	33.28499984741211	33.529998779296875	32.871299743652344	33.099998474121094	3913693	PINS	0.7763654861953143	2.003872803270367	0.7204567486324803	1.7021850443652768	0.641568507236244	1.339621282862492	0.5589165613879321	2.003872803270367	5.77314232495388	50.01102456817944	-0.4043029592074774	-0.6838725187360604	0.279569559528583	1.1445273476565987	6.036956019784401	34.06379409492546	30.79770607292122	0.7615513598327812	0.112717	0.0	112717000.0	0.0563585	2025-10-23 19:17:54.438673+00:00	2025-10-23 19:17:54.441496+00:00	High	2.0579882122014617	3
2025-10-24	33.970001220703125	34.29499816894531	33.56999969482422	34.0	7948613	PINS	2.14811523468726	2.1596618430499213	0.7163806389858346	1.642714289075139	1.2927900343008585	2.0579882122014617	-0.0882317038143382	2.1596618430499213	103.09750918122602	54.04279260811899	-0.2841205187052367	-0.6039221187298957	0.3198016000246589	1.1349181315049277	6.857503121715839	34.142145426031725	30.75635501647316	0.9491568630938844	0.123697	0.0	123697000.0	0.0618485	2025-10-24 23:31:55.576368+00:00	2025-10-24 23:31:55.579302+00:00	High	3.738594089274468	3
2025-10-27	35.2400016784668	35.41999816894531	34.400001525878906	34.540000915527344	7847042	PINS	1.6779501746877497	2.9651063890188176	0.6219229856269016	1.5671629895930652	1.2806132157532044	3.738594089274468	2.0266379397366205	2.9651063890188176	-1.277845581361176	60.417011853706846	-0.0854120684764083	-0.5002201086791982	0.4148080402027898	1.1574237612718747	10.574210073709118	34.603173523140754	30.48732711772838	1.1547259281805582	0.127828	0.0	127828000.0	0.063914	2025-10-27 23:31:48.899864+00:00	2025-10-27 23:31:48.902584+00:00	Negative	-5.788878599213787	0
2025-10-28	33.20000076293945	34.540000915527344	33.12070083618164	34.02000045776367	13393483	PINS	-3.461978327454507	4.285235648743383	0.9136837544106656	1.2406624918052784	1.8196226749768425	-5.788878599213787	-2.4103459253102018	4.285235648743383	70.68193339604912	48.726147744727136	-0.0914905686129614	-0.4184742006659508	0.3269836320529894	1.2261292670585375	9.21053019587025	34.666053629408104	30.527447270860456	0.6457617034679448	0.136143	0.0	136143000.0	0.0680715	2025-10-28 23:33:41.421870+00:00	2025-10-28 23:33:41.424717+00:00	Negative	-1.1746969297777443	0
2025-10-29	32.810001373291016	33.435001373291016	32.48500061035156	33.0	10026552	PINS	-0.6024119227211292	2.924428952101448	0.9041057659419752	1.1888376815161428	1.1623806443046032	-1.1746969297777443	-0.5757534142696497	2.924428952101448	-25.13857672421729	46.85933093687565	-0.1263213611293707	-0.3600436327586348	0.233722271629264	1.2064058024786029	1.6733836624332237	34.68689831194294	30.60260268750774	0.5404600667437062	0.1072129999999999	0.0	107213000.0	0.0536064999999999	2025-10-29 23:34:00.233206+00:00	2025-10-29 23:34:00.236045+00:00	Negative	-0.914364642489866	0
2025-10-30	32.5099983215332	32.994998931884766	32.029998779296875	32.40999984741211	10665211	PINS	-1.2191451055668885	3.0128010907438267	0.7650125859375424	0.7608114791593759	1.0690675976362176	-0.914364642489866	0.3085420382347779	3.0128010907438267	6.3696772330109095	45.4178380276192	-0.1761027512909407	-0.323255456465096	0.1471527051741552	1.1891625417721234	-1.8417893418598883	34.69003269548476	30.660468174266214	0.4589900813171962	0.092628	0.0	92628000.0	0.046314	2025-10-30 23:37:00.979235+00:00	2025-10-30 23:37:00.982138+00:00	Medium	1.8148267703757472	2
2025-10-31	33.099998474121094	33.564998626708984	32.75	32.790000915527344	11693170	PINS	0.8612814778543963	2.488545425065601	0.6762177707696388	0.7341003986916573	1.0902629493625955	1.8148267703757472	0.9454027140540704	2.488545425065601	9.638430969626386	48.75645594760363	-0.1660328567519258	-0.291810936522462	0.1257780797705361	1.1795795248723846	-0.6900790407976871	34.726993879368266	30.738506761500872	0.592077056496271	0.100072	0.0	100072000.0	0.050036	2025-10-31 23:31:17.800207+00:00	2025-10-31 23:31:17.803075+00:00	Medium	1.812695820174932	2
2025-11-03	33.70000076293945	34.119998931884766	32.810001373291016	33.33000183105469	11620739	PINS	0.694874222164752	3.992677548804231	0.7622645551848254	0.7286541663746143	1.0122743967223908	1.812695820174932	1.1101077454488022	3.992677548804231	-0.6194299749340855	51.97367622389784	-0.1083877954637486	-0.2551263083107193	0.1467385128469706	1.1888950987096247	3.868087779071356	34.82587113343258	30.805629492177776	0.7199495774234812	0.124933	0.0	124933000.0	0.0624665	2025-11-03 23:21:00.571411+00:00	2025-11-03 23:21:00.574214+00:00	Negative	-2.34421631347891	0
2025-11-04	32.90999984741211	33.349998474121094	32.5	32.68000030517578	13767011	PINS	-3.0267075212810863	2.6153799203725963	0.5917290388032763	0.7273455747132975	1.191481015344224	-2.34421631347891	0.70379296232718	2.6153799203725963	18.469324541236144	47.72506009365142	-0.1250091134086588	-0.2291028693303072	0.1040937559216483	1.1896883604403268	1.6054352193963288	34.79246208542872	30.991038585958	0.504800704715297	0.0877967391304347	0.0	87796739.13043477	0.0438983695652173	2025-11-04 23:21:32.361671+00:00	2025-11-04 23:21:32.364507+00:00	Negative	-21.75630471166696	0
2025-11-05	25.75	26.809999465942383	25.299999237060547	26.309999465942383	72748842	PINS	-20.054695873809678	5.968380531292355	1.4415115716258329	1.200917316888784	3.0187500851176585	-21.75630471166696	-2.128466276357351	5.968380531292355	428.4287344580461	26.545279378921222	-0.7077749872227699	-0.3248372929087998	-0.38293769431397	1.6482820925768438	-21.732526426343068	36.22376160793655	28.95573897189743	-0.4410744341936268	0.0496076086956521	0.0	49607608.69565218	0.024803804347826	2025-11-05 23:21:38.717892+00:00	2025-11-05 23:21:38.720594+00:00	High	2.0582550937689623	3
2025-11-06	26.280000686645508	27.334999084472656	26.059999465942383	26.07999992370605	32489902	PINS	1.2815531017710724	4.89255427728063	1.4893401021774118	1.2174199896136697	1.141441073104276	2.0582550937689623	0.7668740932689233	4.89255427728063	-55.33963001088045	29.055108794704623	-1.1140128679176868	-0.4826724079105772	-0.6313404600071095	1.6437618777122591	-22.133331298828125	36.86574557910001	27.754754985475188	-0.1618654177803236	0.0128122448979591	0.0	12812244.89795918	0.0064061224489795	2025-11-06 23:21:23.852843+00:00	2025-11-06 23:21:23.856002+00:00	High	3.082189668107557	3
2025-11-07	27.09000015258789	27.100000381469727	25.8700008392334	26.14999961853028	21787224	PINS	-0.4946768063871811	4.75454001675547	1.2418648176236176	1.1683254320572505	0.7147396010639935	3.082189668107557	3.5946483662336712	4.75454001675547	-32.941552116716146	32.832373983337405	-1.354979764422087	-0.6571338792128791	-0.6978458852092075	1.614207425178264	-17.521695400296394	37.18095594401805	27.10854467396291	-0.0018411203512064	0.0565369999999999	0.0	56536999.99999999	0.0282684999999999	2025-11-07 23:20:53.734426+00:00	2025-11-07 23:20:53.737339+00:00	Negative	-0.2953116399241097	0
2025-11-10	27.01000022888184	27.575000762939453	26.94499969482422	27.21999931335449	24010102	PINS	0.4798787745823591	2.3381001122677665	1.5696215918509298	1.2325702616294387	0.7284482139020204	-0.2953116399241097	-0.7714882063557615	2.3381001122677665	10.202667398104504	32.64749153202848	-1.5347118879115236	-0.8326494809526082	-0.7020624069589154	1.5439069711023332	-18.852334827389665	37.39144042778843	26.372060167304337	0.0578925535281851	0.073804	0.0	73803999.99999999	0.036902	2025-11-10 23:22:20.060475+00:00	2025-11-10 23:22:20.063260+00:00	Medium	1.2958177656565268	2
2025-11-11	27.36000061035156	27.489999771118164	26.700000762939453	26.959999084472656	10258310	PINS	-0.1851208588873573	2.9587976988946667	1.4933213312827238	1.2372159748157745	0.3179996104018007	1.2958177656565268	1.4836852353948322	2.9587976988946667	-57.27502532059214	34.38825053831607	-1.6301178016630828	-0.9921431450947032	-0.6379746565683797	1.4900564023220746	-19.45834669656438	37.40817224742399	25.779328515515463	0.1359268497605544	0.092593	0.0	92593000.0	0.0462965	2025-11-11 23:21:11.048545+00:00	2025-11-11 23:21:11.051306+00:00	Negative	-0.1462021733735122	0
2025-11-12	27.31999969482422	27.864999771118164	27.1200008392334	27.530000686645508	12063661	PINS	0.6213452942308413	2.747046124006774	1.1953691654690726	1.2491067688818496	0.5995307148802566	-0.1462021733735122	-0.7628077972521017	2.747046124006774	17.598912491433776	34.27920654848465	-1.6894801398676158	-1.1316105440492858	-0.55786959581833	1.4368380115765529	-22.47446539845669	37.33447329202774	25.252027257288667	0.1711551147499258	0.1169929999999999	0.0	116993000.0	0.0584964999999999	2025-11-12 23:22:22.263404+00:00	2025-11-12 23:22:22.266505+00:00	Negative	-2.013174389473893	0
2025-11-13	26.770000457763672	27.709999084472656	26.63999938964844	27.09000015258789	16100765	PINS	-0.8418724187610499	4.016515462984534	0.9945683154056206	1.2390298617577111	0.9558746822105166	-2.013174389473893	-1.1812465596964914	4.016515462984534	33.464998726340205	32.74185979553158	-1.7606103423874764	-1.257410503716924	-0.5031998386705525	1.4106352746656714	-19.36747035365575	37.33413246163611	24.684868163974244	0.1648421793332954	0.14996	0.0	149960000.0	0.07498	2025-11-13 23:21:59.730550+00:00	2025-11-13 23:21:59.733329+00:00	Negative	-0.5603272916148624	0
2025-11-14	26.6200008392334	26.795000076293945	25.964099884033203	26.07999992370605	23397208	PINS	-2.5775140913660723	3.2001887066060384	0.6252172566821467	1.1823082413087225	1.362996356776973	-0.5603272916148624	2.0705556637540488	3.2001887066060384	45.31736846044272	32.31618889427708	-1.808240979544916	-1.3675765988825224	-0.4406643806623935	1.3692256259224622	-18.86620016753973	37.28913775982008	24.152863010748767	0.187811070917122	0.123539	0.0	123539000.0	0.0617695	2025-11-14 23:21:02.012344+00:00	2025-11-14 23:21:02.014829+00:00	Negative	-4.132232707703417	0
2025-11-17	25.520000457763672	26.663799285888672	25.39999961853028	26.63999938964844	13386800	PINS	0.0751260322485344	4.9755893162943226	0.916811822605384	1.2441128064607454	0.8899999712791714	-4.132232707703417	-4.204200291085478	4.9755893162943226	-42.78462626822824	29.30712631908726	-1.912701013679584	-1.4766014818419348	-0.436099531837649	1.361695200310743	-21.501071130907015	37.21175654242945	23.49224412132788	0.1478009038657204	0.1127649999999999	0.0	112765000.0	0.0563824999999999	2025-11-17 23:21:28.025925+00:00	2025-11-17 23:21:28.028695+00:00	Medium	0.9796238068794596	2
2025-11-18	25.770000457763672	26.15999984741211	25.07029914855957	25.270000457763672	10641169	PINS	-0.9796238068794596	4.346580359473487	0.8915961365066931	1.172098967390964	0.7038778203399216	0.9796238068794596	1.9786307516523436	4.346580359473487	-20.5099874503242	30.88231336443269	-1.9528027382730715	-1.5718417331281622	-0.380961005144909	1.342267021635157	-22.145010133726466	36.9034762781563	23.002524431377395	0.1990853616997134	0.1216819999999999	0.0	121681999.99999996	0.0608409999999999	2025-11-19 01:45:58.913304+00:00	2025-11-19 01:45:58.916044+00:00	Negative	-1.0865373755208942	0
2025-11-19	25.489999771118164	25.8700008392334	25.1200008392334	25.799999237060547	9802832	PINS	0.1164096964066499	2.985668690060793	0.8209018472686536	0.985862450542316	0.6684164663655771	-1.0865373755208942	-1.2015483531374775	2.985668690060793	-7.878241572894858	30.07405128781714	-1.984303543219486	-1.6543340951464272	-0.3299694480730588	1.299962234375503	-24.36202019570868	36.6619088255972	22.508591738977987	0.2106508328679253	0.1106269999999999	0.0	110627000.0	0.0553134999999999	2025-11-20 01:44:38.358225+00:00	2025-11-20 01:44:38.361097+00:00	Negative	-2.6677140497516443	0
2025-11-20	24.809999465942383	25.84000015258789	24.622499465942383	25.75	12238014	PINS	1.0200087533011013	4.944667328877573	0.9476112717059516	0.9928531001614544	0.8808632962909076	-2.6677140497516443	-3.650487510903368	4.944667328877573	24.84161719796891	28.1473491810749	-2.040615553852838	-1.7315903868877094	-0.3090251669651287	1.2940721238233606	-24.61258103623684	36.31578670749428	22.00721381893394	0.1958815647680181	0.058321	0.0	58320999.99999999	0.0291605	2025-11-21 01:45:28.067238+00:00	2025-11-21 01:45:28.070042+00:00	Medium	0.6045933968526824	2
2025-11-21	24.959999084472656	25.13999938964844	24.38999938964844	24.96999931335449	12477946	PINS	0.6449006483524662	3.0750308272591167	0.9781703282262216	0.9403421989149884	1.0656393100892465	0.6045933968526824	-0.0400489753977848	3.0750308272591167	1.9605468665095496	29.22448728832626	-2.04951399086114	-1.7951751076823956	-0.2543388831787443	1.255209829264549	-3.0679647204945386	35.73084340830079	21.691156904504385	0.2328287158751273	0.090833	0.0	90833000.0	0.0454165	2025-11-22 01:41:39.138351+00:00	2025-11-22 01:41:39.141204+00:00	Negative	-0.6810824326154182	0
2025-11-24	24.790000915527344	25.14999961853028	24.78499984741211	25.01000022888184	13119634	PINS	0.2003251051410831	1.4726640038946062	1.3479390497897257	1.092661390501748	1.1255769708077072	-0.6810824326154182	-0.8796453872097049	1.4726640038946062	5.142577151720324	28.699389692910074	-2.046690523466001	-1.845478190839117	-0.2012123326268842	1.1916233965398078	-5.669709787623122	34.725735692726815	21.65126454378441	0.2400660291331801	0.1045219999999999	0.0	104522000.0	0.0522609999999999	2025-11-25 01:47:38.192165+00:00	2025-11-25 01:47:38.194843+00:00	High	2.9043940571358227	3
2025-11-25	25.51000022888184	25.545000076293945	24.89189910888672	25.030000686645508	8267856	PINS	0.9681313523786076	2.623749054060972	1.2509810371293582	1.1150631129170772	0.7394389059891338	2.9043940571358227	1.9176968800181728	2.623749054060972	-36.981046879813874	34.10009452893567	-1.9637184539461887	-1.869126243460532	-0.0945922104856575	1.160435951127436	-5.832410169090081	34.013342445066144	21.594657738039324	0.3152783554144915	0.077567	0.0	77566999.99999999	0.0387835	2025-11-26 01:46:50.702732+00:00	2025-11-26 01:46:50.705536+00:00			
