timestamp	close	high	low	open	volume	symbol	gap_apertura_pct	volatilidad_diaria	vol_5d	vol_10d	vol_rel_5d	return_pct	close_open_pct	range_pct	volume_change_pct	rsi_14	macd	macd_signal	macd_diff	atr_14	momentum_12	bb_upper	bb_lower	bb_pctb	vader	finbert	sentiment_ratio	sentiment_combined	download_date	added_date	target_category	target	target_num
2025-06-05	119.91000366210938	132.85000610351562	118.93000030517578	129.27000427246094	131055900	PLTR	0.0	11.704368756933443	0.0	0.0	0.0	0.0	-7.24065931847855	11.704368756933443	0.0	0.0	0.0	0.0	0.0	0.0	0.0	0.0	0.0	0.0	0.0	0.0	0.0	0.0	0	0	Very High	6.513216012069599	4.0
2025-06-06	127.72000122070312	128.1300048828125	121.91999816894533	123.7300033569336	87175100	PLTR	3.1857222735047825	5.093509520285529	0.0	0.0	0.0	6.5132160120695985	3.2247617841399983	5.093509520285529	-33.482506319822306	0.0	0.0	0.0	0.0	0.0	0.0	0.0	0.0	0.0	0.0	0.0	0.0	0.0	0	0	High	3.398055352654602	3.0
2025-06-09	132.05999755859375	132.22999572753906	124.8000030517578	127.0749969482422	74785600	PLTR	-0.505014301829156	5.953519626678096	0.0	0.0	0.0	3.398055352654602	3.922880763382544	5.953519626678096	-14.212200502207626	0.0	0.0	0.0	0.0	0.0	0.0	0.0	0.0	0.0	0.0	0.0	0.0	0.0	0	0	Medium	0.5679236815578709	2.0
2025-06-10	132.80999755859375	134.07000732421875	129.41000366210938	131.02000427246094	69308900	PLTR	-0.7875157544746868	3.600960922833048	0.0	0.0	0.0	0.5679236815578709	1.3661984641753295	3.600960922833048	-7.323201257996191	0.0	0.0	0.0	0.0	0.0	0.0	0.0	0.0	0.0	0.0	0.0	0.0	0.0	0	0	High	2.695581580351468	3.0
2025-06-11	136.38999938964844	140.0	132.99000549316406	133.9199981689453	97366000	PLTR	0.8357809131513967	5.2710686647774185	3.1274324273756275	0.0	1.0590363319748135	2.695581580351468	1.8443856440224276	5.2710686647774185	40.48123689742587	0.0	0.0	0.0	0.0	0.0	0.0	0.0	0.0	0.0	0.0	0.0	0.0	0.0	0	0	Negative	-0.8798276659668813	0.0
2025-06-12	135.19000244140625	137.10000610351562	134.6300048828125	136.39999389648438	56248200	PLTR	0.0073278883207444695	1.8346587915919008	1.647759634698793	0.0	0.7307166474660663	-0.8798276659668813	-0.8870905492828705	1.8346587915919008	-42.230141938664424	0.0	0.0	0.0	0.0	0.0	0.0	0.0	0.0	0.0	0.0	0.0	0.0	0.0	0	0	Medium	1.6347299468656895	2.0
2025-06-13	137.39999389648438	139.99000549316406	133.35000610351562	133.81500244140625	93519000	PLTR	-1.0170870442849125	4.97937689218702	1.6356436489718487	0.0	1.1951991129462458	1.6347299468656897	2.6790654184293645	4.97937689218702	66.2613203622516	0.0	0.0	0.0	0.0	0.0	0.0	0.0	0.0	0.0	0.0	0.0	0.0	0.0	0	0	High	2.918493408846944	3.0
2025-06-16	141.41000366210938	144.86000061035156	139.81199645996094	140.02999877929688	80779800	PLTR	1.9141229982833308	3.610565815671091	1.3670628002995524	0.0	1.0168094961531577	2.918493408846944	0.9855066020442832	3.610565815671091	-13.622044718185608	0.0	0.0	0.0	0.0	0.0	0.0	0.0	0.0	0.0	0.0	0.0	0.0	0.0	0	0	Negative	-2.269999738870882	0.0
2025-06-17	138.1999969482422	141.69000244140625	136.0800018310547	141.48500061035156	70479100	PLTR	0.0530351080545816	4.122575348960137	1.3623118179918023	0.0	0.8845443973412124	-2.269999738870882	-2.3218034759431823	4.122575348960137	-12.751578983854875	0.0	0.0	0.0	0.0	0.0	0.0	0.0	0.0	0.0	0.0	0.0	0.0	0.0	0	0	Medium	1.273523736968061	2.0
2025-06-18	139.9600067138672	140.36000061035156	137.49000549316406	139.0399932861328	58260200	PLTR	0.6078121247753827	2.0874209051727726	1.3423242607329524	2.764802056934453	0.8107768094692172	1.273523736968061	0.6616897814724886	2.0874209051727726	-17.33691264502526	0.0	0.0	0.0	0.0	0.0	0.0	0.0	0.0	0.0	0.0	0.0	0.0	0.0	0	0	Negative	-1.90054553766024	0.0
2025-06-20	137.3000030517578	142.24000549316406	136.74200439453125	140.69000244140625	87067000	PLTR	0.5215745159483011	4.020711209388046	1.0613761516961504	1.3427506183328721	1.1159428574504666	-1.90054553766024	-2.4095524421220227	4.020711209388046	49.44507571206415	0.0	0.0	0.0	0.0	0.0	0.0	0.0	0.0	0.0	0.0	0.0	0.0	0.0	0	0	Medium	1.9082265542265453	2.0
2025-06-23	139.9199981689453	142.14999389648438	135.9600067138672	138.89999389648438	70501100	PLTR	1.165324697133048	4.5527999977554	0.9506391478653409	1.3067990711738215	0.960277285614971	1.9082265542265455	0.7343443608939959	4.5527999977554	-19.026611689848046	0.0	0.0	0.0	0.0	0.0	0.0	0.0	0.0	0.0	0.0	0.0	0.0	0.0	0	0	High	2.365635793246023	3.0
2025-06-24	143.22999572753906	143.66000366210938	137.8000030517578	140.97999572753906	58574200	PLTR	0.7575740226310353	4.252540261664973	0.9819541851746445	1.1224560994110186	0.8491928824268966	2.365635793246023	1.5959711080913905	4.252540261664973	-16.91732469422463	0.0	0.0	0.0	0.0	0.0	19.44791206173453	0.0	0.0	0.0	0.0	0.0	0.0	0.0	0	0	Negative	-0.2303999447730469	0.0
2025-06-25	142.89999389648438	147.6699981689453	141.52999877929688	144.49000549316406	61435300	PLTR	0.879710817014802	4.338302439487197	1.0037719516971417	1.1296949139371955	0.9146573137389538	-0.23039994477304696	-1.1004301586485248	4.338302439487197	4.88457375431504	76.97817909501991	0.0	0.0	0.0	6.439856937953405	11.885368407998893	0.0	0.0	0.0	0.0	0.0	0.0	0.0	0	0	Medium	0.9447208965548024	2.0
2025-06-26	144.25	148.21499633789062	142.91000366210938	144.85000610351562	69440500	PLTR	1.3645992234568067	3.7121212930091025	0.3215098405476101	1.0230762121190051	1.0005313843860018	0.9447208965548024	-0.4142258047865297	3.7121212930091025	13.030293658531821	78.33625861146338	0.0	0.0	0.0	6.359510188200038	9.230654752963828	0.0	0.0	0.0	0.0	0.0	0.0	0.0	0	0	Negative	-9.365680767303942	0.0
2025-06-27	130.74000549316406	144.97000122070312	130.5399932861328	144.8699951171875	202598600	PLTR	0.42980597378682844	11.054089686477104	3.0746427180212605	2.370680885659336	2.1900197967915664	-9.365680767303942	-9.75356533462535	11.054089686477104	191.75855588597432	47.88997613900714	0.0	0.0	0.0	6.935974312940772	-1.5586116282521867	0.0	0.0	0.0	0.0	0.0	0.0	0.0	0	0	High	4.268014071137887	3.0
2025-06-30	136.32000732421875	138.875	134.8000030517578	137.7899932861328	97305600	PLTR	5.392372263084668	3.022994700287619	3.272415639332854	2.4227453541650283	0.9942246332002463	4.268014071137887	-1.0668307087159152	3.022994700287619	-51.971237708454055	55.570739483270486	0.0	0.0	0.0	7.021618612504712	-0.05131759347672501	0.0	0.0	0.0	0.0	0.0	0.0	0.0	0	0	Negative	-4.137334466996826	0.0
2025-07-01	130.67999267578125	136.32000732421875	128.50999450683594	135.27000427246094	91479700	PLTR	-0.7702486761613223	6.077358299916018	3.2312340624733698	2.450105530188099	0.8758066149848438	-4.137334466996826	-3.3932220386675547	6.077358299916018	-5.987219646145752	47.88762987806957	0.0	0.0	0.0	7.077932484281719	-3.336052728884089	0.0	0.0	0.0	0.0	0.0	0.0	0.0	0	0	Medium	1.1019303046480229	2.0
2025-07-02	132.1199951171875	133.60000610351562	130.19000244140625	131.47000122070312	59732000	PLTR	0.6045367226809512	2.6192515540078376	3.485911572328549	2.5357375652553786	0.5737322603276033	1.1019303046480227	0.49440472385271245	2.6192515540078376	-34.70463938994116	49.7961449735897	0.0	0.0	0.0	6.8159375684122665	-3.842794042097824	0.0	0.0	0.0	0.0	0.0	0.0	0.0	0	0	Medium	1.695432618792657	2.0
2025-07-03	134.36000061035156	135.6199951171875	132.50999450683594	134.36000061035156	41812500	PLTR	1.695432618792657	2.3469932376996088	3.688656521818444	2.5086418600816516	0.42412346296135506	1.695432618792657	0.0	2.3469932376996088	-29.999832585548784	52.69818323081255	0.0	0.0	0.0	6.579084884954248	-4.985505175859671	147.1498485634486	124.13715094827019	0.444226480225366	0.0	0.0	0.0	0.0	0	0	High	3.5427169434451544	3.0
2025-07-07	139.1199951171875	139.2899932861328	132.32000732421875	134.3800048828125	71959700	PLTR	0.014888562347473152	5.2675223519567735	1.690176633178183	2.5076509624394174	0.9931242832044539	3.5427169434451544	3.5273032163591287	5.2675223519567735	72.10092675635276	58.224432566770254	0.0	0.0	0.0	6.607006390451377	0.6657005711004933	145.6380709078031	127.56992774942344	0.639250379328955	0.0	0.0	0.0	0.0	0	0	Low	0.4241026576968265	1.0
2025-07-08	139.7100067138672	139.85499572753906	135.7899932861328	138.77499389648438	59834800	PLTR	-0.24798823520121158	2.993594994029194	1.693893174637061	2.5672713436010586	0.9210491883626158	0.4241026576968265	0.6737617427533531	2.993594994029194	-16.84956996763466	58.86592737286473	0.0	0.0	0.0	6.425434679805297	-0.17862245499251614	145.34728366719685	129.05971553934614	0.6538908135898891	0.0	0.0	0.0	0.0	0	0	High	2.447926422299609	3.0
2025-07-09	143.1300048828125	143.1699981689453	137.38999938964844	139.65499877929688	68494800	PLTR	-0.03937293817684183	4.207001095403139	1.2231836151652031	2.567934335862713	1.1346442976233941	2.447926422299609	2.4882790690559773	4.207001095403139	14.47318283005876	62.46399138949312	0.0	0.0	0.0	6.379332115483266	4.246177495609348	145.93192128820021	129.58207865076463	0.8286273166340893	0.0	0.0	0.0	0.0	0	0	Negative	-0.440162692182059	0.0
2025-07-10	142.5	145.16000366210938	139.52999877929688	143.30999755859375	64383900	PLTR	0.12575467731494788	4.0349780922150105	1.132641770219625	2.572682522858842	1.0503573249910192	-0.440162692182059	-0.5652065957663381	4.0349780922150105	-6.001769477390984	61.398553733549136	0.0	0.0	0.0	6.325808741721069	1.8439121389492046	146.33439947195478	130.14860071115066	0.7631010042432848	0.0	0.0	0.0	0.0	0	0	Negative	-0.2806974712171052	0.0
2025-07-11	142.10000610351562	144.5800018310547	141.47000122070312	142.11000061035156	52134800	PLTR	-0.27368378220942985	2.198346351534799	1.1802799055841506	2.669116801089285	0.822813817832883	-0.28069747121710525	-0.007032937015700414	2.198346351534799	-19.02509788937918	60.690746620198226	0.0	0.0	0.0	6.096108160908961	-0.7889336436014237	146.74046384858232	130.31353700590986	0.7175090758295632	0.0	0.0	0.0	0.0	0	0	High	4.961286059222998	3.0
2025-07-14	149.14999389648438	149.5749969482422	142.22000122070312	142.72000122070312	81774400	PLTR	0.43630900109592674	5.171562132196345	1.1496197127516379	1.364892401077043	1.2518174640035735	4.961286059222998	4.505319941693293	5.171562132196345	56.851853272670084	67.74796541916533	3.967475708533783	0.0	0.0	6.194599781181647	4.373688080439983	148.49077868812793	129.95922131187206	1.0355725746612685	0.0	0.0	0.0	0.0	0	0	Negative	-0.3821603008748918	0.0
2025-07-15	148.5800018310547	150.6199951171875	147.36000061035156	148.92999267578125	59126200	PLTR	-0.1475033387234424	2.212265535649661	1.314507443946298	1.437900613221494	0.9070825717574048	-0.38216030087489183	-0.23500360030802409	2.212265535649661	-27.695953745915592	66.70525440617607	4.32419192162979	0.0	0.0	5.984985118728382	3.0017343716150346	149.85583296679386	129.71216782666318	0.9366634062439101	0.0	0.0	0.0	0.0	0	0	Medium	1.568179971961539	2.0
2025-07-16	150.91000366210938	151.50999450683594	147.6739959716797	149.3000030517578	57550300	PLTR	0.48458824325619143	2.5976127414415613	1.3149924600536909	1.204172160379208	0.9135849935993823	1.568179971961539	1.0783660933974824	2.5976127414415613	-2.6653158836522555	68.81798451614537	4.740260987682262	0.0	0.0	5.831486077044659	15.427564113112977	151.4289656485937	129.08903514486332	0.9767697582408472	0.0	0.0	0.0	0.0	0	0	High	2.040952724347469	3.0
2025-07-17	153.99000549316406	155.67999267578125	150.82000732421875	151.55999755859375	60165500	PLTR	0.43071624193961644	3.222374430147691	1.2407533417989665	1.1774834789515374	0.968065449143881	2.0409527243474694	1.603330676771	3.222374430147691	4.544198727026619	71.40139035411853	5.25791910871709	0.0	0.0	5.762093168081647	12.962145847688817	153.6633762169732	128.43362543097604	1.012946195107569	0.0	0.0	0.0	0.0	0	0	Negative	-0.3052154061543879	0.0
2025-07-18	153.52000427246094	154.9199981689453	151.89999389648438	154.86000061035156	45771600	PLTR	0.5649685603953829	1.9881529913154485	1.2810188925932533	1.2187389543915916	0.7518627541164566	-0.30521540615438797	-0.8652953200369893	1.9881529913154485	-23.923843398625458	70.44231056061676	5.566079429714307	0.0	0.0	5.56622967553731	17.47781824058259	155.44390066000727	128.0091007438013	0.9298738684655078	0.0	0.0	0.0	0.0	0	0	Negative	-1.1268961296130329	0.0
2025-07-21	151.7899932861328	155.44000244140625	151.36000061035156	153.8800048828125	45072800	PLTR	0.23449752496922052	2.6955614525649354	0.47566991353091204	1.0360281367700288	0.8418955912590255	-1.1268961296130329	-1.3582086888230465	2.6955614525649354	-1.5267108862263936	66.8811904201725	5.606077899623671	0.0	0.0	5.460070543788552	14.887979787993832	156.67785734195098	128.2241430852951	0.8282170119609321	0.0	0.0	0.0	0.0	0	0	Negative	-1.7919402346811713	0.0
2025-07-22	149.07000732421875	151.7899932861328	145.06199645996094	150.85000610351562	49880800	PLTR	-0.6192682154252803	4.6380147732413795	1.0008694697078482	1.1371614168008497	0.9650326380102229	-1.7919402346811713	-1.1799792557352713	4.6380147732413795	10.667187305869616	61.60778554480874	5.356549867409967	0.0	0.0	5.550636706815932	10.948203815901053	157.36696856499253	128.4500327777809	0.7130760568191643	0.0	0.0	0.0	0.0	0	0	High	3.7297895521673072	3.0
2025-07-23	154.6300048828125	155.0	148.28700256347656	149.74000549316406	48062000	PLTR	0.4494520265824532	4.527030232234841	1.153577284307585	1.1696685035809287	0.9652837667556929	3.7297895521673072	3.2656599507548942	4.527030232234841	-3.646292761944476	67.28601784627972	5.543539962316572	0.0	0.0	5.633662473223611	11.148656059511913	158.81492027197822	128.14208198632258	0.8635628255138414	0.0	0.0	0.0	0.0	0	0	Low	0.1487393909826016	1.0
2025-07-24	154.86000061035156	155.6300048828125	152.5749969482422	153.97999572753906	38925700	PLTR	-0.42036418207840826	2.0022991942819166	1.3211716069849317	1.2092239923675105	0.8547100317988133	0.14873939098260164	0.5715059794972527	2.0022991942819166	-19.009404519162747	67.50014966471299	5.6452151663654035	5.171794320160586	0.4734208462048173	5.449472863319804	10.843886027084867	160.18910853145482	127.96389439823267	0.8346292471766918	0.0	0.0	0.0	0.0	0	0	High	2.544235067724056	3.0
2025-07-25	158.8000030517578	160.38999938964844	155.5800018310547	155.6300048828125	57972300	PLTR	0.49722605542174253	3.091655419709377	1.156216066908804	1.1653351201195692	1.2081911988315794	2.5442350677240553	2.036881108711834	3.091655419709377	48.9306550685023	71.00185368860882	5.974844479206837	5.332404351969837	0.6424401272370002	5.455224714461024	10.948087496940353	162.14901127561797	127.45899195924535	0.9034590268365885	0.0	0.0	0.0	0.0	0	0	Negative	-0.5793439239704906	0.0
2025-07-28	157.8800048828125	160.27999877929688	153.0399932861328	159.8800048828125	63886900	PLTR	0.6801018956546756	4.730793133026157	1.2073397377052897	1.088924709323078	1.2346358739323235	-0.5793439239704906	-1.250938165448483	4.730793133026157	10.202458760476986	69.12887549115852	6.091621500244145	5.484247781624699	0.6073737186194457	5.582709055796955	10.792985882675438	163.13512127709072	129.18688189673742	0.8452020932396428	0.0	0.0	0.0	0.0	0	0	Negative	-1.0387631992193933	0.0
2025-07-29	156.24000549316406	160.13999938964844	154.91000366210938	158.71499633789062	42427200	PLTR	0.5288772670724852	3.376151057969607	1.1162934275057657	1.0360315542746699	0.8442414080878212	-1.0387631992193933	-1.5593931902046099	3.376151057969607	-33.59014132787786	65.79684102751668	5.982867118119145	5.583971648923589	0.39889546919555663	5.557515246635677	9.950738059326943	164.04193283424144	130.27207015648122	0.768967750460665	0.0	0.0	0.0	0.0	0	0	Medium	1.5168939028814832	2.0
2025-07-30	158.61000061035156	159.3800048828125	156.55999755859375	157.36500549316406	40261700	PLTR	0.7200460576335693	1.8012310731950167	1.1808882392114548	1.1219540539841033	0.8268179163425387	1.5168939028814832	0.7911511922779951	1.8012310731950167	-5.104037032846853	68.18350243386169	6.018539311066149	5.6708851813521015	0.34765412971404785	5.384835542565159	6.342612873610161	164.34070958388685	132.76629420029286	0.8185015018041173	0.0	0.0	0.0	0.0	0	0	Negative	-0.1639206265906597	0.0
2025-07-31	158.35000610351562	160.88999938964844	156.72999572753906	159.99000549316406	45342600	PLTR	0.8700617095404228	2.6542485647362395	1.0743093439350957	1.1354108416723057	0.9072486491093906	-0.16392062659065973	-1.0250636498156194	2.6542485647362395	12.61968570626675	67.62600900360665	5.957159965267749	5.728140138135232	0.22901982713251723	5.297347551104031	6.57558497244473	164.2711838198719	135.45882106294061	0.7944917684707463	0.0	0.0	0.0	0.0	0	0	Negative	-2.576571944296316	0.0
2025-08-01	154.27000427246094	158.19000244140625	151.05799865722656	155.0500030517578	61287000	PLTR	-2.083993005722118	4.72136785047926	1.2858549560779389	1.1533465088397805	1.210223004722648	-2.5765719442963158	-0.5030627306963037	4.72136785047926	35.1642825951754	59.415981825829164	5.515712639839933	5.685654638476173	-0.16994199863624004	5.439823257902963	2.22649296190773	163.48483513443537	138.23617011458808	0.6350369077045893	0.0	0.0	0.0	0.0	0	0	High	4.142088035703211	3.0
2025-08-04	160.66000366210938	161.39999389648438	157.92999267578125	158.52999877929688	82993600	PLTR	2.76138872681447	2.1971768388711217	1.1503510823172043	1.1982089857312914	1.523869119293634	4.142088035703211	1.3435973627791806	2.1971768388711217	35.41795160474489	66.31375068675355	5.616735767640932	5.671870864309125	-0.055135096668192496	5.560549426911568	4.3314487505758335	164.03594065548296	139.83906544803264	0.8604804560741743	0.0	0.0	0.0	0.0	0	0	Very High	7.848873598230566	4.0
2025-08-05	173.27000427246094	176.3300018310547	169.22000122070312	171.80999755859375	130917500	PLTR	6.940118039542924	4.2016313432585495	1.278853519217995	1.154197047692945	1.8142548386596098	7.848873598230566	0.8497798350583584	4.2016313432585495	57.744091110639864	75.25260800934323	6.637802531642535	5.8650571977758075	0.7727453338667276	6.2826529084854075	12.864772961410631	167.62343805295023	139.60756780642475	1.2015488424890528	0.0	0.0	0.0	0.0	0	0	High	3.6186234541857214	3.0
2025-08-06	179.5399932861328	180.5809936523437	171.00999450683594	171.1750030517578	82924800	PLTR	-1.2090963057915147	5.596748408248832	1.4223893499647833	1.3157003952489075	1.027656639787045	3.6186234541857223	4.886805950192211	5.596748408248832	-36.65873546317337	78.33150060166915	7.862309205023337	6.264507599225314	1.5978016057980229	6.517534782558433	18.281837556768096	172.6229764887856	138.2490282109214	1.201228463528048	0.0	0.0	0.0	0.0	0	0	Medium	1.4815660920016456	2.0
2025-08-07	182.1999969482422	184.47999572753903	178.1699981689453	181.009994506836	77829200	PLTR	0.8187597614312269	3.54156009622362	1.2803913364699953	1.215374883634249	0.8926347642321255	1.4815660920016456	0.6574236105848021	3.54156009622362	-6.144844485606236	79.49692533973639	8.944275589350127	6.800461197250277	2.1438143920998503	6.502710695132381	22.224450255756413	177.15486731509924	137.68713707943203	1.1278292317044276	0.0	0.0	0.0	0.0	0	0	High	2.612519124781974	3.0
2025-08-08	186.9600067138672	187.9900054931641	184.4100036621093	184.7350006103516	62657900	PLTR	1.3913302440007864	1.941327346652173	1.5014229391199752	1.3180188918992215	0.7163801126398566	2.612519124781974	1.2044312643323307	1.941327346652173	-19.493069439233604	81.42247025751905	10.069756862199029	7.454320330240027	2.615436531959001	6.451803398688775	20.907974397049408	181.95447573658657	137.37352871897986	1.1122796017613474	0.0	0.0	0.0	0.0	0	0	Negative	-2.2892671610973365	0.0
2025-08-11	182.67999267578125	187.17999267578125	181.9199981689453	186.47000122070312	56125600	PLTR	-0.26209107593475384	2.891377836289933	1.3783830002878883	1.2500808453708272	0.6836997965672241	-2.2892671610973365	-2.0325030943910796	2.891377836289933	-10.425341417442972	74.63512475480006	10.495363499003162	8.062528963992655	2.4328345350105067	6.366674192127858	17.96460800450886	185.2038818537834	137.4771224797127	0.9471179436629978	0.0	0.0	0.0	0.0	0	0	High	2.348373503898559	3.0
2025-08-12	186.97000122070312	190.0	182.1000061035156	184.6999969482422	54819000	PLTR	1.1057610868454666	4.338272175561386	1.393706750563357	1.2935228694292396	0.8197687199142233	2.348373503898559	1.229022365981442	4.338272175561386	-2.327992930142395	76.72907773529714	11.051433614054247	8.660309894004975	2.391123720049272	6.476197028153325	17.73929321636338	188.8242572621701	137.69574701029083	0.9637334232440534	0.0	0.0	0.0	0.0	0	0	Negative	-1.3906006774030697	0.0
2025-08-13	184.3699951171875	189.4600067138672	183.58999633789065	189.0	53610000	PLTR	1.0857350195449933	3.197347618643118	0.8789502585947125	1.172889664929388	0.8787323175814978	-1.3906006774030695	-2.449738033234127	3.197347618643118	-2.205439719805177	72.80621131249197	11.153750925405774	9.158998100285135	1.9947528251206386	6.432897981569268	16.778559295103502	191.4085998727926	138.45740354517613	0.8670737349906835	0.0	0.0	0.0	0.0	0	0	Negative	-1.816993509490144	0.0
2025-08-14	181.0200042724609	185.3300018310547	179.1999969482422	182.4100036621093	53472900	PLTR	-1.0630750702316931	3.4207617116104143	0.8681897714993138	1.1338319260138456	0.9525415287008159	-1.8169935094901433	-0.7620192762142437	3.4207617116104143	-0.2557358701734751	67.98339908688097	10.839570051524618	9.495112490533032	1.3444575609915859	6.411262760229499	15.860213714842095	193.14450140317868	139.42450189271975	0.7743019873193184	0.0	0.0	0.0	0.0	0	0	Negative	-2.126840135149256	0.0
2025-08-15	177.1699981689453	180.0	173.3800048828125	179.72500610351562	60288700	PLTR	-0.7153895361731001	3.818199867777114	0.5627479481863736	1.0691294784574907	1.0830972110139474	-2.126840135149256	-1.421620724886059	3.818199867777114	12.746269605725516	62.8321086414933	10.162766087359785	9.628643209898382	0.5341228774614031	6.499029662330849	11.701656570942882	194.0560722740761	140.8779304114708	0.6824621260976211	0.0	0.0	0.0	0.0	0	0	Negative	-1.772308755489293	0.0
2025-08-18	174.02999877929688	177.89999389648438	171.38999938964844	175.27000427246094	62656600	PLTR	-1.0724128893835534	3.798351438251493	0.43606340806766425	0.9647329507363563	1.0998282587998056	-1.772308755489293	-0.707483005042008	3.798351438251493	3.927601689868914	58.911393523002666	9.266207291334354	9.556156026185576	-0.2899487348512224	6.499812865509783	9.902110559775425	194.29851532386186	142.8594879110014	0.6059700666210968	0.0	0.0	0.0	0.0	0	0	Negative	-9.354708322409982	0.0
2025-08-19	157.75	172.3000030517578	156.89999389648438	171.36000061035156	137922700	PLTR	-1.5342171968474112	9.81517511430477	2.8102272576808183	2.177015650602843	1.8741997913308541	-9.354708322409982	-7.942343932000083	9.81517511430477	120.12477536285084	43.689460101005395	7.159488020984952	9.076822425145451	-1.9173344041604992	7.259112295317121	2.2557824795239756	193.6721424792984	144.35386002314303	0.27162624709743943	0.0	0.0	0.0	0.0	0	0	Negative	-1.1030145756982963	0.0
2025-08-20	156.00999450683594	156.4600067138672	142.33999633789062	152.3000030517578	220336400	PLTR	-3.4548316629110536	9.919917619260078	3.3934485232728	2.8134920539478148	2.0604615157591315	-1.1030145756982963	2.435975955835876	9.919917619260078	59.75354310784229	42.427631844073105	5.288531026003142	8.31916414531699	-3.0306331193138476	7.841318821516568	-2.8943165998259666	193.5870149614492	144.57698650339455	0.23327895051573688	0.0	0.0	0.0	0.0	0	0	Low	0.1089662040452566	1.0
2025-08-21	156.17999267578125	157.97000122070312	153.80999755859375	157.1699981689453	94678600	PLTR	0.7435444541718427	2.7046380132244825	3.5492112007812495	2.862747337474897	0.822029822029822	0.10896620404525663	-0.629894702995342	2.7046380132244825	-57.02997779758587	42.602052630405105	3.7759744761640093	7.410526211486394	-3.6345517353223844	7.578367738701769	-9.863225702820582	193.50611199194853	144.78988867943818	0.23380515199785792	0.0	0.0	0.0	0.0	0	0	Medium	1.6391426158517115	2.0
2025-08-22	158.74000549316406	163.1999969482422	151.77000427246094	155.31500244140625	102099200	PLTR	-0.5538418971312538	7.531127597032857	3.3589784738097843	2.8348849567467496	0.8264551917739138	1.6391426158517117	2.205197822438255	7.531127597032857	7.837673983349987	45.2900748023929	2.7521095467517114	6.478842878539458	-3.726733331787747	7.853483805636018	-11.585155715038832	193.508223340467	144.78177757506035	0.2864610315578027	0.0	0.0	0.0	0.0	0	0	Negative	-0.9890432593479784	0.0
2025-08-25	157.1699981689453	158.58999633789062	149.3699951171875	156.10000610351562	86879800	PLTR	-1.663096445944199	6.172592570194314	2.983557775776137	2.733320809460701	0.6767217615618973	-0.9890432593479785	0.6854529299122106	6.172592570194314	-14.906483106625712	43.93127791411832	1.7933303477389018	5.541740372379348	-3.748410024640446	7.961807132088914	-13.737650493159547	193.54025326313513	144.67874698100547	0.2556460522484613	0.0	0.0	0.0	0.0	0	0	High	2.354136916299371	3.0
2025-08-26	160.8699951171875	162.1300048828125	154.57000732421875	155.38999938964844	86573700	PLTR	-1.1325308901406979	4.89098609068204	2.7171628870450513	2.713371676543238	0.7329701573587584	2.354136916299371	3.5266077283375816	4.89098609068204	-0.3523258571037226	47.898496521517266	1.3168697022439915	4.696766238352277	-3.3798965361082853	7.933106448267831	-13.9548623554604	193.36391452100932	145.31808468553365	0.32368907946659636	0.0	0.0	0.0	0.0	0	0	Negative	-2.5797190417400504	0.0
2025-08-27	156.72000122070312	162.39999389648438	155.97999572753906	162.32000732421875	76380600	PLTR	0.9013565307657111	4.115911235284019	1.8580417411666292	2.6403104582310992	0.855111563305859	-2.5797190417400504	-3.449978961823324	4.115911235284019	-11.773899001659856	44.127104474909025	0.5975136184216865	3.8769157143661586	-3.279402095944472	7.82502728545908	-14.210637451224162	193.4517009823689	145.04129828520922	0.2412436642709257	0.0	0.0	0.0	0.0	0	0	Medium	0.8933090132591399	2.0
2025-08-28	158.1199951171875	158.22999572753906	152.5500030517578	157.6300048828125	57885200	PLTR	0.5806557267874505	3.723364511408182	1.5647375592480361	2.6139225711609324	0.706229709005328	0.8933090132591399	0.3108483278543799	3.723364511408182	-24.21478752458085	45.68090649107105	0.13878669983691339	3.1292899114603094	-2.990503211623396	7.671810527624949	-15.430286096784318	193.46110792545838	145.00889024348695	0.27059865370370983	0.0	0.0	0.0	0.0	0	0	Negative	-0.8917204951058388	0.0
2025-08-29	156.7100067138672	158.4199981689453	153.0	156.97999572753906	45270500	PLTR	-0.7209710503744637	3.5424824633629495	1.0744027540602432	2.6367345215155997	0.6412437413205707	-0.8917204951058388	-0.17198943879478698	3.5424824633629495	-21.792617111109575	44.343394993119915	-0.33467405430306485	2.4364971183076345	-2.7711711726106993	7.510966787719261	-15.002434851581645	193.3033911328475	145.41060728023845	0.23593114713070032	0.0	0.0	0.0	0.0	0	0	Low	0.2424794893393444	1.0
2025-09-02	157.08999633789062	158.38999938964844	150.27999877929688	151.1999969482422	65435000	PLTR	-3.516054833489725	5.396593476329484	0.7883965901547445	2.5613091238047656	0.986819285466528	0.2424794893393444	3.895502320456173	5.396593476329484	44.54225157663379	44.812365435138396	-0.6714925776609846	1.8148991791139106	-2.4863917567748954	7.553754917907283	-13.219537824423103	193.43278840612138	144.92420927454268	0.250796607139295	0.0	0.0	0.0	0.0	0	0	Negative	-1.3941068766057474	0.0
2025-09-03	154.89999389648438	161.14999389648438	152.7100067138672	158.0	66052300	PLTR	0.5792881044773944	5.526806896440779	0.9378361161597505	2.1342749671813994	1.061853505650375	-1.3941068766057474	-1.962029179440269	5.526806896440779	0.9433789256514098	42.58523646425802	-1.1024304465275065	1.2314332539856272	-2.3338637005131337	7.617057222529419	-12.569850709839011	193.20640180730828	143.31359483575812	0.232225841038229	0.0	0.0	0.0	0.0	0	0	Medium	0.8005200400412706	2.0
2025-09-04	156.13999938964844	157.0399932861328	153.16000366210938	154.86500549316406	53292300	PLTR	-0.02258773705549294	2.533291676189296	1.28591241011946	1.5855499625035547	0.9254214401638146	0.8005200400412706	0.823293740522067	2.533291676189296	-19.31802526180012	44.27400082848032	-1.328578703916662	0.7194308624051693	-2.0480095663218316	7.350123822636134	-10.279836531135278	192.00542893150273	142.17456832191525	0.2802566702018033	0.0	0.0	0.0	0.0	0	0	Negative	-1.940565384360924	0.0
2025-09-05	153.11000061035156	158.97000122070312	148.0399932861328	157.82000732421875	81855900	PLTR	1.0759625599701979	7.383145386560989	1.8872529909891593	1.648616984858654	1.3121886081062883	-1.9405653843609236	-2.98441673760105	7.383145386560989	53.597986951210586	41.093319032871676	-1.732329193337364	0.2290788512566626	-1.9614080445940265	7.605829830631433	-2.9413625290956813	190.24732619942074	141.0236714202082	0.24553904508625604	0.0	0.0	0.0	0.0	0	0	Medium	1.952847940203008	2.0
2025-09-08	156.10000610351562	158.3000030517578	154.83999633789062	154.91000366210938	47643000	PLTR	1.1756273558763977	2.234569100813454	2.185455890687438	1.6248694913979858	0.7579742171354388	1.9528479402030074	0.768189537973216	2.234569100813454	-41.79649848086699	45.27160698454761	-1.790397324416432	-0.1748163838779563	-1.6155809405384756	7.4332707314010635	0.05769604502854042	186.97167813170017	141.21331942689358	0.3253326189572946	0.0	0.0	0.0	0.0	0	0	High	4.01024616404224	3.0
2025-09-09	162.36000061035156	162.75	156.3699951171875	157.25	61359500	PLTR	0.7367033001406623	4.080069758927324	2.1466935236452476	1.524621377178833	0.9890217051414719	4.01024616404224	3.249602931861089	4.080069758927324	28.790168545221757	52.817361701276724	-1.3161161294240173	-0.4030763329871685	-0.9130397964368488	7.377322386049872	3.95697798974775	184.30923689810814	141.84376145394262	0.48312750397400156	0.0	0.0	0.0	0.0	0	0	High	2.697711792527084	3.0
2025-09-10	166.74000549316406	169.0	163.44000244140625	166.0	62211400	PLTR	2.241931125871382	3.4018584652108204	2.0646361242804643	1.5377875102717515	1.0153246762572785	2.697711792527084	0.4457864416650979	3.4018584652108204	1.388375068245341	57.25785877805388	-0.5801277252663226	-0.43848661144299933	-0.14164111382332328	7.324656457735483	5.039687364975245	180.3745868131469	143.75541196615	0.6276655228592353	0.0	0.0	0.0	0.0	0	0	Negative	-1.4273748377140807	0.0
2025-09-11	164.36000061035156	167.45799255371094	163.22000122070312	167.24000549316406	42025500	PLTR	0.2998680481754565	2.5964901980837984	2.0541407054225234	1.6192457094381618	0.7120665764585203	-1.4273748377140807	-1.722078921439775	2.5964901980837984	-32.44726850705819	54.26910614207709	-0.1867454308911647	-0.38813837533263246	0.20139294444146777	7.104180377397793	4.5746659828026255	176.32188581189413	145.80711351671917	0.6079969043900092	0.0	0.0	0.0	0.0	0	0	High	4.301528376232199	3.0
2025-09-12	171.42999267578125	171.52999877929688	164.00999450683594	165.35000610351562	54498500	PLTR	0.6023396747917211	4.585089033795135	0.983452318852138	1.623336724914973	1.0177584122382375	4.3015283762321985	3.677040428083996	4.585089033795135	29.67959929090671	60.81282441868864	0.6875761944899352	-0.17299546136811894	0.8605716558580542	7.133882084188018	6.564305264571684	173.76499927693555	147.40499889200976	0.9114185672588382	0.0	0.0	0.0	0.0	0	0	Negative	-0.1283240805651279	0.0
2025-09-15	171.2100067138672	171.8000030517578	167.41000366210938	169.60000610351562	45396100	PLTR	-1.0674833170684468	2.6223040998845906	0.880487878203934	1.685120786965417	0.8549461187008223	-0.12832408056512795	0.949292778544416	2.6223040998845906	-16.70211106727708	60.5226270973747	1.3472016510946503	0.1310439611244349	1.2161576899702153	6.937890463149477	9.245792100753183	172.1580950209977	148.41590400243982	0.9600673625113431	0.0	0.0	0.0	0.0	0	0	Negative	-0.5548812392834884	0.0
2025-09-16	170.25999450683594	171.30999755859375	168.9600067138672	171.0399932861328	34598700	PLTR	-0.09930110453094487	1.3908562685525094	1.1764638486408194	1.7980804894359448	0.7246402005276249	-0.5548812392834884	-0.4560329805392444	1.3908562685525094	-23.784862576300608	59.20860711222894	1.7728650475762322	0.45940817841479437	1.313456869161438	6.61018334754784	7.677712980354647	171.18447689725556	149.01252169893584	0.9583039753530763	0.0	0.0	0.0	0.0	0	0	Negative	-1.133556171766328	0.0
2025-09-17	168.3300018310547	169.67999267578125	161.27000427246094	169.02000427246094	69255500	PLTR	-0.7282921851176346	5.214849742988711	1.5744440373816333	1.7640036765408147	1.408924773664293	-1.133556171766328	-0.4082371458788767	5.214849742988711	100.16792538447976	56.523719621788814	1.9321988906538934	0.7539663208626142	1.1782325697912792	6.78016955374978	7.41496689385264	172.21317899599933	149.04181978329757	0.832414787181927	0.0	0.0	0.0	0.0	0	0	Very High	5.132774488008394	4.0
2025-09-18	176.97000122070312	178.8000030517578	169.38999938964844	170.27000427246094	70768600	PLTR	1.152499507101143	5.555229763277529	1.79323757649887	1.8181653060183323	1.288963832529377	5.132774488008394	3.9349249897950633	5.555229763277529	2.184808426767549	64.32326197408376	2.724244458157898	1.148021948321671	1.576222509836227	7.043728958532162	12.65516923181529	175.05406302928472	148.2969364213989	1.0716047810176204	0.0	0.0	0.0	0.0	0	0	High	3.0626649327904536	3.0
2025-09-19	182.38999938964844	184.4199981689453	176.7100067138672	177.07000732421875	109129900	PLTR	0.05651020106560615	4.363075752445822	1.7738619675368443	1.3727716029603092	1.6577593477478878	3.0626649327904536	3.004456907085724	4.363075752445822	54.20666792899675	68.17973773492182	3.746111985113572	1.6676399556800512	2.078472029433521	7.091319136856874	17.746937751033688	178.857178066475	147.1148220555953	1.1112967582482713	0.0	0.0	0.0	0.0	0	0	Negative	-1.6777222264563594	0.0
2025-09-22	179.3300018310547	182.25	178.2899932861328	180.8800048828125	45916700	PLTR	-0.827893257244913	2.221104303656504	1.8495660011809734	1.3742703147595359	0.6964052471961304	-1.6777222264563594	-0.8569233800950081	2.221104303656504	-57.92473006939436	63.97515014603264	4.259927342184	2.186097432980841	2.0738299092031585	6.877653920189642	14.852057468974007	181.26294596672838	146.76805378913102	0.9439643375105535	0.0	0.0	0.0	0.0	0	0	Medium	1.7955730707774495	2.0
2025-09-23	182.5500030517578	185.75	177.00999450683594	182.509994506836	62354800	PLTR	1.773263058780957	4.9375774048885885	1.3247114278558816	1.4328441177707905	0.872276880077107	1.7955730707774495	0.021921289861372286	4.9375774048885885	35.79982882045095	66.32831608409491	4.870809245333049	2.723039795451283	2.1477694498817663	7.0106790325449575	19.228007526646078	184.00257515552633	146.5664250886143	0.9611986782515766	0.0	0.0	0.0	0.0	0	0	Negative	-1.6379104043708594	0.0
2025-09-24	179.55999755859375	184.8500061035156	177.1199951171875	183.9100036621093	45379700	PLTR	0.7450016913808983	4.364279132468193	1.2561184708622266	1.4437069537787148	0.6802539471628966	-1.6379104043708594	-2.3652906404741514	4.364279132468193	-27.2234054154612	62.26135888107532	5.055393668626692	3.189510570086365	1.8658830985403272	7.062059886386611	15.028821612935072	185.8081187942414	146.62988169403985	0.8405206130212655	0.0	0.0	0.0	0.0	0	0	Negative	-0.2450448025110209	0.0
2025-09-25	179.1199951171875	184.32000732421875	174.2899932861328	175.8000030517578	72321200	PLTR	-2.094004543305355	5.7547847980116735	1.308515886088528	1.4991879849575913	1.0790913700085019	-0.2450448025110209	1.8885051238891268	5.7547847980116735	59.36905708940341	61.66217891918115	5.107299860569327	3.5730684281829577	1.5342314323863695	7.274056611507992	10.322736168903027	187.18734761724025	147.49065226068942	0.7967752119517058	0.0	0.0	0.0	0.0	0	0	Negative	-0.865334878975787	0.0
2025-09-26	177.57000732421875	180.1199951171875	174.91000366210938	179.0500030517578	44275800	PLTR	-0.03907551771866445	2.9786697993230686	1.4392233900373008	1.5273445781740453	0.8191691933563294	-0.865334878975787	-0.8265823525907686	2.9786697993230686	-38.778947251981435	59.49026569564095	4.966118507688492	3.851678444084065	1.1144400636044272	7.126623386048715	6.4951430216299775	188.1637187692484	148.45928232938442	0.7331856992587014	0.0	0.0	0.0	0.0	0	0	Medium	0.726470255631324	2.0
2025-09-29	178.86000061035156	181.47999572753903	177.16000366210938	179.63999938964844	38413800	PLTR	1.165732939150114	2.4384691669283423	1.3718254927695739	1.5459634315990571	0.731008318702561	0.726470255631324	-0.4342010587547473	2.4384691669283423	-13.23973818654886	60.729999282102824	4.901817840847258	4.061706323436704	0.8401115174105538	6.926149720290211	8.822097801261979	189.0286811395656	149.80931934871563	0.7407229474196484	0.0	0.0	0.0	0.0	0	0	Medium	1.9903821684252607	2.0
2025-09-30	182.4199981689453	182.7700042724609	178.22000122070312	178.97999572753906	43561700	PLTR	0.06708884981439235	2.5530260467921195	1.4192416381946047	1.367992048337195	0.8928326942737143	1.9903821684252607	1.9220038683222227	2.5530260467921195	13.40117353659362	64.0039404263461	5.079567062772895	4.265278471303943	0.8142885914689524	6.756424958252181	6.410783388382349	190.21823739010728	151.15276328127942	0.8003802744224279	0.0	0.0	0.0	0.0	0	0	Medium	1.3869086748667534	2.0
2025-10-01	184.9499969482422	186.27999877929688	179.5	181.32000732421875	45717300	PLTR	-0.6029990438371915	3.7771580943158076	1.365307910481199	1.3046623293894701	0.9357185604965905	1.3869086748667534	2.001979636771492	3.7771580943158076	4.94838355711554	66.16296485346246	5.362765733994507	4.484775923842056	0.8779898101524513	6.758108802612516	8.025226152427997	191.2499132993344	153.12608767722813	0.8347512022130545	0.0	0.0	0.0	0.0	0	0	Medium	1.1354453301793277	2.0
2025-10-02	187.0500030517578	188.1999969482422	182.9499969482422	186.6999969482422	39849200	PLTR	0.946201691741435	2.8696365605763092	0.5261137993577857	1.1967317330136658	0.9406480475200857	1.1354453301793277	0.1874697960561056	2.8696365605763092	-12.835622401147925	67.88482477989425	5.691052749801912	4.726031289034028	0.9650214607678844	6.6503867452830505	9.861393801611896	192.34721585507023	155.11978548770318	0.8577067299290184	0.0	0.0	0.0	0.0	0	0	Negative	-7.47393504381324	0.0
2025-10-03	173.07000732421875	186.83999633789065	170.77000427246094	186.3999938964844	105533400	PLTR	-0.34750555716032133	9.410313089756846	2.9542793656128854	2.192392864549646	1.9323124675455936	-7.47393504381324	-7.151280584090762	9.410313089756846	164.83191632454353	49.73909129427224	4.76818904033388	4.7344628392939985	0.03372620103988133	7.338216176284037	2.815900577201558	190.77857762526693	158.68442438889323	0.44823064280199515	0.0	0.0	0.0	0.0	0	0	High	3.7325886529699934	3.0
2025-10-06	179.52999877929688	182.9499969482422	177.8300018310547	179.17999267578125	52504200	PLTR	3.530354823476969	2.8791514730184233	2.894188516286585	2.137913168245708	0.9141791954334395	3.7325886529699934	0.19533771504776568	2.8791514730184233	-50.24873641899153	55.63980880787725	4.506136289556537	4.688797529346506	-0.18266123978996962	7.519771422551138	1.4465714759198773	189.58501869844287	162.22098258329544	0.632546168378282	0.0	0.0	0.0	0.0	0	0	Medium	1.4705059920898738	2.0
2025-10-07	182.1699981689453	186.17999267578125	179.4199981689453	180.3099975585937	58179300	PLTR	0.43446709998349664	3.7676928858680494	2.758933868787876	2.1248115907083163	0.9639247884409812	1.4705059920898738	1.0315571158205976	3.7676928858680494	10.808849577748065	57.81925093834355	4.460070566730792	4.643052136823364	-0.1829815700925721	7.465501642857196	-0.12062131774732117	189.3211205537501	164.46588048384754	0.7122891444744426	0.0	0.0	0.0	0.0	0	0	Medium	0.7630232220561856	2.0
2025-10-08	183.5599975585937	184.259994506836	181.1999969482422	182.8000030517578	36299700	PLTR	0.3458335012048639	1.688740402941542	3.0465399083459026	2.249721634029554	0.6207925140354994	0.7630232220561856	0.4157519114595947	1.688740402941542	-37.60719018620024	58.962467836445484	4.484035315637215	4.611248772586134	-0.12721345694891983	7.150822779695525	2.358777496430324	189.56185666153056	165.90714358261005	0.7462721664425803	0.0	0.0	0.0	0.0	0	0	Medium	1.040533715141146	2.0
2025-10-09	185.47000122070312	187.6199951171875	179.9499969482422	183.5800018310547	45050300	PLTR	0.010897947661286515	4.262294136715869	2.9658855284586876	2.1539659110204203	0.7569776746002328	1.040533715141146	1.0295235705399814	4.262294136715869	24.10653531571886	60.5448883275593	4.604075963004078	4.6098142106697235	-0.005738247665645346	7.187906736070509	1.5995607341170053	189.35514044817418	168.22485985700158	0.816134044661285	0.0	0.0	0.0	0.0	0	0	Negative	-5.407881982683286	0.0
2025-10-10	175.44000244140625	187.1000061035156	173.52999877929688	185.1699981689453	54612700	PLTR	-0.16175287096742877	7.8199777673471065	2.3064201947630734	2.4995365532242055	1.1071060490694768	-5.407881982683286	-5.254628624374459	7.8199777673471065	21.22605176880065	49.70567013054332	3.845542938370386	4.4569599562098565	-0.6114170178394707	7.643771063795382	-2.2944949728254866	189.13308130870075	168.8479199730375	0.3249706699043717	0.0	0.0	0.0	0.0	0	0	Medium	1.008894350108144	2.0
2025-10-13	177.2100067138672	179.22000122070312	173.4499969482422	178.67999267578125	41162086	PLTR	1.8467796336568663	3.3266096131340483	2.2561369942823446	2.447330952791001	0.8746572722073342	1.008894350108144	-0.8226919756938786	3.3266096131340483	-24.629095430183824	51.36055286183205	3.3486237534733903	4.235292715662563	-0.886668962189173	7.5099305787000645	-1.0663178067142762	188.83192386692235	169.74907741481593	0.39097570259114556	0.1820999999999999	-0.0165436092358871	-0.0908485358997871	0.0430494735348789	0	0	Medium	1.427683924972672	2.0
2025-10-14	179.74000549316406	182.33999633789065	170.82000732421875	176.0	49261400	PLTR	-0.6828094735197033	6.743934269834566	2.5017028390842304	2.485744848250959	1.087994830214596	1.427683924972672	2.125003121115945	6.743934269834566	19.6766364075912	53.70537265322359	3.1229619157518584	4.012826555680423	-0.8898646399285646	7.7963633240551955	1.2220521931855248	188.3592934396087	171.16970894076238	0.49857496863736744	0.0	0.0	0.0	0.0	0	0	Negative	-0.0667688729881154	0.0
2025-10-15	179.6199951171875	184.3500061035156	176.02000427246094	181.65499877929688	37269700	PLTR	1.0654240723307669	4.732417696207227	1.8505948979620483	2.466561714033363	0.8196324158956466	-0.06676887298811549	-1.120257452745255	4.732417696207227	-24.34299471797391	53.57343962221777	2.900998543775273	3.790460953299393	-0.8894624095241199	7.834480360269443	0.4249102673837029	187.14445649655823	173.51354521242615	0.4479854484762104	0.0	0.0	0.0	0.0	0	0	Negative	-0.4231124192716421	0.0
2025-10-16	178.86000061035156	184.82000732421875	176.4499969482422	181.8800048828125	35593581	PLTR	1.258217251453841	4.743559377012472	1.7896309377503716	2.3773974695027302	0.8167431864346874	-0.4231124192716421	-1.660437756424497	4.743559377012472	-4.497269900213847	52.69067302483304	2.633409462122671	3.559050655064049	-0.9256411929413777	7.872732504248523	-1.9515390825169927	187.10105511185122	173.74594653609802	0.38292867820920135	0.0	0.0	0.0	0.0	0	0	Negative	-0.3969622673847267	0.0
2025-10-17	178.14999389648438	181.58999633789065	173.9499969482422	177.75	43421500	PLTR	-0.6205974541897217	4.392066412005574	1.2372518033125222	1.78391015675173	1.050308742610667	-0.3969622673847267	0.2250317279799578	4.392066412005574	21.992501962643207	51.8314101050074	2.3371108202672985	3.3146626881046988	-0.9775518678374002	7.856108710348519	-3.6766710808115213	186.8950847845773	173.52791631405552	0.3457783593153468	0.0	0.0	0.0	0.0	2025-10-22 17:57:52.257687+00:00	2025-10-22 17:57:52.260772+00:00	Medium	1.9309584952358303	2.0
2025-10-20	181.58999633789065	183.08999633789065	177.44000244140625	179.49000549316406	31975800	PLTR	0.7521816685878266	3.184171448797251	1.280198621974807	1.7567403406898736	0.8094238382511969	1.9309584952358305	1.1699764780532975	3.184171448797251	-26.359522356436326	55.6086266620996	2.352750417327343	3.122280233949228	-0.7695298166218851	7.698529080786797	-2.919009155191697	187.02105644987864	173.62794409943774	0.5944885721944086	0.0	0.0	0.0	0.0	2025-10-22 17:57:52.257687+00:00	2025-10-22 17:57:52.260772+00:00	Negative	-0.0440562986221977	0.0
2025-10-21	181.509994506836	182.3890075683593	178.64999389648438	182.0599975585937	27455100	PLTR	0.258825502605602	2.092926839975948	1.161828305475128	1.9043540538752128	0.7812364794010614	-0.04405629862219776	-0.30209988966999046	2.092926839975948	-14.137879271198845	55.49962731955133	2.331809779870582	2.964186143133499	-0.6323763632629169	7.415706551578806	4.876631897753543	186.91505622450651	173.62994347031773	0.5931489767773098	0.0	0.0	0.0	0.0	2025-10-22 17:57:52.257687+00:00	2025-10-22 17:57:52.260772+00:00	Negative	-6.10434806147132	0.0
2025-10-22	170.42999267578125	182.2100067138672	169.4199981689453	181.84500122070312	41447960	PLTR	0.18456653848585386	7.5492909238304335	2.0516253538277405	1.9136724524415076	1.152011006307322	-6.10434806147132	-6.277328751571024	7.5492909238304335	50.96634140833579	42.944662699504896	1.4049551767662365	2.6523399498600466	-1.2473847730938101	7.799585265389025	-5.068794165538101	187.7257052181273	171.90629398841565	-0.09332214019834381	0.0	0.0	0.0	0.0	2025-10-22 17:57:52.257687+00:00	2025-10-22 17:57:52.260772+00:00	Very High	6.243041193270841	4.0
2025-10-23	181.07000732421875	181.5599975585937	175.00999450683594	175.49000549316406	28993196	PLTR	2.9689685119031632	3.7426451387620094	2.057618464705132	1.939335592453211	0.8365341640285804	6.243041193270841	3.1796693010372308	3.7426451387620094	-30.049160441189386	53.76182180830897	1.511552252536859	2.4241824103954093	-0.9126301578585503	8.037472380919269	-0.6038265662748845	187.83455065289658	171.99244977434952	0.5730021301759167	0.1377109999999999	0.0	137710999.99999997	0.0688554999999999	2025-10-23 19:17:55.831663+00:00	2025-10-23 19:17:55.834463+00:00	Medium	1.9660890344027664	2.0
2025-10-24	184.6300048828125	186.1600036621093	182.8500061035156	182.8500061035156	33424999	PLTR	0.9830445172013672	1.8102255663693154	2.304124249935327	1.839375936014502	1.0234415740075655	1.9660890344027662	0.9734748262951685	1.8102255663693154	15.285665643760005	56.718546800444386	1.861831222529446	2.3117121728222165	-0.44988095029277053	7.826938377845788	0.5829196657497517	188.36559237900087	172.16740780410458	0.7693823354761785	0.1301649999999999	0.0	130164999.99999996	0.0650824999999999	2025-10-24 23:31:56.568640+00:00	2025-10-24 23:31:56.571563+00:00	High	2.464381559138612	3.0
2025-10-27	189.17999267578125	192.8300018310547	187.52999877929688	188.97000122070312	46958830	PLTR	2.3506451947749705	2.826216118091783	2.328650853413843	1.8732317964800551	1.3169959505011455	2.4643815591386122	0.11112422803705778	2.826216118091783	40.49014631234544	60.21979167312411	2.4780108523327726	2.344971908724328	0.1330389436084447	7.853585418588388	2.000318882115798	189.7281520114523	171.83684737819615	0.9693616901110648	0.1091918367346938	0.0	109191836.73469388	0.0545959183673469	2025-10-27 23:31:50.051454+00:00	2025-10-27 23:31:50.054035+00:00	Low	0.222017889837944	1.0
2025-10-28	189.6000061035156	191.77999877929688	186.77999877929688	189.47999572753903	37955325	PLTR	0.15858075027623697	2.676946157338883	2.247110669640381	1.6874222887553114	1.0052776425677021	0.22201788983794402	0.06333669974804639	2.676946157338883	-19.173188514279424	60.537147700185315	2.9660385753047365	2.46918524204041	0.49685333326432657	7.649757888689217	8.071137405985006	190.8637721425448	171.41922804056065	0.9350066510996136	0.1089235294117647	0.0	108923529.4117647	0.0544617647058823	2025-10-28 23:33:43.079009+00:00	2025-10-28 23:33:43.081750+00:00	High	4.857590273520209	3.0
2025-10-29	198.8099975585937	199.8500061035156	190.4900054931641	191.0800018310547	62905456	PLTR	0.7805884387635832	4.913643939543799	1.180638396101113	1.6997746918533554	1.4960548056708696	4.857590273520209	4.045423724861359	4.913643939543799	65.73552195904	66.79304350073423	4.049295641567568	2.7852073219458418	1.264088319621726	7.835489468068558	12.188922761908708	194.16883466234438	169.50016558179627	1.1881399795463221	0.1374161616161616	0.0	137416161.6161616	0.0687080808080808	2025-10-29 23:34:01.333581+00:00	2025-10-29 23:34:01.336594+00:00	Negative	-2.142746621975269	0.0
2025-10-30	194.5500030517578	199.6699981689453	194.1201019287109	198.4250030517578	42635136	PLTR	-0.19364947012909364	2.859001301303952	1.1435210151015118	1.6871204349556763	0.9521883234582551	-2.142746621975269	-1.952878891471773	2.859001301303952	-32.22346881962036	61.9047267376509	4.512026879358444	3.130571233428362	1.3814556459300822	7.6722328089375464	8.239677926991613	195.56875973255998	168.85024051158067	0.9618707656522281	0.03666	0.0	36660000.0	0.01833	2025-10-30 23:37:03.217849+00:00	2025-10-30 23:37:03.220809+00:00	High	3.0429185690479605	3.0
2025-10-31	200.47000122070312	204.17999267578125	197.9199981689453	199.1999969482422	51985967	PLTR	2.390127896963999	3.162891352440485	0.9258835090044002	1.6680518591738853	1.0721377227093962	3.0429185690479605	0.6375523553802667	3.162891352440485	21.93221806540033	65.66533533227417	5.29539705487278	3.563536397717246	1.7318606571555337	7.812072581443681	11.607842484302866	198.44372986891628	168.71526976487277	1.0681593107983163	0.0325102040816326	0.0	32510204.081632644	0.0162551020408163	2025-10-31 23:31:19.463565+00:00	2025-10-31 23:31:19.466363+00:00	High	3.347129951723253	3.0
2025-11-03	207.17999267578125	207.5200042724609	201.82009887695312	205.0449981689453	61717289	PLTR	2.282135441903571	2.8242506208377867	0.9261288283069	1.6790342531289966	1.1997956346461502	3.347129951723253	1.041232181180457	2.8242506208377867	18.719132415099637	69.35761572302685	6.384072185326147	4.127643555239026	2.256428630087121	7.757639043608974	15.833608391361405	202.89010800984104	167.03389101359645	1.1196413070121007	0.0976470588235294	0.0	97647058.8235294	0.0488235294117647	2025-11-03 23:21:01.632452+00:00	2025-11-03 23:21:01.635216+00:00	Negative	-7.935122967372779	0.0
2025-11-04	190.7400054931641	195.6999969482422	185.6999969482422	192.07000732421875	119806139	PLTR	-7.293168204329612	5.385029706159432	1.2239077207952134	1.706814158794577	1.7667916766503222	-7.935122967372779	-0.692456802383302	5.385029706159432	94.12087105770314	54.02762392025557	5.852817857748079	4.4726784157408375	1.3801394420072413	8.73780737817541	7.0670850564245615	203.44044836510793	167.34055139075147	0.6481861740224469	0.0180861386138613	0.0	18086138.613861386	0.0090430693069306	2025-11-04 23:21:33.495707+00:00	2025-11-04 23:21:33.498469+00:00	Negative	-1.488943858073586	0.0
2025-11-05	187.8999938964844	190.32000732421875	181.3500061035156	189.0749969482422	75620933	PLTR	-0.8729204660642497	4.946237065789249	1.2311941912380457	1.1864016472127665	1.0748771658834593	-1.488943858073586	-0.6214481400094546	4.946237065789249	-36.880585893849734	51.89376232077715	5.143340546574308	4.6068108419075315	0.5365297046667763	8.784392521852059	3.4748596761093182	203.66855306956603	167.5464463200824	0.5634651300257553	-0.007389	0.0	-7389000.000000003	-0.0036945	2025-11-05 23:21:39.639747+00:00	2025-11-05 23:21:39.642578+00:00	Negative	-6.83873936249607	0.0
2025-11-06	175.0500030517578	191.08999633789065	174.52999877929688	187.9499969482422	77846830	PLTR	0.026611523886121653	9.488338780965007	2.658712497154119	2.236041682080458	1.0058323649170011	-6.83873936249607	-6.863524397947601	9.488338780965007	2.9434931727171367	43.51860888275546	3.5037981921257995	4.386208311951185	-0.8824101198253853	9.339792881619323	-3.559027960212344	203.72528331144792	166.44771626130597	0.23076309617741225	-0.0053336734693877	0.0	-5333673.469387749	-0.0026668367346938	2025-11-06 23:21:25.825177+00:00	2025-11-06 23:21:25.827901+00:00	Medium	1.645238259819909	2.0
2025-11-07	177.92999267578125	178.67999267578125	168.91000366210938	173.22000122070312	73113728	PLTR	-1.0454166233368205	5.784138773222655	2.413237060761669	2.136929666079251	0.8957712171070401	1.645238259819909	2.719080603790684	5.784138773222655	-6.080018929479851	45.636284955175284	2.409069899336089	3.990780629428166	-1.5817107300920772	9.370521176765934	4.4006338803685106	203.62225638120336	166.79974221498807	0.30226753150400576	0.0125376237623762	0.0	12537623.762376234	0.0062688118811881	2025-11-07 23:20:56.160333+00:00	2025-11-07 23:20:56.163240+00:00	Very High	8.81245915810382	4.0
2025-11-10	193.6100006103516	194.92990112304688	183.5200042724609	184.3500061035156	87416115	PLTR	3.6081682077246553	6.217249664862905	1.8088464485456628	2.1130837866630663	1.007553715332725	8.81245915810382	5.023050827368214	6.217249664862905	19.56183522744183	55.43350131146709	2.774749848206312	3.7475744731837954	-0.9728246249774832	9.915477410373054	6.925494438004351	204.4046283982474	167.65736958759246	0.7062467205100509	0.0344161616161616	0.0	34416161.61616161	0.0172080808080808	2025-11-10 23:22:22.419487+00:00	2025-11-10 23:22:22.422256+00:00	Negative	-1.3687277971852445	0.0
2025-11-11	190.9600067138672	192.9250030517578	187.1300048828125	190.3350067138672	49461330	PLTR	-1.6915417004080633	3.09677658191392	2.3322605586754652	2.069365283313867	0.6804252846874563	-1.3687277971852443	0.3283683914959321	3.09677658191392	-43.41852185949925	53.67301425578246	2.818234627251684	3.561706503997373	-0.7434718767456894	9.6700858615992	3.428479479850763	204.8478221477032	168.33617596020696	0.6196332709152943	0.0542353535353535	0.0	54235353.53535352	0.0271176767676767	2025-11-11 23:21:11.975710+00:00	2025-11-11 23:21:11.979736+00:00	Negative	-3.555722824777632	0.0
2025-11-12	184.1699981689453	190.5449981689453	180.3999938964844	190.4900054931641	54782405	PLTR	-0.24612547349107625	5.623616749278955	2.2816573677106486	2.0832471455915793	0.799462082830746	-3.5557228247776322	-3.3177632117006675	5.623616749278955	10.75805078431979	49.348433354217775	2.2785341613561343	3.3050720354691254	-1.0265378741129911	9.733652072726597	-2.64826868633097	204.83392402198058	168.80507439110534	0.42646168099335785	0.0474642857142857	0.0	47464285.71428571	0.0237321428571428	2025-11-12 23:22:24.465617+00:00	2025-11-12 23:22:24.468672+00:00	Negative	-6.532007872564213	0.0
2025-11-13	172.13999938964844	182.6999969482422	170.7313995361328	182.0	61656387	PLTR	-1.1782582345223789	7.010191121625753	1.4710422123063327	2.035832305966051	0.9444045218091421	-6.532007872564213	-5.417582752940419	7.010191121625753	12.547791576510742	42.7728252310193	0.8700676924472361	2.8180711668647476	-1.9480034744175114	9.998291112732732	-9.208864004115352	205.31152975577817	167.65546853523745	0.11909187283678938	-0.0315673267326732	0.0	-31567326.73267327	-0.0157836633663366	2025-11-13 23:22:00.700907+00:00	2025-11-13 23:22:00.703626+00:00	Medium	1.0863222515498343	2.0
2025-11-14	174.00999450683594	177.2899932861328	164.5	166.97500610351562	62401060	PLTR	-3.000460848406049	7.775071906463715	1.787007144968022	2.006547894053628	0.9882426555805716	1.0863222515498343	4.213198470529771	7.775071906463715	1.2077791713614359	44.02148325669913	-0.09417357945724802	2.2356222176003486	-2.3297957970575967	10.197698410832738	-12.47422330682774	205.55217146933097	167.00082688271982	0.18181383034174103	-0.0081459999999999	0.0	-8145999.999999996	-0.0040729999999999	2025-11-14 23:21:06.203259+00:00	2025-11-14 23:21:06.205767+00:00	Negative	-1.5861126337358236	0.0
2025-11-17	171.25	174.23989868164062	167.67999267578125	170.49200439453125	49762280	PLTR	-2.0217172710539244	3.9121578556741263	1.985402042156833	1.8497383054452208	0.8948007703363774	-1.5861126337358236	0.4445930518329126	3.9121578556741263	-20.254111067985065	42.54594061351892	-1.0687305642074705	1.5747516612387849	-2.643482225446255	9.937856096191783	-11.97635707338391	206.038771063097	165.48022765516475	0.1422578786127419	-0.032559	0.0	-32559000.000000004	-0.0162795	2025-11-17 23:21:28.952249+00:00	2025-11-17 23:21:28.955005+00:00	Negative	-2.2890500256614965	0.0
2025-11-18	167.3300018310547	172.8300018310547	165.66000366210938	168.30999755859375	53433938	PLTR	-1.7167897468065692	4.328140776556841	1.6660045779925334	1.9130577772348942	0.947289082563092	-2.2890500256614965	-0.5822563969783772	4.328140776556841	7.378395845206449	40.4710559558311	-2.1327995023269466	0.8332414285256386	-2.9660409308525852	9.740151958531323	-16.53115138816389	206.81183599979806	163.28916345088555	0.09284444505626072	-0.0098171717171717	0.0	-9817171.71717171	-0.0049085858585858	2025-11-19 01:46:00.111173+00:00	2025-11-19 01:46:00.113958+00:00	Negative	-1.1414591771999243	0.0
2025-11-19	165.4199981689453	169.59100341796875	162.4199981689453	167.8000030517578	44599304	PLTR	0.2808828157294012	4.415099944505807	1.7697054867736357	1.9470279829985608	0.8202835555568275	-1.1414591771999243	-1.418358068848419	4.415099944505807	-16.533750516385297	39.461246011451074	-3.0945313043571616	0.04768688194907855	-3.1422181863062404	9.55664147928076	-20.156383812691175	207.33051772583727	162.26948227416275	0.06991663336634403	0.0083757575757575	0.0	8375757.575757579	0.0041878787878787	2025-11-20 01:44:40.658941+00:00	2025-11-20 01:44:40.661805+00:00	Negative	-5.848750549420647	0.0
2025-11-20	155.7449951171875	174.57000732421875	154.39999389648438	172.10499572753906	76928683	PLTR	4.041226957194309	13.063480715716297	3.8816300495690936	2.8332177923622095	1.3396362559735033	-5.848750549420647	-9.505825523072685	13.063480715716297	72.48852807209727	34.7335851565868	-4.584554682676526	-0.8787614309760423	-3.7057932517004835	10.314739475598875	-18.346969365705913	209.3652564931292	157.7022422861677	-0.037884881457738336	0.022720202020202	0.0	22720202.020202007	0.011360101010101	2025-11-21 01:45:29.363005+00:00	2025-11-21 01:45:29.365706+00:00	Negative	-0.5746502563362994	0.0
2025-11-21	154.85000610351562	158.11000061035156	147.55999755859375	156.02999877929688	71122306	PLTR	0.18299378538291336	7.149636233606314	3.848209106026091	2.8479606222568115	1.202013600897257	-0.5746502563362994	-0.7562601326750888	7.149636233606314	-7.547740028254481	34.32392498635008	-5.771101413986912	-1.8572294275782162	-3.913871986408696	10.331544016753085	-17.58913723604285	210.7276598072691	153.36183909409806	0.02594170171221636	0.0364929999999999	0.0	36492999.99999999	0.0182464999999999	2025-11-22 01:41:40.149974+00:00	2025-11-22 01:41:40.152881+00:00	High	4.778814081245535	3.0
2025-11-24	162.25	165.1699981689453	157.0	157.47000122070312	57058380	PLTR	1.691956741310078	5.203820489774085	3.6638071076233056	2.8675805194631963	0.9411144776344227	4.778814081245535	3.035498026444692	5.203820489774085	-19.774282909218382	40.56571964714578	-6.044651603026352	-2.694713862667844	-3.3499377403585084	10.330718877372842	-7.312198131166658	210.42435254590276	150.9721470878863	0.18969612355386573	0.0570359999999999	0.0	57035999.99999999	0.0285179999999999	2025-11-25 01:47:39.587736+00:00	2025-11-25 01:47:39.590391+00:00	Medium	0.801234546537943	2.0
2025-11-25	163.5500030517578	164.64990234375	156.55499267578125	160.0	36502624	PLTR	-1.386748844375963	5.170649322396868	3.537042584564462	2.6911722510398146	0.637686638903006	0.801234546537943	2.218751907348633	5.170649322396868	-36.02583178842442	41.61549787630489	-6.086382686002196	-3.3730476273347145	-2.7133350586674814	10.171018219558263	-8.081824434302218	209.724273817188	149.06722551142528	0.23876495716255616	0.023175	0.0	23175000.000000004	0.0115875	2025-11-26 01:46:51.792223+00:00	2025-11-26 01:46:51.794891+00:00	Medium	1.3573837843344907	2.0
2025-11-26	165.77000427246094	168.3385009765625	163.8800048828125	166.88999938964844	34216483	PLTR	2.042186655804362	2.720585770630277	3.908385351945025	2.926357286704869	0.6202492849215466	1.3573837843344907	-0.6710978017158343	2.720585770630277	-6.262949753968372	43.45232724346293	-5.872623378009791	-3.87296277746973	-1.9996606005400612	9.786552484218722	-14.379420613669557	207.25057207498708	148.23692792501294	0.2971020786801502	-0.0010259999999999	0.0	-1025999.9999999958	-0.0005129999999999	2025-11-27 01:45:08.245486+00:00	2025-11-27 01:45:08.248107+00:00	Medium	1.6166933743793552	2.0
2025-11-28	168.4499969482422	168.75999450683594	165.875	167.75999450683594	17057022	PLTR	1.2004525445413128	1.7392581804587415	2.162201126086403	3.2009837892711217	0.3949174282830574	1.6166933743793552	0.4113033285645068	1.7392581804587415	-50.149692474238215	45.67431431152837	-5.42443506424388	-4.183257234824561	-1.2411778294193194	9.301083752087028	-11.787813664750129	205.1550375226124	147.72246186703606	0.3609020637609802	0.033867	0.0	33867000.0	0.0169335	2025-11-29 01:44:36.521636+00:00	2025-11-29 01:44:36.524351+00:00	Negative	-0.5698969857346399	0.0
2025-12-01	167.49000549316406	169.10000610351562	163.1199951171875	165.00999450683594	27456592	PLTR	-2.0421504919725364	3.6660195962070796	1.5189799913212179	3.146576976620492	0.7968081880212722	-0.5698969857346399	1.502945923815169	3.6660195962070796	60.96943534457539	44.99231556007119	-5.08805396509743	-4.364216580879135	-0.723837384218295	9.063864268818534	-9.056845762945674	201.51547122712876	148.0640285897658	0.3634322282972277	0.0106699999999999	0.0	10669999.999999996	0.0053349999999999	2025-12-02 01:49:24.596744+00:00	2025-12-02 01:49:24.599550+00:00	Medium	1.9105599398722288	2.0
2025-12-02	170.69000244140625	175.73989868164062	169.60000610351562	169.66000366210938	35357123	PLTR	1.2955986015737988	3.6202195502148196	1.2720792513668209	3.16052588230039	1.1739544334742786	1.9105599398722286	0.6070958134294249	3.6202195502148196	28.774623594945798	47.79081569109573	-4.511253587101862	-4.39362398212368	-0.1176296049781822	9.005723477365537	-0.8423358623117216	195.20226923208753	150.7282315613695	0.44884098511207793	0.007105	0.0	7105000.000000003	0.0035525	2025-12-03 01:48:50.897505+00:00	2025-12-03 01:48:50.900735+00:00	High	3.157770995696537	3.0
2025-12-03	176.0800018310547	176.33999633789062	168.8300018310547	170.13999938964844	30078253	PLTR	-0.32222335455564555	4.448258262978082	1.037781091960675	3.1574607382623183	1.043185041955226	3.157770995696537	3.4912439536353075	4.448258262978082	-14.930145758748528	52.20181703907355	-3.5779627004712324	-4.230491725793191	0.6525290253219582	8.89888569375628	1.189591051988356	192.99490421455113	151.46959621269497	0.5926603992259286	0.05201	0.0	52010000.00000001	0.026005	2025-12-04 01:49:39.025761+00:00	2025-12-04 01:49:39.028500+00:00	Medium	1.0449774640825285	2.0
2025-12-04	177.9199981689453	178.44000244140625	174.42999267578125	176.36500549316406	29093283	PLTR	0.16186032436711947	2.2989221659135977	1.105359700665268	3.278525112400358	1.046202797619685	1.0449774640825285	0.8816900333674879	2.2989221659135977	-3.2746915188192607	53.64171131120868	-2.6591970535018845	-3.9162327913349295	1.257035737833045	8.549680270318332	3.8948894417198905	191.41741296857165	152.04908788592056	0.6571503925734853	0.055603	0.0	55602999.99999999	0.0278015	2025-12-05 01:50:09.634985+00:00	2025-12-05 01:50:09.637734+00:00	High	2.158271345216845	3.0
2025-12-05	181.759994506836	182.1531982421875	177.16009521484375	178.2100067138672	31653503	PLTR	0.1629994086704605	2.8184129283112913	0.8313142695515754	1.6363459120206723	1.0301275614354435	2.158271345216845	1.9920249476611287	2.8184129283112913	8.800038139387707	56.581350717409535	-1.602737684295306	-3.453533769927005	1.850796085631699	8.29563903867729	8.62367329102799	192.19144775336122	151.94605224663877	0.740803808356591	0.069413725490196	0.0	69413725.49019608	0.034706862745098	2025-12-06 01:43:56.489982+00:00	2025-12-06 01:43:56.492769+00:00	Negative	-0.1485414952858337	0.0
2025-12-08	181.4900054931641	183.87989807128903	179.5399932861328	182.25	30276115	PLTR	0.26958929796049075	2.4172356842186784	0.9046392938317838	1.2175620343084947	0.9675459675425162	-0.1485414952858337	-0.41700658811298164	2.4172356842186784	-4.351455192810729	56.310979961257225	-0.7783001205170024	-2.9184870400450045	2.140186919528002	8.013086591997213	9.71467023461474	192.63491892134851	151.8585823603898	0.7266818363752885	0.0932470588235294	0.0	93247058.8235294	0.0466235294117647	2025-12-09 01:56:20.086319+00:00	2025-12-09 01:56:20.089041+00:00	Low	0.1928430404613906	1.0
2025-12-09	181.83999633789065	182.83999633789065	180.3800048828125	180.81539916992188	18572187	PLTR	-0.3717043929824694	1.3637827855012734	1.128275068515197	1.194400691784108	0.6648436583184475	0.1928430404613906	0.5666537101775883	1.3637827855012734	-38.65729800537486	56.60049190621446	-0.09558423968096008	-2.3539064799721956	2.2583222402912355	7.616436939360137	16.754953313953006	190.13581678692594	153.18068406756623	0.7755164211684903	0.0940009999999999	0.0	94001000.0	0.0470004999999999	2025-12-10 01:51:49.374171+00:00	2025-12-10 01:51:49.377026+00:00	High	3.338103523132225	3.0
2025-12-10	187.9100036621093	190.3800048828125	182.75	184.9499969482422	58959386	PLTR	1.7102951347252597	4.175105271032832	1.0222359366513507	1.0253354136224226	1.7489712554292687	3.338103523132225	1.6004362058440331	4.175105271032832	217.46065231843724	61.38039630862251	0.9246135075177904	-1.6982024824741984	2.622815989991989	7.682406339757402	21.349690833394867	189.3842225494911	153.62727799982528	0.9587711168851646	0.121985	0.0	121985000.0	0.0609925	2025-12-11 01:53:09.424035+00:00	2025-12-11 01:53:09.427094+00:00	Negative	-0.1969082905462617	0.0
2025-12-11	187.5399932861328	188.0500030517578	180.2100067138672	184.58200073242188	35634973	PLTR	-1.771062138698943	4.350477801345832	1.2501331780803584	1.1145780913914882	1.017582915180255	-0.19690829054626172	1.6025357521175496	4.350477801345832	-39.56013551430132	60.9397960262196	1.6838603335070843	-1.0217899192779418	2.705650252785026	7.693662768195489	15.58705287280913	190.08264368818593	153.26585637284924	0.9309377436907993	0.0464629999999999	0.0	46462999.99999999	0.0232314999999999	2025-12-12 01:52:50.772673+00:00	2025-12-12 01:52:50.775455+00:00	Negative	-2.11687432229828	0.0
2025-12-12	183.57000732421875	186.5	177.6667938232422	185.8099975585937	41331811	PLTR	-0.9224676279579667	4.971782282256878	1.5059218529784562	1.1476415802793227	1.1184394292302458	-2.1168743222982793	-1.2055272933678287	4.971782282256878	15.986648846345414	56.272443461653566	1.9428285069527362	-0.42886623403180624	2.3716947409845424	7.849343960673713	12.240907305960313	191.37219625669553	153.11930459779666	0.7960366237917667	0.0117079999999999	0.0	11707999.999999994	0.0058539999999999	2025-12-13 01:46:27.095601+00:00	2025-12-13 01:46:27.098289+00:00	Negative	-0.1743244056495338	0.0
2025-12-15	183.25	187.77999877929688	183.15060424804688	185.1000061035156	32402851	PLTR	0.8334688229295456	2.527643602518646	1.4875861487546638	1.1758697522253179	0.8668443437775961	-0.1743244056495338	-0.9994630159444708	2.527643602518646	-21.603118237427342	55.90078574455729	2.0980556539374504	0.07651814356204512	2.0215375103754054	7.619347572857734	10.544727801785417	192.4197608314965	152.99574057231212	0.7674067542779262	0.0005549999999999	0.0	554999.9999999988	0.0002774999999999	2025-12-16 01:52:50.351295+00:00	2025-12-16 01:52:50.354011+00:00	High	2.455661664392906	3.0
2025-12-16	187.75	188.5	181.14239501953125	181.6649932861328	41635627	PLTR	-0.8649422722331173	4.0617796732098155	0.9038806593298397	1.1973590309203437	0.9914913628698103	2.455661664392906	3.3495758339544	4.0617796732098155	28.493714951193645	59.910515739929934	2.55473725737059	0.5721619663237542	1.9825752910468357	7.600651673401378	11.457407777625498	194.28533340181366	152.78016800199492	0.8425416851406596	0.072843	0.0	72843000.0	0.0364215	2025-12-17 01:48:31.201259+00:00	2025-12-17 01:48:31.204016+00:00	Negative	-5.571241924829394	0.0
2025-12-17	177.2899932861328	187.75	176.92140197753906	187.71499633789065	49417030	PLTR	-0.018643761443060763	6.120569869684661	1.3143108001359647	1.4573765035389563	1.232822694194117	-5.571241924829394	-5.553633569580468	6.120569869684661	18.689289823832844	48.802625123917984	2.0490059295254355	0.8675307589640905	1.1814751705613449	7.831219269762776	5.851088107683373	194.6415782559672	153.4199222933492	0.5790662804626351	0.0275148514851485	0.0	27514851.485148508	0.0137574257425742	2025-12-18 01:48:50.863622+00:00	2025-12-18 01:48:50.866422+00:00	High	4.738005230625989	3.0
2025-12-18	185.69000244140625	187.3300018310547	181.509994506836	181.509994506836	39886995	PLTR	2.3802816743821604	3.2064390393662325	1.421687507497736	1.4006966817250854	0.9744015802588692	4.738005230625989	2.302907862416815	3.2064390393662325	-19.284920603281904	55.877533188840474	2.2995133867109985	1.1539272845134723	1.1455861021975262	7.98898993227414	8.787860908929998	195.8542509975415	154.234249979021	0.7557845192840755	0.0504757575757575	0.0	50475757.57575756	0.0252378787878787	2025-12-19 01:52:16.464336+00:00	2025-12-19 01:52:16.467296+00:00	High	4.141312047121546	3.0
2025-12-19	193.3800048828125	195.0	186.77999877929688	186.8099975585937	76511712	PLTR	0.6031531598158351	4.400900136216431	1.3637069533546462	1.391781828534386	1.5949628402402685	4.141312047121546	3.516946314480893	4.400900136216431	91.82119886444191	61.168002936274526	3.083022120439125	1.539746251698603	1.5432758687405221	8.083347619868396	9.825081140308498	197.214911934581	156.637090018544	0.9054925358067853	-0.035857	0.0	-35857000.0	-0.0179285	2025-12-20 01:46:50.463670+00:00	2025-12-20 01:46:50.466345+00:00	Low	0.3102651926656668	1.0
2025-12-22	193.97999572753903	198.8800048828125	192.42999267578125	195.0800018310547	36227847	PLTR	0.8790965484111859	3.3518746830171406	1.1673181062037656	1.3212160205444503	0.7433512044652836	0.3102651926656668	-0.5638743557467735	3.3518746830171406	-52.650586357288674	61.55532609139152	3.7096106017662294	1.9737191217121284	1.735891480054101	7.966680804665743	9.026527497681192	197.7776369867479	159.98736392877947	0.8995074406214673	-0.028113	0.0	-28113000.0	-0.0140565	2025-12-23 01:53:14.422528+00:00	2025-12-23 01:53:14.425326+00:00	Low	0.0773322809451786	1.0
2025-12-23	194.1300048828125	195.3699951171875	191.735107421875	192.8249969482422	23843675	PLTR	-0.5954215922961139	1.8957861938735363	1.5752116731732162	1.2163994660103992	0.5277782178940867	0.0773322809451786	0.6767835888624963	1.8957861938735363	-34.18412361076826	61.65829662495269	4.170219280699428	2.4130191535095884	1.7572001271898392	7.657267011140512	6.805683731197114	198.862150031709	162.09085137209956	0.8713087293244168	-0.0008499999999999	0.0	-849999.9999999974	-0.0004249999999999	2025-12-24 01:51:49.494644+00:00	2025-12-24 01:51:49.497365+00:00	Low	0.0206012904377943	1.0
2025-12-24	194.1699981689453	195.1699981689453	192.8300018310547	193.2400054931641	11710125	PLTR	-0.45845534809812705	1.2135022121406087	1.2615743072283743	1.4764094354718327	0.31114100784399634	0.020601290437794323	0.48126301456461107	1.2135022121406087	-50.88791891350641	61.68775904013687	4.486761507467321	2.827767624301135	1.6589938831661861	7.277461963051233	6.986606585484301	199.58183886080676	164.4331620547206	0.8460300306120099	0.0486891304347826	0.0	48689130.43478261	0.0243445652173913	2025-12-25 01:53:17.425660+00:00	2025-12-25 01:53:17.428485+00:00	Negative	-2.811964519012584	0.0
2025-12-26	188.7100067138672	196.3500061035156	188.6199951171875	195.01499938964844	24341592	PLTR	0.43518629483010973	4.098192761337698	1.3877059201790993	1.4644590026542528	0.7050018509867101	-2.8119645190125833	-3.2330808889133706	4.098192761337698	107.86790918115734	55.42595227020307	4.248078617407856	3.1118298229224792	1.1362487944853767	7.3097868932852945	3.7780524165931286	199.2743143111907	167.03468684847726	0.6723191789501414	0.093897	0.0	93897000.0	0.0469485	2025-12-27 01:50:42.875994+00:00	2025-12-27 01:50:42.878716+00:00	Negative	-2.400516070647277	0.0
2025-12-29	184.17999267578125	187.1999969482422	183.63999938964844	186.9149932861328	26466858	PLTR	-0.9512020369201069	1.9385741507437746	1.1848269480047187	1.4593891975527566	1.0794859718562748	-2.400516070647277	-1.4632323294497702	1.9385741507437746	8.731006583299893	50.81700244826714	3.6512965595663047	3.2197231702512443	0.4315733893150604	7.14980263835197	-1.984998623615146	198.58135242738845	169.30064830503343	0.5081621093731774	0.0531709999999999	0.0	53170999.99999999	0.0265854999999999	2025-12-30 01:53:59.613855+00:00	2025-12-30 01:53:59.616676+00:00	Negative	-1.813441454398423	0.0
2025-12-30	180.83999633789065	184.72889709472656	180.6999969482422	184.3500061035156	22938522	PLTR	0.09230830410207878	2.2296072022836673	1.085110049687026	1.4794016630602134	1.049330282863876	-1.813441454398423	-1.903992215576068	2.2296072022836673	-13.331147958703674	47.66953764480276	2.875683597726862	3.1509152557463684	-0.2752316580195062	6.926881031789998	-3.5725696854536326	197.27159134197217	171.94540847492237	0.35120128089023767	0.1032838383838384	0.0	103283838.3838384	0.0516419191919192	2025-12-31 01:54:18.767591+00:00	2025-12-31 01:54:18.770240+00:00	Negative	-1.7086907766339186	0.0
2025-12-31	177.75	181.52999877929688	177.25	181.0599975585937	22157858	PLTR	0.12165517869839935	2.414667858559591	1.0643747149646634	1.4708589306768234	1.0294971549260974	-1.7086907766339186	-1.8281219503068473	2.414667858559591	-3.4032881455919437	44.89887316119114	1.9887428673631007	2.918480778069715	-0.9297379107066144	6.737818013754775	-3.170456551728265	196.38596208660655	173.53703748614734	0.18438340480006607	0.1008579999999999	0.0	100858000.0	0.0504289999999999	2026-01-01 02:04:29.676060+00:00	2026-01-01 02:04:29.678820+00:00	Negative	-5.56399403074455	0.0
2026-01-02	167.86000061035156	181.3500061035156	166.35000610351562	181.3350067138672	59996535	PLTR	2.0168814142712725	9.017132221002644	2.960577771602674	2.225999962579523	1.9241824790950355	-5.56399403074455	-7.431000967605862	9.017132221002644	170.76865913663676	37.40515377940371	0.48223672710770416	2.431231967877313	-1.9489952407696087	7.327973869915146	-8.398362559153307	197.68666005765064	171.41433939303298	-0.1352883450249688	0.0128616161616161	0.0	12861616.161616163	0.006430808080808	2026-01-03 01:49:35.117455+00:00	2026-01-03 01:49:35.120129+00:00	High	3.681635084779181	3.0
2026-01-05	174.0399932861328	175.82000732421875	171.7899932861328	174.87100219726562	37332206	PLTR	4.176695794961001	2.3458956840248315	3.0397712839954205	2.2498183154503026	1.1052095611953248	3.6816350847791806	-0.4752125284873598	2.3458956840248315	-37.77606323431845	43.725619577192745	-0.2105790579543907	1.9028697627109723	-2.113448820665363	7.3731190730545775	-7.302267224429928	197.98403054302864	170.72896841937373	0.1214829322984891	0.038646	0.0	38646000.0	0.019323	2026-01-06 01:55:43.896702+00:00	2026-01-06 01:55:43.899363+00:00	High	3.2578795946127808	3.0
2026-01-06	179.7100067138672	180.19000244140625	174.7700958251953	175.75999450683594	34713968	PLTR	0.9882792961703541	3.101163611898409	2.9242172436408125	2.215836057965705	0.9798505850958735	3.2578795946127808	2.2473898102435474	3.101163611898409	-7.013349278100522	48.83068083355385	-0.29867492315008803	1.4625608255387603	-1.7612357486888484	7.285754078927353	1.3650028311686233	197.9885255559638	170.51947462714168	0.33457770749124316	0.038797	0.0	38796999.99999999	0.0193985	2026-01-07 01:55:17.907517+00:00	2026-01-07 01:55:17.910171+00:00	Medium	1.0962027089847357	2.0
2026-01-07	181.67999267578125	187.27999877929688	177.66000366210938	179.7100067138672	43446146	PLTR	0.0	5.414834469712	2.8363009337866476	2.328771923107739	1.099085973668583	1.0962027089847357	1.0962027089847357	5.414834469712	25.154652444226482	50.51051682222891	-0.20714232002364952	1.1286201964262783	-1.3357625164499278	7.452485581660221	-2.1595183978148436	197.99062582107027	170.5363730802969	0.4058977565590242	0.009696	0.0	9696000.000000004	0.004848	2026-01-08 01:55:20.944432+00:00	2026-01-08 01:55:20.947023+00:00	Negative	-2.6530120320024726	0.0
2026-01-08	176.86000061035156	185.6600036621093	174.3699951171875	185.3419952392578	47098206	PLTR	2.015633372471356	6.4747427086490426	2.681772566222821	2.454159912088157	1.0579726824282925	-2.6530120320024726	-4.576401920113599	6.4747427086490426	8.405946985493259	46.48912414933157	-0.517568937380247	0.7993823696649732	-1.3169513070452203	7.726594364750333	-8.54276753300942	198.08481168509417	169.94418764351911	0.2457590477245637	-0.02012	0.0	-20120000.0	-0.01006	2026-01-09 01:56:39.369417+00:00	2026-01-09 01:56:39.372123+00:00	Low	0.3562167141458361	1.0
2026-01-09	177.49000549316406	178.71800231933594	174.75	177.02000427246094	31197829	PLTR	0.09046910638764864	2.27067371635819	1.9124463606477822	2.3497213291736063	0.8049459163838818	0.3562167141458361	0.2655074055809653	2.27067371635819	-33.760048100345905	47.08215744230508	-0.7046256533483302	0.4985807650623125	-1.2032064184106428	7.4581235043635905	-8.500871531895756	197.71906587121606	169.2679336405027	0.2889892671401505	-0.0360514851485148	0.0	-36051485.14851485	-0.0180257425742574	2026-01-10 01:52:29.381069+00:00	2026-01-10 01:52:29.383824+00:00	Medium	1.0817500194506784	2.0
2026-01-12	179.41000366210938	182.5	176.36000061035156	177.67999267578125	34839250	PLTR	0.10704105962997716	3.4815147246535254	1.7380321135397956	2.3529227781634945	0.9106139034739671	1.0817500194506784	0.9736667366285494	3.4815147246535254	11.67203333283223	48.93938302203277	-0.6899878913749831	0.26086703377485343	-0.9508549251498365	7.363971781883937	-7.582548215351317	197.29143374033862	168.8825668089778	0.37056869879981863	-0.011485	0.0	-11485000.000000007	-0.0057425	2026-01-13 01:53:16.105865+00:00	2026-01-13 01:53:16.108617+00:00	Negative	-0.2508204331179248	0.0
2026-01-13	178.9600067138672	181.08999633789065	176.13999938964844	178.82000732421875	27615866	PLTR	-0.32885364575421927	2.8102628394428857	1.7860650178840782	2.2887360606355576	0.7496273411655981	-0.2508204331179248	0.07829067437325649	2.8102628394428857	-20.733465846710246	48.50966434134224	-0.7065536419237617	0.06738289863513042	-0.773936540558892	7.191545008052386	-7.833337590004027	197.17128857763836	168.54171191064287	0.3638997154727281	-0.070766	0.0	-70766000.00000001	-0.035383	2026-01-14 02:00:03.737068+00:00	2026-01-14 02:00:03.739750+00:00	Negative	-0.312926238474162	0.0
2026-01-14	178.39999389648438	181.5975036621093	173.9600067138672	178.82000732421875	33248932	PLTR	-0.0782294280264962	4.3903751744528305	1.649702982781629	2.208215940091345	0.9554286247093341	-0.31292623847416207	-0.23488055616329787	4.3903751744528305	20.3979335647124	47.94544729848069	-0.7561540001001958	-0.09732448111193485	-0.658829518988261	7.223398718065937	-5.463416061987343	197.05765116691165	168.17034871101802	0.35412254920948094	-0.0747666666666666	0.0	-74766666.66666669	-0.0373833333333333	2026-01-15 01:55:39.562801+00:00	2026-01-15 01:55:39.565587+00:00	Negative	-0.7455081938160505	0.0
2026-01-15	177.07000732421875	180.6000061035156	176.5301055908203	178.8300018310547	30390696	PLTR	0.24103584601007458	2.3054993929074734	0.8946928548979807	2.2181173900493745	0.9660562930711293	-0.7455081938160505	-0.9841718329224475	2.3054993929074734	-8.596474617590724	46.56038760693281	-0.8924933349194362	-0.25635825187343514	-0.6361350830460011	6.998148846253748	-3.8603462017063204	196.5143312510874	167.64566935926416	0.3264556563192815	-0.0379689320388349	0.0	-37968932.03883495	-0.0189844660194174	2026-01-16 01:57:06.548876+00:00	2026-01-16 01:57:06.551637+00:00	0	0.0	0.0
2026-01-16	170.9600067138672	182.42999267578125	170.00999450683594	179.3000030517578	56027378	PLTR	1.2593864772682226	7.305451779451658	1.975908402608141	1.8346568463304622	1.538181561490921	-3.4506129539849337	-4.651420075817373	7.305451779451658	84.35700847390926	40.738018926031074	-1.4765484939663338	-0.5003963002920149	-0.9761521936743189	7.385423797874574	-5.463387427614846	196.866190823133	166.66081112999203	0.14233211525731693	0.0	0.0	0.0	0.0	2026-01-17 01:51:23.645167+00:00	2026-01-17 01:51:23.647712+00:00	0	0.0	0.0
