timestamp	close	high	low	open	volume	symbol	gap_apertura_pct	volatilidad_diaria	vol_5d	vol_10d	vol_rel_5d	return_pct	close_open_pct	range_pct	volume_change_pct	rsi_14	macd	macd_signal	macd_diff	atr_14	momentum_12	bb_upper	bb_lower	bb_pctb	vader	finbert	sentiment_ratio	sentiment_combined	download_date	added_date	target_category	target	target_num
2025-06-05	72.47000122070312	73.55000305175781	72.08000183105469	72.79499816894531	6323600	PYPL	0.0	2.0394023076589254	0.0	0.0	0.0	0.0	-0.4464550538045521	2.0394023076589254	0.0	0.0	0.0	0.0	0.0	0.0	0.0	0.0	0.0	0.0	0.0	0.0	0.0	0.0	0	0	Medium	1.3246847913649615	2
2025-06-06	73.43000030517578	73.62000274658203	72.63999938964844	73.26499938964844	7240200	PYPL	1.0970031123970765	1.3491235753964628	0.0	0.0	0.0	1.3246847913649615	0.2252111061242384	1.3491235753964628	14.49490796381808	0.0	0.0	0.0	0.0	0.0	0.0	0.0	0.0	0.0	0.0	0.0	0.0	0.0	0	0	Low	0.1634246848471996	1
2025-06-09	73.55000305175781	73.97000122070312	72.94999694824219	73.69999694824219	6166500	PYPL	0.3676925533764097	1.398223872695468	0.0	0.0	0.0	0.1634246848471996	-0.2035195423274064	1.398223872695468	-14.829700836993451	0.0	0.0	0.0	0.0	0.0	0.0	0.0	0.0	0.0	0.0	0.0	0.0	0.0	0	0	Medium	1.645138047949731	2
2025-06-10	74.76000213623047	75.2699966430664	73.31999969482422	73.58000183105469	9510700	PYPL	0.0407869178139456	2.659570316910191	0.0	0.0	0.0	1.645138047949731	1.6036970315455443	2.659570316910191	54.23173599286467	0.0	0.0	0.0	0.0	0.0	0.0	0.0	0.0	0.0	0.0	0.0	0.0	0.0	0	0	Negative	-0.2006440898778572	0
2025-06-11	74.61000061035156	75.20999908447266	73.93000030517578	75.0999984741211	7706100	PYPL	0.4547837455529642	1.731365851498939	0.5383503483262897	0.0	1.042855866901597	-0.2006440898778572	-0.6524605508991866	1.731365851498939	-18.97441828677174	0.0	0.0	0.0	0.0	0.0	0.0	0.0	0.0	0.0	0.0	0.0	0.0	0.0	0	0	Low	0.2680564892187381	1
2025-06-12	74.80999755859375	75.30699920654297	74.0	74.0199966430664	8644600	PYPL	-0.7907840268845914	1.7662151439769846	0.5262135265116002	0.0	1.1007153389137747	0.2680564892187381	1.0672803990208566	1.7662151439769846	12.178663656064677	0.0	0.0	0.0	0.0	0.0	0.0	0.0	0.0	0.0	0.0	0.0	0.0	0.0	0	0	Negative	-5.320138828265291	0
2025-06-13	70.83000183105469	74.21499633789062	70.53099822998047	73.30000305175781	16744400	PYPL	-2.0184394547710798	5.223232621630763	1.562776650662964	0.0	1.716589129485384	-5.320138828265291	-3.3697150311972486	5.223232621630763	93.6977997825232	0.0	0.0	0.0	0.0	0.0	0.0	0.0	0.0	0.0	0.0	0.0	0.0	0.0	0	0	High	2.018918916007725	3
2025-06-16	72.26000213623047	72.48500061035156	71.06999969482422	71.62999725341797	7195500	PYPL	1.1294584239478749	1.9909960906196449	1.472915613419589	0.0	0.7224209006592197	2.018918916007725	0.8795266047318437	1.9909960906196449	-57.02742409402547	0.0	0.0	0.0	0.0	0.0	0.0	0.0	0.0	0.0	0.0	0.0	0.0	0.0	0	0	Negative	-2.200392914862569	0
2025-06-17	70.66999816894531	72.0999984741211	70.46499633789062	71.91999816894531	7374300	PYPL	-0.4705285873700265	2.3203040107891004	1.4815516534280142	0.0	0.7735566423091206	-2.200392914862569	-1.7380423134378549	2.3203040107891004	2.484886387325412	0.0	0.0	0.0	0.0	0.0	0.0	0.0	0.0	0.0	0.0	0.0	0.0	0.0	0	0	Negative	-2.971555863211981	0
2025-06-18	68.56999969482422	71.2760009765625	67.5199966430664	70.51000213623047	20427700	PYPL	-0.2263988069341017	5.562802903192673	1.858659349754045	1.5233367814351244	1.691412815778361	-2.971555863211981	-2.751386161722168	5.562802903192673	177.01205538152774	0.0	0.0	0.0	0.0	0.0	0.0	0.0	0.0	0.0	0.0	0.0	0.0	0.0	0	0	High	2.1583832047840987	3
2025-06-20	70.05000305175781	70.55000305175781	68.55000305175781	68.83000183105469	18497900	PYPL	0.3791776832253569	2.917578280032935	1.671799158457318	1.5124380178178882	1.316767701502567	2.1583832047840987	1.7724846553072229	2.917578280032935	-9.446976409483202	0.0	0.0	0.0	0.0	0.0	0.0	0.0	0.0	0.0	0.0	0.0	0.0	0.0	0	0	High	2.797999998693037	3
2025-06-23	72.01000213623047	72.14700317382812	70.16000366210938	71.0	11447900	PYPL	1.3561697456890385	2.832097217793974	1.4146730194362518	1.43696369999342	0.881376523829248	2.797999998693037	1.4225382200429135	2.832097217793974	-38.11243438444364	0.0	0.0	0.0	0.0	0.0	0.0	0.0	0.0	0.0	0.0	0.0	0.0	0.0	0	0	High	2.180252254199425	3
2025-06-24	73.58000183105469	73.94000244140625	72.55000305175781	73.125	9500900	PYPL	1.5483930435943445	1.9159191332587535	1.430030304843188	1.3877216022608816	0.7064002724216231	2.180252254199425	0.6222247262286325	1.9159191332587535	-17.007486089151723	0.0	0.0	0.0	0.0	0.0	1.5316690929411203	0.0	0.0	0.0	0.0	0.0	0.0	0.0	0	0	Negative	-0.6931260173130638	0
2025-06-25	73.06999969482422	74.25	72.41500091552734	74.13999938964844	7851900	PYPL	0.7610730424817701	2.53400408930906	1.403484562801907	1.390623524564606	0.5796787953867257	-0.6931260173130638	-1.4432151384312175	2.53400408930906	-17.35625046048269	53.20553860176607	0.0	0.0	0.0	1.966000693184989	-0.4902636645177672	0.0	0.0	0.0	0.0	0.0	0.0	0.0	0	0	Low	0.1368529828092732	1
2025-06-26	73.16999816894531	73.37999725341797	71.61000061035156	73.24500274658203	10235600	PYPL	0.239500550826208	2.4717171176933976	0.3943022372369672	1.3415512871085062	0.8895231010425104	0.1368529828092732	-0.102402313911059	2.4717171176933976	30.35825723710185	53.62176590356812	0.0	0.0	0.0	1.9520004038908043	-0.516661953834437	0.0	0.0	0.0	0.0	0.0	0.0	0.0	0	0	Medium	0.6423414411162336	2
2025-06-27	73.63999938964844	73.75	72.8550033569336	73.2699966430664	10449500	PYPL	0.1366659513783272	1.228462839650984	0.63432224540938	1.4037653522780127	1.0558079287391535	0.6423414411162336	0.5049853467095046	1.228462839650984	2.089765133455782	55.61985620571184	0.0	0.0	0.0	1.8765001352604904	-1.4981309718813551	0.0	0.0	0.0	0.0	0.0	0.0	0.0	0	0	Medium	0.9234116116401934	2
2025-06-30	74.31999969482422	74.54000091552734	73.66000366210938	73.94000244140625	7738000	PYPL	0.4073914370509675	1.1946744633012265	0.6466650101033238	1.230198119900178	0.8452045727118418	0.9234116116401934	0.5139264821083791	1.1946744633012265	-25.948609981338823	58.41155398783761	0.0	0.0	0.0	1.8067502345903768	-0.3886890673568877	0.0	0.0	0.0	0.0	0.0	0.0	0.0	0	0	Medium	1.3051684939265114	2
2025-07-01	75.29000091552734	75.69499969482422	73.80000305175781	73.94999694824219	8633800	PYPL	-0.4978508451309896	2.567746022635524	0.7200398351412631	1.217299117419676	0.9612592632178992	1.3051684939265114	1.812040598491206	2.567746022635524	11.576634789351251	62.07625671320901	0.0	0.0	0.0	1.813053549481522	0.6416299593615662	0.0	0.0	0.0	0.0	0.0	0.0	0.0	0	0	Medium	1.3547571133792462	2
2025-07-02	76.30999755859375	76.86499786376953	75.0	75.01000213623047	9361500	PYPL	-0.3718937121690614	2.486663818359375	0.7115121650879849	1.214876789146038	1.0083824517863609	1.3547571133792462	1.7330961009736758	2.486663818359375	8.42850193425838	65.51721593457998	0.0	0.0	0.0	1.8167638576449512	7.736828442571654	0.0	0.0	0.0	0.0	0.0	0.0	0.0	0	0	Low	0.3669227994429972	1
2025-07-03	76.58999633789062	77.36000061035156	76.4749984741211	76.70999908447266	5263400	PYPL	0.5241797125884714	1.1572437448690511	0.7315181047464999	0.6985481240128973	0.6349677413128345	0.3669227994429972	-0.1564369026388396	1.1572437448690511	-43.77610425679646	66.41799246337976	0.0	0.0	0.0	1.7619952286530125	5.992242006161163	77.21301333138707	69.18598721792934	0.9223850795188112	0.0	0.0	0.0	0.0	0	0	Negative	-0.5353127723182961	0
2025-07-07	76.18000030517578	76.83000183105469	75.62000274658203	76.20999908447266	5918600	PYPL	-0.4961447598737857	1.6001045233066291	0.685646718363567	0.6566133974687275	0.8016459300073411	-0.5353127723182961	-0.0393633114515901	1.6001045233066291	12.44822738154045	63.79028228918656	0.0	0.0	0.0	1.7225669326401298	7.796805262479464	77.58510599384823	69.18489446391544	0.8327297254758903	0.0	0.0	0.0	0.0	0	0	Negative	-1.509584564547151	0
2025-07-08	75.02999877929688	76.51499938964844	74.51000213623047	76.44000244140625	8758400	PYPL	0.3412997311484702	2.690910207937089	0.6812036303829504	0.6379591737742477	1.1543743755881664	-1.509584564547151	-1.8445887193556652	2.690910207937089	47.98094143885378	56.98066538508795	0.0	0.0	0.0	1.742740526981404	9.421028311540546	77.72599622516672	69.20400408000906	0.6836423455985279	0.0	0.0	0.0	0.0	0	0	Negative	-0.2665559796028851	0
2025-07-09	74.83000183105469	75.79000091552734	74.375	75.48999786376953	6755700	PYPL	0.6130868878536946	1.902522239364496	0.6301924593480461	0.6381338061146995	0.9367927981895634	-0.2665559796028851	-0.8742827545258158	1.902522239364496	-22.86604859335038	55.86378125497315	0.0	0.0	0.0	1.7193305547346855	6.823695319135218	77.8314301467253	69.22657003638017	0.6511938280016704	0.0	0.0	0.0	0.0	0	0	Medium	1.1626287530390642	2
2025-07-10	75.69999694824219	76.22000122070312	74.12999725341797	74.45500183105469	6380200	PYPL	-0.5011358957957072	2.819376830866928	0.7110908872883798	0.6710256352557772	0.964467005076142	1.1626287530390642	1.672144364474679	2.819376830866928	-5.558269313320603	59.57572176931658	0.0	0.0	0.0	1.7458072270597191	5.124280936738326	77.95111591526894	69.20088374903769	0.7427360869675853	0.0	0.0	0.0	0.0	0	0	Negative	-5.733152592936007	0
2025-07-11	71.36000061035156	75.19999694824219	70.79000091552734	75.16999816894531	21877700	PYPL	-0.7001305160675861	6.22968777465793	1.851447948658542	1.4988228412323112	2.2013922150265843	-5.733152592936007	-5.068508249834918	6.22968777465793	242.8999090937588	41.03526709626227	0.0	0.0	0.0	1.9718207131779424	-3.017125802470646	77.86370372962581	68.96329593468083	0.2692803218558087	0.0	0.0	0.0	0.0	0	0	High	3.5454018464930765	3
2025-07-14	73.88999938964844	74.30999755859375	71.54000091552734	71.55999755859375	12993900	PYPL	0.280264779332381	3.871955000863293	1.6777450255565638	1.5047479937410142	1.1445163381537156	3.5454018464930765	3.2560116133973707	3.871955000863293	-40.606645122659145	50.67256404753309	0.4527500527270121	0.0	0.0	2.04169044425396	1.1222111649773303	77.77785364517088	68.95714620224122	0.559235551039753	0.0	0.0	0.0	0.0	0	0	Negative	-1.258628113219431	0
2025-07-15	72.95999908447266	73.91000366210938	72.94000244140625	73.7699966430664	7333600	PYPL	-0.1624072913429242	1.3298617880940449	1.9333626449774537	1.4907417607109654	0.6625816978701182	-1.258628113219431	-1.098004060530049	1.3298617880940449	-43.56120949060713	47.5932383629656	0.3221868577859368	0.0	0.0	1.9651412140003288	-0.2870016259776042	77.73443205766074	69.21356751509316	0.4396774001820464	0.0	0.0	0.0	0.0	0	0	Low	0.0137090684703659	1
2025-07-16	72.97000122070312	73.58000183105469	71.7300033569336	73.26000213623047	9671100	PYPL	0.4111883984681397	2.579113881976793	1.838514590870419	1.4906631758853386	0.8300447160402702	0.0137090684703659	-0.3958516340036043	2.579113881976793	31.873840951238137	47.63009866228936	0.2170200024426805	0.0	0.0	1.956916732580384	-0.9098291342999306	77.74060916994945	69.27839031125173	0.4362462104908867	0.0	0.0	0.0	0.0	0	0	Medium	1.219678463423029	2
2025-07-17	73.86000061035156	74.18000030517578	72.3499984741211	72.47000122070312	8522700	PYPL	-0.6852130898116793	2.5293736968208256	1.8644616765988968	1.4901509860894235	0.7055332041921224	1.219678463423029	1.9180341744652056	2.5293736968208256	-11.874554083816731	50.93690029000327	0.2031482579440648	0.0	0.0	1.9478513824714048	-0.6189438729299288	77.6954799860809	69.6425197392609	0.5237180790450424	0.0	0.0	0.0	0.0	0	0	Low	0.4197096615651848	1
2025-07-18	74.16999816894531	74.3499984741211	73.28399658203125	74.0999984741211	9011600	PYPL	0.3249361789686951	1.4546175724690489	1.0299711462876426	1.4592321359807192	0.9479329054191938	0.4197096615651848	0.0944665266743097	1.4546175724690489	5.736445023290742	52.072089183911	0.2146941521655208	0.0	0.0	1.8848621331584363	-1.4875849820199016	77.22759425250905	70.67040532024487	0.5337032202139161	0.0	0.0	0.0	0.0	0	0	Medium	0.8763671860936615	2
2025-07-21	74.81999969482422	76.2300033569336	74.23999786376953	74.3499984741211	8200400	PYPL	0.2426861394357519	2.680503165983012	0.6632208495419079	1.4077753965788269	0.959348984777512	0.8763671860936615	0.6321469137174465	2.680503165983012	-9.001731102135025	54.451805058280826	0.2731453972562718	0.0	0.0	1.8973723513605685	-1.9525591815482024	76.9502783021009	71.42472093495964	0.6144681041690434	0.0	0.0	0.0	0.0	0	0	Medium	1.5771188318481233	2
2025-07-22	76.0	76.1500015258789	74.76499938964844	74.76499938964844	9094400	PYPL	-0.0735101649293189	1.8524739484211497	0.5379638974009461	1.4401710943767505	1.0218381040984086	1.5771188318481233	1.6518432694892178	1.8524739484211497	10.901907224037853	58.48199498411413	0.4099588427145448	0.0	0.0	1.8607744788512757	-0.770330808331351	77.06701400689309	71.70698501654442	0.8009312992869315	0.0	0.0	0.0	0.0	0	0	Medium	0.8684258711965461	2
2025-07-23	76.66000366210938	77.2300033569336	75.91000366210938	76.92500305175781	9283200	PYPL	1.2171092786287008	1.7389008446104175	0.528584419581958	1.4514384775714848	1.0522235294917743	0.8684258711965461	-0.3444905806115298	1.7389008446104175	2.0760028149190712	60.58281504821278	0.5651268332251647	0.0	0.0	1.8221477085636288	0.6300910409696883	77.3677776461625	71.71422156038048	0.8748090629483481	0.0	0.0	0.0	0.0	0	0	Medium	1.513169811245643	2
2025-07-24	77.81999969482422	78.76000213623047	77.3499984741211	77.73999786376953	10504300	PYPL	1.4088105270910174	1.8228877697794887	0.458590480785863	1.4769695508517746	1.1394457834984673	1.513169811245643	0.1029094845035648	1.8228877697794887	13.153869355394692	64.02799467643572	0.7727923003862287	0.4571752919715792	0.3156170084146494	1.8419941918177327	3.7185138756755416	77.8578906595878	71.69910854695517	0.9938476529822584	0.0	0.0	0.0	0.0	0	0	Low	0.2056073795127717	1
2025-07-25	77.9800033569336	78.81500244140625	77.5	77.58999633789062	6888100	PYPL	-0.2955581570747438	1.69677734375	0.4085471597590112	0.767421931698702	0.7832655604679511	0.2056073795127717	0.5026511631016937	1.69677734375	-34.4259017735594	64.48904331108295	0.9394502400067636	0.5536302815786162	0.3858199584281475	1.8043519239311987	4.2095435638111205	78.30286308496454	71.73513664037725	0.9508414775257532	0.0	0.0	0.0	0.0	0	0	Low	0.3077684706821596	1
2025-07-28	78.22000122070312	79.5	77.93000030517578	78.51000213623047	15978400	PYPL	0.6796598569904398	2.014628113276096	0.1230570249797963	0.4748839383980021	1.543854495984417	0.3077684706821596	-0.3693808529314958	2.014628113276096	131.97108055922533	65.20933265084781	1.0784618429160844	0.6585965938461098	0.4198652490699746	1.787612478994986	3.32893576492998	78.74699223385412	71.74900767459314	0.92469388740597	0.0	0.0	0.0	0.0	0	0	Negative	-8.655080755315899	0
2025-07-29	71.44999694824219	73.27999877929688	70.30999755859375	71.7300033569336	42890700	PYPL	-8.297107852833644	4.224152074856831	1.0828368791903156	0.8071806019550959	2.506917436147418	-8.655080755315899	-0.3903616277529982	4.224152074856831	168.4292544935663	40.347699907311885	0.6350265830855761	0.6538825916940031	-0.0188560086084269	2.224926134931728	0.1261159432747679	78.96109239139078	71.24790724239828	0.026200551645036	0.0	0.0	0.0	0.0	0	0	Negative	-2.435266533363146	0
2025-07-30	69.70999908447266	72.20500183105469	69.55500030517578	72.19000244140625	20790400	PYPL	1.0356970255717668	3.80993676119891	1.2041158712281457	0.9436607328074144	1.0710970109807227	-2.435266533363146	-3.4353833952928783	3.80993676119891	-51.52702100921645	36.49634356530649	0.141565776899597	0.551419228735122	-0.4098534518355249	2.2552886628565263	-5.6570582483471705	79.33938802482542	70.31161142585817	-0.0666401449781489	0.0	0.0	0.0	0.0	0	0	Negative	-1.3627843361337697	0
2025-07-31	68.76000213623047	70.05500030517578	68.45999908447266	69.4749984741211	16657600	PYPL	-0.337111767949954	2.3298294508228903	1.129382158050794	0.9423169342398902	0.807013600089918	-1.3627843361337697	-1.0291419267277215	2.3298294508228903	-19.87840541788518	34.55685463335223	-0.3224453323867919	0.3766463165107391	-0.6990916488975312	2.208125274131284	-5.756574836821827	79.61737793505993	69.27862197338733	-0.0501626925985551	0.0	0.0	0.0	0.0	0	0	Negative	-2.3996531044455867	0
2025-08-01	67.11000061035156	68.3499984741211	66.56999969482422	68.0	15181100	PYPL	-1.105296847903986	2.67387530037088	0.959223630393198	0.8891798601484606	0.680777806278487	-2.3996531044455867	-1.3088226318359375	2.67387530037088	-8.863821919124003	31.43247795119062	-0.8139362624404214	0.138529800720507	-0.9524660631609284	2.206830786079496	-8.030698249034641	79.94688746725377	68.00111286843959	-0.0745964399978287	0.0	0.0	0.0	0.0	0	0	Medium	1.3410840674915492	2
2025-08-04	68.01000213623047	68.56999969482422	67.2750015258789	67.82499694824219	11756800	PYPL	1.065409523748892	1.9249322030073253	0.983046875662408	0.902664026713746	0.5479666581528497	1.3410840674915492	0.2727684427755452	1.9249322030073253	-22.556336497355264	34.890419608787525	-1.1179368834956165	-0.1127635361227176	-1.0051733473728988	2.153485664536149	-7.920387795530575	79.98020689132406	67.15079362747477	0.0669717695646126	0.0	0.0	0.0	0.0	0	0	Negative	-0.264667401149648	0
2025-08-05	67.83000183105469	68.66999816894531	67.41000366210938	68.45999908447266	10714700	PYPL	0.6616628938502326	1.869150628075356	0.7908030647049371	0.9015366357507874	0.7133564845021212	-0.264667401149648	-0.9202413991280024	1.869150628075356	-8.863806477953185	34.515508625679644	-1.3577329854931008	-0.3617574259967943	-0.9959755594963066	2.089664867557563	-8.54792570366431	80.04511289183318	66.36588793214142	0.1070319336970871	0.0	0.0	0.0	0.0	0	0	High	2.344090070719525	3
2025-08-06	69.41999816894531	69.61000061035156	68.20899963378906	68.30000305175781	11913000	PYPL	0.692910523390173	2.053982588931679	0.3329653714556018	0.8807220457427386	0.8994581959192549	2.344090070719525	1.639817082202422	2.053982588931679	11.183700896898651	40.588466887742406	-1.4032973691010824	-0.5700654146176519	-0.8332319544834305	2.0675458612532283	-7.217323640610037	79.92254786396296	65.9474525938007	0.2484809947992783	0.0	0.0	0.0	0.0	0	0	Negative	-1.7286041196973123	0
2025-08-07	68.22000122070312	70.16999816894531	67.68000030517578	70.0	10129300	PYPL	0.8354967536057187	3.679074841226191	0.7632458965798219	0.9299639507050652	0.8484225620614156	-1.7286041196973123	-2.542855398995536	3.679074841226191	-14.972718878536051	37.74352745551766	-1.518730219718094	-0.7597983756377404	-0.7589318440803536	2.097721004290107	-10.236840499074836	79.71526632724094	65.40673455776881	0.1966146288284125	0.0	0.0	0.0	0.0	0	0	Negative	-0.835531639731542	0
2025-08-08	67.6500015258789	68.61000061035156	67.41999816894531	68.44000244140625	9683400	PYPL	0.3224878580570297	1.7650585489846295	0.8009689611652675	0.9225913154379298	0.8933487338829312	-0.835531639731542	-1.1542970300208415	1.7650585489846295	-4.402081091487072	36.43707662788146	-1.637331657028298	-0.935305031915852	-0.7020266251124461	2.032883964084117	-11.753198155251106	79.83076583365188	64.92023514291061	0.1830764068420011	0.0	0.0	0.0	0.0	0	0	Negative	-0.8425715919698398	0
2025-08-11	67.08000183105469	68.4800033569336	66.9000015258789	67.80999755859375	10118600	PYPL	0.2365055862617219	2.3617366143758542	0.7790199670112172	0.9030017374238992	0.962594417702011	-0.8425715919698398	-1.0765311219902087	2.3617366143758542	4.494289195943574	35.12764071556549	-1.75706402194929	-1.0996568299225398	-0.6574071920267504	2.0005352402963004	-13.801076723062293	79.79817911684572	64.2718221038574	0.1808653327273196	0.0	0.0	0.0	0.0	0	0	Medium	1.3267730550901868	2
2025-08-12	67.97000122070312	68.73999786376953	67.2300033569336	67.23999786376953	9747500	PYPL	0.2385152479837494	2.246012838671394	0.7385536167105029	0.7233033760536293	0.9446753166200832	1.3267730550901868	1.0856683226144723	2.246012838671394	-3.667503409562588	38.82438038156537	-1.7598508064373846	-1.231695625225509	-0.5281551812118757	1.9762110111833395	-12.836626962443482	79.73230254614006	63.83869888818612	0.2599349034634761	0.0	0.0	0.0	0.0	0	0	High	3.913485339036054	3
2025-08-13	70.62999725341797	70.7300033569336	68.1500015258789	68.2300033569336	12344700	PYPL	0.3825248367823688	3.7857692931598415	0.9095771939721832	0.718357350916968	1.1864541985833326	3.913485339036054	3.5175051713382124	3.7857692931598415	26.644780713003332	48.3058662193947	-1.5297854890369962	-1.2913135979878063	-0.2384718910491896	2.0321960915438484	-9.703405585317542	79.61100217040273	63.72599886719492	0.4346236670173597	0.0	0.0	0.0	0.0	0	0	Negative	-1.7697862786473622	0
2025-08-14	69.37999725341797	69.81999969482422	68.2300033569336	69.44000244140625	10695400	PYPL	-1.6848291919679097	2.3303477351053776	0.7592307313278436	0.7183462175464838	1.0168740587492584	-1.7697862786473622	-0.0864129980970462	2.3303477351053776	-13.360389478885676	44.79254791557738	-1.4318165310847064	-1.3194141846071863	-0.1124023464775199	2.0584673633253145	-2.897130557365468	79.37983544745728	63.50916525444703	0.3699170814825809	0.0	0.0	0.0	0.0	0	0	Negative	-0.2161918455206996	0
2025-08-15	69.2300033569336	70.16000366210938	69.16000366210938	69.56999969482422	8128000	PYPL	0.2738576663706766	1.4459224219906586	0.8448198735420387	0.7816012068592023	0.796328736415972	-0.2161918455206996	-0.4887111389708969	1.4459224219906586	-24.004712306225105	44.37547794130433	-1.3507085525671698	-1.3256730581991834	-0.0250354943679864	1.9828625516592209	-0.6885608002338616	79.08550665259858	63.30949456810456	0.375285513038381	0.0	0.0	0.0	0.0	0	0	Low	0.4333315149741876	1
2025-08-18	69.52999877929688	69.98500061035156	69.2300033569336	69.30999755859375	8410200	PYPL	0.1155484584447078	1.0905636527639335	1.0405765494747952	0.8709918331507976	0.8525153165280644	0.4333315149741876	0.3174162869031107	1.0905636527639335	3.471948818897637	45.46911058146673	-1.2478384667302436	-1.3101061399053957	0.0622676731751519	1.8951578874991315	1.1198321977082748	78.6707270248202	63.1952741043302	0.409340179412733	0.0	0.0	0.0	0.0	0	0	Negative	-0.6903433567756442	0
2025-08-19	69.05000305175781	70.36499786376953	68.93000030517578	69.79000091552734	9052800	PYPL	0.3739423857258667	2.08181858732126	1.0405524090586693	0.8628717451189388	0.9307624133527722	-0.6903433567756442	-1.0603207537784851	2.08181858732126	7.640721980452309	43.97920093278108	-1.1913121217131817	-1.2863473362669529	0.0950352145537711	1.8622892925773185	2.890779948982759	77.99924642825313	63.17175500607304	0.3964425187184152	0.0	0.0	0.0	0.0	0	0	Negative	-1.4047808513144324	0
2025-08-20	68.08000183105469	69.11000061035156	67.68000030517578	68.94000244140625	9992300	PYPL	-0.1593057284430666	2.1128846021391388	0.5211767243743902	0.8613265595435995	1.0795787262822854	-1.4047808513144324	-1.2474624019378262	2.1128846021391388	10.378004595263343	41.051717804115526	-1.2108279075056174	-1.2712434505146857	0.0604155430090682	1.8314115077629227	0.10292558833332	77.09213678118562	63.22086447003508	0.3503022110750107	0.0	0.0	0.0	0.0	0	0	Negative	-0.7784940732112555	0
2025-08-21	67.55000305175781	67.87000274658203	66.92500305175781	67.68000030517578	7039500	PYPL	-0.5875462913052473	1.412027869604106	0.4499156449968818	0.7456495510011085	0.8257904220276472	-0.7784940732112555	-0.1920763191959195	1.412027869604106	-29.550754080642093	39.50439902030181	-1.2545985493381266	-1.267914470279374	0.0133159209412472	1.7830963128724908	-0.412794886832338	75.69785363194687	63.5881479549672	0.3271636159020799	0.0	0.0	0.0	0.0	0	0	High	3.478902099116843	3
2025-08-22	69.9000015258789	70.1500015258789	67.81999969482422	67.91000366210938	9394100	PYPL	0.5329394435048725	3.4355674455016327	0.9013249040220924	0.851099671811194	1.0702136531104676	3.478902099116843	2.930345687611644	3.4355674455016327	33.448398323744584	48.73170157266634	-1.0871301021335569	-1.2317575966502106	0.1446274945166537	1.841446467247391	0.6914482419971034	73.94224066245066	64.53576074135795	0.570270795187943	0.0	0.0	0.0	0.0	0	0	Negative	-0.6008557364477561	0
2025-08-25	69.4800033569336	69.80999755859375	69.04000091552734	69.6500015258789	6460300	PYPL	-0.3576537833227988	1.1152906037885513	0.8949505826675794	0.9183231384617468	0.7702019599895086	-0.6008557364477561	-0.2440748962254488	1.1152906037885513	-31.2302402571827	47.341874039358274	-0.9770378096568492	-1.1808136392515385	0.2037758295946892	1.771343191754832	1.846968797543921	71.0903480052982	66.51365361213344	0.6481424123992997	0.0	0.0	0.0	0.0	0	0	Medium	1.0074797271470382	2
2025-08-26	70.18000030517578	70.25	69.18000030517578	69.4000015258789	9471500	PYPL	-0.1151436775897966	1.5466893467824478	0.9191030959432572	0.9329549933980056	1.118037570500759	1.0074797271470382	1.1239175247078597	1.5466893467824478	46.61083850595173	49.90616358220751	-0.8238086181454491	-1.1094126350303206	0.2856040168848714	1.7212472276883597	3.739835509580952	70.78735523903016	66.68964671409485	0.8517818116738869	0.0	0.0	0.0	0.0	0	0	Negative	-0.7551991692678683	0
2025-08-27	69.6500015258789	70.08000183105469	68.69100189208984	68.7300033569336	8648200	PYPL	-2.0661113450226787	2.02209882037664	0.9153399513703888	0.7039564780146894	1.054308814637096	-0.7551991692678683	1.338568491212654	2.02209882037664	-8.69239296837882	48.00022736441288	-0.7366482297753549	-1.0348597539793276	0.2982115242039727	1.7046580266453293	3.8312457135838014	70.77882503949675	66.69217715776887	0.7237776421440633	0.0	0.0	0.0	0.0	0	0	Medium	0.5886518646557489	2
2025-08-28	70.05999755859375	70.55999755859375	69.52999877929688	70.0	5882000	PYPL	0.5025103610242557	1.4813732164246285	0.9064601693627204	0.6919292882408279	0.7379046118410983	0.5886518646557489	0.0857107979910714	1.4813732164246285	-31.98584676580097	49.60363110241858	-0.6272590883597076	-0.9533396208554036	0.3260805324956961	1.6564680804061538	3.0748805360533504	70.92394405492152	66.67705768458043	0.7965694344069811	0.0	0.0	0.0	0.0	0	0	Low	0.1855622143060626	1
2025-08-29	70.19000244140625	70.69999694824219	69.9000015258789	70.0199966430664	5636300	PYPL	-0.0570952282633032	1.1444855577965918	0.3681986967689185	0.7140430883548184	0.7806877332173537	0.1855622143060626	0.2427960675383411	1.1444855577965918	-4.177150629037742	50.12874849991506	-0.5240363334836644	-0.8674789633810559	0.3434426298973915	1.59529146197452	-0.6229574247794923	71.01088894657661	66.8981129760308	0.8004057330014445	0.0	0.0	0.0	0.0	0	0	Negative	-1.3392255431120017	0
2025-09-02	69.25	69.3740005493164	68.1500015258789	68.91999816894531	12882500	PYPL	-1.8093805788383064	1.7960366779635435	0.3320347048368754	0.6761231234326668	1.514857539304571	-1.3392255431120017	0.4788186880762036	1.7960366779635435	128.5630644216951	46.3667564154817	-0.5121778304481239	-0.7964187367944695	0.2842409063463456	1.6270564229425788	-0.1873699316290539	71.02955920665548	67.00344250232891	0.5579961195006798	0.0	0.0	0.0	0.0	0	0	Medium	0.5631760139327617	2
2025-09-03	69.63999938964844	69.88999938964844	68.80000305175781	68.91000366210938	11808200	PYPL	-0.4909694409972924	1.5842969324734295	0.3310022741541768	0.6725894734705192	1.3161989602561015	0.5631760139327617	1.059346522630437	1.5842969324734295	-8.339219871919271	48.10680376046901	-0.4659391336768408	-0.7303228161709439	0.264383682494103	1.5886949882960106	0.5922230432389274	71.06041751225612	67.15358395258764	0.6364272752053928	0.0	0.0	0.0	0.0	0	0	Negative	-1.6944289424436456	0
2025-09-04	68.45999908447266	69.9000015258789	66.2300033569336	69.69999694824219	14063500	PYPL	0.0861538758179085	5.5412924398728745	1.8218876932194177	1.3757760341976144	1.3987269381868814	-1.6944289424436456	-1.7790500976496866	5.5412924398728745	19.099439372639356	43.50748167204616	-0.518533465295377	-0.6879649459958306	0.1694314807004535	1.7373595011995324	-1.5389036582909017	71.02642291916135	67.09157863723513	0.3477699113845606	0.0	0.0	0.0	0.0	0	0	Negative	-0.2921369426187278	0
2025-09-05	68.26000213623047	69.94000244140625	68.16999816894531	68.87999725341797	7794300	PYPL	0.6134942660853349	2.596456388445759	1.7624538106480618	1.360104646873088	0.7467979181677423	-0.2921369426187278	-0.9001090910420072	2.596456388445759	-44.5778078003342	42.76126694199641	-0.5697848096962304	-0.6643289187359106	0.0945441090396802	1.7396912705753471	-1.1440997546881826	71.02508574945449	67.09691589849473	0.2960885811624377	0.0	0.0	0.0	0.0	0	0	Low	0.2050972535410013	1
2025-09-08	68.4000015258789	68.58999633789062	67.80000305175781	68.45999908447266	7954900	PYPL	0.2929928830694173	1.165181785507797	1.7583985979372865	1.3248650915867906	0.7297618130245086	0.2050972535410013	-0.0876388539236162	1.165181785507797	2.0604800944279797	43.49189786637058	-0.5922776802412244	-0.6499186710369734	0.057640990795749	1.6718557002580232	0.4700347917415168	70.98030974229458	67.21669190565463	0.3144074854530668	0.0	0.0	0.0	0.0	0	0	Negative	-1.052633340118735	0
2025-09-09	67.68000030517578	68.5	67.52999877929688	68.19999694824219	8776500	PYPL	-0.2924043467470504	1.4364004712532363	1.8030555909087715	1.304797419452589	0.8707294423918694	-1.052633340118735	-0.7624584550363515	1.4364004712532363	10.328225370526342	40.62018071091335	-0.6605866912343714	-0.6520522750764531	-0.0085344161579182	1.621723237432673	0.1924459623167787	70.8963146323591	67.36068686300223	0.0903130824293858	0.0	0.0	0.0	0.0	0	0	Negative	-3.0141857363013878	0
2025-09-10	65.63999938964844	68.02999877929688	65.23500061035156	67.4800033569336	14352500	PYPL	-0.2955037638008002	4.284507002061404	1.8763169152208663	1.468721224033242	1.355500484495209	-3.0141857363013878	-2.7267395906199154	4.284507002061404	63.53329915114225	33.808673151093004	-0.8693122094478838	-0.6955042619507393	-0.1738079474971444	1.705528589683576	-6.094423523944129	71.30031465550209	66.72368665675376	-0.2367872738185617	0.0	0.0	0.0	0.0	0	0	High	2.4832377644339565	3
2025-09-11	67.2699966430664	67.3499984741211	65.70999908447266	65.75	11154400	PYPL	0.1675816748543569	2.49581405037026	1.2300760646941116	1.4662125388670408	1.114713206989043	2.4832377644339565	2.3117819666409223	2.49581405037026	-22.282529176101725	42.155218718738	-0.8929086355881282	-0.7349851366782172	-0.1579234989099109	1.705847910739939	-3.1807809543616625	71.12584591336592	66.56215533785478	0.1551028259912976	0.0	0.0	0.0	0.0	0	0	Negative	-0.5648837109866802	0
2025-09-12	66.88999938964844	67.75	66.86000061035156	67.20999908447266	7505600	PYPL	-0.0891891802999428	1.3311387698531427	1.3062407166138292	1.4768622183509958	0.7544241605503388	-0.5648837109866802	-0.4761191774783812	1.3311387698531427	-32.711755002510216	40.86162013243667	-0.9315334382716572	-0.7742947969969052	-0.1572386412747519	1.6475730163762603	-4.6879465677128325	71.13838119922062	66.30062026562314	0.1218289064125007	0.0	0.0	0.0	0.0	0	0	Low	0.3289000190021997	1
2025-09-15	67.11000061035156	68.19000244140625	66.8030014038086	67.30000305175781	9597900	PYPL	0.6129521092099534	2.07625557003578	1.194580264497571	1.421584799331551	0.9338858736370552	0.3289000190021997	-0.282321594042316	2.07625557003578	27.876518865913454	41.97185832815983	-0.9336293152095294	-0.80616170063943	-0.1274676145700993	1.6289607321777886	-3.646806690425685	71.11789955270068	66.10910163748487	0.1998281802957444	0.0	0.0	0.0	0.0	0	0	Negative	-0.3874268124956089	0
2025-09-16	66.8499984741211	67.13999938964844	66.1050033569336	66.83499908447266	9353900	PYPL	-0.4097772662461992	1.56568486522327	1.1717232198595748	1.4348168695106225	0.9000313676889711	-0.3874268124956089	0.0224424176762234	1.56568486522327	-2.542222777899332	40.99239860484882	-0.945372644872009	-0.8340038894859458	-0.1113687553860631	1.5865346822161497	-4.581785892567319	71.05907114182965	65.89993001783832	0.1841524458140359	0.0	0.0	0.0	0.0	0	0	High	2.647725224924485	3
2025-09-17	68.62000274658203	69.2699966430664	67.0	67.13999938964844	18607800	PYPL	0.4338084100923482	3.38805469114389	0.8166203730860635	1.4331795787550508	1.6549210595592996	2.647725224924485	2.2043541411794814	3.38805469114389	98.93092720683352	49.6128542784175	-0.8026028598258108	-0.8277236835539188	0.0251208237281079	1.6460677884110897	-2.2367853543456357	71.02533163776543	65.89066949138497	0.5315506994206093	0.0	0.0	0.0	0.0	0	0	Negative	-0.1457389966668375	0
2025-09-18	68.5199966430664	70.30000305175781	68.33000183105469	70.08000183105469	14330500	PYPL	2.127658155107519	2.883069175929389	0.871596040543898	1.0080214793991378	1.206358372744155	-0.1457389966668375	-2.226034742049612	2.883069175929389	-22.986597018454628	49.17572498772667	-0.6895774141603681	-0.8000944296752087	0.1105170155148406	1.6692058907176637	-1.0541564721062724	71.04153206942605	65.9184685409255	0.5078071133937967	0.0	0.0	0.0	0.0	0	0	Negative	-0.4378217119974684	0
2025-09-19	68.22000122070312	68.8499984741211	67.92500305175781	68.76000213623047	19774200	PYPL	0.3502707310601552	1.3617892982035629	0.8635991695613803	1.0456171256033728	1.379640909071881	-0.4378217119974684	-0.7853416212196578	1.3617892982035629	37.986811346428944	47.81474925185976	-0.617097541258758	-0.7634950519919187	0.1463975107331606	1.616048000120922	-2.039055401192876	71.04282758079233	65.98417284645376	0.4419808213184374	0.0	0.0	0.0	0.0	0	0	Negative	-0.7915580560902519	0
2025-09-22	67.68000030517578	68.11000061035156	67.05000305175781	67.76000213623047	13298200	PYPL	-0.6742877107030272	1.5809060557022012	0.9160463881994012	1.0075266128323284	0.8822577178144646	-0.7915580560902519	-0.1180664529700648	1.5809060557022012	-32.7497446167228	45.38013613703891	-0.5963558615487443	-0.7300672139032838	0.1337113523545394	1.5841872978940927	-1.1393496782470536	70.87286047404127	65.9321398311345	0.35376630260418	0.0	0.0	0.0	0.0	0	0	Negative	-0.546694363052087	0
2025-09-23	67.30999755859375	68.98999786376953	67.12000274658203	67.80500030517578	10449000	PYPL	0.1846926705620016	2.786047438418388	0.881396175605497	0.9778236979267664	0.6833011377235327	-0.546694363052087	-0.7300387056325196	2.786047438418388	-21.42545607676227	43.73685904616893	-0.6028250682092846	-0.7046187847644839	0.1017937165551993	1.6046021421293362	-1.391744136984847	70.75613320972275	65.83186651561905	0.3001728246653672	0.0	0.0	0.0	0.0	0	0	Medium	0.8171194052993861	2
2025-09-24	67.86000061035156	68.58000183105469	67.44000244140625	67.6500015258789	9180600	PYPL	0.5051314509247765	1.6903904928516285	0.7173261392791231	0.7269782780416669	0.6847872300749637	0.8171194052993861	0.3104199256999617	1.6903904928516285	-12.13896066609245	46.81962957903821	-0.5571488462992846	-0.6751247970714441	0.1179759507721595	1.580702294295879	-0.7894750050890514	70.48766395939305	65.86833579646634	0.4311589788899836	0.0	0.0	0.0	0.0	0	0	Negative	-1.6504608554500704	0
2025-09-25	66.73999786376953	67.48999786376953	66.19999694824219	67.26000213623047	10773700	PYPL	-0.8841710414449484	1.948641956186068	0.5521270859079327	0.7157120811525064	0.8486475927008288	-1.6504608554500704	-0.7731255663770348	1.948641956186068	17.35289632485894	41.79731118225784	-0.6043583063957385	-0.660971498936303	0.0566131925405645	1.5863666777111287	-1.3888924899049742	70.31943632365761	65.74556306599084	0.2174163431642563	0.0	0.0	0.0	0.0	0	0	Medium	0.8390848155724704	2
2025-09-26	67.30000305175781	67.62999725341797	66.31999969482422	67.0	8431600	PYPL	0.3895746846758793	1.9752677391764	0.4723736352222941	0.670248841228881	0.8086609083288736	0.8390848155724704	0.4477657488922574	1.9752677391764	-21.73904972293641	44.9755714283881	-0.589785722456341	-0.6467343436403106	0.0569486211839695	1.5666260263456018	2.528951367374877	70.0014086519898	65.78759128697504	0.3589172557262625	0.0	0.0	0.0	0.0	0	0	High	3.5363999190127906	3
2025-09-29	69.68000030517578	71.26000213623047	67.88999938964844	67.95999908447266	28497000	PYPL	0.9806775672911432	4.963916301192181	1.345188038994075	1.1186691361827088	2.116158908333197	3.5363999190127906	2.530902360026822	4.963916301192181	237.97855685753592	55.97793327344439	-0.3817899202658452	-0.5937454589654175	0.2119555386995723	1.7375812447832486	3.582583294744042	69.87404328979808	65.86395643554373	0.9516112763451902	0.0	0.0	0.0	0.0	0	0	Negative	-3.760049849465083	0
2025-09-30	67.05999755859375	69.83000183105469	66.8499984741211	69.82499694824219	21464800	PYPL	0.2080893261070149	4.457746335008833	1.5694138996971436	1.2419279286685168	1.369842382099283	-3.760049849465083	-3.959899048327914	4.457746335008833	-24.676983542127243	45.25114058593691	-0.4234824320061392	-0.5596928535735619	0.1362104215674227	1.826325681365416	0.2541458670899922	69.68867124865065	65.83032823255053	0.3187039931162286	0.0	0.0	0.0	0.0	0	0	Negative	-0.5964716836365523	0
2025-10-01	66.66000366210938	67.80000305175781	66.22000122070312	66.9000015258789	17050100	PYPL	-0.2385863980610005	2.385988828041147	1.4497754077120737	1.2208110090926512	0.9887876201036452	-0.5964716836365523	-0.3587411932669283	2.385988828041147	-20.567161119600463	43.86901591046828	-0.4832298397044923	-0.5444002507997481	0.0611704110952557	1.808731120628936	-0.6705363495001616	69.39022507384756	65.8307748345997	0.2329654221222944	0.0	0.0	0.0	0.0	0	0	High	3.405335311070061	3
2025-10-02	68.93000030517578	68.94999694824219	66.94999694824219	67.06999969482422	13461600	PYPL	0.6150555208383406	2.9873040943469547	1.302161724039393	1.2239054802358056	0.7570769280952386	3.405335311070061	2.773222929498684	2.9873040943469547	-21.04679737948751	52.69873658438805	-0.34345124070839	-0.5042104487814765	0.1607592080730864	1.8431069895934984	3.1114463403613923	69.46951056295923	65.79848946755835	0.8530353697887063	0.0	0.0	0.0	0.0	0	0	Low	0.4642386383395834	1
2025-10-03	69.25	69.52999877929688	67.75	68.0999984741211	12219800	PYPL	-1.2041227729290531	2.6273044712869003	1.1537542792213642	1.1428036041397855	0.6591522796146	0.4642386383395834	1.6886953768668909	2.6273044712869003	-9.224757829678492	53.801993297546495	-0.2044970779111281	-0.4442677746074068	0.2397706966962787	1.8385992602865964	0.9180956400491386	69.63368284142082	65.7333169754737	0.9016290126086284	0.0	0.0	0.0	0.0	0	0	High	2.945849697512409	3
2025-10-06	71.29000091552734	71.87000274658203	69.4520034790039	70.22000122070312	16769900	PYPL	1.4007237844088447	3.481539979345754	0.8210209672184803	1.0851424320581984	1.0356111562602666	2.945849697512409	1.5237819370882442	3.481539979345754	37.23547030229628	60.17855206584365	0.0694357104525664	-0.3415270775954122	0.4109627880479787	1.8944137950219848	4.042621728209376	70.32166936216314	65.33433039369623	1.1941579586802924	0.0	0.0	0.0	0.0	0	0	High	4.657034159332021	3
2025-10-07	74.61000061035156	75.67500305175781	73.05999755859375	74.06999969482422	31977500	PYPL	3.899563394017823	3.5792575698717224	0.520273744915314	1.102272587385222	1.747807417885436	4.657034159332021	0.7290413362389649	3.5792575698717224	90.68390389924804	67.9353430901291	0.5481074067867127	-0.1636001807189872	0.7117075875057	2.072312962251162	9.3667535551278	72.03880635962028	64.31019342675668	1.3326850850296892	0.0	0.0	0.0	0.0	0	0	High	2.0372559048813605	3
2025-10-08	76.12999725341797	76.5	73.2750015258789	75.23500061035156	17904800	PYPL	0.8376893109330522	4.401226075692547	0.6722048592775137	1.0747482408245514	0.9695712070145646	2.0372559048813605	1.1896014299271025	4.401226075692547	-44.00813071691033	70.74500663395224	1.0381421443097878	0.0767482842867677	0.96139386002302	2.1546476416704428	12.485220020892909	73.71952894214552	63.6784706306084	1.2400611804537416	0.0	0.0	0.0	0.0	0	0	Negative	-0.4991426075493628	0
2025-10-09	75.75	77.33999633789062	75.03299713134766	77.19000244140625	15774400	PYPL	1.3923620468023736	3.074646215323764	0.6593124542967745	0.973925405417548	0.8333333333333334	-0.4991426075493628	-1.865529726468572	3.074646215323764	-11.898485322371656	69.11451162113916	1.3799286433009712	0.3373843560896085	1.0425442872113626	2.1655298963041947	12.539002744813915	74.9557968168248	63.29020309162246	1.068080819706536	0.0	0.0	0.0	0.0	0	0	Negative	-7.801985032487623	0
2025-10-10	69.83999633789062	76.9000015258789	69.76000213623047	76.11000061035156	22233800	PYPL	0.4752483304971122	10.235090554763923	2.9910492201236787	2.2733141020151533	1.062187799779095	-7.801985032487623	-8.238082015739948	10.235090554763923	40.94862562125976	49.86526328795823	1.1605311222477184	0.5020137093212305	0.6585174129264879	2.5208491458287834	2.917765561052807	75.01854754665172	63.52245205661976	0.5495382572934165	0.0	0.0	0.0	0.0	0	0	Negative	-1.4032012871217474	0
2025-10-13	68.86000061035156	70.92949676513672	68.16169738769531	70.72000122070312	19632217	PYPL	1.2600299670048334	4.060637401235045	2.9303575476538355	2.258340750555473	0.9129334501470978	-1.4032012871217474	-2.6300913153930368	4.060637401235045	-11.70102726479504	47.502697452988365	0.8972367542997688	0.5810583183169382	0.3161784359828306	2.538488448086828	3.1765100605927583	75.02453123145101	63.69146837182047	0.456057846192833	0.25956	0.1183554385370602	0.4559831351283906	0.1607168069759421	0	0	Low	0.4211456766727773	1
2025-10-14	69.1500015258789	69.70999908447266	66.7699966430664	67.41000366210938	12968500	PYPL	-2.105717303790167	4.4031789564445765	2.8475545095655663	2.2575241303173077	0.7325700715969256	0.4211456766727773	2.581216094411177	4.4031789564445765	-33.94276357071644	48.2835594715671	0.7038610489774868	0.6056188644490479	0.0982421845284389	2.5671680190382147	2.7488831949952988	75.02343388586212	63.92256602258516	0.47090331744122	0.0	0.0	0.0	0.0	0	0	Negative	-1.6919712843497896	0
2025-10-15	67.9800033569336	69.875	67.83999633789062	69.38500213623047	11218800	PYPL	0.3398418006738802	2.9997107487648345	3.014242566442044	2.212938830799078	0.6855134428350237	-1.6919712843497896	-2.024931521279341	2.9997107487648345	-13.491922735859967	45.35259883847496	0.4510014709432965	0.5746953857478976	-0.123693914804601	2.5291562792575832	-2.4397200642892547	75.01805187242805	63.86394809705437	0.3690171207629213	0.0	0.0	0.0	0.0	0	0	Negative	-2.839070623521721	0
2025-10-16	66.05000305175781	68.5999984741211	65.42019653320312	68.12999725341797	14507392	PYPL	0.2206441439798435	4.860581455612264	2.8363332318556447	2.17932052031235	0.9004012117122753	-2.839070623521721	-3.052978549115979	4.860581455612264	29.31322423075552	40.9379728184376	0.093792358726489	0.4785147803436159	-0.3847224216171268	2.5756309693761823	-1.5061057912408269	75.07706814342248	63.55793246692909	0.2163418033103114	0.0	0.0	0.0	0.0	0	0	High	2.059047006077872	3
2025-10-17	67.41000366210938	67.70999908447266	65.44999694824219	65.53500366210938	11151500	PYPL	-0.7797113790363884	3.4530209955818285	0.7410568429086979	2.120712575387155	0.8025154980160815	2.059047006077872	2.8610664457535933	3.4530209955818285	-23.13229007667264	45.00067954185314	-0.0786511119421362	0.3670816018864655	-0.4457327138286017	2.553086052722917	1.1251124494406712	75.07810968009548	63.47589117439672	0.3390827785031205	0.0	0.0	0.0	0.0	2025-10-22 17:57:47.747146+00:00	2025-10-22 17:57:47.750022+00:00	High	2.65538227101292	3
2025-10-20	69.19999694824219	69.47000122070312	67.6500015258789	67.67500305175781	10016100	PYPL	0.3931158214687822	2.6903173004778043	0.923381811896567	2.1751244682940305	0.8365950972943034	2.65538227101292	2.253407946384665	2.6903173004778043	-10.181589920638478	49.886718729391134	-0.0700685990486391	0.2796515616994446	-0.3497201607480837	2.517865445999405	0.3916968545931268	75.10807355995107	63.59792695884775	0.4867070927539225	0.0	0.0	0.0	0.0	2025-10-22 17:57:47.747146+00:00	2025-10-22 17:57:47.750022+00:00	Medium	1.2283325737013877	2
2025-10-21	70.05000305175781	70.36000061035156	68.83000183105469	69.0199966430664	9012800	PYPL	-0.2601160594131407	2.2228661028548324	1.0082129169935703	2.2705132203251264	0.806058791778973	1.2283325737013877	1.4923304242074005	2.2228661028548324	-10.016872834736075	52.06449017175533	0.0052608492144514	0.224773419202446	-0.2195125699879945	2.4473035412349384	1.1552390639101986	75.17402929586979	63.80597177224544	0.5492610559487792	0.0	0.0	0.0	0.0	2025-10-22 17:57:47.747146+00:00	2025-10-22 17:57:47.750022+00:00	Negative	-2.9263437263725667	0
2025-10-22	68.0000991821289	69.37000274658203	67.94999694824219	69.16999816894531	4661623	PYPL	-1.25625245463914	2.089780518197033	1.1374630208568737	2.3678596584849783	0.4723078277624973	-2.9263437263725667	-1.6913387563766715	2.089780518197033	-48.27774942304279	46.78423265363244	-0.099305399999551	0.1599576553620466	-0.2592630553615976	2.4224965813978443	-4.614815108919264	75.17332186912431	63.82068905616866	0.3681445700587351	0.0	0.0	0.0	0.0	2025-10-22 17:57:47.747146+00:00	2025-10-22 17:57:47.750022+00:00	High	2.485148227138861	3
2025-10-23	69.69000244140625	70.05999755859375	68.05010223388672	68.06999969482422	5649641	PYPL	0.1027947216784105	2.953552248605101	0.55448421621569	2.3734718296545947	0.6976301344395232	2.485148227138861	2.379907086594581	2.953552248605101	21.194721237646203	51.17990335456219	-0.0452917409513702	0.1189077760993632	-0.1641995170507334	2.396596709616916	-6.5942878014970825	75.17810976690971	64.11090161614693	0.504110950951509	0.132642156862745	0.0	132642156.86274508	0.0663210784313725	2025-10-23 19:17:50.863605+00:00	2025-10-23 19:17:50.866454+00:00	Low	0.1147857638940585	1
2025-10-24	69.7699966430664	71.25	69.73999786376953	70.16999816894531	8356247	PYPL	0.6887583738322177	2.1651881022137607	0.3776542773029478	0.9790985434579772	1.108361085091098	0.1147857638940585	-0.5700463678449009	2.1651881022137607	47.90757501228839	51.38461375604617	0.0039241019219531	0.0959110412638812	-0.091986939341928	2.3368396274009755	-8.354132194673133	75.1960415214774	64.3399692207101	0.5001834247154485	0.11166	0.0	111660000.0	0.05583	2025-10-24 23:31:52.520072+00:00	2025-10-24 23:31:52.523133+00:00	Medium	0.6879796187883226	2
2025-10-27	70.25	71.87000274658203	70.13999938964844	70.7739028930664	18287502	PYPL	1.4388796019811276	2.4665003877786105	0.350537504055035	0.9509439016019522	1.9891638090330728	0.6879796187883226	-0.7402486957063549	2.4665003877786105	118.84827004275962	52.66716360780673	0.0807296699465069	0.0928747670004063	-0.0121450970538993	2.319922947123451	-7.260726072607261	75.22837816725868	64.36463254441125	0.541743857036867	0.0288551020408163	0.0	28855102.04081632	0.0144275510204081	2025-10-27 23:31:45.914346+00:00	2025-10-27 23:31:45.916983+00:00	High	3.943055719667482	3
2025-10-28	73.0199966430664	79.21499633789062	72.8499984741211	76.20999908447266	83318318	PYPL	8.483984461882784	8.737128341918366	2.8459742740594494	2.0259965811105007	3.463707095632032	3.943055719667482	-4.185805641947836	8.737128341918366	355.60250929842687	59.33441973903476	0.3609533694702236	0.1464904874943698	0.2144628819758537	2.794571046463964	4.553265280528832	75.54707448243174	64.64193613768545	0.7682672370146694	0.1042555555555555	0.0	104255555.55555557	0.0521277777777777	2025-10-28 23:33:38.468005+00:00	2025-10-28 23:33:38.470789+00:00	Negative	-4.574084485674615	0
2025-10-29	69.68000030517578	72.7300033569336	69.31500244140625	72.69999694824219	37248043	PYPL	-0.4382357019111205	4.9267846717803	2.7294892559606545	2.0681525354907686	1.218373141272486	-4.574084485674615	-4.154053328525521	4.9267846717803	-55.29429314691639	50.159732784357885	0.3099499689864871	0.1791823837927932	0.1307675851936938	2.8596012718351203	1.190821503857132	75.47183361908111	65.01917666534271	0.4458984601198572	0.0998656862745098	0.0	99865686.2745098	0.0499328431372549	2025-10-29 23:33:57.254811+00:00	2025-10-29 23:33:57.257780+00:00	Negative	-2.511481045257704	0
2025-10-30	67.93000030517578	70.76380157470703	67.91000366210938	69.68000030517578	19143910	PYPL	0.0	4.2023233083551474	2.6367821091422603	2.0357954915161054	0.5753966751149145	-2.511481045257704	-2.511481045257704	4.2023233083551474	-48.604252846250205	46.134533130086886	0.1268567068526493	0.1687172484047645	-0.0418605415521151	2.8591867461753013	-1.7642822758963326	75.48990891251017	64.90110137191365	0.2860472174651967	0.063239	0.0	63239000.0	0.0316195	2025-10-30 23:36:55.379185+00:00	2025-10-30 23:36:55.382018+00:00	Medium	1.9726134725021147	2
2025-10-31	69.2699966430664	69.58000183105469	67.62000274658203	68.22000122070312	18131393	PYPL	0.4269114003010651	2.898549252974894	2.490824285797531	2.047480675183085	0.5147186412044896	1.9726134725021147	1.5391313450235369	2.898549252974894	-5.288977016711842	49.47775427878856	0.0888562041367464	0.1527450395511609	-0.0638888354144144	2.794959056053684	1.897606976215661	75.49020164927015	64.90280829946033	0.4124894768063494	0.077702	0.0	77701999.99999999	0.038851	2025-10-31 23:31:13.678388+00:00	2025-10-31 23:31:13.681203+00:00	Negative	-1.3425730478490934	0
2025-11-03	68.33999633789062	70.3499984741211	67.70500183105469	69.43000030517578	13900383	PYPL	0.230985520230122	3.906648802205938	2.2470924459647152	2.0277396926651963	0.4046878223129598	-1.3425730478490934	-1.569932251899904	3.906648802205938	-23.335272695263956	47.28426516112512	-0.0161169343485596	0.1189726447712168	-0.1350895791197764	2.784247455126021	3.4670600761946035	75.37689151273099	64.72111797823581	0.339616673340483	0.070365	0.0	70365000.0	0.0351825	2025-11-03 23:20:57.725059+00:00	2025-11-03 23:20:57.727863+00:00	Negative	-3.3069865787846107	0
2025-11-04	66.08000183105469	67.28929901123047	65.94999694824219	67.23999786376953	18617125	PYPL	-1.6095969169831623	2.0307841166988543	1.1370369739329944	2.043680688520477	0.8696270771531774	-3.3069865787846107	-1.7251577477218758	2.0307841166988543	33.932460709895544	42.36863750785648	-0.2784616395835115	0.0394857879002711	-0.3179474274837827	2.7560868790204798	-1.973003647531725	74.78475516696639	64.4602544460707	0.156883846373877	0.1089629999999999	0.0	108962999.99999996	0.0544814999999999	2025-11-04 23:21:29.267863+00:00	2025-11-04 23:21:29.270804+00:00	High	2.99636149012416	3
2025-11-05	68.05999755859375	68.20999908447266	65.9000015258789	66.0199966430664	13269114	PYPL	-0.0908068800326235	3.505307291512907	0.8654554367363866	1.9723283036803327	0.7987482832838271	2.99636149012416	3.0899742793937115	3.505307291512907	-28.726299039191066	47.51649718587303	-0.3228806339145222	-0.0329874964626875	-0.2898931374518347	2.724223356132856	-1.647398034570861	73.46357476746941	64.97443487608528	0.3634717676922833	0.122654	0.0	122654000.0	0.061327	2025-11-05 23:21:36.064865+00:00	2025-11-05 23:21:36.067622+00:00	Negative	-2.644718611418758	0
2025-11-06	66.26000213623047	68.06999969482422	66.20999908447266	67.80000305175781	11137017	PYPL	-0.3820078109936821	2.809244277406679	0.7174389967431135	1.9795557856343464	0.741923406281407	-2.644718611418758	-2.271387678775948	2.809244277406679	-16.068118790749704	43.69534110033904	-0.4975916673377156	-0.1259083306376932	-0.3716833367000224	2.6624931600056208	-5.410422199021216	71.95949065240636	65.52951920477138	0.1136059370415669	0.1371879999999999	0.0	137187999.99999997	0.0685939999999999	2025-11-06 23:21:20.426162+00:00	2025-11-06 23:21:20.428829+00:00	Negative	-0.0603696260756254	0
2025-11-07	66.22000122070312	66.51499938964844	64.77999877929688	65.5	13392230	PYPL	-1.1469998667792154	2.678296762960196	0.734104133530518	1.939734401327604	0.952290726862808	-0.0603696260756254	1.0992385048902673	2.678296762960196	20.249704207149904	43.6114079195756	-0.6319939270436805	-0.2271254499188906	-0.4048684771247898	2.5962436921731884	-2.6177873015420667	71.91607031997431	65.21094002548467	0.1504909152992463	0.128122	0.0	128122000.0	0.064061	2025-11-07 23:20:47.432002+00:00	2025-11-07 23:20:47.434910+00:00	Low	0.0453016894350284	1
2025-11-10	66.25	67.43000030517578	65.74199676513672	67.08000183105469	11066398	PYPL	1.298702196463703	2.5676183004745887	0.5302439649348237	1.9321657225814384	0.8199532484896243	0.0453016894350284	-1.2373312587931955	2.5676183004745887	-17.367025506581054	43.69875228662452	-0.7276995677577958	-0.3272402734866717	-0.400459294271124	2.531369395592179	-4.936149118804415	71.9293534318712	64.93665685255262	0.1878164070970406	0.1427689999999999	0.0	142768999.99999997	0.0713844999999999	2025-11-10 23:22:17.145584+00:00	2025-11-10 23:22:17.148362+00:00	Medium	1.7358513598172172	2
2025-11-11	67.4000015258789	67.94999694824219	66.2300033569336	66.25	10003702	PYPL	0.0	2.597000610190258	0.3881386125067183	0.8959053690423249	0.849665663928262	1.7358513598172172	1.7358513598172172	2.597000610190258	-9.60290782962984	47.08267950165452	-0.7026517335718694	-0.4023225655037112	-0.3003291680681581	2.4734139810004945	-3.3968686128968377	71.8532720805983	64.83773820382554	0.3652271326828861	0.1566460784313725	0.0	156646078.4313725	0.0783230392156862	2025-11-11 23:21:08.590188+00:00	2025-11-11 23:21:08.592838+00:00	Negative	-0.2967426900723807	0
2025-11-12	67.19999694824219	67.98999786376953	66.9000015258789	67.5	10089337	PYPL	0.1483656852480905	1.6292919477273584	0.4716945435100099	0.7960064874203976	0.9058695838457952	-0.2967426900723807	-0.4444489655671296	1.6292919477273584	0.856033096547658	46.5585618897805	-0.6909747160174788	-0.4600529956064648	-0.230921720411014	2.374598435064075	-4.341641354815391	71.84685286787996	64.76615677567472	0.3437289414591249	0.153683	0.0	153682999.99999997	0.0768415	2025-11-12 23:22:16.042354+00:00	2025-11-12 23:22:16.045476+00:00	Negative	-2.782730955520401	0
2025-11-13	65.33000183105469	67.27999877929688	65.15499877929688	66.51000213623047	10687718	PYPL	-1.026778040694193	3.261453518245208	0.5858317923532493	0.6679818468060854	0.967400162040182	-2.782730955520401	-1.774169699707454	3.261453518245208	5.930825781713903	41.865958583056745	-0.8231250994639936	-0.5326674163779707	-0.2904576830860229	2.356769975416641	-10.531354650153794	71.9150121668398	64.62599735464457	0.0965843113986064	0.167644	0.0	167643999.99999997	0.083822	2025-11-13 23:21:56.917895+00:00	2025-11-13 23:21:56.920614+00:00	Negative	-3.857340252768502	0
2025-11-14	62.810001373291016	64.6500015258789	62.75	64.11000061035156	21587256	PYPL	-1.867444032617792	3.027890877894672	0.6250113531475563	0.6715936920492364	1.701541455157517	-3.857340252768502	-2.027763569933022	3.027890877894672	101.98190109432154	36.523603664524174	-1.1183070591999351	-0.6497953449423637	-0.4685117142575716	2.3727151079622155	-9.859355484782435	72.38632574745726	63.69468354514528	-0.1017853877623885	0.137607	0.0	137607000.0	0.0688035	2025-11-14 23:20:54.459390+00:00	2025-11-14 23:20:54.461894+00:00	Negative	-1.4647380409607742	0
2025-11-17	61.88999938964844	63.16999816894531	61.28990173339844	62.810001373291016	20572775	PYPL	0.0	3.0675468264331744	0.6544986344166228	0.5615568643225752	1.4102380550097704	-1.4647380409607742	-1.4647380409607742	3.0675468264331744	-4.699443968237556	34.778751974965814	-1.4102212080106966	-0.8018805175560302	-0.6083406904546664	2.337528059932548	-8.891507269825729	72.73945527192645	62.61055426481672	-0.0711385050226581	0.1251499999999999	0.0	125149999.99999996	0.0625749999999999	2025-11-17 23:21:25.314106+00:00	2025-11-17 23:21:25.316856+00:00	Negative	-1.9227639981331464	0
2025-11-18	60.70000076293945	61.63999938964844	60.470001220703125	61.31900024414063	16425930	PYPL	-0.9226032495377746	1.9348406570640848	0.745431925491063	0.5752449318076982	1.034860494717086	-1.9227639981331464	-1.009474190278123	1.9348406570640848	-20.15695500485472	32.60874391507252	-1.717786642878977	-0.9850617426206196	-0.7327249002583573	2.271990210576317	-12.37187280993577	72.98473983011048	61.43026947775085	-0.0632022665290114	0.1251960784313725	0.0	125196078.43137252	0.0625980392156862	2025-11-19 01:45:56.214912+00:00	2025-11-19 01:45:56.217715+00:00	Negative	-0.9719936493775412	0
2025-11-19	60.11000061035156	60.7599983215332	59.15999984741211	60.57500076293945	22354796	PYPL	-0.2059308046604162	2.704527515631973	0.5229884777839118	0.5031133333881082	1.219860747436864	-0.9719936493775412	-0.7676436594820212	2.704527515631973	36.09455294159905	31.55741379910133	-1.9862463360121008	-1.185298661298916	-0.8009476747131852	2.2239908008295157	-12.042721932333496	73.34776683968217	60.27823261100143	-0.0128720731516724	0.1569902912621359	0.0	156990291.2621359	0.0784951456310679	2025-11-20 01:44:33.426019+00:00	2025-11-20 01:44:33.428862+00:00	Negative	-3.335553232002384	0
2025-11-20	58.10499954223633	60.63999938964844	58.0	60.57500076293945	20737463	PYPL	0.7735820127538192	4.551723085600754	0.9511353288038208	0.7918433222345412	1.0197593447249569	-3.335553232002384	-4.077591728590291	4.551723085600754	-7.234836766123923	28.226871532706014	-2.333885823689556	-1.4150160937770442	-0.918869729912512	2.2537057000308667	-12.06870772977258	73.64127837405472	58.82622078671188	-0.0486816362490363	0.1647499999999999	0.0	164749999.99999994	0.0823749999999999	2025-11-21 01:45:25.142228+00:00	2025-11-21 01:45:25.144978+00:00	High	4.2423202340722685	3
2025-11-21	60.56999969482422	60.95800018310547	58.040000915527344	58.2400016784668	20799086	PYPL	0.2323416871078988	5.027565853806659	1.2942133831807308	1.0556192313891362	1.0307798439984914	4.2423202340722685	4.000683291908107	5.027565853806659	0.2971578538801974	37.02639450775361	-2.3830177654105853	-1.6086164281037525	-0.7744013373068328	2.301155240569957	-11.004992848142985	73.38556208524065	58.16193738070175	0.1581793009784659	0.207466	0.0	207466000.0	0.103733	2025-11-22 01:41:36.351679+00:00	2025-11-22 01:41:36.354632+00:00	Negative	-0.0165070523090286	0
2025-11-24	60.560001373291016	60.83000183105469	59.84999847412109	60.61000061035156	20941660	PYPL	0.0660408052317719	1.6374325512428387	1.5371034765791045	1.1392410902726766	1.0340647963559957	-0.0165070523090286	-0.0824933782495417	1.6374325512428387	0.6854820447398505	37.00657599826901	-2.395152141235563	-1.7659235707301149	-0.6292285705054483	2.206787248881646	-8.602475972186447	72.9332015056501	57.645298097621385	0.190654218428599	0.202954	0.0	202954000.0	0.101477	2025-11-25 01:47:33.860465+00:00	2025-11-25 01:47:33.863257+00:00	Medium	1.0898279928097745	2
2025-11-25	61.220001220703125	61.97499847412109	60.720001220703125	60.8849983215332	11061321	PYPL	0.5366528085739476	2.0668597302169758	1.5114761704540542	1.169122028682264	0.5767453331910378	1.0898279928097745	0.5502224002713676	2.0668597302169758	-47.18030471318893	39.31564916627077	-2.324714389267996	-1.877681734437691	-0.4470326548303047	2.1502308097351053	-7.550588806749814	71.65600690359088	57.74249315744428	0.2499374440350809	0.20877	0.0	208770000.0	0.104385	2025-11-26 01:46:47.995590+00:00	2025-11-26 01:46:47.998315+00:00			
