timestamp	close	high	low	open	volume	symbol	gap_apertura_pct	volatilidad_diaria	vol_5d	vol_10d	vol_rel_5d	return_pct	close_open_pct	range_pct	volume_change_pct	rsi_14	macd	macd_signal	macd_diff	atr_14	momentum_12	bb_upper	bb_lower	bb_pctb	vader	finbert	sentiment_ratio	sentiment_combined
2025-06-05 00:00:00+00:00	74.5999984741211	76.5	73.6500015258789	73.76000213623047	3850600	ROKU	0.0	3.8696516158518617	0.0	0.0	0.0	0.0	1.138823635524305	3.8696516158518617	0.0	0.0	0.0	0.0	0.0	0.0	0.0	0.0	0.0	0.0	0.0	0.0	0.0	0.0
2025-06-06 00:00:00+00:00	78.5	78.7300033569336	74.69999694824219	76.37999725341797	5685200	ROKU	2.3860573937067313	5.394921784914796	0.0	0.0	0.0	5.227884189879475	2.7755994014351213	5.394921784914796	47.644522931491196	0.0	0.0	0.0	0.0	0.0	0.0	0.0	0.0	0.0	0.0	0.0	0.0	0.0
2025-06-09 00:00:00+00:00	79.58999633789062	79.63999938964844	78.13500213623047	79.41000366210938	2989800	ROKU	1.159240333897293	1.9261498845216205	0.0	0.0	0.0	1.3885303667396498	0.22666247006752605	1.9261498845216205	-47.410821079293605	0.0	0.0	0.0	0.0	0.0	0.0	0.0	0.0	0.0	0.0	0.0	0.0	0.0
2025-06-10 00:00:00+00:00	79.91000366210938	81.75	79.36000061035156	79.65499877929688	3886500	ROKU	0.08167162256207332	3.0115919496813746	0.0	0.0	0.0	0.40206978130793464	0.32013669791026134	3.0115919496813746	29.991972707204496	0.0	0.0	0.0	0.0	0.0	0.0	0.0	0.0	0.0	0.0	0.0	0.0	0.0
2025-06-11 00:00:00+00:00	80.4800033569336	81.83999633789062	79.51000213623047	80.30999755859375	2306200	ROKU	0.500555472598531	2.930441628800364	1.29810830939062	0.0	0.616028164950877	0.7133020506849174	0.21168696738635612	2.930441628800364	-40.66126334748488	0.0	0.0	0.0	0.0	0.0	0.0	0.0	0.0	0.0	0.0	0.0	0.0	0.0
2025-06-12 00:00:00+00:00	76.75	79.80000305175781	76.15899658203125	78.9800033569336	3687000	ROKU	-1.863817019673087	4.780796272446704	1.4328245912792275	0.0	0.9935488043460686	-4.634695826727054	-2.823503750507024	4.780796272446704	59.87338478883011	0.0	0.0	0.0	0.0	0.0	0.0	0.0	0.0	0.0	0.0	0.0	0.0	0.0
2025-06-13 00:00:00+00:00	74.41000366210938	76.36000061035156	73.91000366210938	74.94999694824219	3220800	ROKU	-2.345280849195847	3.314838082599366	1.0298903140324338	0.0	1.0008514446592045	-3.048855163375407	-0.7204713917543089	3.314838082599366	-12.644426362896663	0.0	0.0	0.0	0.0	0.0	0.0	0.0	0.0	0.0	0.0	0.0	0.0	0.0
2025-06-16 00:00:00+00:00	82.16999816894531	84.37999725341797	79.91000366210938	81.31999969482422	9933100	ROKU	9.286380449721051	5.593784740906117	1.1950920079192084	0.0	2.156219609613782	10.428697923566205	1.0452514477507968	5.593784740906117	208.40474416294091	0.0	0.0	0.0	0.0	0.0	0.0	0.0	0.0	0.0	0.0	0.0	0.0	0.0
2025-06-17 00:00:00+00:00	80.62999725341797	85.4000015258789	79.79000091552734	84.29000091552734	5593400	ROKU	2.5800204379014438	7.030956944455732	1.6795982146226907	0.0	1.1304136941452274	-1.8741644758967022	-4.342156391453014	7.030956944455732	-43.68928129184243	0.0	0.0	0.0	0.0	0.0	0.0	0.0	0.0	0.0	0.0	0.0	0.0	0.0
2025-06-18 00:00:00+00:00	81.43000030517578	82.44000244140625	80.12999725341797	80.69999694824219	3096700	ROKU	0.08681594593661159	2.8828219982120955	1.6924404670614097	1.5770725541522774	0.606458814774196	0.992190349757081	0.9045890762570775	2.8828219982120955	-44.63653591733114	0.0	0.0	0.0	0.0	0.0	0.0	0.0	0.0	0.0	0.0	0.0	0.0	0.0
2025-06-20 00:00:00+00:00	80.98999786376953	82.62000274658203	80.62999725341797	82.29000091552734	2587400	ROKU	1.0561225680075306	2.468070892907918	1.9658411808061476	1.657444279136667	0.5295234820763444	-0.5403443936598916	-1.5797825219279031	2.468070892907918	-16.4465398650176	0.0	0.0	0.0	0.0	0.0	0.0	0.0	0.0	0.0	0.0	0.0	0.0	0.0
2025-06-23 00:00:00+00:00	80.9000015258789	80.9800033569336	77.63999938964844	80.61000061035156	4781300	ROKU	-0.46919034873559196	4.30191137756561	1.8957485752116707	1.5848050414605492	0.9197673121241617	-0.11112031147599821	0.3597579870134664	4.30191137756561	84.79168277034861	0.0	0.0	0.0	0.0	0.0	0.0	0.0	0.0	0.0	0.0	0.0	0.0	0.0
2025-06-24 00:00:00+00:00	83.69000244140625	83.70999908447266	80.62000274658203	80.98999786376953	3838300	ROKU	0.11124392607314883	3.8327911592903394	1.7921591364609093	1.4390837076537544	0.964537545672485	3.448703167990494	3.3337506468123417	3.8327911592903394	-19.722669566854204	0.0	0.0	0.0	0.0	0.0	12.184992162484425	0.0	0.0	0.0	0.0	0.0	0.0	0.0
2025-06-25 00:00:00+00:00	83.62999725341797	85.30000305175781	83.30000305175781	84.25	3207200	ROKU	0.6691331607808474	2.400960296192685	0.8495360447662041	1.4981256055782215	0.9157724617238405	-0.07169935026623113	-0.7359083045484051	2.400960296192685	-16.442174921189068	68.09955758776756	0.0	0.0	0.0	3.4775712149483815	6.535028348303144	0.0	0.0	0.0	0.0	0.0	0.0	0.0
2025-06-26 00:00:00+00:00	86.5	86.94000244140625	82.5999984741211	83.7249984741211	3259300	ROKU	0.11359706304335947	5.254242188206453	1.223625547642417	1.5019837555542437	0.922086740034515	3.431786249956781	3.3144240984807456	5.254242188206453	1.6244699426290845	73.34724940489411	0.0	0.0	0.0	3.539173554401008	8.68200022622656	0.0	0.0	0.0	0.0	0.0	0.0	0.0
2025-06-27 00:00:00+00:00	86.94000244140625	87.7300033569336	85.13600158691406	87.12000274658203	3631500	ROKU	0.7167661810196893	3.0468917046466575	1.1053243606110486	1.5256017581327836	0.9700762918322862	0.5086733426661849	-0.20661191402779563	3.0468917046466575	11.419629981897954	74.05199606822424	0.0	0.0	0.0	3.4716612840880456	8.797395140941862	0.0	0.0	0.0	0.0	0.0	0.0	0.0
2025-06-30 00:00:00+00:00	87.88999938964844	89.06400299072266	87.0999984741211	88.5250015258789	3011100	ROKU	1.8230952840619898	2.2548846739476143	1.229912380961467	1.6137519074353843	0.8883663570813222	1.0927040735735472	-0.7173138947022054	2.2548846739476143	-17.08384964890541	75.55491107758806	0.0	0.0	0.0	3.3753998030329284	9.207251147655986	0.0	0.0	0.0	0.0	0.0	0.0	0.0
2025-07-01 00:00:00+00:00	86.19999694824219	89.19999694824219	86.0	86.73999786376953	3487900	ROKU	-1.3084554942144553	3.7209266840025434	1.2200936408416703	1.500939424210095	1.0507621859372176	-1.9228609092529998	-0.6225512206899615	3.7209266840025434	15.834744777656006	68.00845293664264	0.0	0.0	0.0	3.3628710276907325	12.312699606830211	0.0	0.0	0.0	0.0	0.0	0.0	0.0
2025-07-02 00:00:00+00:00	86.4000015258789	88.04900360107422	85.51000213623047	86.4000015258789	2833700	ROKU	0.23202388018274434	2.9692450022381403	1.134747829607444	0.9558194342397507	0.8733318950904552	0.23202388018274434	0.0	2.9692450022381403	-18.756271682100977	68.41057643932346	0.0	0.0	0.0	3.304023201773091	16.11342195091842	0.0	0.0	0.0	0.0	0.0	0.0	0.0
2025-07-03 00:00:00+00:00	88.2699966430664	88.98999786376953	86.83000183105469	87.95999908447266	2047200	ROKU	1.8055526979666694	2.487614864868427	0.5671076645031924	0.9833685193726949	0.6818817698549102	2.1643461622247666	0.3524301521377267	2.487614864868427	-27.755231675900767	71.95948942892932	0.0	0.0	0.0	3.2530212829243434	7.423632238106194	90.12171551391894	73.86628421142287	0.8860861433699272	0.0	0.0	0.0	0.0
2025-07-07 00:00:00+00:00	88.05999755859375	88.12000274658203	85.81999969482422	87.15499877929688	2961800	ROKU	-1.2631674478001853	2.6800315310377765	0.5664223403825426	0.9662074324638568	1.032583306023693	-0.23790539533134972	1.0383785118150353	2.6800315310377765	44.67565455255959	70.9949001829469	0.0	0.0	0.0	3.195662401875618	9.214933099679373	90.45629120036551	74.87770843342355	0.8461802541591433	0.0	0.0	0.0	0.0
2025-07-08 00:00:00+00:00	88.13999938964844	89.6500015258789	87.33000183105469	88.5	1831200	ROKU	0.4996621094765296	2.6565895410289837	0.488970922824864	0.9143811214616656	0.6956495312191342	0.09084923151565559	-0.4067803506797316	2.6565895410289837	-38.17273279762306	71.15354068150336	0.0	0.0	0.0	3.133115065657661	8.240205156975987	91.03961013945892	75.25838943329498	0.8162619480584332	0.0	0.0	0.0	0.0
2025-07-09 00:00:00+00:00	88.62999725341797	88.94999694824219	87.18000030517578	88.13999938964844	1917500	ROKU	0.0	2.030278317126048	0.3453079597906747	0.9379000587054617	0.8271218317028142	0.55593132194539	0.55593132194539	2.030278317126048	4.712756662297947	72.15797035886075	0.0	0.0	0.0	3.035749464044	9.433262861050343	91.6582624638485	75.54373720045814	0.8120785340595624	0.0	0.0	0.0	0.0
2025-07-10 00:00:00+00:00	90.25	91.66000366210938	88.05999755859375	91.0	3051600	ROKU	2.6740413178684075	4.0881287796087395	0.7719508927975712	0.9789782481876359	1.2920325506168866	1.8278266916222394	-0.8241758241758242	4.0881287796087395	59.144719687092575	75.22895470482061	0.0	0.0	0.0	3.076053509720545	11.557476264237332	92.48265600626809	75.7533432918276	0.8665422755627675	0.0	0.0	0.0	0.0
2025-07-11 00:00:00+00:00	88.98999786376953	90.48300170898438	88.55999755859375	89.73999786376953	2254600	ROKU	-0.565099319922957	2.1714139604829055	0.8145424371619772	0.6677610559270217	0.9381111286792547	-1.3961242506708795	-0.835747735517604	2.1714139604829055	-26.117446585397825	68.86649687540611	0.0	0.0	0.0	2.993692841196979	6.3328895540108965	92.99001024136213	76.09698850741718	0.763215104994807	0.0	0.0	0.0	0.0
2025-07-14 00:00:00+00:00	89.82499694824219	90.76000213623047	88.80999755859375	88.91999816894531	2275800	ROKU	-0.07866018260993542	2.1957038973570215	0.8493253885731155	0.688230879427467	1.0042627551695835	0.9383066687459817	1.0177674290741714	2.1957038973570215	0.9402998314556906	70.6387041301764	3.127265338442996	0.0	0.0	2.9191436795141033	7.407628719694868	93.13860346391428	77.25589497968923	0.7913701860760577	0.0	0.0	0.0	0.0
2025-07-15 00:00:00+00:00	89.27999877929688	91.06999969482422	89.13099670410156	90.1500015258789	2240600	ROKU	0.36181974804183825	2.175453054967833	0.8722821101930213	0.6946937539339264	0.9542508155807872	-0.6067333008197533	-0.965061266618264	2.175453054967833	-1.5467088496352932	67.92110743555031	3.0367134732054666	0.0	0.0	2.8491336303147143	3.2138714211524566	92.3372148055767	79.54428314974555	0.7610230314263955	0.0	0.0	0.0	0.0
2025-07-16 00:00:00+00:00	90.9000015258789	91.38999938964844	88.61000061035156	88.86000061035156	2744300	ROKU	-0.4704280630464187	3.1373420157409537	0.8533269499294874	0.6217166929980421	1.0918762781592914	1.8145192302104887	2.2957471320225245	3.1373420157409537	22.480585557439973	71.43855656467525	3.0603928466275505	0.0	0.0	2.844195426670583	4.554864243466662	92.87553894642359	79.87895934459205	0.8479955895267798	0.0	0.0	0.0	0.0
2025-07-17 00:00:00+00:00	91.0999984741211	92.37000274658203	90.29499816894531	91.33000183105469	2509600	ROKU	0.4730476325166636	2.2980282626002246	0.41784685314603043	0.6207542032166851	1.0435014012590542	0.22001864123759018	-0.2518376791003045	2.2980282626002246	-8.552271981926173	71.8489452988063	3.060022963024551	0.0	0.0	2.789253223168164	3.652291622214672	93.14464642406891	80.65685198901703	0.836268288961523	0.0	0.0	0.0	0.0
2025-07-18 00:00:00+00:00	93.29000091552734	93.77999877929688	90.97699737548828	92.20999908447266	2730900	ROKU	1.218441963714063	3.0810001260426296	0.48796770420091884	0.6377884491860809	1.0922551435062233	2.4039544216110684	1.1712415592427332	3.0810001260426296	8.818138348740835	75.92778987894911	3.199562161077111	0.0	0.0	2.7902352360710516	8.225062898253082	93.79917111747766	81.18832735664343	0.9596244143844164	0.0	0.0	0.0	0.0
2025-07-21 00:00:00+00:00	91.69000244140625	95.16000366210938	91.30999755859375	94.3499984741211	3867400	ROKU	1.1362391984040834	4.216412448204339	0.8179304598788787	0.8078348219273722	1.3721190962761127	-1.7150803498971638	-2.8192857188486804	4.216412448204339	41.61631696510308	68.15784416183196	3.1447902908342655	0.0	0.0	2.8659331551742357	6.122686136692787	93.83180003579854	82.22569889608623	0.8154593374114455	0.0	0.0	0.0	0.0
2025-07-22 00:00:00+00:00	89.55000305175781	91.04000091552734	88.20999908447266	91.0	2913700	ROKU	-0.7525383608176807	3.208255141624692	0.6826615407110485	0.8153724974253354	0.9866313600931876	-2.3339506300220534	-1.5934032398265796	3.208255141624692	-24.65997827998138	59.4020169614801	2.8953275888676586	0.0	0.0	2.9097953124427614	1.450103610932844	93.2806067305147	83.64189235395796	0.6129562996668461	0.0	0.0	0.0	0.0
2025-07-23 00:00:00+00:00	90.25	90.66999816894531	88.9469985961914	89.22000122070312	2451800	ROKU	-0.3685112449007446	1.937108165477416	0.8858128106748311	0.8263676577364362	0.8470020865864275	0.7816827743016442	1.154448290971182	1.937108165477416	-15.85269588495727	61.159663337234285	2.7227246291938485	0.0	0.0	2.8250241881792717	2.4869435636187207	93.13468770520896	84.44381113512307	0.6680786245270018	0.0	0.0	0.0	0.0
2025-07-24 00:00:00+00:00	90.05000305175781	91.19999694824219	89.62000274658203	90.19000244140625	2766300	ROKU	-0.06647928930055402	1.7629928065589293	1.0078883422379643	0.7643487531475952	0.9389956619439108	-0.22160326675034628	-0.15522717137012046	1.7629928065589293	12.827310547352965	60.355661639317134	2.5405120167213227	2.9115063781881587	-0.37099436146683606	2.7360934748564776	2.167011204147676	92.77971731513222	85.4407821050338	0.6280503662686239	0.0	0.0	0.0	0.0
2025-07-25 00:00:00+00:00	90.12000274658203	90.61000061035156	89.41999816894531	90.05000305175781	1972600	ROKU	0.0	1.3308012366069653	1.1910452130694849	0.8592932142747184	0.7059219284558897	0.07773425036308461	0.07773425036308461	1.3308012366069653	-28.691754328886958	60.5511333311389	2.374385164750535	2.804082135500634	-0.42969697075009883	2.625658401038604	1.6811525886700862	92.78054602784722	85.80195366697698	0.6187564563617213	0.0	0.0	0.0	0.0
2025-07-28 00:00:00+00:00	93.6500015258789	94.69000244140625	90.94999694824219	91.18399810791016	4245600	ROKU	1.1806428416564592	4.112155710453101	1.1536141456394555	0.9805400315548999	1.4793031358885018	3.9169980822384702	2.704425632938797	4.112155710453101	115.22863226198925	68.8833207907303	2.4987656230677544	2.743018833014058	-0.2442532099463035	2.764539922023291	3.7673147101151314	93.42398791949464	85.82951168377684	1.029760262507808	0.0	0.0	0.0	0.0
2025-07-29 00:00:00+00:00	90.37999725341797	93.9800033569336	88.69000244140625	93.80500030517578	4261600	ROKU	0.16550857103194302	5.964596651152676	1.966567827920802	1.3905680692536446	1.3573790124793763	-3.4917290114056394	-3.6511945425246535	5.964596651152676	0.3768607499528924	56.89502973348277	2.3068836969026734	2.655791805791781	-0.3489081088891077	2.9449299929878663	1.561972607052222	93.47512299773351	86.02737639191494	0.5844211802402802	0.0	0.0	0.0	0.0
2025-07-30 00:00:00+00:00	92.0	92.70999908447266	90.5999984741211	90.80000305175781	3139200	ROKU	0.46471101029377393	2.32891903519652	1.9198041210520627	1.4118075683819207	0.9579318047274081	1.7924350473696948	1.3215824976989983	2.32891903519652	-26.337525811901635	60.5573892166174	2.2594905698978067	2.576531558612986	-0.3170409887151795	2.901006552849782	2.4213783753436307	93.50822668539371	86.5742730094305	0.7824867664429273	0.0	0.0	0.0	0.0
2025-07-31 00:00:00+00:00	94.16000366210938	95.19999694824219	92.33000183105469	92.58000183105469	8896000	ROKU	0.6304367728855299	3.1084101161819677	1.7743542545596858	1.388571609301781	1.9755718409948924	2.3478300675101904	1.7066340460199663	3.1084101161819677	183.3843017329256	64.84613339264408	2.3689180067443374	2.5350088482392565	-0.16609084149491915	2.9223630096635254	5.465955364623194	93.91620289238628	86.94229701606099	1.0349589991672727	0.0	0.0	0.0	0.0
2025-08-01 00:00:00+00:00	79.9800033569336	85.45999908447266	79.05000305175781	85.22000122070312	15378000	ROKU	-9.494479708695856	8.108786572111722	2.3300619884311513	2.104544431575331	2.1405663634035257	-15.059472975447546	-6.148788768729259	8.108786572111722	72.86420863309353	36.66264608621727	1.2964874214477362	2.2873045628809527	-0.9908171414332165	3.7929085525698136	-12.013199104112697	95.70478340264722	84.32471717718676	-0.3817828239463838	0.0	0.0	0.0	0.0
2025-08-04 00:00:00+00:00	85.83000183105469	86.4800033569336	81.0	81.40499877929688	8256100	ROKU	1.781689625597829	6.765436243127894	2.4545284948986237	2.3288587440165838	1.0337983867130467	7.31432636732185	5.435787873119151	6.765436243127894	-46.312264273637666	46.913478027368704	0.9081557879236186	2.011474807889486	-1.1033190199658676	3.9862722273862556	-5.784848223201081	95.82481788888532	83.98168311819475	0.15606667902101065	0.0	0.0	0.0	0.0
2025-08-05 00:00:00+00:00	83.63999938964844	85.55000305175781	82.42500305175781	85.18000030517578	5289700	ROKU	-0.757312725168468	3.791325307003863	2.489680379327958	2.317925145000312	0.6457310969506092	-2.5515581902432998	-1.8079372035806025	3.791325307003863	-35.929797361950556	44.03992448894072	0.4188569539344371	1.6929512370984763	-1.2740942831640392	3.9447526953798713	-10.344089860838176	96.1656469230746	83.19085408400548	0.03461676122415698	0.0	0.0	0.0	0.0
2025-08-06 00:00:00+00:00	84.93000030517578	86.63999938964844	83.0	83.75	3852500	ROKU	0.13151675173873392	4.385541433311371	2.1171323360839542	2.211967996278704	0.46223750548925785	1.5423253526314569	1.4089555882695897	4.385541433311371	-27.16978278541316	46.132952018019914	0.13363592394016166	1.3810881744668135	-1.2474522505266519	3.9229846021133405	-7.372670908750813	96.29316400439896	82.6933373078569	0.16446261023955464	0.0	0.0	0.0	0.0
2025-08-07 00:00:00+00:00	83.11000061035156	85.91000366210938	81.66999816894531	85.58999633789062	4372900	ROKU	0.7771058876054454	5.191631674085561	1.7715422255085231	2.058528377033348	0.5885591075985486	-2.1429408787053834	-2.8975298909332587	5.191631674085561	13.508111615833872	43.65227884811069	-0.23653592335121232	1.0575633549032084	-1.2940992782544207	3.9456289514741063	-7.191515602388175	96.46862192292667	81.80387945036435	0.08906540039356037	0.0	0.0	0.0	0.0
2025-08-08 00:00:00+00:00	83.20999908447266	83.23999786376953	81.29499816894531	81.91000366210938	3935900	ROKU	-1.443865887894994	2.392520743751254	1.6253618955577873	1.8974887709571115	0.7655278113828475	0.12032062734534342	1.5871021416699609	2.392520743751254	-9.993368245329187	43.83099416775881	-0.5158839490957376	0.7428738941034192	-1.2587578431991568	3.8027268617134	-7.800555031055229	96.62217182255776	81.07232967280356	0.1374720972137254	0.0	0.0	0.0	0.0
2025-08-11 00:00:00+00:00	81.98999786376953	83.79000091552734	81.18000030517578	83.19000244140625	3240500	ROKU	-0.024031538620864747	3.2150783450849008	1.0726823469729923	1.944522358563716	0.7830510112848271	-1.4661714146452653	-1.442486527731413	3.2150783450849008	-17.66813181229198	42.07756742685593	-0.8261893777653881	0.4290612397296577	-1.255250617495046	3.717532129473269	-8.950588467338145	96.76505622743002	80.14594535948405	0.11095975704946962	0.0	0.0	0.0	0.0
2025-08-12 00:00:00+00:00	84.31999969482422	84.47000122070312	82.4800033569336	83.12999725341797	3051400	ROKU	1.3904127568616398	2.4127034223771577	1.2383260426688096	1.9765251266343524	0.8267942687447164	2.841812284135074	1.4314958266852607	2.4127034223771577	-5.8355192099984565	46.48103395188046	-0.8740218111088609	0.168444629561954	-1.0424664406708148	3.629137217149006	-6.435866483567976	96.6979195616945	79.7170821167723	0.27106540492962145	0.0	0.0	0.0	0.0
2025-08-13 00:00:00+00:00	88.08999633789062	88.47000122070312	84.5	84.66000366210938	4416100	ROKU	0.403230512945586	4.698226296690089	1.2993866009413129	1.870465752323719	1.1611049177569308	4.471058653594633	4.051491291532256	4.698226296690089	44.72373336828996	52.74137983062146	-0.6007965288272743	0.014596397884108353	-0.6153929267113827	3.666341810629713	-5.937004909126296	96.46706595238929	79.66693520727868	0.5013687844699263	0.0	0.0	0.0	0.0
2025-08-14 00:00:00+00:00	87.51000213623047	88.69999694824219	86.25	87.30000305175781	2955500	ROKU	-0.8968024962818717	2.840576171875	0.9496151651387089	1.8929088547600417	0.8396593065672694	-0.6584109726097017	0.2405487710557736	2.840576171875	-33.07443219130002	51.738674590712996	-0.42615179635930645	-0.0735532409645746	-0.35259855539473184	3.57946003474489	-3.175475995136704	96.17329895828716	79.60170256759174	0.47722014114941025	0.0	0.0	0.0	0.0
2025-08-15 00:00:00+00:00	90.29000091552734	91.62999725341797	87.26000213623047	88.13999938964844	4118000	ROKU	0.7199145675224939	5.008016284901134	1.1529393070851859	1.40547127087825	1.1579450552540562	3.1767783241156082	2.4393028599582816	5.008016284901134	39.33344611740822	56.05158693161249	-0.06269916264292874	-0.07138242530024544	0.008683262657316698	3.6359268263479336	-1.8586946570354959	95.73008805060304	79.74491347527585	0.659679216549041	0.0	0.0	0.0	0.0
2025-08-18 00:00:00+00:00	92.33000183105469	92.63999938964844	90.44000244140625	90.54000091552734	3291600	ROKU	0.2768855880662717	2.4325485281444004	1.2712234170863912	1.1213850396669232	0.9229164563776454	2.259387412606085	1.977027719711856	2.4325485281444004	-20.06799417192812	58.950590444683655	0.3855068104548991	0.01999542185078347	0.36551138860411564	3.5440748011888736	-1.9435022938418731	95.82996690177	79.70903456307374	0.7828931356337192	0.0	0.0	0.0	0.0
2025-08-19 00:00:00+00:00	88.80000305175781	92.48999786376953	88.6500015258789	92.16000366210938	3431200	ROKU	-0.18412018366075084	4.331637080423112	1.153237256286194	1.1424753002147494	0.9419955634622564	-3.8232413184135554	-3.6458338507347428	4.331637080423112	4.241098553894762	52.497429997813974	0.4506767521636448	0.10613168791335574	0.344545064250289	3.565212053810427	11.027756094810915	95.765918778519	79.69808268632477	0.5664683354502706	0.0	0.0	0.0	0.0
2025-08-20 00:00:00+00:00	88.47000122070312	89.05000305175781	86.53500366210938	88.01000213623047	2899100	ROKU	-0.8896406400649391	2.9063376474434324	1.1059371236281197	1.1382882588269996	0.8682331660217785	-0.3716236708486859	0.522666825709906	2.9063376474434324	-15.507694101189088	51.92517609959722	0.4702749735075855	0.1789603450322017	0.2913146284753838	3.490196863513142	3.075846828996854	95.6024618365615	79.68353975035257	0.5519507805093504	0.0	0.0	0.0	0.0
2025-08-21 00:00:00+00:00	90.61000061035156	91.1500015258789	87.51000213623047	88.13999938964844	3753300	ROKU	-0.3730098637971566	4.159523826752853	1.0647194402222542	1.01196961987467	1.0727882834472824	2.418898338556426	2.8023612863709793	4.159523826752853	29.46431651202097	55.32602470942833	0.650982648395626	0.2733648057048866	0.37761784269073945	3.5008970439513774	8.333334853617606	95.66798571154021	79.67401563123323	0.6837567485876171	0.0	0.0	0.0	0.0
2025-08-22 00:00:00+00:00	94.22000122070312	95.72000122070312	90.0	90.8499984741211	4123000	ROKU	0.2648690676005946	6.355556911892362	1.5272680723298648	1.2932165213337687	1.178121178178327	3.984108361146115	3.7094142027332966	6.355556911892362	9.84999866783897	60.41342421948866	1.0731213865451252	0.43331612187293433	0.6398052646721909	3.6594044851479306	10.938420913865457	96.3117595570172	79.44024163316836	0.8760183674192555	0.0	0.0	0.0	0.0
2025-08-25 00:00:00+00:00	93.98999786376953	96.25	93.45500183105469	93.90499877929688	3855100	ROKU	-0.33432650957876864	2.990742190555013	1.3953611580851564	1.3070566725520607	1.0672029764640094	-0.24411309058978733	0.0905160380997693	2.990742190555013	-6.497695852534561	59.94503590509603	1.3732797154647756	0.6213088405913025	0.751970874873473	3.5976611768477436	13.091080704507704	96.37646954077677	79.40953128319784	0.8593457675876656	0.0	0.0	0.0	0.0
2025-08-26 00:00:00+00:00	95.55999755859375	95.7300033569336	94.22000122070312	94.27999877929688	2730300	ROKU	0.3085444431519993	1.6026343840660804	1.7852135005825327	1.4234461129792895	0.7863404912216027	1.6703901803464225	1.3576567626960474	1.6026343840660804	-29.176934450468213	62.104802647088015	1.7180387269921766	0.8406548178714774	0.8773839091206992	3.464971485156052	14.841964439374278	97.21955041712015	79.08445043737204	0.9084894563371771	0.0	0.0	0.0	0.0
2025-08-27 00:00:00+00:00	96.18000030517578	96.5	95.5	95.55999755859375	2163500	ROKU	0.0	1.0471204188481675	2.1274186673568916	1.6049213207791453	0.6506688641339653	0.6488099230034714	0.6488099230034714	1.0471204188481675	-20.759623484598762	62.95430957396193	2.0180291833066093	1.0761296909585039	0.9418994923481054	3.2889020933591913	17.306992085770812	97.95131196293931	78.77068892207046	0.9076509843298971	0.0	0.0	0.0	0.0
2025-08-28 00:00:00+00:00	97.54000091552734	98.05999755859375	96.29000091552734	96.95999908447266	1915000	ROKU	0.8109781418402642	1.8381936091361941	2.1274524399748374	1.6714113394975498	0.6475326133266608	1.4140160179209067	0.5981867125941115	1.8381936091361941	-11.486018026346198	64.81742819828787	2.338557034711414	1.3286151597090858	1.0099418750023281	3.18826603336339	15.678369625889127	98.62876030396765	78.4312403063839	0.9460944022548037	0.0	0.0	0.0	0.0
2025-08-29 00:00:00+00:00	96.55999755859375	98.0199966430664	95.61000061035156	97.4800033569336	2681700	ROKU	-0.06151072178655169	2.5206526695220175	0.7656222046797728	1.5652792172275571	1.004713163889222	-1.0047194461094038	-0.943789255906304	2.5206526695220175	40.03655352480418	62.3827559007811	2.484855715632591	1.559863270893787	0.924992444738804	3.1326753190313505	9.615168092656484	99.23379991454375	79.48420011597382	0.864614858872046	0.0	0.0	0.0	0.0
2025-09-02 00:00:00+00:00	95.86000061035156	96.13999938964844	92.76399993896484	94.0999984741211	2816900	ROKU	-2.547637890089941	3.6393422587478677	0.9958183024742624	1.561600847088178	1.1443928043291027	-0.7249347203197898	1.8703529912537626	3.6393422587478677	5.0415781034418465	60.630909329958136	2.515319532840593	1.7509545232831483	0.7643650095574446	3.1800554833597476	9.54176467865045	99.98312315211298	79.73787675633427	0.7963412022181601	0.0	0.0	0.0	0.0
2025-09-03 00:00:00+00:00	98.47000122070312	98.88999938964844	96.0199966430664	96.5	3615100	ROKU	0.6676396678212898	2.9889635981249265	1.0053704642087868	1.5043526801741487	1.3701657039765922	2.7227212536338317	2.0414520421794045	2.9889635981249265	28.336114168057087	64.62036797756221	2.718727762728591	1.9445091711722369	0.774218591556354	3.169337147355257	9.059696779523513	100.96317699726616	80.24082309428657	0.8796866519973606	0.0	0.0	0.0	0.0
2025-09-04 00:00:00+00:00	97.1500015258789	99.9800033569336	96.69999694824219	98.63999938964844	3646000	ROKU	0.17263955198323966	3.391940550367339	0.7184985204502519	1.508648812398919	1.2422741180398917	-1.3405094734036536	-1.5105412337683934	3.391940550367339	0.8547481397471716	61.24038582204278	2.7418114114841643	2.1039696192346224	0.6378417922495419	3.177242094593553	5.220404634718678	101.60538443318025	80.8206157804428	0.7856419293502915	0.0	0.0	0.0	0.0
2025-09-05 00:00:00+00:00	95.23999786376953	99.8499984741211	94.87999725341797	98.0	3245900	ROKU	0.8749340821108174	5.238197053725236	1.0316397839183193	1.6301847602437636	1.0139888539011346	-1.9660356480803416	-2.816328710439254	5.238197053725236	-10.973669775095996	56.62509593812568	2.5762862126886716	2.1984329379254324	0.37785327476323927	3.305296317887094	7.252246160687759	101.65016147684082	81.98883846212402	0.6739708915685284	0.0	0.0	0.0	0.0
2025-09-08 00:00:00+00:00	99.38999938964844	99.98999786376953	96.20999908447266	97.91000366210938	4384700	ROKU	2.8034500821377555	3.928904287773691	0.8555861608254463	1.234448270002181	1.238014298137628	4.357414551620457	1.511587858424126	3.928904287773691	35.08426014356573	63.1273528269336	2.7482960936148686	2.3084055690633196	0.439890524551549	3.4084894380380164	12.343164935313567	102.15014757167981	83.10685239780261	0.8550593184199744	0.0	0.0	0.0	0.0
2025-09-09 00:00:00+00:00	96.98999786376953	101.19999694824219	96.4800033569336	99.3499984741211	4310500	ROKU	-0.04024641892845195	4.892198825747023	0.9601276244724407	1.3841497224867145	1.122397433627397	-2.414731402170497	-2.3754410131836092	4.892198825747023	-1.6922480443359866	57.73688009560376	2.6602889430611185	2.3787822438628794	0.2815066991982391	3.5021683061287723	7.041162355636381	101.7200082442842	85.03699172519822	0.7164775102210463	0.0	0.0	0.0	0.0
2025-09-10 00:00:00+00:00	94.94000244140625	97.56999969482422	92.94000244140625	97.12999725341797	4174500	ROKU	0.14434415169807324	4.981705543139981	0.7880104464713469	1.388050688370366	1.0562150837988826	-2.1136152876739613	-2.254704904704045	4.981705543139981	-3.155086416888992	53.5320432212302	2.397488390352578	2.382523473160819	0.014964917191758964	3.582727516649429	0.7641702519368233	101.15720927356081	86.66179097057982	0.5710915889280693	0.0	0.0	0.0	0.0
2025-09-11 00:00:00+00:00	96.38999938964844	96.8550033569336	94.43000030517578	95.0999984741211	3078000	ROKU	0.16852330798452198	2.5680430413224262	1.0989363285328744	1.1605952104937043	0.8018297765921975	1.527277133932113	1.3564678614357526	2.5680430413224262	-26.26661875673733	55.97435150144985	2.27993798862758	2.3620063762541714	-0.0820683876265913	3.500032912014313	2.553464815859985	101.12873703585943	87.52026351345698	0.6517803676944354	0.0	0.0	0.0	0.0
2025-09-12 00:00:00+00:00	94.5199966430664	97.20999908447266	92.41200256347656	96.30999755859375	3833500	ROKU	-0.08299806158446672	5.191962502598528	1.0894513312203602	1.076846818304832	0.9689755929872809	-1.9400381351002016	-1.8585826610973906	5.191962502598528	24.545159194282	52.16634930840487	2.0126838879632487	2.292141878595987	-0.27945799063273835	3.5927445983701545	-1.0883224592902012	100.71870784063134	88.63129215936866	0.4871764684014409	0.0	0.0	0.0	0.0
2025-09-15 00:00:00+00:00	93.91999816894531	95.45999908447266	93.2750015258789	94.5199966430664	2997300	ROKU	0.0	2.342532857517593	1.4122788496785108	1.1039577289960156	0.8147582337526775	-0.6347846968159061	-0.6347846968159061	2.342532857517593	-21.812964653710708	50.968229491258995	1.7324970773936315	2.180212918355516	-0.44771584096188466	3.4921912383861256	-2.3497630786645467	100.57165496302684	89.14134476231496	0.418068567057151	0.0	0.0	0.0	0.0
2025-09-16 00:00:00+00:00	97.91000366210938	98.43000030517578	95.3499984741211	95.75	4660500	ROKU	1.9484687678153918	3.2302064817448626	1.34225417010248	1.1227866231225552	1.2432110884665863	4.248302354080922	2.2558784982865534	3.2302064817448626	55.489940946852165	57.8939140924127	1.811524976517191	2.1064753299878514	-0.29495035347066034	3.564892016803579	0.37933436857609326	100.87481805367273	89.39618185477454	0.7417102223478484	0.0	0.0	0.0	0.0
2025-09-17 00:00:00+00:00	98.33999633789062	99.94000244140625	96.91999816894531	97.4000015258789	3040000	ROKU	-0.5208886907925189	3.1159764027199435	1.1258592660465259	1.1123135577966858	0.8631802513444601	0.43917134071934955	0.9650870608682329	3.1159764027199435	-34.77094732324858	58.57302484345238	1.8870986724567587	2.062599998481633	-0.17550132602487434	3.5259714636362474	1.8434122041239187	100.71697929250546	90.5080199445551	0.7671669683852687	0.0	0.0	0.0	0.0
2025-09-18 00:00:00+00:00	99.16000366210938	100.73999786376953	97.87000274658203	99.73999786376953	2310400	ROKU	1.4236339007666634	2.932456357050353	1.078248456229313	1.1441252069988654	0.6859165048658984	0.8338492523441343	-0.5815061300205207	2.932456357050353	-24.0	59.90123882019042	1.9902171247977236	2.048123423744851	-0.05790629894712751	3.4791160103184793	3.4425235038037933	100.29752398884956	91.99647549235162	0.8629666689430756	0.0	0.0	0.0	0.0
2025-09-19 00:00:00+00:00	101.77999877929688	101.94000244140625	98.61000061035156	98.61000061035156	3839000	ROKU	-0.554662193874018	3.376941294436136	0.40166987843453494	1.0382946084832454	1.1393584690631084	2.6421894114841002	3.214682232354172	3.376941294436136	66.16170360110803	63.88538484208088	2.2573298574923797	2.089964710494357	0.16736514699802285	3.4684649975139226	3.3614273561091714	100.72963020168596	92.68136909640974	1.1305087600751815	0.0	0.0	0.0	0.0
2025-09-22 00:00:00+00:00	99.05000305175781	103.16000366210938	98.66000366210938	101.26499938964844	3571000	ROKU	-0.5059927253145082	4.561118825224853	0.6456456474497047	1.075338591313574	1.0249183452060455	-2.6822516803707925	-2.1873266688796797	4.561118825224853	-6.98098463141443	57.47705352649508	2.22310422128146	2.1165926126517776	0.10651160862968245	3.5421460691200712	1.9557400885606595	100.92495603515671	92.96904344604447	0.7643321287912599	0.0	0.0	0.0	0.0
2025-09-23 00:00:00+00:00	99.0	102.1500015258789	97.66500091552734	99.5199966430664	2763700	ROKU	0.47450133955372237	4.592229118218859	0.8017064196488001	1.0426729383973519	0.8901321171597709	-0.05048263525209968	-0.5225046830853511	4.592229118218859	-22.607112853542425	57.36355278212437	2.16696589566223	2.126667269253868	0.040298626408362015	3.6094928220651776	3.9479233731281087	101.02729423620777	93.36770545861644	0.735325969177515	0.0	0.0	0.0	0.0
2025-09-24 00:00:00+00:00	98.20999908447266	100.19499969482422	97.55999755859375	99.45999908447266	2782300	ROKU	0.4646455398713699	2.7009042662674396	0.8953567171266699	0.9758750462603493	0.911249541476707	-0.7979807227548926	-1.2567866594673491	2.7009042662674396	0.6730108188298296	55.498873488059324	2.035268092919509	2.108387433986996	-0.0731193410674873	3.5398863445055553	-1.1872424916210225	101.10701569960794	93.55298414780417	0.616493974738095	0.0	0.0	0.0	0.0
2025-09-25 00:00:00+00:00	98.01000213623047	98.5999984741211	95.33999633789062	96.7300033569336	2175000	ROKU	-1.5069705135279399	3.4193436767889382	0.8237708003666667	0.9251112295547175	0.7187231511466525	-0.20364214449301193	1.3232696525127587	3.4193436767889382	-21.82726521223448	55.011344076679215	1.8929379428434032	2.065297535758278	-0.17235959291487468	3.519894615343049	1.051659237990311	101.17121198842138	93.6717880420962	0.5784729767491084	0.0	0.0	0.0	0.0
2025-09-26 00:00:00+00:00	99.5999984741211	99.73999786376953	97.32499694824219	97.75	2270600	ROKU	-0.2652812269803595	2.481377848705868	0.9985722067098285	0.7741639553166767	0.8370813855750372	1.6222796686409473	1.8925815592031647	2.481377848705868	4.395402298850574	58.15825115748686	1.886691089335244	2.0295762464736713	-0.1428851571384273	3.440973636784784	4.9083588717946744	101.39286732618201	93.65613246019494	0.7682654397344169	0.0	0.0	0.0	0.0
2025-09-29 00:00:00+00:00	100.08000183105469	101.1719970703125	99.27999877929688	100.47000122070312	3802500	ROKU	0.8734967468981263	1.9057194946402118	1.032586157412081	0.8419944382480538	1.3783066673432844	0.481931088641846	-0.38817496258582024	1.9057194946402118	67.46674887694883	59.088625669318986	1.8985869438140384	2.003378385941745	-0.10479144212770652	3.330332540658415	3.828200502927411	101.69555046645199	93.70544974717104	0.7978062239567499	0.0	0.0	0.0	0.0
2025-09-30 00:00:00+00:00	100.12999725341797	101.27999877929688	97.93000030517578	100.26000213623047	2868600	ROKU	0.17985641674911262	3.420809214420109	0.647888103290762	0.8441133754170769	1.0319447442262033	0.049955457082903186	-0.12966774390833646	3.420809214420109	-24.560157790927022	59.19040998426765	1.8902589780948915	1.9807545043723744	-0.09049552627748292	3.3317372501914635	5.935252655093158	101.9489847295837	93.879015148346	0.7745979761318071	0.0	0.0	0.0	0.0
2025-10-01 00:00:00+00:00	103.56999969482422	105.11000061035156	98.8499984741211	99.0199966430664	5191600	ROKU	-1.1085595134315978	6.332829775277474	1.704134725751926	1.284929090746404	1.5917048374140774	3.43553633852599	4.595034544546628	6.332829775277474	80.98026912082548	65.54271121250594	2.1366089549445633	2.0119253944868123	0.12468356045775097	3.540899027765678	10.274703698907954	102.89734434872123	93.44065537662057	1.071130112038946	0.0	0.0	0.0	0.0
2025-10-02 00:00:00+00:00	103.83999633789062	105.45099639892578	103.0	104.91999816894531	2888200	ROKU	1.3034647852649923	2.379608154296875	1.7800175586435922	1.3267343137547993	0.848397614781306	0.260690010487563	-1.0293574627361664	2.379608154296875	-44.367824947992915	65.99017464664176	2.3268075698155997	2.07490182955257	0.2519057402630298	3.4630488399914	6.056574868739509	103.80765363150532	93.19934557503764	1.0030488091232974	0.0	0.0	0.0	0.0
2025-10-03 00:00:00+00:00	103.8499984741211	104.8499984741211	102.08000183105469	104.2300033569336	2698600	ROKU	0.37558458474315004	2.7135546565240363	1.7560577531323172	1.3508858092564255	0.773259978795954	0.00963225788059762	-0.36458300928109993	2.7135546565240363	-6.564642337788242	66.00778528076502	2.450105144245029	2.149942492491062	0.30016265175396706	3.413545111639615	5.6030123463686285	104.49993622744333	93.36806304013479	0.9416147002048829	0.0	0.0	0.0	0.0
2025-10-06 00:00:00+00:00	104.83999633789062	105.44999694824219	100.6500015258789	104.83499908447266	2629400	ROKU	0.9484839911644484	4.768996869939556	1.6294172375075124	1.371315953033431	0.8077338969305252	0.9532959829712794	0.004766779664816065	4.768996869939556	-2.564292596160972	67.78583401411383	2.5977585703893737	2.2395057080707246	0.35825286231864917	3.5125772766913057	5.728108578067415	105.33978552992939	93.07321343247297	0.9592560017527311	0.0	0.0	0.0	0.0
2025-10-07 00:00:00+00:00	101.83000183105469	107.25	101.0999984741211	104.83999633789062	2478000	ROKU	0.0	6.083087654499958	1.8449518566746503	1.5729147094965406	0.7799418348462148	-2.8710364478981614	-2.8710364478981614	6.083087654499958	-5.757967597170458	57.8738089046089	2.443723845935594	2.280349335643699	0.1633745102918951	3.7009647230618485	0.04912856391975478	105.59479274151853	93.30220661761233	0.6937348355735977	0.4369	0.49883094523102045	1.1417482341102916	0.4802516616617143
2025-10-08 00:00:00+00:00	99.93000030517578	102.25	98.68000030517578	102.0199966430664	2361100	ROKU	0.1865803875040065	3.617754037073074	1.526363335983327	1.53971895654251	0.9042687644098565	-1.865856321039042	-2.048614395864781	3.617754037073074	-4.7175141242937855	52.64115742698283	2.1436255914252342	2.2530045868000057	-0.10937899537477147	3.691610078187732	0.8884373814285831	105.48669344251446	93.90930570299334	0.5200391260655383	0.6469	0.1310425991508819	0.20256978911901805	0.28579981940561733
2025-10-09 00:00:00+00:00	97.13999938964844	101.31999969482422	96.87999725341797	100.0	2875700	ROKU	0.07004872872055137	4.582991915030845	1.2695983858644906	1.5589691938920105	1.1024089919342472	-2.791955275699962	-2.8600006103515625	4.582991915030845	21.794926093769853	46.05606795519122	1.661512919086718	2.1347062532573484	-0.4731933341706305	3.7450666755604836	-1.8787884953046083	105.44719386279358	94.02380528271424	0.2727906947303159	0.8519	-8.414349217389372e-10	-9.877144430384952e-10	0.2555699994109955
2025-10-10 00:00:00+00:00	92.0199966430664	97.56999969482422	91.68499755859375	97.04000091552734	3924800	ROKU	-0.10294263408421424	6.418718757634803	1.1488289837481687	1.6738622100826241	1.375289088233233	-5.270746117718873	-5.1731288387258125	6.418718757634803	36.48155231769656	36.9269263727556	0.856421427708554	1.8790492881475895	-1.0226278604390355	3.897919208465482	-6.302823031371875	105.85761527462459	93.36338387088323	-0.10752059765873598	0.0	-0.49811750512112285	-498117.5051211229	-0.348682253584786
2025-10-13 00:00:00+00:00	93.83000183105469	95.41629791259766	92.83499908447266	93.98999786376953	1861622	ROKU	2.1408403527164896	2.7805233517331307	1.5601447177313028	1.5581966596493573	0.6894272236987141	1.9669694131907611	-0.1702266585288621	2.7805233517331307	-52.567723196086426	41.35266418927206	0.36027983062548685	1.575295396643169	-1.2150155660176822	3.8620893556844655	-4.264871149952356	105.86961238613588	93.34238712558286	0.03892439828692769	0.82425	0.0024034082889556885	0.0029158694244298014	0.24895738580226898
