timestamp	close	high	low	open	volume	symbol	gap_apertura_pct	volatilidad_diaria	vol_5d	vol_10d	vol_rel_5d	return_pct	close_open_pct	range_pct	volume_change_pct	rsi_14	macd	macd_signal	macd_diff	atr_14	momentum_12	bb_upper	bb_lower	bb_pctb	vader	finbert	sentiment_ratio	sentiment_combined
2025-06-05 00:00:00+00:00	309.1000061035156	311.3999938964844	307.7099914550781	311.239990234375	666300	SAP	0.0	1.1991818738017628	0.0	0.0	0.0	0.0	-0.6875672143698146	1.1991818738017628	0.0	0.0	0.0	0.0	0.0	0.0	0.0	0.0	0.0	0.0	0.0	0.0	0.0	0.0
2025-06-06 00:00:00+00:00	309.79998779296875	310.8900146484375	309.42999267578125	309.8399963378906	571400	SAP	0.23940155928925538	0.4718424222651395	0.0	0.0	0.0	0.22645799923365437	-0.01291264697739164	0.4718424222651395	-14.242833558457152	0.0	0.0	0.0	0.0	0.0	0.0	0.0	0.0	0.0	0.0	0.0	0.0	0.0
2025-06-09 00:00:00+00:00	305.4200134277344	306.2200012207031	300.94000244140625	302.07000732421875	1128700	SAP	-2.4951519604047707	1.7545021387859208	0.0	0.0	0.0	-1.4138071458419157	1.109016460518699	1.7545021387859208	97.53237661883094	0.0	0.0	0.0	0.0	0.0	0.0	0.0	0.0	0.0	0.0	0.0	0.0	0.0
2025-06-10 00:00:00+00:00	304.4100036621094	305.2200012207031	302.70001220703125	304.7699890136719	1022000	SAP	-0.21282967241316775	0.832503770085193	0.0	0.0	0.0	-0.33069534451578403	-0.1181170602550211	0.832503770085193	-9.453353415433686	0.0	0.0	0.0	0.0	0.0	0.0	0.0	0.0	0.0	0.0	0.0	0.0	0.0
2025-06-11 00:00:00+00:00	299.2099914550781	303.5799865722656	298.25	301.4599914550781	1869400	SAP	-0.9690917419079697	1.7870868641292958	0.5738039962199326	0.0	1.7777397390543572	-1.7082264526376036	-0.7463676984596751	1.7870868641292958	82.91585127201564	0.0	0.0	0.0	0.0	0.0	0.0	0.0	0.0	0.0	0.0	0.0	0.0	0.0
2025-06-12 00:00:00+00:00	301.739990234375	304.5	301.6400146484375	302.75	884300	SAP	1.1831184271977608	0.9481452104077847	0.5857390212672863	0.0	0.8074619233719273	0.8455595907721272	-0.33361181358381503	0.9481452104077847	-52.69605220926501	0.0	0.0	0.0	0.0	0.0	0.0	0.0	0.0	0.0	0.0	0.0	0.0	0.0
2025-06-13 00:00:00+00:00	293.3599853515625	296.1600036621094	292.3900146484375	293.7699890136719	1445000	SAP	-2.6413473449483664	1.289369959574309	0.4426629802919828	0.0	1.137902793964784	-2.777227133965032	-0.13956621759967922	1.289369959574309	63.40608390817596	0.0	0.0	0.0	0.0	0.0	0.0	0.0	0.0	0.0	0.0	0.0	0.0	0.0
2025-06-16 00:00:00+00:00	295.8399963378906	298.510009765625	295.4599914550781	295.989990234375	1137900	SAP	0.896511117445245	1.032294861827545	0.3797436176500798	0.0	0.8947724341836253	0.8453814801483852	-0.050675327353335395	1.032294861827545	-21.252595155709344	0.0	0.0	0.0	0.0	0.0	0.0	0.0	0.0	0.0	0.0	0.0	0.0	0.0
2025-06-17 00:00:00+00:00	292.6400146484375	296.7099914550781	292.3999938964844	296.30999755859375	727700	SAP	0.1588700738646298	1.4740074037482975	0.34019185996326723	0.0	0.5999868080404993	-1.0816595893268937	-1.2385619588925716	1.4740074037482975	-36.04886193865893	0.0	0.0	0.0	0.0	0.0	0.0	0.0	0.0	0.0	0.0	0.0	0.0	0.0
2025-06-18 00:00:00+00:00	289.80999755859375	292.3800048828125	289.2200012207031	291.4200134277344	1611000	SAP	-0.4168948741233392	1.0925951347666247	0.2126067561481839	0.40854299272343936	1.3873818012711208	-0.9670642933925442	-0.5524726494255937	1.0925951347666247	121.38243781778206	0.0	0.0	0.0	0.0	0.0	0.0	0.0	0.0	0.0	0.0	0.0	0.0	0.0
2025-06-20 00:00:00+00:00	287.5899963378906	291.0400085449219	287.44000244140625	290.9100036621094	1298400	SAP	0.3795611306656962	1.2524374036106805	0.17429714615420647	0.409049525569326	1.0437299035369776	-0.7660195436336821	-1.141248936930654	1.2524374036106805	-19.404096834264433	0.0	0.0	0.0	0.0	0.0	0.0	0.0	0.0	0.0	0.0	0.0	0.0	0.0
2025-06-23 00:00:00+00:00	290.79998779296875	291.1000061035156	285.489990234375	286.6000061035156	922100	SAP	-0.34423667268727126	1.9650481841885397	0.37732381468584264	0.38837101146429864	0.8092713836864369	1.1161693716587742	1.4654506629480513	1.9650481841885397	-28.981823783117683	0.0	0.0	0.0	0.0	0.0	0.0	0.0	0.0	0.0	0.0	0.0	0.0	0.0
2025-06-24 00:00:00+00:00	297.0799865722656	297.79998779296875	293.6700134277344	295.05999755859375	1223000	SAP	1.464927766316778	1.4063316567561874	0.3293239925996142	0.3620778159584011	1.0575559475632113	2.159559505816705	0.6846028029505222	1.4063316567561874	32.63203557097928	0.0	0.0	0.0	0.0	0.0	-3.8887153975741344	0.0	0.0	0.0	0.0	0.0	0.0	0.0
2025-06-25 00:00:00+00:00	293.2900085449219	295.9599914550781	293.0	295.25	970600	SAP	-0.6159911993332728	1.0102359914942407	0.3783397187202753	0.3398230506086358	0.8054638097292991	-1.2757433010122432	-0.663841305699619	1.0102359914942407	-20.63777596075225	37.304770596939605	0.0	0.0	0.0	5.073573521205357	-5.329238185470834	0.0	0.0	0.0	0.0	0.0	0.0	0.0
2025-06-26 00:00:00+00:00	295.54998779296875	296.1700134277344	291.0299987792969	293.8399963378906	1913300	SAP	0.1875235353898907	1.7661459883850115	0.3856945823687747	0.33671462438477057	1.511916426968423	0.7705612813948705	0.58194645943018	1.7661459883850115	97.12548938800741	41.75777537935386	0.0	0.0	0.0	5.0783193160076525	-3.231623731527659	0.0	0.0	0.0	0.0	0.0	0.0	0.0
2025-06-27 00:00:00+00:00	301.0899963378906	303.25	297.8500061035156	298.92999267578125	1039500	SAP	1.143632218716306	1.8129910309982153	0.3844641695584357	0.3405920132973642	0.8564719452912581	1.8744742932632508	0.7225784347615162	1.8129910309982153	-45.669785187895265	50.95405983737008	0.0	0.0	0.0	5.26558309393791	-1.0906367347585295	0.0	0.0	0.0	0.0	0.0	0.0	0.0
2025-06-30 00:00:00+00:00	304.1000061035156	304.6300048828125	301.8599853515625	302.92999267578125	884600	SAP	0.6111117474078201	0.9176504557316152	0.4146505048307762	0.3738944546025667	0.7333775493284695	0.9997043416371405	0.3862322833733444	0.9176504557316152	-14.901394901394902	55.10209711812602	0.0	0.0	0.0	5.142327769008193	1.6343086086988718	0.0	0.0	0.0	0.0	0.0	0.0	0.0
2025-07-01 00:00:00+00:00	300.67999267578125	306.9100036621094	299.57000732421875	305.42999267578125	961900	SAP	0.4373517085076603	2.45017730695139	0.6341977715059636	0.4832114479279036	0.8335499748695818	-1.1246344488958024	-1.555184531285439	2.45017730695139	8.738412841962468	49.934540595257374	0.0	0.0	0.0	5.299304095356938	-0.3512950198514961	0.0	0.0	0.0	0.0	0.0	0.0	0.0
2025-07-02 00:00:00+00:00	298.1600036621094	299.54998779296875	295.82000732421875	296.4800109863281	1452100	SAP	-1.3968277876013862	1.260895266175131	0.5847484252077895	0.48986227741539234	1.161419841955402	-0.8380966725608316	0.5666461864299921	1.260895266175131	50.96163842395259	46.47593705126784	0.0	0.0	0.0	5.267924185085907	1.6362212129219105	0.0	0.0	0.0	0.0	0.0	0.0	0.0
2025-07-03 00:00:00+00:00	303.7200012207031	304.1000061035156	298.760009765625	298.8500061035156	858000	SAP	0.231420188131	1.7873865856678117	0.5859556009073618	0.47575961075149714	0.8256192144108081	1.8647697512422332	1.629578389735964	1.7873865856678117	-40.913160250671446	54.03977934794565	0.0	0.0	0.0	5.315929774823075	2.6636036304612554	311.0227035438979	286.3162918174302	0.7044207631587608	0.0	0.0	0.0	0.0
2025-07-07 00:00:00+00:00	305.5299987792969	306.9700012207031	303.7799987792969	304.54998779296875	1131600	SAP	0.2732735970399597	1.0501028554298797	0.6292672625699882	0.4943701897471828	1.0699292765024015	0.5959428260631692	0.32178986229161516	1.0501028554298797	31.888111888111887	56.2092979202261	0.0	0.0	0.0	5.168363362335712	4.404723717070863	310.3285831937411	286.65341143516514	0.7973157507207516	0.0	0.0	0.0	0.0
2025-07-08 00:00:00+00:00	308.760009765625	310.4599914550781	307.760009765625	309.0899963378906	1552100	SAP	1.1651875667912255	0.8773010150049382	0.6386824810741001	0.5105191090674102	1.3030374263310778	1.0571829277757305	-0.1067606768822407	0.8773010150049382	37.15977377165076	59.85147883343508	0.0	0.0	0.0	5.151336884724679	6.538771045398438	310.08500606044635	286.7929907657255	0.9431137117996974	0.0	0.0	0.0	0.0
2025-07-09 00:00:00+00:00	311.92999267578125	312.260009765625	309.94000244140625	310.6700134277344	795100	SAP	0.6186046125465632	0.7485343311427973	0.4074142111235691	0.5549167005442185	0.6867453229456374	1.0266818272750202	0.40556835020704746	0.7485343311427973	-48.772630629469745	63.0955882795784	0.0	0.0	0.0	5.033384250101487	8.463436366991523	311.4869250894328	286.0420696615438	1.0174128553256705	0.0	0.0	0.0	0.0
2025-07-10 00:00:00+00:00	306.2099914550781	313.2799987792969	306.1000061035156	313.2799987792969	1368900	SAP	0.4327913747360664	2.3456362406452063	0.6813675305950522	0.6164829976066367	1.1995898838004102	-1.8337451848205153	-2.2567694560033216	2.3456362406452063	72.16702301597283	54.5329291736125	0.0	0.0	0.0	5.186713423364327	5.299176172276983	311.7595537408878	285.9494397893857	0.7849849754155509	0.0	0.0	0.0	0.0
2025-07-11 00:00:00+00:00	300.8500061035156	304.19000244140625	300.82000732421875	304.1099853515625	1105100	SAP	-0.6858058724787568	1.120269608116649	0.6413346286007825	0.6195231407859008	0.9282186534068002	-1.7504279746367535	-1.0719737611634872	1.120269608116649	-19.27094747607568	47.964230943836135	0.0	0.0	0.0	5.201232759613973	1.2690250779760726	311.87035752756924	286.00263746754797	0.5739728357009074	0.0	0.0	0.0	0.0
2025-07-14 00:00:00+00:00	300.6400146484375	302.1099853515625	296.8999938964844	297.7200012207031	902400	SAP	-1.0403871761051375	1.754796753850596	0.669191556037585	0.6158623725114806	0.788315046474247	-0.069799385347485	0.9807918231095722	1.754796753850596	-18.342231472264952	47.721704479717	0.39712926796136117	0.0	0.0	5.201858380718555	2.5060540384517935	311.77650223298014	285.98649520354326	0.5681859422592875	0.0	0.0	0.0	0.0
2025-07-15 00:00:00+00:00	301.5799865722656	303.94000244140625	300.7300109863281	303.42999267578125	688600	SAP	0.9280128696794722	1.0673997731553497	0.6389678605465531	0.6036859620299458	0.708421637414868	0.3126569578328785	-0.6096978374489103	1.0673997731553497	-23.69237588652482	48.96565229067747	0.2740576017549188	0.0	0.0	5.06601048159357	2.040263585976142	311.9796724918237	286.60532506677004	0.5901496205853233	0.0	0.0	0.0	0.0
2025-07-16 00:00:00+00:00	306.0199890136719	306.2900085449219	302.010009765625	305.5	1021500	SAP	1.2998254533694158	1.4171711668160833	0.5267336457358941	0.49060008431798	1.0041285756414038	1.4722470452601872	0.17020916977802783	1.4171711668160833	48.34446703456288	54.47594524053869	0.5286989970414879	0.0	0.0	5.040582730955189	1.6373817581932182	312.70870278321127	286.8942940429606	0.7408922343779994	0.0	0.0	0.0	0.0
2025-07-17 00:00:00+00:00	308.6099853515625	308.6099853515625	304.3699951171875	304.3699951171875	1389000	SAP	-0.539178470596788	1.393038178005205	0.2751645743343256	0.4899235569807378	1.3600046998002584	0.8463487454654189	1.393038178005205	1.393038178005205	35.97650513950074	57.36763794973729	0.9287886983992735	0.0	0.0	4.983397552628033	1.4830579275002311	313.61176252776266	287.58823136872167	0.80779790622448	0.0	0.0	0.0	0.0
2025-07-18 00:00:00+00:00	305.9700012207031	309.7300109863281	305.29998779296875	309.3399963378906	1021200	SAP	0.23654807717790163	1.45103942695323	0.24395663697742917	0.4680884386259982	1.0165847054373145	-0.8554435229475665	-1.0894146108110994	1.45103942695323	-26.479481641468684	53.62832120344638	1.0210677793557466	0.0	0.0	4.943870812680272	1.759348368292004	313.6218072708712	289.1941869918241	0.6867559769327405	0.0	0.0	0.0	0.0
2025-07-21 00:00:00+00:00	307.2699890136719	308.54998779296875	305.1199951171875	306.3900146484375	936700	SAP	0.13727274767417796	1.124145493796266	0.18012501611264034	0.46386694297625436	0.9261419814119043	0.42487426472605044	0.28720725975488726	1.124145493796266	-8.27457892675284	55.177646402510064	1.185432834480423	0.0	0.0	4.835736660044627	3.055401542685254	313.06857381900716	291.71541971126624	0.728443639938271	0.0	0.0	0.0	0.0
2025-07-22 00:00:00+00:00	306.2900085449219	307.6600036621094	303.5	306.69000244140625	2078200	SAP	-0.18875470856342522	1.3706766596735995	0.13038752549381932	0.4357617914829103	1.6118574132100643	-0.3189313970738601	-0.13042286781447812	1.3706766596735995	121.86399060531654	53.72053445363927	1.2225245886010612	0.0	0.0	4.787470017334966	0.8461765158334805	312.5342005586495	293.7987950468193	0.6667170075510338	0.0	0.0	0.0	0.0
2025-07-23 00:00:00+00:00	290.6300048828125	294.44000244140625	286.739990234375	292.9200134277344	4638500	SAP	-4.365142428479379	2.6853639078167744	0.6168359224441402	0.5417989607645891	2.3045927898565126	-5.112802646258246	-0.781786303409015	2.6853639078167744	123.19795977288037	36.935217905346754	-0.011577885787176001	0.0	0.0	5.841937752564389	-4.8767695336023476	313.39679168693885	292.2912057495846	-0.07870906174805542	0.0	0.0	0.0	0.0
2025-07-24 00:00:00+00:00	286.1600036621094	290.55999755859375	286.1600036621094	288.2900085449219	2258100	SAP	-0.8051461647375864	1.5375991893261851	0.6077467147233853	0.46914038456820467	1.0327275055567242	-1.5380384494386647	-0.7388410349575465	1.5375991893261851	-51.31831411016492	33.69853130247175	-1.3349166410388307	0.25939174629503015	-1.5943083873338608	5.74394228600287	-7.31960272985836	314.6640522683504	290.31094467989175	-0.17044810411586117	0.0	0.0	0.0	0.0
2025-07-25 00:00:00+00:00	288.0299987792969	288.4599914550781	285.42999267578125	285.80999755859375	1608900	SAP	-0.12231132898953395	1.0615558480354368	0.6597574201349676	0.47464675438352233	0.6982830457275789	0.6534788556249613	0.7767402259075993	1.0615558480354368	-28.74983393118108	36.21669811819031	-2.207334384197793	-0.23395347980353454	-1.9733809043942585	5.550089178381013	-7.6619736664200575	315.5234716058375	288.69952644103745	-0.02496007420337134	0.0	0.0	0.0	0.0
2025-07-28 00:00:00+00:00	282.3800048828125	285.70001220703125	282.0	285.2699890136719	1482300	SAP	-0.958236911891896	1.3120610663231382	0.633860074696657	0.46741061764726227	0.6142466434609647	-1.9615991113528717	-1.01306980830741	1.3120610663231382	-7.8687301883274285	32.23326250188893	-3.3164095150623893	-0.8504446868553055	-2.465964828207084	5.584368435589289	-7.782236777783769	317.11457057251084	285.23742832885637	-0.08963863272946532	0.0	0.0	0.0	0.0
2025-07-29 00:00:00+00:00	287.5400085449219	288.6199951171875	285.8399963378906	285.8599853515625	1521100	SAP	1.2323749587702535	0.972571653692105	0.6912452314673556	0.4767241849085719	0.6608363961803474	1.827326146640862	0.5877084165148937	0.972571653692105	2.6175538015246578	38.848463400715474	-3.735924957764553	-1.4275407410371552	-2.3083842167273976	5.631198564073983	-4.4241307257989835	317.28239654546536	283.41360260004245	0.1218350423557693	0.0	0.0	0.0	0.0
2025-07-30 00:00:00+00:00	290.5	291.6099853515625	287.1199951171875	287.75	1375500	SAP	0.0730303432001597	1.5638026994749767	0.2691218552389515	0.4784514782853476	0.8340508616403304	1.029418991136912	0.9556907037358819	1.5638026994749767	-9.572020248504371	42.32645280300729	-3.7859058300433617	-1.8992137588383966	-1.886692071204965	5.549683683381198	-3.3728093914228396	317.30645692484256	282.3715429530871	0.2326743112487604	0.0	0.0	0.0	0.0
2025-07-31 00:00:00+00:00	286.70001220703125	290.7200012207031	285.6000061035156	290.3900146484375	1323700	SAP	-0.03786070621772806	1.7927153388546355	0.34218148716425145	0.48998040522337594	0.9052178075634275	-1.3080852987844234	-1.2707056907151488	1.7927153388546355	-3.76590330788804	39.24087836805017	-4.085053336480996	-2.336381674366917	-1.7486716621140794	5.518991642938791	-4.934005911452876	317.64429009992733	280.8877106324946	0.15812955554491973	0.0	0.0	0.0	0.0
2025-08-01 00:00:00+00:00	283.0	284.8399963378906	281.0299987792969	282.0799865722656	1578500	SAP	-1.6114494028794883	1.3557262837217177	0.30554996334092643	0.4916850317550167	1.0839708285835932	-1.2905518135658134	0.3261533861065603	1.3557262837217177	19.2490745637229	36.45425651894299	-4.568032518023131	-2.7827118430981597	-1.785320674924971	5.529778913281333	-7.52238083788815	317.78549257438027	278.6745080359713	0.11059532290169875	0.0	0.0	0.0	0.0
2025-08-04 00:00:00+00:00	283.7900085449219	284.3800048828125	281.9200134277344	284.2099914550781	1077000	SAP	0.42755881804880747	0.8725848956830814	0.38881220063367944	0.5175351221825654	0.7831815934145845	0.27915496286992053	-0.14777204277937286	0.8725848956830814	-31.77066835603421	37.47520750336679	-4.831357035385508	-3.1924408815556293	-1.638916153829879	5.310508380552532	-8.042506070685365	317.36021333623387	276.92578825068017	0.1697617878755035	0.0	0.0	0.0	0.0
2025-08-05 00:00:00+00:00	285.19000244140625	287.1000061035156	283.92999267578125	286.04998779296875	1090100	SAP	0.7963561718167879	1.1164771279919705	0.361844288013758	0.5281330414278298	0.8457205809334657	0.49332036165140963	-0.3006416319741017	1.1164771279919705	1.2163416898792943	39.335295749889085	-4.870926793310161	-3.528138063906536	-1.3427887294036256	5.167614750412619	-6.791515081999097	316.0832500150339	275.8457508394583	0.23222744438401832	0.0	0.0	0.0	0.0
2025-08-06 00:00:00+00:00	291.7799987792969	292.0799865722656	287.9200134277344	288.3699951171875	1135700	SAP	1.1150435318764709	1.4448363957079942	0.34708059035622346	0.2931404255350406	0.9151490733279614	2.3107389044062208	1.1825098726806238	1.4448363957079942	4.183102467663518	47.28513110850861	-4.320721889592505	-3.68665482904373	-0.6340670605487753	5.290641134730244	-5.041166006513502	313.75132127604775	276.162680188796	0.41547973373790076	0.0	0.0	0.0	0.0
2025-08-07 00:00:00+00:00	295.4599914550781	299.4800109863281	292.2099914550781	299.2099914550781	1854600	SAP	2.5464365984185626	2.4879435145418807	0.6186143069980508	0.4751764480617517	1.3766534538814412	1.2612217051124213	-1.2533003934004676	2.4879435145418807	63.30016729770186	51.135990111728816	-3.5468500063942656	-3.6586938645138374	0.11184385811957176	5.462739068466029	-3.535870184369847	312.49698671883976	276.34201474600394	0.528778634469362	0.0	0.0	0.0	0.0
2025-08-08 00:00:00+00:00	292.1199951171875	293.0199890136719	289.6199951171875	291.44000244140625	1159700	SAP	-1.360586586994157	1.1739499875029873	0.6311589922782651	0.46760242251313044	0.9179053679694796	-1.1304394620205083	0.23332166829704923	1.1739499875029873	-37.46899600992128	47.72812365609808	-3.1665586376074657	-3.5602668191325635	0.3937081815250978	5.4896860162820715	0.5126759829824838	311.83854929312406	276.12745107308683	0.4478312020974861	0.0	0.0	0.0	0.0
2025-08-11 00:00:00+00:00	287.239990234375	290.5	286.7099914550781	288.8800048828125	1314300	SAP	-1.1091299084389066	1.3218962219235026	0.5620916096023659	0.46738554370637164	1.0026089344562432	-1.6705480502472372	-0.5677148368585742	1.3218962219235026	13.331033888074503	43.19829803278396	-3.2218115599777093	-3.492575767301593	0.2707642073238836	5.48399441955545	0.37740654125125267	311.12466636870425	275.5013315561004	0.3295216110458404	0.0	0.0	0.0	0.0
2025-08-12 00:00:00+00:00	275.8900146484375	276.20001220703125	268.6600036621094	273.75	5249300	SAP	-4.6964178711215565	2.8065243959442725	0.7453122688518057	0.6135256306524659	2.449830122461171	-3.951391161333917	0.7817405108447488	2.8065243959442725	299.39891957696113	34.901499208717695	-4.133796243220331	-3.620819862485341	-0.5129763807349903	6.41942243046332	-4.21483324039509	310.9414379717457	273.1155627606762	0.07334798923434761	0.0	0.0	0.0	0.0
2025-08-13 00:00:00+00:00	278.82000732421875	281.0	277.0199890136719	278.0199890136719	1663000	SAP	0.7720374976051849	1.436723393318631	0.7464147918665648	0.6155252844641556	0.739709453869352	1.0620147595826892	0.28775568022468107	1.436723393318631	-68.31958546853866	38.20124107839293	-4.567473758881192	-3.8101506417645115	-0.7573231171166808	6.325891210541833	-1.2607116286690152	309.2706873254657	272.0663152380108	0.18152952750639872	0.0	0.0	0.0	0.0
2025-08-14 00:00:00+00:00	278.9100036621094	279.8500061035156	278.1000061035156	278.4800109863281	954600	SAP	-0.12194115521102793	0.6292700329350612	0.8068061357098052	0.6778481961939283	0.46156524093647555	0.03227757532692948	0.15440701623728403	0.6292700329350612	-42.59771497294047	38.30468480411472	-4.848019412186773	-4.017724395848964	-0.8302950163378089	5.999041838360275	-3.0013231642038605	306.5182511025864	271.84875329194483	0.20367328101294668	0.0	0.0	0.0	0.0
2025-08-15 00:00:00+00:00	277.8500061035156	279.5299987792969	276.55999755859375	278.489990234375	1292600	SAP	-0.15059102298933957	1.0739084635961793	0.8172699466470069	0.6886495671663021	0.6170635299509252	-0.3800500321522721	-0.22980507497622066	1.0739084635961793	35.407500523779596	37.50831162160875	-5.097130263044107	-4.233605569287993	-0.8635246937561147	5.782681794241907	-4.354559000510973	303.9613986102911	271.59360627252136	0.19329090367691593	0.0	0.0	0.0	0.0
2025-08-18 00:00:00+00:00	276.7200012207031	276.7799987792969	275.489990234375	275.8800048828125	1724200	SAP	-0.7090160796934382	0.46825967935328294	0.932689843609483	0.7356942005943049	0.7921019506234093	-0.40669600791425076	0.304478875969078	0.46825967935328294	33.39006653257001	36.63391552145405	-5.32435846718181	-4.451756148866756	-0.872602318315054	5.538205656734673	-3.4809942662720847	300.4291334115125	272.0708726920031	0.16394265412411582	0.0	0.0	0.0	0.0
2025-08-19 00:00:00+00:00	274.2300109863281	278.5199890136719	273.6300048828125	277.739990234375	1676400	SAP	0.36859967084864387	1.7870789181009619	0.5487778410027214	0.7379461656112501	1.1465229523444767	-0.899823006429182	-1.2637644456907078	1.7870789181009619	-2.772300197192901	34.71355908018745	-5.64034151228617	-4.689473221550639	-0.9508682907355315	5.491904119172152	-3.098936047233878	296.4514506891392	272.842555658517	0.0587683297338347	0.0	0.0	0.0	0.0
2025-08-20 00:00:00+00:00	272.5299987792969	273.4599914550781	270.30999755859375	273.1300048828125	1249100	SAP	-0.4011253544275526	1.1653264492378115	0.5170612999368486	0.7439810177678033	0.9055517696356334	-0.6199220139753431	-0.21967784307442162	1.1653264492378115	-25.48914340252923	33.42527232868473	-5.95924268935579	-4.943427115111669	-1.0158155742441206	5.379626212640882	-3.9677259334669714	296.32270142404803	271.1613043132566	0.054396600475466066	0.0	0.0	0.0	0.0
2025-08-21 00:00:00+00:00	269.2099914550781	271.4200134277344	268.1199951171875	270.3699951171875	1593800	SAP	-0.7925746419786294	1.230799034254992	0.46985939818918104	0.6460786055895548	1.057443505261342	-1.2182172014418835	-0.4290430458478169	1.230799034254992	27.595869025698505	31.005245102955072	-6.4060263304236855	-5.235946958174073	-1.1700793722496128	5.310367459031489	-5.603285826827433	296.9111877645454	268.8778167520562	0.011849260043464567	0.0	0.0	0.0	0.0
2025-08-22 00:00:00+00:00	271.1099853515625	272.510009765625	268.32000732421875	269.4800109863281	1450700	SAP	0.10030070941666998	1.5615691439451065	0.5009770462416069	0.6486735365564701	0.9427230901198306	0.7057664859372126	0.6048590985537219	1.5615691439451065	-8.978541849667462	33.95238196603276	-6.531500879912073	-5.495057742521673	-1.0364431373904006	5.230341386343972	-7.084109093909903	296.7490086148579	267.34799455897024	0.12795445712998807	0.0	0.0	0.0	0.0
2025-08-25 00:00:00+00:00	270.260009765625	273.7099914550781	270.260009765625	273.1700134277344	1397300	SAP	0.7598495767319411	1.276541687556742	0.2621003655227777	0.6490358396876058	0.9483121360607006	-0.3135168868218897	-1.0652719987800567	1.276541687556742	-3.6809815950920246	33.267766351417364	-6.623178412664004	-5.720681876550139	-0.9024965361138646	5.1031728365660545	-8.529067358781314	297.01194925411056	265.87305440799884	0.14088346356884138	0.0	0.0	0.0	0.0
2025-08-26 00:00:00+00:00	269.8599853515625	272.30999755859375	269.45001220703125	271.510009765625	1823800	SAP	0.46251755895518004	1.061415929484181	0.18739344044575548	0.3980742273659058	1.2134882297363834	-0.14801465241173095	-0.6077213932137703	1.061415929484181	30.523151792743146	32.93121676641185	-6.651438502264739	-5.906833201693059	-0.7446053005716795	4.9429451590658005	-7.620159570622725	296.6419356537694	264.475065689004	0.1674057708585566	0.0	0.0	0.0	0.0
2025-08-27 00:00:00+00:00	275.1099853515625	275.44000244140625	270.1300048828125	270.4700012207031	1111500	SAP	0.2260490262555678	1.9657192694670578	0.3545447939816565	0.46680658372275735	0.7533448102913068	1.9454533035568484	1.715526346699409	1.9657192694670578	-39.0558175238513	41.32125132475938	-6.178976310330654	-5.961261823420578	-0.21771448691007578	4.988450296978511	-4.222951293416685	295.3607351467587	264.2172647311709	0.3497593709061915	0.0	0.0	0.0	0.0
2025-08-28 00:00:00+00:00	275.3999938964844	276.8299865722656	275.1499938964844	275.739990234375	731000	SAP	0.22900109641873523	0.610573401071304	0.5109465014222476	0.4694741477378126	0.5610733309795374	0.10541549211718858	-0.1233032385333854	0.610573401071304	-34.23301844354476	41.75470267790717	-5.715263355114132	-5.912062129759289	0.19679877464515716	4.754989648673126	-0.17761452968044206	294.5700828866833	263.8779151601917	0.37540778608307673	0.0	0.0	0.0	0.0
2025-08-29 00:00:00+00:00	272.1600036621094	272.6700134277344	270.2099914550781	272.260009765625	1208000	SAP	-1.140154030664072	0.9104111803597846	0.5090498143571359	0.4779030724125135	0.963071624465846	-1.1764670683300114	-0.0367318371881773	0.9104111803597846	65.2530779753762	38.3466626841681	-5.545285037329222	-5.838706711273276	0.29342167394405383	4.7860619910112066	-2.3886390815437286	294.22084099573976	263.1431574173462	0.29013894237059745	0.0	0.0	0.0	0.0
2025-09-02 00:00:00+00:00	266.20001220703125	268.6000061035156	264.17999267578125	266.8299865722656	1594400	SAP	-1.958413072503131	1.6731068022849485	0.5592089838360346	0.42027231141709936	1.232395999196129	-2.1898851318643944	-0.23609579017977383	1.6731068022849485	31.986754966887414	33.00934754181229	-5.82435792394466	-5.8358369538075525	0.011479029862892176	5.014201204962414	-4.557022440283596	294.05990300920035	261.54509577009657	0.1431629719562498	0.0	0.0	0.0	0.0
2025-09-03 00:00:00+00:00	270.94000244140625	270.989990234375	267.8900146484375	268.80999755859375	1063200	SAP	0.9804602674220169	1.1571822077824434	0.5529868702185611	0.389256936399493	0.9313081410627003	1.7806123279545818	0.7923830594686914	1.1571822077824434	-33.31660812844957	40.14468455637712	-5.598511444061387	-5.78837185185832	0.18986040779693258	4.998185263703938	-2.486954655503944	293.2385683681678	260.94143041112903	0.3095807450052442	0.0	0.0	0.0	0.0
2025-09-04 00:00:00+00:00	271.989990234375	273.1199951171875	270.80999755859375	272.8800048828125	1012800	SAP	0.7160265829796753	0.8529956720279308	0.4033371208807608	0.40979845239569496	0.9027703497700289	0.387535167752064	-0.32615605119902946	0.8529956720279308	-4.740406320541761	41.627876180697555	-5.274005786091948	-5.685498638705045	0.4114928526130974	4.806171856196067	-1.709313011514342	290.89585762433126	261.30514030047345	0.36108789851088813	0.0	0.0	0.0	0.0
2025-09-05 00:00:00+00:00	269.0	272.260009765625	267.2900085449219	271.6700134277344	1700400	SAP	-0.11764286118209702	1.8594040412355504	0.4537870874219301	0.4555836073775839	1.292332948258041	-1.099301570546222	-0.9828149209572636	1.8594040412355504	67.89099526066352	38.68792460956262	-5.198178570925393	-5.588034625149115	0.3898560542237224	4.817873953660857	-1.9071621546880475	286.9029582941726	262.65204048512425	0.26176161928631175	0.0	0.0	0.0	0.0
2025-09-08 00:00:00+00:00	270.3299865722656	272.0199890136719	268.7200012207031	268.7200012207031	1939300	SAP	-0.10408876553787176	1.2280395124955468	0.4070844244406692	0.4458328039133286	1.3264524425110464	0.49441880009874534	0.5991311939003002	1.2280395124955468	14.04963537991061	40.69431043994632	-4.9734354869426625	-5.465114797507825	0.49167931056516245	4.70945351361142	-0.8072550606852228	282.9660564833298	264.40994144147487	0.31903472884478135	0.0	0.0	0.0	0.0
2025-09-09 00:00:00+00:00	271.4800109863281	271.7300109863281	269.6199951171875	270.04998779296875	3125000	SAP	-0.10357666304327089	0.7825887943598281	0.4269682270130256	0.4704248001479437	1.7673939846392255	0.42541503761554444	0.5295401807074654	0.7825887943598281	61.1406177486722	42.44808082763027	-4.648937556353587	-5.301879349276978	0.6529417929233903	4.52377939614922	0.8432151863980086	279.8168150615743	265.98318493842567	0.3973523940548547	0.0	0.0	0.0	0.0
2025-09-10 00:00:00+00:00	260.510009765625	270.29998779296875	259.8299865722656	270.29998779296875	3242100	SAP	-0.4346630122314241	4.029558465835944	1.3436237067289107	1.0020916018387112	1.4710606555591854	-4.040813605704318	-3.621893625404897	4.029558465835944	3.7472	32.55767598796412	-5.2168217530551715	-5.284867830032617	0.06804607697744558	5.0327968974287405	-3.909843295587935	280.75603420078033	263.5059653109384	-0.17367788873455592	0.0	0.0	0.0	0.0
2025-09-11 00:00:00+00:00	258.19000244140625	259.44000244140625	256.67999267578125	259.1600036621094	3282000	SAP	-0.5182165954890544	1.0752726524779184	1.3097545106341986	0.9963426959025942	1.2348744807657577	-0.8905636011092275	-0.3742866210049157	1.0752726524779184	1.2306838160451559	30.917007546170012	-5.787366118180103	-5.385367487662114	-0.4019986305179888	4.946884054029813	-4.46607225933504	281.102347353	261.0966516704375	-0.1452910848566368	0.0	0.0	0.0	0.0
2025-09-12 00:00:00+00:00	257.1600036621094	259.0299987792969	256.9100036621094	258.1700134277344	1499900	SAP	-0.007741978187715194	0.8251897890187799	1.3769745069725143	0.9791836934331478	0.5729926728452129	-0.3989305432268329	-0.39121885311739224	0.8251897890187799	-54.29920780012188	30.18963430916999	-6.250586066205642	-5.558411203370819	-0.6921748628348228	4.744963415683934	-4.70613739673487	281.0567925757568	258.96720644768067	-0.08181243302129215	0.0	0.0	0.0	0.0
2025-09-15 00:00:00+00:00	252.4199981689453	253.25	249.13999938964844	251.1699981689453	3535100	SAP	-2.3292912614181325	1.6496751306174764	1.362241042267946	0.9625763336788082	1.2037169455397334	-1.8432125624761246	0.49767090381519546	1.6496751306174764	135.68904593639576	27.03718470941901	-6.920396024185095	-5.830808167533675	-1.0895878566514199	4.97889490545372	-8.247605827037393	281.5907689010342	255.8902293289463	-0.1350256149396116	0.0	0.0	0.0	0.0
2025-09-16 00:00:00+00:00	253.60000610351562	254.5	248.32000732421875	251.50999450683594	2803800	SAP	-0.36051171409180793	2.4887212038908926	1.2956703873643491	1.0109600650123238	0.9760563674466856	0.46747799030587517	0.8309855044837521	2.4887212038908926	-20.686826398121696	29.02415617366897	-7.272179306748114	-6.119082395376563	-1.1530969113715512	5.064687603334258	-7.915754639109684	281.47321804686476	253.69578067139696	-0.0034479266962877055	0.0	0.0	0.0	0.0
2025-09-17 00:00:00+00:00	261.4200134277344	261.5199890136719	256.4100036621094	259.5899963378906	3737700	SAP	2.3619834740579533	1.9928962515426307	0.6749311885753244	1.0052853048610124	1.2577649157048154	3.0835990283954264	0.7049644114412411	1.9928962515426307	33.308367215921244	40.57394097997279	-6.841100903328481	-6.263486096966948	-0.5776148063615336	5.268637268107257	-3.946204471583141	280.72888826619794	253.1591106962044	0.2996361762642942	0.0	0.0	0.0	0.0
2025-09-18 00:00:00+00:00	269.739990234375	271.4200134277344	266.489990234375	268.20001220703125	2962200	SAP	2.5935270564780626	1.8499843799099074	0.6081541312006356	0.9628700758631284	1.018729322429103	3.1826089737924974	0.5741901406607681	1.8499843799099074	-20.74805361586002	49.91272572996068	-5.761698296093016	-6.163128536792161	0.40143024069914546	5.606591748956739	1.3298188824238706	280.41582347755997	253.19317463035017	0.6078326799458681	0.0	0.0	0.0	0.0
2025-09-19 00:00:00+00:00	266.9100036621094	269.67999267578125	266.80999755859375	269.25	1670700	SAP	-0.18165279606826235	1.075670006165052	0.5149386404174869	0.9871110740959966	0.5678982970189334	-1.0491535088314756	-0.8690794198293873	1.075670006165052	-43.599351833097025	47.19588303044599	-5.076106027857463	-5.945724035005222	0.8696180071477588	5.415406100872775	-1.4874137236964136	280.256378473828	253.12262085478525	0.5081265558902165	0.0	0.0	0.0	0.0
2025-09-22 00:00:00+00:00	265.3800048828125	265.69000244140625	263.3999938964844	263.8299865722656	1548100	SAP	-1.1539534103573166	0.8694034160918938	0.6708331581212967	1.0123462315622838	0.6084102967184123	-0.5732264652147521	0.5875064963937713	0.8694034160918938	-7.33824145567726	45.74611403423515	-4.60316491088912	-5.6772122101820015	1.0740472992928813	5.27930636264079	-2.430231107353122	279.8256192544193	252.98038202731902	0.46189283970923756	0.0	0.0	0.0	0.0
2025-09-23 00:00:00+00:00	265.2699890136719	268.3800048828125	265.1400146484375	267.239990234375	1197100	SAP	0.7008762217725631	1.2219921759720298	0.4930521237481723	0.9788242999142653	0.5384677666024937	-0.04145597524923033	-0.7371655787651367	1.2219921759720298	-22.6729539435437	45.6375549941944	-4.188945473641525	-5.379558862873907	1.1906133892323822	5.133640924907519	-1.3866211845085967	279.46511582991934	252.8418833766236	0.46681430058692125	0.0	0.0	0.0	0.0
2025-09-24 00:00:00+00:00	268.8500061035156	272.239990234375	267.55999755859375	271.760009765625	2045400	SAP	2.446571802594161	1.7491376582765759	0.4277437514119459	0.5491562605877399	1.0852655595054916	1.3495748626352293	-1.0707990718056937	1.7491376582765759	70.86291872024059	49.81135562605497	-3.531091896281737	-5.009865469555473	1.4787735732737364	5.264809517464348	-0.5474718093674621	279.3655625398936	252.8404387418447	0.6035623993147413	0.0	0.0	0.0	0.0
2025-09-25 00:00:00+00:00	262.510009765625	263.8699951171875	260.9200134277344	261.510009765625	1216300	SAP	-2.730145497956395	1.1306076719447071	0.3283157454298498	0.5448894619873746	0.7921095133896009	-2.3581908848644506	0.3823945404216983	1.1306076719447071	-40.53485870734331	43.44921525825748	-3.481193879477928	-4.704131151539965	1.2229372720620368	5.455179743058413	-3.304111115994783	278.1483604856103	252.7976432375342	0.3831199895864047	0.0	0.0	0.0	0.0
2025-09-26 00:00:00+00:00	264.0799865722656	264.5	261.010009765625	262.1000061035156	965100	SAP	-0.15618591552963473	1.3371097290517135	0.3224672871070861	0.49800947837798104	0.6921256454388984	0.5980635969052519	0.7554293867387445	1.3371097290517135	-20.652799473814028	45.31197165930876	-3.2771879514867805	-4.418742511529328	1.1415545600425476	5.314809063866741	1.370379898205237	276.74179573678254	253.07220725394015	0.4650600210605603	0.0	0.0	0.0	0.0
2025-09-29 00:00:00+00:00	263.82000732421875	265.6499938964844	262.5400085449219	262.9200134277344	1150800	SAP	-0.4392506829417847	1.1845757790589722	0.2490767211994599	0.507887745067781	0.8751730116963512	-0.09844716043096721	0.34230710882408555	1.1845757790589722	19.24152937519428	45.0473551984927	-3.1007464612924878	-4.15514330148196	1.0543968401894723	5.157321655845009	2.1805665709655724	275.851423355663	253.12858000127062	0.4705145019134	0.0	0.0	0.0	0.0
2025-09-30 00:00:00+00:00	267.2099914550781	268.2900085449219	265.8299865722656	266.739990234375	941100	SAP	1.1068087442540961	0.9254117657593514	0.30799266555238136	0.3941943360825444	0.7446943200341842	1.2849609721575401	0.17620200866399954	0.9254117657593514	-18.22210636079249	49.21227214578711	-2.6567466000028617	-3.8554639611861408	1.198717361183279	5.10822733904916	3.9080679926314454	275.94078763820664	253.14021364353164	0.6170799829351855	0.0	0.0	0.0	0.0
2025-10-01 00:00:00+00:00	269.989990234375	270.510009765625	265.79998779296875	265.8399963378906	1394400	SAP	-0.5127035518871367	1.7720173773389636	0.317014872397157	0.35764615046576415	1.230128623603931	1.0403798017276735	1.5610871026380877	1.7720173773389636	48.167038571883964	52.39845308996382	-2.0568408618975127	-3.4957393413284152	1.4388984794309025	5.0797840985925236	6.960618094003015	275.79371598556475	253.19228407547044	0.7432142452621477	0.0	0.0	0.0	0.0
2025-10-02 00:00:00+00:00	271.9100036621094	273.8399963378906	270.79998779296875	272.0899963378906	1201300	SAP	0.7778088742077569	1.1226029106197795	0.31791338985071993	0.3062565374930698	1.0625895589718188	0.7111424486765731	-0.06615189025829857	1.1226029106197795	-13.848250143430866	54.52057795137678	-1.4102259975011862	-3.0786366725629697	1.6684106750617835	4.991942813229889	7.220030409273686	275.77915274999475	253.19884865381377	0.8286493808318655	0.0	0.0	0.0	0.0
2025-10-03 00:00:00+00:00	270.5299987792969	271.1600036621094	268.0899963378906	269.92999267578125	1027500	SAP	-0.7281861497043698	1.145140574491794	0.31912201188122724	0.30291332369045065	0.8989344018477367	-0.5075226597868652	0.2222821175104855	1.145140574491794	-14.467660034962124	52.701975378103626	-0.9976338180703124	-2.6624361016644382	1.6648022835941259	4.908233135443379	3.484807927332166	275.99673123635114	253.1342700453871	0.760886091335832	0.0	0.0	0.0	0.0
2025-10-06 00:00:00+00:00	274.2799987792969	274.3999938964844	269.7699890136719	271.7099914550781	1229300	SAP	0.43617812483114254	1.7162787082954034	0.3825150206877383	0.3043690276618911	1.060912040872687	1.3861678989099158	0.945864121689338	1.7162787082954034	19.639902676399025	56.90833105922993	-0.3638634915295711	-2.2027215796374646	1.8388580881078935	4.888359688826887	1.6831054753791221	276.71061365572973	252.8153888467117	0.8982803093145395	0.0	0.0	0.0	0.0
2025-10-07 00:00:00+00:00	273.82000732421875	275.5799865722656	273.5899963378906	275.0	1051500	SAP	0.2625059150895227	0.727362206590811	0.4414177382935514	0.3592101650890538	0.8904979674796748	-0.16770871267513143	-0.42908824573863635	0.727362206590811	-14.463515822012527	56.247531661279574	0.1001323290477103	-1.7421507979004296	1.84228312694814	4.681333299223182	2.5888889765469365	277.1304261295049	252.62957600672556	0.8648855534115399	0.9615	-7.303312088424718e-08	-7.595740502011665e-08	0.28844994887681535
2025-10-08 00:00:00+00:00	277.1499938964844	277.5	274.8299865722656	275.760009765625	1092300	SAP	0.7084955041686105	0.9715145938168228	0.3643573196820092	0.32955931487070855	0.9749370749210089	1.216122446568606	0.5040557302129325	0.9715145938168228	3.8801711840228243	59.87946528839511	0.7281606634238074	-1.2480885056355824	1.9762491690593897	4.609808968977329	4.435145375353095	278.88755352569297	252.5364470236234	0.9340612270277103	0.4088	0.4999503196003805	1.222967457516935	0.47260522372026637
2025-10-09 00:00:00+00:00	275.7900085449219	276.8299865722656	274.1400146484375	275.5899963378906	1157800	SAP	-0.5628712224242046	0.9812401619945186	0.37113454084497016	0.33652936100538045	1.041486758779505	-0.490703727769323	0.07257600409632521	0.9812401619945186	5.996521102261283	57.77027290243737	1.103418667571873	-0.7777870709940913	1.8812057385659642	4.495535417482296	3.96577825119441	279.98956607438674	253.19443508528124	0.8432716178483193	0.40065	0.45332151788732444	1.1314623397603512	0.4375200625211271
2025-10-10 00:00:00+00:00	265.5299987792969	276.1300048828125	265.4800109863281	275.8599853515625	1326800	SAP	0.025373220375105386	4.011599162180551	1.3541965940827791	0.9575847387770141	1.1325264182187549	-3.7202253336722326	-3.744648416152435	4.011599162180551	14.59664881672137	44.916228614449025	0.5663873371813111	-0.5089521893590109	1.075339526540322	4.935139594553873	-1.234892039742206	279.70802959897486	254.3129710724118	0.44170119533893304	0.3991	0.28067400164763967	0.7032655935405817	0.31620180115334773
2025-10-13 00:00:00+00:00	269.82000732421875	269.8399963378906	265.6600036621094	267.3900146484375	783223	SAP	0.7004918004336799	1.573436956320209	1.3547886592063787	0.953233755299684	0.7236488942411545	1.6156398767160174	0.9087821319641226	1.573436956320209	-40.96902321374736	49.9325558681805	0.481404642171924	-0.31088082305282394	0.792285465224748	4.890486591985293	2.784654789019392	278.7064770272199	257.0545245596942	0.589576518961542	0.0	0.0	0.0	0.0
