timestamp	open	high	low	close	volume	quoteVolume	symbol	gap_apertura_pct	volatilidad_diaria	vol_5d	vol_10d	vol_rel_5d	return_pct	close_open_pct	range_pct	volume_change_pct	rsi_14	macd	macd_signal	macd_diff	atr_14	momentum_12	bb_upper	bb_lower	bb_pctb	vader	finbert	sentiment_ratio	sentiment_combined	download_date	added_date	target_category	target	target_num
2025-07-15 16:00:00	1.3234e-05	1.409e-05	1.3234e-05	1.3952e-05	3450055052737.0	47124352.17290444	SHIBUSDT	0.0	6.468188000604503	0.0	0.0	0.0	0.0	5.425419374338816	6.468188000604503	0.0	0.0	0.0	0.0	0.0	0.0	0.0	0.0	0.0	0.0	0.0	0.0	0.0	0.0	0	0	High	2.9959862385321103	3
2025-07-16 16:00:00	1.3952e-05	1.4861e-05	1.3926e-05	1.437e-05	3561619937665.0	51314700.7472502	SHIBUSDT	0.0	6.714060031595579	0.0	0.0	0.0	2.9959862385321103	2.9959862385321103	6.714060031595579	3.2337131791416853	0.0	0.0	0.0	0.0	0.0	0.0	0.0	0.0	0.0	0.0	0.0	0.0	0.0	0	0	High	2.686151704940856	3
2025-07-17 16:00:00	1.437e-05	1.5855e-05	1.3883e-05	1.4756e-05	6759221707484.0	101774312.0819826	SHIBUSDT	0.0	14.204422675214284	0.0	0.0	0.0	2.686151704940856	2.686151704940856	14.204422675214284	89.77942132465009	0.0	0.0	0.0	0.0	0.0	0.0	0.0	0.0	0.0	0.0	0.0	0.0	0.0	0	0	Negative	-0.765790187042562	0
2025-07-18 16:00:00	1.4756e-05	1.5372e-05	1.423e-05	1.4643e-05	5114782619817.0	76047539.73949899	SHIBUSDT	0.0	8.025298664792706	0.0	0.0	0.0	-0.765790187042562	-0.765790187042562	8.025298664792706	-24.328823033667188	0.0	0.0	0.0	0.0	0.0	0.0	0.0	0.0	0.0	0.0	0.0	0.0	0.0	0	0	High	4.876049989756188	3
2025-07-19 16:00:00	1.4643e-05	1.5376e-05	1.4552e-05	1.5357e-05	3223144062152.0	48557512.02767871	SHIBUSDT	0.0	5.662451896646504	3.4543033046435	0.0	0.7289270909570085	4.876049989756188	4.876049989756188	5.662451896646504	-36.98375274710463	0.0	0.0	0.0	0.0	0.0	0.0	0.0	0.0	0.0	0.0	0.0	0.0	0.0	0	0	High	3.2037507325649632	3
2025-07-20 16:00:00	1.5357e-05	1.5998e-05	1.5091e-05	1.5849e-05	5824743622284.0	90777172.94885696	SHIBUSDT	0.0	6.010204757802675	3.517689562442355	0.0	1.1895237158626393	3.2037507325649632	3.2037507325649632	6.010204757802675	80.71620473566382	0.0	0.0	0.0	0.0	0.0	0.0	0.0	0.0	0.0	0.0	0.0	0.0	0.0	0	0	Negative	-3.981323742822888	0
2025-07-21 16:00:00	1.5849e-05	1.5876e-05	1.4735e-05	1.5218e-05	5086961480000.0	77608155.10056	SHIBUSDT	0.0	7.743467933491672	3.4439426510162248	0.0	0.9779288198182448	-3.981323742822888	-3.981323742822888	7.743467933491672	-12.666345338555873	0.0	0.0	0.0	0.0	0.0	0.0	0.0	0.0	0.0	0.0	0.0	0.0	0.0	0	0	Negative	-6.098041792614011	0
2025-07-22 16:00:00	1.5218e-05	1.5539e-05	1.3904e-05	1.429e-05	4185431640000.0	61662870.37222	SHIBUSDT	0.0	11.759205983889544	2.423514796261443	0.0	0.8929849184168386	-6.098041792614011	-6.098041792614011	11.759205983889544	-17.72236419608194	0.0	0.0	0.0	0.0	0.0	0.0	0.0	0.0	0.0	0.0	0.0	0.0	0.0	0	0	Negative	-2.862141357592727	0
2025-07-23 16:00:00	1.429e-05	1.429e-05	1.2967e-05	1.3881e-05	5161383640000.0	70491849.14972	SHIBUSDT	0.0	10.20282254954886	2.6501613418539303	0.0	1.0990242306317843	-2.862141357592727	-2.862141357592727	10.20282254954886	23.3178339522468	0.0	0.0	0.0	0.0	0.0	0.0	0.0	0.0	0.0	0.0	0.0	0.0	0.0	0	0	Negative	-3.3138822851379515	0
2025-07-24 16:00:00	1.3881e-05	1.3976e-05	1.3112e-05	1.3421e-05	3176518940000.0	42949092.91302	SHIBUSDT	0.0	6.589383770591815	2.4462371819115227	2.824822590364745	0.6777285278500684	-3.3138822851379515	-3.3138822851379515	6.589383770591815	-38.45605826735251	0.0	0.0	0.0	0.0	0.0	0.0	0.0	0.0	0.0	0.0	0.0	0.0	0.0	0	0	High	4.917666343789574	3
2025-07-25 16:00:00	1.3421e-05	1.4214e-05	1.3366e-05	1.4081e-05	1364926400000.0	19047274.3721	SHIBUSDT	0.0	6.344456082597631	2.365761509653724	2.8341779381117447	0.3596601907494932	4.917666343789574	4.917666343789574	6.344456082597631	-57.030748886389446	0.0	0.0	0.0	0.0	0.0	0.0	0.0	0.0	0.0	0.0	0.0	0.0	0.0	0	0	Negative	-0.4758184788012182	0
2025-07-26 16:00:00	1.4081e-05	1.4196e-05	1.3897e-05	1.4014e-05	1434200460000.0	20139025.38424	SHIBUSDT	0.0	2.15154349859682	3.747519471494854	3.4275539100293027	0.468005907312117	-0.4758184788012182	-0.4758184788012182	2.15154349859682	5.0752963676283205	0.0	0.0	0.0	0.0	0.0	0.0	0.0	0.0	0.0	0.0	0.0	0.0	0.0	0	0	Negative	-2.661624090195516	0
2025-07-27 16:00:00	1.4014e-05	1.4384e-05	1.3554e-05	1.3641e-05	2741398100000.0	38484966.1097	SHIBUSDT	0.0	6.123653534012104	2.852936155590509	2.6271481835299304	0.9876472288012536	-2.661624090195516	-2.661624090195516	6.123653534012104	91.14469535172232	0.0	0.0	0.0	0.0	0.0	-2.2290711009174258	0.0	0.0	0.0	0.0	0.0	0.0	0.0	0	0	Negative	-4.068616670332092	0
2025-07-28 16:00:00	1.3641e-05	1.3737e-05	1.3012e-05	1.3086e-05	2239951480000.0	29994621.18346	SHIBUSDT	0.0	5.571779895481099	1.8304832149133088	2.641639191746614	1.022155893251823	-4.068616670332092	-4.068616670332092	5.571779895481099	-18.291638124357057	36.6612829708581	0.0	0.0	0.0	1.0215e-06	-8.935281837160751	0.0	0.0	0.0	0.0	0.0	0.0	0.0	0	0	Negative	-1.2838147638697774	0
2025-07-29 16:00:00	1.3086e-05	1.3194e-05	1.2615e-05	1.2918e-05	1542039100000.0	19966853.78046	SHIBUSDT	0.0	4.589774078477995	1.7080330318026942	2.714456001128825	0.8270509678335167	-1.2838147638697774	-1.2838147638697774	4.589774078477995	-31.157477571790977	35.11811375556229	0.0	0.0	0.0	9.89892857142857e-07	-12.455950121984277	0.0	0.0	0.0	0.0	0.0	0.0	0.0	0	0	Negative	-0.665737730298812	0
2025-07-30 16:00:00	1.2918e-05	1.3172e-05	1.2234e-05	1.2832e-05	1642999680000.0	20923821.42732	SHIBUSDT	0.0	7.667157103155143	2.0458203519870297	2.7176556960972977	0.8556765167243149	-0.665737730298812	-0.665737730298812	7.667157103155143	6.547212713348189	34.32168246626948	0.0	0.0	0.0	9.861862244897955e-07	-12.36768421771495	0.0	0.0	0.0	0.0	0.0	0.0	0.0	0	0	Negative	-3.802992518703237	0
2025-07-31 16:00:00	1.2832e-05	1.3015e-05	1.1911e-05	1.2344e-05	3077916460000.0	37868818.34608	SHIBUSDT	0.0	9.268743178574429	1.842307486524968	2.812986877555567	1.368655736958223	-3.802992518703237	-3.802992518703237	9.268743178574429	87.33518316936009	30.144095972214544	0.0	0.0	0.0	9.94601494169096e-07	-19.61971739271992	0.0	0.0	0.0	0.0	0.0	0.0	0.0	0	0	Negative	-3.8318211276733662	0
2025-08-01 16:00:00	1.2344e-05	1.2423e-05	1.1724e-05	1.1871e-05	1570481020000.0	18976430.72768	SHIBUSDT	0.0	5.962128966223128	1.855089532782905	2.2753243211498955	0.7795197904295105	-3.8318211276733662	-3.8318211276733662	5.962128966223128	-48.97583997455214	26.745957767157837	0.0	0.0	0.0	9.734871017284462e-07	-25.099375354911977	0.0	0.0	0.0	0.0	0.0	0.0	0.0	0	0	High	2.864122651840621	3
2025-08-02 16:00:00	1.1871e-05	1.2219e-05	1.1597e-05	1.2211e-05	1019523340000.0	12156612.86546	SHIBUSDT	0.0	5.363456066224026	1.8863667653584808	1.865512168098544	0.5758093259569376	2.864122651840621	2.864122651840621	5.363456066224026	-35.082097330918394	32.62541626174986	0.0	0.0	0.0	9.483808801764144e-07	-19.759495334472334	0.0	0.0	0.0	0.0	0.0	0.0	0.0	0	0	Medium	0.8598804356727527	2
2025-08-03 16:00:00	1.2211e-05	1.2447e-05	1.2145e-05	1.2316e-05	1339922020000.0	16472016.04594	SHIBUSDT	0.0	2.48662000823384	2.5545363483792327	2.1430123819901894	0.7744459669114402	0.8598804356727527	0.8598804356727527	2.48662000823384	31.426321245377277	34.377102044046154	0.0	0.0	0.0	9.022108173066704e-07	-13.813855843247024	1.5938604480107942e-05	1.156649551989206e-05	0.1714285913109841	0.0	0.0	0.0	0.0	0	0	Negative	-3.21532965248458	0
2025-08-04 16:00:00	1.2316e-05	1.2576e-05	1.187e-05	1.192e-05	1706363840000.0	20910112.47138	SHIBUSDT	0.0	5.947767481044648	2.4108708450844936	2.130366857330776	0.9790700993564224	-3.21532965248458	-3.21532965248458	5.947767481044648	27.34799596770564	31.093706700909763	0.0	0.0	0.0	8.881957589276225e-07	-14.127224263381605	1.597500589218504e-05	1.1326894107814962e-05	0.1276014690910487	0.0	0.0	0.0	0.0	0	0	High	3.691275167785242	3
2025-08-05 16:00:00	1.192e-05	1.2371e-05	1.1848e-05	1.236e-05	1046316340000.0	12618976.79822	SHIBUSDT	0.0	4.414247130317352	1.4560098238494033	1.8330564768451925	0.7828654362677309	3.691275167785242	3.691275167785242	4.414247130317352	-38.68152175564152	38.16107931774615	0.0	0.0	0.0	8.621103475756494e-07	-7.905521198122349	1.5914924273490833e-05	1.1185975726509169e-05	0.2482632792103806	0.0	0.0	0.0	0.0	0	0	High	2.0954692556634336	3
2025-08-06 16:00:00	1.236e-05	1.271e-05	1.2261e-05	1.2619e-05	1230927340000.0	15352404.25744	SHIBUSDT	0.0	3.6620177799526976	1.37172389367945	1.938023592694087	0.970295663056178	2.0954692556634336	2.0954692556634336	3.6620177799526976	17.6438991672442	41.93624478737332	0.0	0.0	0.0	8.326024656059602e-07	-10.382785313543064	1.577338981026186e-05	1.111381018973814e-05	0.3230312459158455	0.0	0.0	0.0	0.0	0	0	Medium	1.8305729455582849	2
2025-08-07 16:00:00	1.2619e-05	1.3166e-05	1.2365e-05	1.285e-05	2166383700000.0	27776845.44638	SHIBUSDT	0.0	6.477961989486465	1.637366960535095	1.9631204523622403	1.446200797380665	1.8305729455582849	1.8305729455582849	6.477961989486465	75.99606651031084	45.15234137378528	0.0	0.0	0.0	8.30345146634106e-07	-8.305979734551158	1.5629588853157504e-05	1.1078311146842496e-05	0.3892728520387238	0.0	0.0	0.0	0.0	0	0	Very High	7.571984435797657	4
2025-08-08 16:00:00	1.285e-05	1.4057e-05	1.2847e-05	1.3823e-05	1997060100000.0	26877366.07384	SHIBUSDT	0.0	9.41854129368723	2.2303088679168037	2.262452493257222	1.2256336811684647	7.571984435797657	7.571984435797657	9.41854129368723	-7.815956148488377	56.16577703886708	0.0	0.0	0.0	8.574633504459554e-07	1.3342130342350216	1.5374047641643084e-05	1.1180452358356915e-05	0.6301389292798757	0.0	0.0	0.0	0.0	0	0	Negative	-2.199233162121096	0
2025-08-09 16:00:00	1.3823e-05	1.4001e-05	1.3261e-05	1.3519e-05	1623695600000.0	22184478.47112	SHIBUSDT	0.0	5.580272980921497	2.237848386128106	2.1936409673866604	1.0067078807471532	-2.199233162121096	-2.199233162121096	5.580272980921497	-18.695706754143256	52.61119670685264	-2.72549072665549e-07	0.0	0.0	8.490731111283871e-07	3.3088797187834382	1.4901778532218816e-05	1.1419721467781186e-05	0.6028845861427199	0.0	0.0	0.0	0.0	0	0	Negative	-2.0933500998594607	0
2025-08-10 16:00:00	1.3519e-05	1.392e-05	1.2978e-05	1.3236e-05	2629437740000.0	35312055.42234	SHIBUSDT	0.0	7.258437355524738	2.120820877219549	1.921607412257484	1.3627553868728548	-2.0933500998594607	-2.0933500998594607	7.258437355524738	61.94154495460849	49.47230561181676	-2.332364732256642e-07	0.0	0.0	8.55710746047788e-07	2.461681374825819	1.4526769145325734e-05	1.159653085467427e-05	0.559500280423008	0.0	0.0	0.0	0.0	0	0	Medium	1.4052583862193984	2
2025-08-11 16:00:00	1.3236e-05	1.3438e-05	1.2701e-05	1.3422e-05	1805324860000.0	23549014.30456	SHIBUSDT	0.0	5.80269270136211	1.5487994546468324	1.9194560102216056	0.8830669967291801	1.4052583862193984	1.4052583862193984	5.80269270136211	-31.34179096402564	51.51957809936118	-1.849404312345785e-07	0.0	0.0	8.472314070443747e-07	4.597880299251866	1.43832560622576e-05	1.1653243937742397e-05	0.6478931160687423	0.0	0.0	0.0	0.0	0	0	High	2.548055431381323	3
2025-08-12 16:00:00	1.3422e-05	1.404e-05	1.3332e-05	1.3764e-05	3496224700000.0	47906588.96318	SHIBUSDT	0.0	5.310531053105303	1.7094250978148464	1.92037966984223	1.5132888171075136	2.548055431381323	2.548055431381323	5.310531053105303	93.66180444665233	55.12033360829794	-1.1771201735284898e-07	0.0	0.0	8.372863065412049e-07	11.503564484769928	1.4363497983123358e-05	1.1661302016876644e-05	0.7781441499388936	0.0	0.0	0.0	0.0	0	0	Negative	-5.60156931124673	0
2025-08-13 16:00:00	1.3764e-05	1.4208e-05	1.2744e-05	1.2993e-05	3798781085000.0	51408519.059085	SHIBUSDT	0.0	11.487758945386064	2.572526925222736	2.343188698894941	1.4223953759366057	-5.60156931124673	-5.60156931124673	11.487758945386064	8.653802628875654	46.69954364324114	-1.2520300912809964e-07	0.0	0.0	8.820515703596902e-07	9.45160475107405	1.4329027802401733e-05	1.1652972197598272e-05	0.5007473686258272	0.0	0.0	0.0	0.0	0	0	Negative	-3.055491418456103	0
2025-08-14 16:00:00	1.2993e-05	1.3146e-05	1.2505e-05	1.2596e-05	1571483133000.0	20205758.429904	SHIBUSDT	0.0	5.125949620151936	2.64606511283482	2.3802316231149465	0.5907275457776965	-3.055491418456103	-3.055491418456103	5.125949620151936	-58.63191118842796	43.05235116272243	-1.6131472052890146e-07	0.0	0.0	8.648336010482836e-07	3.152894930800089	1.416649043305e-05	1.166700956695e-05	0.3716733525148068	0.0	0.0	0.0	0.0	0	0	High	2.969196570339792	3
2025-08-15 16:00:00	1.2596e-05	1.304e-05	1.2495e-05	1.297e-05	963714274000.0	12380653.019628	SHIBUSDT	0.0	4.361744697879157	2.8811944574223216	2.385282917288418	0.4141257146616348	2.969196570339792	2.969196570339792	4.361744697879157	-38.67485728846191	47.23327241390464	-1.57934269683046e-07	0.0	0.0	8.419883438305492e-07	5.310165638194212	1.4009420031925022e-05	1.1719679968074977e-05	0.5460532624051193	0.0	0.0	0.0	0.0	0	0	High	2.8064764841942966	3
2025-08-16 16:00:00	1.297e-05	1.3337e-05	1.2901e-05	1.3334e-05	760985161000.0	9953077.964426	SHIBUSDT	0.0	3.379582978063707	3.1969878985851614	2.423313027344342	0.3592539078886496	2.8064764841942966	2.8064764841942966	3.379582978063707	-21.036226033941677	51.003565658731695	-1.2444891053392446e-07	0.0	0.0	8.129891764140813e-07	11.862416107382554	1.3959734393884314e-05	1.1738665606115683e-05	0.7182732937718013	0.0	0.0	0.0	0.0	0	0	Negative	-5.017249137543122	0
2025-08-17 16:00:00	1.3334e-05	1.3382e-05	1.2431e-05	1.2665e-05	1784344644000.0	22692621.524931	SHIBUSDT	0.0	7.6502292655458115	3.253804188603224	2.4545622658458166	1.0047768273812872	-5.017249137543122	-5.017249137543122	7.6502292655458115	134.47824418221475	44.68413769850367	-1.501632427044529e-07	-1.698546916390887e-07	1.969144893463585e-08	8.228470923845041e-07	2.4676375404530715	1.3935888827522086e-05	1.1720411172477916e-05	0.4263589954840923	0.0	0.0	0.0	0.0	0	0	Negative	-3.016186340307928	0
2025-08-18 16:00:00	1.2665e-05	1.2861e-05	1.2263e-05	1.2283e-05	1891252720000.0	23662347.36566	SHIBUSDT	0.0	4.876457636793607	1.585632427457199	2.275965404257456	1.3563628932973613	-3.016186340307928	-3.016186340307928	4.876457636793607	5.991447692545656	41.52066928401209	-1.9907147169612803e-07	-1.7569804765049658e-07	-2.3373424045631395e-08	8.067865857856109e-07	-2.662651557175686	1.3928157995332926e-05	1.1664642004667074e-05	0.2731847258348842	0.0	0.0	0.0	0.0	0	0	Medium	0.5536106814296183	2
2025-08-19 16:00:00	1.2283e-05	1.2461e-05	1.2008e-05	1.2351e-05	1382425000000.0	16878233.6777	SHIBUSDT	0.0	3.772485009993343	1.6878065553996109	2.3893379911118493	1.0190783589294607	0.5536106814296183	0.5536106814296183	3.772485009993343	-26.90426903920064	42.30371693319638	-2.296967625392216e-07	-1.864977906282416e-07	-4.3198971910980007e-08	7.81516115372353e-07	-3.883268482490271	1.392038541321686e-05	1.162431458678314e-05	0.3164908524819141	0.0	0.0	0.0	0.0	0	0	Negative	-0.2752813537365396	0
2025-08-20 16:00:00	1.2351e-05	1.2722e-05	1.2287e-05	1.2317e-05	1386379360000.0	17337302.18458	SHIBUSDT	0.0	3.540327175063075	1.7795949868635736	2.4435841330356576	0.9620436640856378	-0.2752813537365396	-0.2752813537365396	3.540327175063075	0.2860451742409172	42.00088689915297	-2.537855600654148e-07	-1.9995534451567625e-07	-5.383021554973856e-08	7.567649642743279e-07	-10.894885336034138	1.3921108690515816e-05	1.1620891309484183e-05	0.302627350030551	0.0	0.0	0.0	0.0	0	0	High	4.24616383859706	3
2025-08-21 16:00:00	1.2317e-05	1.2961e-05	1.2011e-05	1.284e-05	2174741100000.0	27312863.79014	SHIBUSDT	0.0	7.909416368329027	2.0993934868057007	2.557778853521801	1.261576205666551	4.24616383859706	4.24616383859706	7.909416368329027	56.86479204364381	48.14954626955702	-2.280456087247913e-07	-2.055733973574993e-07	-2.2472211367292033e-08	7.705674668261615e-07	-5.022560840298837	1.3892908238591518e-05	1.1745991761408482e-05	0.5095718674752381	0.6705	0.9999957084655762	1.491415685383879	0.9011469959259032	0	0	High	2.7180685358255414	3
2025-08-22 16:00:00	1.284e-05	1.351e-05	1.284e-05	1.3189e-05	2093483460000.0	27688574.58584	SHIBUSDT	0.0	5.218068535825535	1.7424760616279464	2.5596761023235857	1.172388789025701	2.7180685358255414	2.7180685358255414	5.218068535825535	-3.736428212075451	51.8201142276336	-1.7743971398527184e-07	-1.9994666068305385e-07	2.2506946697781977e-08	7.633840763385785e-07	-0.3550921728618897	1.3915259217649747e-05	1.1821440782350251e-05	0.6531412631554823	0.0	0.0	0.0	0.0	0	0	Negative	-2.3276973235271865	0
2025-08-23 16:00:00	1.3189e-05	1.3323e-05	1.2708e-05	1.2882e-05	1247473720000.0	16192312.7563	SHIBUSDT	0.0	4.839471199244571	1.743546008426168	1.5712003756716328	0.752895963830606	-2.3276973235271865	-2.3276973235271865	4.839471199244571	-40.41157984596639	48.5633453727888	-1.602591444430855e-07	-1.9200915743506013e-07	3.1750012991974684e-08	7.527852137429657e-07	-4.023245417970496	1.3912442552640552e-05	1.188085744735945e-05	0.4927888819612238	0.0	0.0	0.0	0.0	0	0	Negative	-4.316099984474456	0
2025-08-24 16:00:00	1.2882e-05	1.3524e-05	1.225e-05	1.2326e-05	3262881880000.0	41826541.52	SHIBUSDT	0.0	10.4	2.751661283868556	2.3062704794919133	1.6049655060505346	-4.316099984474456	-4.316099984474456	10.4	161.5591677554538	43.26058439676314	-1.8932554557734682e-07	-1.914724350635175e-07	2.146889486170674e-09	7.900148413327538e-07	-10.447544318512064	1.3868025911796744e-05	1.1965874088203258e-05	0.1893255350755358	0.0	0.0	0.0	0.0	0	0	Negative	-0.2758396884634108	0
2025-08-25 16:00:00	1.2326e-05	1.2417e-05	1.1818e-05	1.2292e-05	2198198020000.0	26625520.16138	SHIBUSDT	0.0	5.068539515992558	2.422354607751887	2.2749005165638896	1.0012947259903544	-0.2758396884634108	-0.2758396884634108	5.068539515992558	-32.630168640980656	42.95172354851008	-2.1265306161612962e-07	-1.9570856037403994e-07	-1.6944501242089706e-08	7.763709240947e-07	-5.395212806896025	1.3873014949854869e-05	1.1954085050145132e-05	0.176095515477653	0.0	0.0	0.0	0.0	0	0	High	2.4080702896192663	3
2025-08-26 16:00:00	1.2292e-05	1.2643e-05	1.2267e-05	1.2588e-05	1000800380000.0	12509755.66748	SHIBUSDT	0.0	3.065134099616868	2.7569169571229044	2.311880500997704	0.5104646405103201	2.4080702896192663	2.4080702896192663	3.065134099616868	-54.47178230103219	46.53080514651863	-2.0489367319504857e-07	-1.9754558293824165e-07	-7.348090256806919e-09	7.477730009450787e-07	-0.0635122261035162	1.3873461387680233e-05	1.1950538612319764e-05	0.331506494097632	0.0	0.0	0.0	0.0	0	0	Negative	-0.3892596123292081	0
2025-08-27 16:00:00	1.2588e-05	1.2723e-05	1.2361e-05	1.2539e-05	1443544900000.0	18108290.94918	SHIBUSDT	0.0	2.9285656500283084	3.036697361153881	2.336379643215744	0.788572514441299	-0.3892596123292081	-0.3892596123292081	2.9285656500283084	44.239043954000095	46.01613583803712	-2.0038824154667915e-07	-1.9811411465992918e-07	-2.274126886749969e-09	7.202177865918587e-07	-3.323053199691594	1.387138476192e-05	1.1921515238080005e-05	0.3166800415978331	0.0	0.0	0.0	0.0	0	0	Negative	-3.469176170348513	0
2025-08-28 16:00:00	1.2539e-05	1.2725e-05	1.2013e-05	1.2104e-05	1188710500000.0	14665892.44568	SHIBUSDT	0.0	5.926912511445927	3.0379599053084623	2.3457186093735443	0.6535588107697993	-3.469176170348513	-3.469176170348513	5.926912511445927	-17.65337538167327	41.615451898058765	-2.2927557297263817e-07	-2.04346406322471e-07	-2.4929166650167212e-08	7.196308018352973e-07	-9.224538773061347	1.3745831278211097e-05	1.18751687217889e-05	0.1223263262663248	0.0	0.0	0.0	0.0	0	0	High	2.5776602775941817	3
2025-08-29 16:00:00	1.2104e-05	1.2466e-05	1.1976e-05	1.2416e-05	788705860000.0	9648706.83282	SHIBUSDT	0.0	4.091516366065467	1.2895271284600118	2.325215394407841	0.5957029200386397	2.5776602775941817	2.5776602775941817	4.091516366065467	-33.65029921078345	45.631573176138765	-2.2440638166280427e-07	-2.0835840139053766e-07	-1.6047980272266584e-08	7.032286017042046e-07	-1.96604816423214	1.3646085712767827e-05	1.1864614287232176e-05	0.3095113987596143	0.0	0.0	0.0	0.0	0	0	Negative	-0.2496778350515481	0
2025-08-30 16:00:00	1.2416e-05	1.2502e-05	1.2282e-05	1.2385e-05	397108820000.0	4918827.81632	SHIBUSDT	0.0	1.7912392118547436	1.5537775370957432	2.5290412723694864	0.4120351680920678	-0.2496778350515481	-0.2496778350515481	1.7912392118547436	-49.65058076277004	45.29816115694305	-2.205070849766084e-07	-2.1078813810775177e-07	-9.718946868856593e-09	6.687122730110471e-07	0.8304160221444137	1.3588810867512503e-05	1.1836789132487498e-05	0.312901864487815	0.0	0.0	0.0	0.0	0	0	Negative	-2.018570851836894	0
2025-08-31 16:00:00	1.2385e-05	1.2607e-05	1.1906e-05	1.2135e-05	968424500000.0	11880825.73944	SHIBUSDT	0.0	5.887787670082316	1.8188818394732396	2.3565539172408707	1.0116218495749347	-2.018570851836894	-2.018570851836894	5.887787670082316	143.86879646742673	42.59520195840299	-2.348821991401081e-07	-2.1560695031422305e-07	-1.9275248825885068e-08	6.710185392245438e-07	-1.748846247267435	1.3495213833663206e-05	1.1801686166336792e-05	0.1968162906894889	0.0	0.0	0.0	0.0	0	0	Medium	0.8158220024721898	2
2025-09-01 16:00:00	1.2135e-05	1.2454e-05	1.18e-05	1.2234e-05	1330286020000.0	16162765.922	SHIBUSDT	0.0	5.5423728813559245	1.7637566271579617	2.363307128270141	1.4233029376198594	0.8158220024721898	0.8158220024721898	5.5423728813559245	37.3660022025465	44.0197388697424	-2.3557059685635494e-07	-2.1959967962264945e-07	-1.597091723370549e-08	6.698029292799334e-07	-0.6738653892993482	1.326409405292541e-05	1.1879805947074592e-05	0.2558672948415689	0.0	0.0	0.0	0.0	0	0	High	2.468530325322869	3
2025-09-02 16:00:00	1.2234e-05	1.2549e-05	1.2234e-05	1.2536e-05	904930620000.0	11224527.967	SHIBUSDT	0.0	2.5747915644923944	1.7929272872317576	2.481091178127412	1.03080046491959	2.468530325322869	2.468530325322869	2.5747915644923944	-31.97473277212971	48.23943298631109	-2.0933420649892575e-07	-2.1754658499790474e-07	8.212378498978972e-09	6.444598629027954e-07	-2.367601246105925	1.3213762891998652e-05	1.188443710800135e-05	0.4901453803441548	0.0	0.0	0.0	0.0	0	0	Negative	-3.701340140395655	0
2025-09-03 16:00:00	1.2536e-05	1.2572e-05	1.2037e-05	1.2072e-05	618860700000.0	7608888.71336	SHIBUSDT	0.0	4.4446290603971015	1.8054497920064048	1.481765129503528	0.7333149310036107	-3.701340140395655	-3.701340140395655	4.4446290603971015	-31.61235940938765	42.89010879024017	-2.234073000194708e-07	-2.18718728002218e-07	-4.688572017252876e-09	6.366413012668813e-07	-8.469178861172185	1.3218684420636173e-05	1.1827115579363827e-05	0.1759772232412651	0.0	0.0	0.0	0.0	0	0	Medium	1.7312789927103975	2
2025-09-04 16:00:00	1.2072e-05	1.2469e-05	1.1995e-05	1.2281e-05	1469573540000.0	17985135.93778	SHIBUSDT	0.0	3.951646519383084	1.3248329751525971	1.4449782664080646	1.388466182429926	1.7312789927103975	1.7312789927103975	3.951646519383084	137.4643502164542	45.805296716069705	-2.1521491118207021e-07	-2.1801796463818841e-07	2.803053456118198e-09	6.250240654621041e-07	-4.665424623505666	1.3160083970254643e-05	1.1816816029745358e-05	0.3455632016935143	0.0	0.0	0.0	0.0	0	0	Negative	-0.5862714762641505	0
2025-09-05 16:00:00	1.2281e-05	1.2466e-05	1.2192e-05	1.2209e-05	720935620000.0	8894119.50034	SHIBUSDT	0.0	2.2473753280839985	1.357823973616554	1.5259229527738876	0.7145636416384178	-0.5862714762641505	-0.5862714762641505	2.2473753280839985	-50.94252853790495	44.95397402794276	-2.120873710823156e-07	-2.1683184592701386e-07	4.7444748446982654e-09	5.999509179290968e-07	-0.949213045594684	1.298993061597873e-05	1.1874469384021272e-05	0.2999033999520353	0.0	0.0	0.0	0.0	0	0	Medium	1.8183307396183197	2
2025-09-06 16:00:00	1.2209e-05	1.2476e-05	1.2151e-05	1.2431e-05	673891760000.0	8306066.70176	SHIBUSDT	0.0	2.6746769813184192	0.9599652240027844	1.546569546971567	0.7678466702725859	1.8183307396183197	1.8183307396183197	2.6746769813184192	-6.525389881554195	48.15362124152668	-1.895106673451036e-07	-2.1136761021063185e-07	2.1856942865528266e-08	5.803115666484471e-07	1.1308167914090457	1.2967927620786544e-05	1.187307237921346e-05	0.509590308929711	0.0	0.0	0.0	0.0	0	0	High	4.126779824631968	3
2025-09-07 16:00:00	1.2431e-05	1.2973e-05	1.2337e-05	1.2944e-05	2759293279163.0	34664377.073562145	SHIBUSDT	0.0	5.155224122558147	1.214160356590252	1.4512476679888184	2.2100672911446604	4.126779824631968	4.126779824631968	5.155224122558147	309.45645027073783	54.70556349406834	-1.2873962404848066e-07	-1.9484201297820162e-07	6.610238892972096e-08	5.842893118878436e-07	2.828090244677468	1.3042054027174e-05	1.1865045972826002e-05	0.9166921357829488	0.0	0.0	0.0	0.0	0	0	Negative	-1.2592707045735472	0
2025-09-08 16:00:00	1.2944e-05	1.3204e-05	1.2666e-05	1.2781e-05	1529472173923.0	19737244.126227766	SHIBUSDT	0.0	4.247591978525176	1.186620917492293	1.455133526003752	1.0690875160388302	-1.2592707045735472	-1.2592707045735472	4.247591978525176	-44.57014825234714	52.43803394224428	-9.266271406909421e-08	-1.7440615319638017e-07	8.174343912728594e-08	5.809829324672832e-07	1.929978467182394	1.3078232716927476e-05	1.1871867283072524e-05	0.7536130358297264	0.0	0.0	0.0	0.0	0	0	High	2.0577419607229537	3
2025-09-09 16:00:00	1.2781e-05	1.3179e-05	1.2689e-05	1.3044e-05	1352846839945.0	17509038.8094051	SHIBUSDT	0.0	3.861612420206481	1.1816725088172697	1.264143910329269	0.9613148856588228	2.0577419607229537	2.0577419607229537	3.861612420206481	-11.548123397692626	55.6334673837176	-4.236128643203611e-08	-1.4799717984351134e-07	1.0563589341147525e-07	5.744841515767631e-07	7.766027759418384	1.3158152626589188e-05	1.1864647373410812e-05	0.9117493908055698	0.0	0.0	0.0	0.0	0	0	Negative	-0.4753143207605061	0
2025-09-10 16:00:00	1.3044e-05	1.3205e-05	1.285e-05	1.2982e-05	2118163903998.0	27635376.08135987	SHIBUSDT	0.0	2.7626459143968805	1.0446808177342688	1.142148300934162	1.2557785739196825	-0.4753143207605061	-0.4753143207605061	2.7626459143968805	56.57085794605648	54.70046739412059	-7.414455247080939e-09	-1.198806349242253e-07	1.1246617967714433e-07	5.588067121784229e-07	4.558634020618565	1.3182416109158393e-05	1.1854583890841612e-05	0.8490651858015258	0.0	0.0	0.0	0.0	0	0	High	2.364812817747642	3
2025-09-11 16:00:00	1.2982e-05	1.3437e-05	1.2968e-05	1.3289e-05	1639883594721.0	21768698.89377677	SHIBUSDT	0.0	3.616594694632943	0.8757348495715367	0.952216205601622	0.8723100787968473	2.364812817747642	2.364812817747642	3.616594694632943	-22.579948056628368	58.41900169423831	4.4540064402066874e-08	-8.699649505896686e-08	1.3153655946103374e-07	5.523919470228212e-07	7.29915220024223	1.3208704057197572e-05	1.1838295942802429e-05	1.0585927228239358	0.0	0.0	0.0	0.0	0	0	Very High	8.480698321920395	4
2025-09-12 16:00:00	1.3289e-05	1.4856e-05	1.3275e-05	1.4416e-05	5456083047699.0	77698365.08865754	SHIBUSDT	0.0	11.909604519774003	3.74610910743679	2.7549922636134294	2.2552415154988665	8.480698321920395	8.480698321920395	11.909604519774003	232.71160619344235	68.60686275258143	1.7464072721092057e-07	-3.466905060498937e-08	2.093097778159099e-07	6.258639508069054e-07	18.79686856201072	1.3666304985449375e-05	1.1534095014550623e-05	1.351604684708711	0.0	0.0	0.0	0.0	0	0	Negative	-5.618756936736964	0
2025-09-13 16:00:00	1.4416e-05	1.4504e-05	1.3544e-05	1.3606e-05	4612106018164.0	64479618.6639476	SHIBUSDT	0.0	7.088009450679275	3.76579962987367	2.874672996569493	1.5192307385268364	-5.618756936736964	-5.618756936736964	7.088009450679275	-15.468551745944032	57.67018888701539	2.099658536029183e-07	1.4257930236592161e-08	1.957079233663261e-07	6.49730811463555e-07	11.214647703122443	1.3807653295941733e-05	1.1520746704058269e-05	0.9118226793094972	0.0	0.0	0.0	0.0	0	0	Negative	-4.049683962957521	0
2025-09-14 16:00:00	1.3606e-05	1.3831e-05	1.2936e-05	1.3055e-05	4776121183903.0	63973908.78675196	SHIBUSDT	0.0	6.91867656153371	3.607573507600353	2.935421154513053	1.2837408162123891	-4.049683962957521	-4.049683962957521	6.91867656153371	3.5561881078417104	51.63969809062352	1.912950454644213e-07	4.9665353282157996e-08	1.416296921822633e-07	6.672500392161583e-07	4.140076579451177	1.384449802455724e-05	1.1560201975442757e-05	0.6543801645748618	0.0	0.0	0.0	0.0	0	0	Low	0.4672539256989653	1
2025-09-15 16:00:00	1.3055e-05	1.3175e-05	1.2867e-05	1.3116e-05	2309441736435.9727	30072001.993592866	SHIBUSDT	0.0	2.393720369938598	3.7045468199403855	2.92023167679352	0.6144212295944055	0.4672539256989653	0.4672539256989653	2.393720369938598	-51.64608167356592	52.23518511627616	1.793530157779708e-07	7.560288578132055e-08	1.0375012999665027e-07	6.415893221292899e-07	8.648111332007941	1.3883444916417324e-05	1.1574055083582675e-05	0.6676849852260207	-0.8442	0.9999925494194032	1.184543194593945	0.4467347845935821	0	0	Negative	-1.0140286672766108	0
2025-09-16 16:00:00	1.3116e-05	1.326e-05	1.2928e-05	1.2983e-05	1942926245183.0	25390585.73616064	SHIBUSDT	0.0	2.568069306930689	3.9236575045231135	2.9300966648137363	0.5087079076375292	-1.0140286672766108	-1.0140286672766108	2.568069306930689	-15.87030690016864	50.767359820709245	1.5734312909168565e-07	9.195093444339357e-08	6.539219464829208e-08	6.194757991200549e-07	5.716146893575437	1.390727028002626e-05	1.159462971997374e-05	0.6003398470165763	0.0	0.0	0.0	0.0	0	0	High	4.182392359239016	3
2025-09-17 16:00:00	1.2983e-05	1.3615e-05	1.2841e-05	1.3526e-05	3884253840140.0	51324708.35297297	SHIBUSDT	0.0	6.027567946421616	2.334736407703211	2.9464455461007426	1.1082132105272773	4.182392359239016	4.182392359239016	6.027567946421616	99.91771945898805	56.18119057734133	1.8162207109996114e-07	1.0988516177470709e-07	7.173690932525405e-08	6.305132420400509e-07	10.787124252600549	1.3985358811107354e-05	1.1658741188892646e-05	0.8025636844140767	0.0	0.0	0.0	0.0	0	0	Negative	-4.495046576962886	0
2025-09-18 16:00:00	1.3526e-05	1.3597e-05	1.282e-05	1.2918e-05	2725444662342.0	36034227.38513296	SHIBUSDT	0.0	6.060842433697357	2.1422499633460386	2.941254179007854	0.8714068152278002	-4.495046576962886	-4.495046576962886	6.060842433697357	-29.833507939744564	49.60378264433439	1.500728425184113e-07	1.1792269792344793e-07	3.215014459496335e-08	6.40976581894333e-07	3.9176252916096894	1.399590293688417e-05	1.169839706311583e-05	0.5308377884073889	0.0	0.0	0.0	0.0	0	0	Medium	0.7895959126799816	2
2025-09-19 16:00:00	1.2918e-05	1.3053e-05	1.2772e-05	1.302e-05	1063762751688.0	13710682.006095037	SHIBUSDT	0.0	2.200125274036952	2.00722505470166	3.076648529999844	0.4459911049605202	0.7895959126799816	0.7895959126799816	2.200125274036952	-60.969203800531446	50.64766797405459	1.317813062506056e-07	1.2069441958887948e-07	1.1086886661726129e-08	6.152639689018806e-07	0.5871446229913522	1.400976690640411e-05	1.1748033093595887e-05	0.5623857675916372	0.0	0.0	0.0	0.0	0	0	Negative	-1.1597542242703591	0
2025-09-20 16:00:00	1.302e-05	1.3041e-05	1.2802e-05	1.2869e-05	1095666768404.0	14169438.645187404	SHIBUSDT	0.0	1.866895797531627	2.1137834165742486	3.165775096058593	0.5114176706992272	-1.1597542242703591	-1.1597542242703591	1.866895797531627	2.99916655902588	49.02859739172526	1.039029652288137e-07	1.1733612871686632e-07	-1.3433163488052625e-08	5.883879711231747e-07	0.6885220248806809	1.3993938796482814e-05	1.1837261203517188e-05	0.4783926906126375	0.0	0.0	0.0	0.0	0	0	Negative	-6.387442691739839	0
2025-09-21 16:00:00	1.2869e-05	1.2895e-05	1.171e-05	1.2047e-05	8009533088997.0	98329882.10084836	SHIBUSDT	0.0	10.119555935098203	3.380889579073993	3.4868141553832066	2.386821283217115	-6.387442691739839	-6.387442691739839	10.119555935098203	631.0190762346534	41.290472501238725	1.5304231206285008e-08	9.692974921475009e-08	-8.162551800846508e-08	6.31003116042948e-07	-7.643360932229383	1.4010986326007252e-05	1.1801513673992748e-05	0.1111062975970431	0.0	0.0	0.0	0.0	0	0	Medium	1.220220801859388	2
2025-09-22 16:00:00	1.2047e-05	1.2274e-05	1.1886e-05	1.2194e-05	2418967825770.0	29242710.82835493	SHIBUSDT	0.0	3.264344607100794	3.448202809405227	2.780581382503524	0.7898219074553141	1.220220801859388	1.220220801859388	3.264344607100794	-69.79889091046982	43.0223648213298	-4.2558642813719065e-08	6.903207080905626e-08	-1.1159071362277532e-07	6.13645750611309e-07	-6.069942997997226	1.402639039235335e-05	1.1751909607646649e-05	0.1943698075296607	0.0	0.0	0.0	0.0	0	0	Low	0.4674430047564345	1
2025-09-23 16:00:00	1.2194e-05	1.2368e-05	1.1895e-05	1.2251e-05	6343533828562.0	77240676.56959131	SHIBUSDT	0.0	3.976460697772176	3.367970691445231	2.67448365248744	1.6753943964120224	0.4674430047564345	0.4674430047564345	3.976460697772176	162.24134777579118	43.715697695332885	-8.286079604518855e-08	3.865349743820729e-08	-1.2151429348339584e-07	6.035996255676442e-07	-7.810971480171565	1.4012054918297864e-05	1.1784145081702134e-05	0.2095483895395089	0.0	0.0	0.0	0.0	0	0	Negative	-2.897722634886955	0
2025-09-24 16:00:00	1.2251e-05	1.2303e-05	1.1617e-05	1.1896e-05	3552393385688.0	42399838.40005636	SHIBUSDT	0.0	5.905139020401134	3.197737409687217	2.5922487759931343	0.8292198056778244	-2.897722634886955	-2.897722634886955	5.905139020401134	-43.99977233993433	40.4170202916091	-1.4181136286705044e-07	2.560525377155743e-09	-1.443718882442062e-07	6.094853665985267e-07	-17.48057713651499	1.4046793367633897e-05	1.1710906632366104e-05	0.0792390165324842	0.0	0.0	0.0	0.0	0	0	Negative	-1.5803631472763862	0
2025-09-25 16:00:00	1.1896e-05	1.1922e-05	1.1489e-05	1.1708e-05	2915972224936.0	34064151.7970954	SHIBUSDT	0.0	3.7688223518147854	2.818570855427308	2.5068054922809595	0.6273498262778459	-1.5803631472763862	-1.5803631472763862	3.7688223518147854	-17.915278282974928	38.749457346896776	-2.013787714839841e-07	-3.8227333995072236e-08	-1.6315143748891186e-07	5.968792689843463e-07	-13.949728061149488	1.409719046160086e-05	1.1610409538399137e-05	0.0392436907852808	0.0	0.0	0.0	0.0	0	0	Medium	1.0249402118209672	2
2025-09-26 16:00:00	1.1708e-05	1.1973e-05	1.1708e-05	1.1828e-05	1447454349379.0	17139690.44180976	SHIBUSDT	0.0	2.263409634437991	1.3327985604267307	2.5356028899139207	0.433932856929355	1.0249402118209672	1.0249402118209672	2.263409634437991	-50.36117501390917	40.438693014843146	-2.36180829272362e-07	-7.781803305053019e-08	-1.5836279622183176e-07	5.731736069140358e-07	-9.398697816928385	1.41340258659255e-05	1.15132741340745e-05	0.1200899200410764	0.0	0.0	0.0	0.0	0	0	Negative	-0.4903618532296113	0
2025-09-27 16:00:00	1.1828e-05	1.1871e-05	1.1578e-05	1.177e-05	967979805608.0	11348205.50823382	SHIBUSDT	0.0	2.530661599585424	1.4469220009443795	2.549563510467666	0.3178428447835457	-0.4903618532296113	-0.4903618532296113	2.530661599585424	-33.12536550646371	39.86639960001492	-2.653826599695545e-07	-1.1533095843433505e-07	-1.5005170153521945e-07	5.531612064201761e-07	-10.262275083867022	1.4151471182672666e-05	1.1378428817327337e-05	0.1412063470670787	0.0	0.0	0.0	0.0	0	0	Medium	0.9940526762956589	2
2025-09-28 16:00:00	1.177e-05	1.2025e-05	1.1713e-05	1.1887e-05	1889423069423.0	22467340.42986335	SHIBUSDT	0.0	2.6637069922308525	1.4998328807893149	2.499247789652768	0.8769070770905655	0.9940526762956589	0.9940526762956589	2.6637069922308525	95.19240571720712	41.66001972217675	-2.759039500033156e-07	-1.4744555674813114e-07	-1.284583932551845e-07	5.359354059615921e-07	-8.441808518832316	1.4158497666433014e-05	1.1282002333566987e-05	0.2103245778014931	0.0	0.0	0.0	0.0	0	0	Negative	-2.1283755363001524	0
2025-09-29 16:00:00	1.1887e-05	1.2045e-05	1.1534e-05	1.1634e-05	1411429897871.0	16682775.111829212	SHIBUSDT	0.0	4.430379746835449	0.9255655415962885	2.4337245069995435	0.8175321437289986	-2.1283755363001524	-2.1283755363001524	4.430379746835449	-25.29836643192737	38.95426970511633	-3.0118525757958564e-07	-1.7819349691442205e-07	-1.229917606651636e-07	5.341543055357642e-07	-13.98787520331214	1.4154309852581485e-05	1.1145190147418518e-05	0.1624428073575127	0.0	0.0	0.0	0.0	0	0	Very High	5.6300498538765655	4
2025-09-30 16:00:00	1.1634e-05	1.2355e-05	1.1558e-05	1.2289e-05	2247787663903.0	27080093.1742118	SHIBUSDT	0.0	6.8956566880083	1.951577148160544	2.445382684758384	1.411204517945035	5.6300498538765655	5.6300498538765655	6.8956566880083	59.25606133847396	48.31369435527273	-2.653095269617973e-07	-1.956167029238971e-07	-6.969282403790018e-08	5.529289979974952e-07	-4.869174794859887	1.4119376557020022e-05	1.1110823442979976e-05	0.3916090267849405	0.0	0.0	0.0	0.0	0	0	Medium	1.952966067214577	2
2025-10-01 16:00:00	1.2289e-05	1.2695e-05	1.2225e-05	1.2529e-05	3017410835185.0	37663452.70970825	SHIBUSDT	0.0	3.844580777096105	1.7686294783177705	1.4816830000631496	1.582442279190882	1.952966067214577	1.952966067214577	3.844580777096105	34.239140272958274	51.26227965119757	-2.150329912702319e-07	-1.994999605931641e-07	-1.5533030677067806e-08	5.470054981405312e-07	-3.77112135176652	1.404942006031298e-05	1.1104779939687022e-05	0.483665236487447	0.0	0.0	0.0	0.0	0	0	Medium	1.1333705802538083	2
2025-10-02 16:00:00	1.2529e-05	1.271e-05	1.2338e-05	1.2671e-05	3491155347142.0	43678904.86388054	SHIBUSDT	0.0	3.015075376884429	1.6737434915716782	1.4966020635544226	1.4477463151855934	1.1333705802538083	1.1333705802538083	3.015075376884429	15.70036490996939	52.97173950210575	-1.618643893321661e-07	-1.919728463409645e-07	3.0108457008798407e-08	5.345051054162075e-07	-1.538581086331498	1.3699283301178703e-05	1.1280416698821296e-05	0.57489044655189	0.0	0.0	0.0	0.0	0	0	Negative	-3.28308736484886	0
2025-10-03 16:00:00	1.2671e-05	1.2883e-05	1.2223e-05	1.2255e-05	4034654283262.0	50741043.58066031	SHIBUSDT	0.0	5.399656385502745	1.4960262843026733	1.5675628873473817	1.4204090436756946	-3.28308736484886	-3.28308736484886	5.399656385502745	15.567881749087162	47.69400919156234	-1.5154865403217525e-07	-1.8388800787920666e-07	3.2339353847031405e-08	5.43469026457907e-07	1.7265709305221248	1.352063949214258e-05	1.132396050785742e-05	0.4238395772906063	0.0	0.0	0.0	0.0	0	0	High	3.492452060383516	3
2025-10-04 16:00:00	1.2255e-05	1.2966e-05	1.2228e-05	1.2683e-05	3511794194695.0	44349476.03503701	SHIBUSDT	0.0	6.035328753680068	1.5884600883591031	1.5849263091853307	1.0770523143388877	3.492452060383516	3.492452060383516	6.035328753680068	-12.959229015881627	52.89412652016679	-1.075970249050342e-07	-1.6862981128437217e-07	6.103278637933794e-08	5.573640959966279e-07	4.010168935542069	1.3470703673845604e-05	1.1336696326154395e-05	0.6308805240535731	0.0	0.0	0.0	0.0	0	0	Medium	1.781912796656936	2
2025-10-05 16:00:00	1.2683e-05	1.2939e-05	1.2363e-05	1.2909e-05	2690548367468.0	33880637.53938959	SHIBUSDT	0.0	4.659063334142193	1.2026349253244242	1.5902038565457914	0.803361571960591	1.781912796656936	1.781912796656936	4.659063334142193	-23.38536319889114	55.414718642271175	-5.3907320889126994e-08	-1.456853132053231e-07	9.177799231619613e-08	5.586952319968687e-07	5.37099012325524	1.3436259253003354e-05	1.1350440746996644e-05	0.7472170989542183	0.0	0.0	0.0	0.0	0	0	Negative	-4.973274459679293	0
2025-10-06 16:00:00	1.2909e-05	1.3018e-05	1.2207e-05	1.2267e-05	4378783697757.0	55366335.68306391	SHIBUSDT	0.0	6.643729007946256	1.4032357241928368	1.608705278459488	1.2091454137463806	-4.973274459679293	-4.973274459679293	6.643729007946256	62.74688649725897	47.61957225107603	-6.244208474117524e-08	-1.2903666751249353e-07	6.65945827713183e-08	5.767170011399495e-07	3.1186953597848044	1.3365611798700864e-05	1.134948820129914e-05	0.4550870789287431	-0.4137	0.1932488679885864	0.4671220712267711	0.0111642075920104	0	0	Negative	-0.8478030488301894	0
2025-10-07 16:00:00	1.2267e-05	1.2379e-05	1.2032e-05	1.2163e-05	2297745973534.0	28027960.11336233	SHIBUSDT	0.0	2.883976063829789	1.4534403600282553	1.5610950878137135	0.679262828855676	-0.8478030488301894	-0.8478030488301894	2.883976063829789	-47.52547437520141	46.4789586989625	-7.67135711239343e-08	-1.1857204823478169e-07	4.1858477110847397e-08	5.603086439156675e-07	3.8862316364878704	1.314504347715624e-05	1.1433756522843758e-05	0.4261374606511968	0.0	0.0	0.0	0.0	0	0	Negative	-2.384280194031083	0
2025-10-08 16:00:00	1.2163e-05	1.2473e-05	1.1823e-05	1.1873e-05	2601141321736.0	31531110.666916296	SHIBUSDT	0.0	5.497758606106746	1.4587384064322373	1.4110540367298163	0.84016118993123	-2.384280194031083	-2.384280194031083	5.497758606106746	13.204042209042331	43.36012039933598	-1.1015460950217641e-07	-1.1688856048826066e-07	6.7339509860842225e-09	5.667151693502627e-07	0.3804531619885054	1.3059862410262556e-05	1.1414437589737443e-05	0.2786893722170862	0.0	0.0	0.0	0.0	0	0	Negative	-2.6446559420533906	0
2025-10-09 16:00:00	1.1873e-05	1.2141e-05	1.1405e-05	1.1559e-05	3074501000613.0	36466983.61038439	SHIBUSDT	0.0	6.453309951775532	1.5326919957040075	1.474945717885535	1.0219232049815694	-2.6446559420533906	-2.6446559420533906	6.453309951775532	18.198153053870985	40.21363222147013	-1.6014796310903684e-07	-1.255404410124159e-07	-3.460752209662097e-08	5.78806942968101e-07	-1.7926932880203923	1.295461702068964e-05	1.137358297931036e-05	0.1172757928272597	0.0	0.0	0.0	0.0	0	0	Negative	-10.61510511289904	0
2025-10-10 16:00:00	1.1559e-05	1.1662e-05	6.598e-06	1.0332e-05	15271139963929.0	145832800.446071	SHIBUSDT	0.0	76.75053046377688	31.957673968968333	22.74886715758358	2.7641761399549685	-10.61510511289904	-10.61510511289904	76.75053046377688	396.7030409449927	30.80616257175905	-2.953718388624552e-07	-1.5950672058242376e-07	-1.3586511828003146e-07	8.991778756132366e-07	-13.081517624295444	1.310143736602162e-05	1.0973062633978382e-05	-0.301198198008563	0.0	0.0	0.0	0.0	0	0	High	2.0421989934185074	3
2025-10-11 16:00:00	1.0332e-05	1.058e-05	9.563e-06	1.0543e-05	5293437405548.0	53156239.7728963	SHIBUSDT	0.0	10.634738052912272	31.599568720411725	22.575144895377967	0.9274377626666797	2.0421989934185074	2.0421989934185074	10.634738052912272	-65.3369858566466	33.67939385906331	-3.811185011893522e-07	-2.0382907670380945e-07	-1.772894244855428e-07	9.075937416408624e-07	-9.377686092487538	1.3209612499436414e-05	1.0714487500563588e-05	-0.0687290218490278	0.0	0.0	0.0	0.0	0	0	High	4.353599544721617	3
2025-10-12 16:00:00	1.0543e-05	1.1051e-05	1.049e-05	1.1002e-05	6096132553727.0	65451823.536501415	SHIBUSDT	0.0	5.347950428979983	31.274800969452603	22.474655072941463	0.9426129000937884	4.353599544721617	4.353599544721617	5.347950428979983	15.163967884794538	39.5590183838498	-4.0734031923818126e-07	-2.445313252106838e-07	-1.6280899402749738e-07	8.828370458093723e-07	-10.472780535438194	1.3212328845542608e-05	1.0592571154457391e-05	0.1562850056460775	0.0	0.0	0.0	0.0	0	0	Negative	-3.0721686966006256	0
2025-10-13 16:00:00	1.1002e-05	1.1288e-05	1.0184e-05	1.0664e-05	5512743163544.0	58766900.68967082	SHIBUSDT	0.0	10.840534171249018	30.70143979792834	22.334815408385243	0.7819947719349655	-3.0721686966006256	-3.0721686966006256	10.840534171249018	-9.569827838246932	36.96048966888885	-4.502053867210167e-07	-2.856661375127504e-07	-1.6453924920826628e-07	8.986343996801314e-07	-14.88546571953069	1.3227753394969748e-05	1.0418446605030251e-05	0.0874071126190655	0.0	0.0	0.0	0.0	0	0	Negative	-2.578769692423105	0
2025-10-14 16:00:00	1.0664e-05	1.0892e-05	1.0344e-05	1.0389e-05	2813642650635.0	29956391.48492976	SHIBUSDT	0.0	5.297757153905651	30.851760144138403	22.363678550691407	0.4020972006014034	-2.578769692423105	-2.578769692423105	5.297757153905651	-48.96111487214322	34.94900158469744	-5.005959052705785e-07	-3.2865209106431604e-07	-1.7194381420626248e-07	8.735890854172649e-07	-18.00962828506037	1.3284176487014603e-05	1.0211323512985395e-05	0.0578213433952976	0.0	0.0	0.0	0.0	0	0	Negative	-2.955048609105791	0
2025-10-15 16:00:00	1.0389e-05	1.0518e-05	1.0022e-05	1.0082e-05	2481055313282.0	25517279.368779656	SHIBUSDT	0.0	4.949111953701856	3.038791195725312	22.35112136154803	0.5588714858021074	-2.955048609105791	-2.955048609105791	4.949111953701856	-11.820525157234862	32.80275121456535	-5.588608881197165e-07	-3.746938504753962e-07	-1.8416703764432043e-07	8.466184364588888e-07	-17.731538147694824	1.3366095901357116e-05	9.966804098642886e-06	0.0338882061449191	0.0	0.0	0.0	0.0	0	0	Negative	-3.1442174171791195	0
2025-10-16 16:00:00	1.0082e-05	1.028e-05	9.241e-06	9.765e-06	4869497852336.0	47700437.31606109	SHIBUSDT	0.0	11.243371929444862	3.207562708459536	22.240719560440297	1.1182386106706246	-3.1442174171791195	-3.1442174171791195	11.243371929444862	96.26720235811712	30.70587561480542	-6.23429055444599e-07	-4.244408914692368e-07	-1.989881639753623e-07	8.603599767118253e-07	-23.007174958606004	1.34511875072419e-05	9.675412492758098e-06	0.0237269188175264	0.0	0.0	0.0	0.0	2025-10-22 17:57:42.928625+00:00	2025-10-22 17:57:42.932419+00:00	Medium	0.6041986687147868	2
2025-10-17 16:00:00	9.765e-06	9.979e-06	9.655e-06	9.824e-06	910731100000.0	8933444.76312	SHIBUSDT	0.0	3.3557742102537613	3.641627113100931	22.215028148939467	0.2745205009560769	0.6041986687147868	0.6041986687147868	3.3557742102537613	-81.29722760709089	31.58248701044552	-6.622054936000531e-07	-4.719938118954e-07	-1.902116817046531e-07	8.220485498038379e-07	-23.898055620110004	1.3496452658891616e-05	9.43554734110838e-06	0.095656664830508	0.0	0.0	0.0	0.0	2025-10-22 17:57:42.928625+00:00	2025-10-22 17:57:42.932419+00:00	High	2.809446254071666	3
2025-10-18 16:00:00	9.824e-06	1.0179e-05	9.755e-06	1.01e-05	783379600000.0	7795230.91419	SHIBUSDT	0.0	4.346488980010248	3.109906699848044	22.267121481628276	0.3303083787412222	2.809446254071666	2.809446254071666	4.346488980010248	-13.983435945033612	35.681580454794755	-6.630222984956359e-07	-5.101995092154472e-07	-1.528227892801887e-07	7.936165105321352e-07	-17.665280834759923	1.348106139276522e-05	9.272238607234782e-06	0.1966729023638126	0.0	0.0	0.0	0.0	2025-10-22 17:57:42.928625+00:00	2025-10-22 17:57:42.932419+00:00	Medium	0.6138613861386181	2
2025-10-19 16:00:00	1.01e-05	1.0329e-05	9.919e-06	1.0162e-05	836233530000.0	8507897.07671	SHIBUSDT	0.0	4.133481197701394	3.202719909931816	22.36544383070597	0.4231566711596734	0.6138613861386181	0.6138613861386181	4.133481197701394	6.746911714320873	36.60049201218276	-6.511605667358134e-07	-5.383917207195204e-07	-1.1276884601629298e-07	7.662153312084113e-07	-16.451533338814436	1.346839260337713e-05	9.13770739662287e-06	0.236519754836859	0.0	0.0	0.0	0.0	2025-10-22 17:57:42.928625+00:00	2025-10-22 17:57:42.932419+00:00	High	2.942334186183822	3
2025-10-20 16:00:00	1.0162e-05	1.055e-05	9.858e-06	1.0461e-05	1040678340000.0	10544531.71697	SHIBUSDT	0.0	7.01967944816394	3.230350770681082	3.0466296299109934	0.6164775913852844	2.942334186183822	2.942334186183822	7.01967944816394	24.44829137621401	40.97977859058362	-6.10594702060901e-07	-5.528323169877966e-07	-5.7762385073104375e-08	7.609142361220963e-07	-11.892529268087252	1.3357036424400054e-05	9.066263575599944e-06	0.3250548266124331	0.0	0.0	0.0	0.0	2025-10-22 17:57:42.928625+00:00	2025-10-22 17:57:42.932419+00:00	Negative	-4.951725456457325	0
2025-10-21 16:00:00	1.0461e-05	1.0534e-05	9.748e-06	9.943e-06	1355551020000.0	13594951.80574	SHIBUSDT	0.0	8.063192449733267	2.037611671946737	2.7756735867746274	1.3757543607503486	-4.951725456457325	-4.951725456457325	8.063192449733267	30.25648443879403	36.30150740766798	-6.131759225912587e-07	-5.649010381084891e-07	-4.827488448276958e-08	7.627060763990894e-07	-13.980448135651882	1.32061723348482e-05	8.958527665151802e-06	0.2317689946787765	0.0	0.0	0.0	0.0	2025-10-22 17:57:42.928625+00:00	2025-10-22 17:57:42.932419+00:00	Medium	1.216936538268139	2
2025-10-22 16:00:00	9.943e-06	1.01e-05	9.586e-06	1.0064e-05	826031710000.0	8167662.59406	SHIBUSDT	0.0	5.361986229918637	1.7095586514141503	2.77505240180802	0.8530082318123837	1.216936538268139	1.216936538268139	5.361986229918637	-39.06303061909097	38.07974113179719	-5.98558064914572e-07	-5.716324434697057e-07	-2.6925621444866244e-08	7.449413566562973e-07	-2.5938830816879577	1.298800157170864e-05	8.91599842829136e-06	0.2819255121559711	0.026386	0.0	26386000.0	0.013193	2025-10-23 19:17:46.427465+00:00	2025-10-23 19:17:46.431718+00:00	Low	0.1391096979332293	1
2025-10-23 16:00:00	1.0064e-05	1.0331e-05	9.989e-06	1.0078e-05	860410550000.0	8735984.28342	SHIBUSDT	0.0	3.4237661427570267	1.938177471686764	2.446174139676735	0.8745955896303469	0.1391096979332293	0.1391096979332293	3.4237661427570267	4.161927391383074	38.29438166805087	-5.791673437728423e-07	-5.731394235303331e-07	-6.027920242509219e-09	7.161598311808474e-07	-4.410509342691831	1.2820805811813586e-05	8.865494188186413e-06	0.3065512726154489	0.0579899999999999	0.0	57989999.99999999	0.0289949999999999	2025-10-24 23:31:48.564690+00:00	2025-10-24 23:31:48.569029+00:00	Medium	0.5060527882516374	2
2025-10-24 16:00:00	1.0078e-05	1.0248e-05	1.0034e-05	1.0129e-05	333051710000.0	3383628.01715	SHIBUSDT	0.0	2.1327486545744465	2.4545050922542844	2.6985357045143896	0.3771202191691661	0.5060527882516374	0.5060527882516374	2.1327486545744465	-61.29153576743103	39.12225588263605	-5.533066096159564e-07	-5.691728607474578e-07	1.5866251131501338e-08	6.802912718107869e-07	-7.93492092346846	1.2524009036913103e-05	8.906890963086893e-06	0.3378681624347286	0.013307	0.0	13307000.000000002	0.0066535	2025-10-25 23:30:42.133707+00:00	2025-10-25 23:30:42.137761+00:00	High	3.445552374370614	3
2025-10-25 16:00:00	1.0129e-05	1.0493e-05	1.0083e-05	1.0478e-05	685958710000.0	7025650.07199	SHIBUSDT	0.0	4.066250123971035	2.254418409440105	2.729300388389797	0.8445679451116974	3.445552374370614	3.445552374370614	4.066250123971035	105.96162379709746	44.59985773413761	-4.988994063920036e-07	-5.551181698763669e-07	5.621876348436327e-08	6.609847523957306e-07	-1.744186046511624	1.2097473197420088e-05	9.090326802579914e-06	0.4614584776454955	0.027271	0.0	27271000.0	0.0136355	2025-10-26 23:32:15.211614+00:00	2025-10-26 23:32:15.215531+00:00	Negative	-0.4199274670738683	0
2025-10-26 16:00:00	1.0478e-05	1.0689e-05	1.0331e-05	1.0434e-05	690425760000.0	7260218.29844	SHIBUSDT	0.0	3.465298615816481	1.1708442509526975	1.80316426289846	1.0165643031674596	-0.4199274670738683	-0.4199274670738683	3.465298615816481	0.6512126655553364	44.06158306788714	-4.540971884086553e-07	-5.349139735828247e-07	8.081678517416939e-08	6.393429843674641e-07	0.4331504475887998	1.1795460868342853e-05	9.209039131657153e-06	0.4736121920752732	0.048316	0.0	48315999.99999999	0.024158	2025-10-27 23:31:41.905808+00:00	2025-10-27 23:31:41.909482+00:00	Negative	-1.5909526547824395	0
2025-10-27 16:00:00	1.0434e-05	1.0614e-05	1.0121e-05	1.0268e-05	605313910000.0	6263173.38555	SHIBUSDT	0.0	4.871060171919773	1.004325434122742	1.7559330906877246	0.9532020244493834	-1.5909526547824395	-1.5909526547824395	4.871060171919773	-12.327444155617831	42.00199448610177	-4.270630040808626e-07	-5.133437796824322e-07	8.628077560156965e-08	6.288899140555024e-07	1.8448720491966009	1.1454324053984271e-05	9.360675946015728e-06	0.4333698917840805	0.0624029999999999	0.0	62402999.99999999	0.0312014999999999	2025-10-28 23:33:34.355575+00:00	2025-10-28 23:33:34.359512+00:00	Negative	-1.1297234125438278	0
2025-10-28 16:00:00	1.0268e-05	1.038e-05	9.951e-06	1.0152e-05	698543020000.0	7089052.1478	SHIBUSDT	0.0	4.311124510099492	1.0447901463971674	1.756733629858091	1.1591023416902182	-1.1297234125438278	-1.1297234125438278	4.311124510099492	15.401778888577002	40.574710499733456	-4.102691217262599e-07	-4.927288480911977e-07	8.245972636493788e-08	6.14612063051538e-07	3.9631336405529938	1.1127514631403753e-05	9.515385368596246e-06	0.3948905624944098	0.071558	0.0	71557999.99999999	0.035779	2025-10-29 23:33:53.398750+00:00	2025-10-29 23:33:53.402771+00:00	Negative	-5.141843971631217	0
2025-10-29 16:00:00	1.0152e-05	1.0438e-05	9.624e-06	9.63e-06	1697547680000.0	17046300.7756	SHIBUSDT	0.0	8.45802161263509	1.9792918938682005	2.103900958288802	1.9388184868879064	-5.141843971631217	-5.141843971631217	8.45802161263509	143.0126178914507	34.837682907298046	-4.340771156452882e-07	-4.809985016020159e-07	4.6921385956727626e-08	6.288540585478568e-07	-1.9747557003257348	1.0858911981271905e-05	9.591088018728098e-06	0.0306919433781858	0.0411	0.0	41099999.99999999	0.02055	2025-10-30 23:36:48.674370+00:00	2025-10-30 23:36:48.678475+00:00	High	3.759086188992741	3
2025-10-30 16:00:00	9.63e-06	1.0017e-05	9.357e-06	9.992e-06	966564250000.0	9397186.71359	SHIBUSDT	0.0	7.053542802180191	2.063099505728064	2.107327593198241	1.0374435066645342	3.759086188992741	3.759086188992741	7.053542802180191	-43.06114276566299	41.06145485928977	-4.189058616998503e-07	-4.685799736215828e-07	4.9674111921732496e-08	6.310787686515814e-07	-1.0693069306930658	1.0847731506180578e-05	9.56826849381942e-06	0.3311791760190185	0.045459	0.0	45459000.0	0.0227295	2025-10-31 23:31:08.499373+00:00	2025-10-31 23:31:08.503352+00:00	Medium	1.5112089671737297	2
2025-10-31 16:00:00	9.992e-06	1.0172e-05	9.819e-06	1.0143e-05	688524170000.0	6898132.37787	SHIBUSDT	0.0	3.595070781138607	2.0295741736721564	1.874991261469667	0.7393162252838162	1.5112089671737297	1.5112089671737297	3.595070781138607	-28.765814585010773	43.48619263899434	-3.902001116092659e-07	-4.529040012191194e-07	6.270388960985353e-08	6.112159994621828e-07	-0.1869710686872761	1.080933437052852e-05	9.56666562947148e-06	0.4637876140976054	0.010242	0.0	10242000.000000002	0.005121	2025-11-01 23:19:42.510876+00:00	2025-11-01 23:19:42.514576+00:00	Negative	-0.9464655427388222	0
2025-11-01 16:00:00	1.0143e-05	1.0254e-05	1.0016e-05	1.0047e-05	338157890000.0	3436209.57373	SHIBUSDT	0.0	2.376198083067093	2.519007233492629	1.9875929212743124	0.385203835145937	-0.9464655427388222	-0.9464655427388222	2.376198083067093	-50.88656219577593	42.294862965768864	-3.7092124630627897e-07	-4.365074502365513e-07	6.558620393027234e-08	5.845577137863125e-07	-3.957556638944649	1.0638640559702e-05	9.641859440298e-06	0.4064488700831773	0.036511	0.0	36511000.0	0.0182555	2025-11-02 23:19:59.754119+00:00	2025-11-02 23:19:59.758325+00:00	Negative	-8.121827411167516	0
2025-11-02 16:00:00	1.0047e-05	1.0184e-05	8.923e-06	9.231e-06	1761750200000.0	16746273.92124	SHIBUSDT	0.0	14.132018379468771	4.633893035552154	3.626691579326327	1.6155304190207764	-8.121827411167516	-8.121827411167516	14.132018379468771	420.9845022394716	33.81492599676737	-4.166837165525878e-07	-4.325427034997586e-07	1.5858986947170892e-08	6.32875019944433e-07	-7.160816654933113	1.0650272210097812e-05	9.486927789902189e-06	-0.2199931382824295	0.02871	0.0	28710000.0	0.014355	2025-11-03 23:20:53.975275+00:00	2025-11-03 23:20:53.979104+00:00	Negative	-1.7116238760697744	0
2025-11-03 16:00:00	9.231e-06	9.506e-06	8.854e-06	9.073e-06	1234803617479.0	11272290.581635622	SHIBUSDT	0.0	7.363903320533091	4.580614764273179	3.469531695334227	1.2373277345107414	-1.7116238760697744	-1.7116238760697744	7.363903320533091	-29.910402877831377	32.45793339991758	-4.603929600042231e-07	-4.381127548006515e-07	-2.2280205203571522e-08	6.34241089948402e-07	-9.84697933227346	1.070901288575052e-05	9.29658711424948e-06	-0.1583000811517808	0.060089	0.0	60088999.99999999	0.0300445	2025-11-04 23:21:25.159637+00:00	2025-11-04 23:21:25.163618+00:00	Medium	0.5180205003857755	2
2025-11-04 16:00:00	9.073e-06	9.143e-06	8.371e-06	9.12e-06	2203239225521.0	19339528.43039397	SHIBUSDT	0.0	9.222315135587152	4.69944139244749	3.537754894364184	1.76925081131333	0.5180205003857755	0.5180205003857755	9.222315135587152	78.42830992179775	33.31521060356644	-4.85642162594487e-07	-4.476186363594186e-07	-3.8023526235068376e-08	6.440810120949447e-07	-9.505854336177812	1.0757255194363653e-05	9.152144805636349e-06	-0.020026538898571	0.048568	0.0	48568000.00000001	0.024284	2025-11-05 23:21:32.240189+00:00	2025-11-05 23:21:32.244022+00:00	Negative	-2.55482456140352	0
2025-11-05 16:00:00	9.12e-06	9.227e-06	8.837e-06	8.887e-06	1128105500000.0	10178039.50977	SHIBUSDT	0.0	4.413262419373087	4.548347025125247	3.459693276577569	0.8461565779846737	-2.55482456140352	-2.55482456140352	4.413262419373087	-48.79786602686157	31.200954663187872	-5.184768123436205e-07	-4.617902715562592e-07	-5.66865407873614e-08	6.259323683738772e-07	-12.26182248988055	1.0836643096858251e-05	8.984956903141747e-06	-0.0529014600174443	0.054823	0.0	54823000.0	0.0274115	2025-11-06 23:21:16.475471+00:00	2025-11-06 23:21:16.479429+00:00	Very High	6.211319905479924	4
2025-11-06 16:00:00	8.887e-06	9.467e-06	8.773e-06	9.439e-06	1085967440000.0	9931804.51333	SHIBUSDT	0.0	7.910634902541876	3.5539442605692013	3.4262650186459225	0.7323894459989728	6.211319905479924	6.211319905479924	7.910634902541876	-3.7352942610420734	40.7881479236933	-4.942592095847494e-07	-4.682840591619572e-07	-2.5975150422792268e-08	6.307943420614573e-07	-9.916014506585222	1.0839556007364975e-05	8.943543992635025e-06	0.2613148036593763	0.0350409999999999	0.0	35040999.99999999	0.0175204999999999	2025-11-07 23:20:39.980736+00:00	2025-11-07 23:20:39.984874+00:00	High	3.241868842038353	3
2025-11-07 16:00:00	9.439e-06	1.0342e-05	9.416e-06	9.745e-06	1123901040000.0	11233279.04477	SHIBUSDT	0.0	9.834324553950731	2.110734849671825	3.4106385457656145	0.8293227934330941	3.241868842038353	3.241868842038353	9.834324553950731	3.4930697369711194	45.33572138596172	-4.452424642940698e-07	-4.636757401883797e-07	1.8433275894309888e-08	6.518804604856389e-07	-6.603411922560855	1.0818818645318747e-05	8.928781354681253e-06	0.4318531964220894	0.0	0.0	0.0	0.0	2025-11-09 23:20:01.239383+00:00	2025-11-09 23:20:01.243290+00:00	High	2.1344279117496017	3
2025-11-08 16:00:00	9.745e-06	1.008e-05	9.629e-06	9.953e-06	813499540000.0	8021479.73916	SHIBUSDT	0.0	4.683767784816695	2.531349946694581	3.492807179860216	0.6400757772830723	2.1344279117496017	2.1344279117496017	4.683767784816695	-27.61822339803156	48.24541017537135	-3.8517245058434605e-07	-4.47975082267573e-07	6.280263168322701e-08	6.375318561652362e-07	-3.067783404752641	1.0799974850193546e-05	8.926725149806456e-06	0.5478580084552919	0.039661	0.0	39661000.0	0.0198305	2025-11-09 23:20:01.239383+00:00	2025-11-09 23:20:01.243290+00:00	Medium	0.5224555410429069	2
2025-11-09 16:00:00	9.953e-06	1.0184e-05	9.862e-06	1.0005e-05	854227680000.0	8572518.15619	SHIBUSDT	0.0	3.265057797606973	2.742279659729534	3.6931206945854416	0.8532547647869992	0.5224555410429069	0.5224555410429069	3.265057797606973	5.0065350989626864	48.97661139898248	-3.295714717452812e-07	-4.2429436016311465e-07	9.47228884178335e-08	6.149938664391479e-07	-1.4479905437352292	1.0739306134888705e-05	8.941793865111299e-06	0.591487553528835	0.020386	0.0	20386000.0	0.010193	2025-11-10 23:22:12.703292+00:00	2025-11-10 23:22:12.707184+00:00	Negative	-2.138930534732633	0
2025-11-10 16:00:00	1.0005e-05	1.0264e-05	9.767e-06	9.791e-06	856091960000.0	8546511.32271	SHIBUSDT	0.0	5.088563530254945	2.65862977829752	3.583079424218822	0.90425480248099	-2.138930534732633	-2.138930534732633	5.088563530254945	0.218241581682298	46.09061581421532	-2.993248761107427e-07	-3.9930046335264027e-07	9.997558724189765e-08	6.06565733122066e-07	1.67185877466252	1.073068235989357e-05	8.935217640106427e-06	0.4766355754375546	-0.066311	0.0	-66310999.99999999	-0.0331555	2025-11-11 23:21:04.900468+00:00	2025-11-11 23:21:04.904430+00:00	Negative	-0.704728832601374	0
2025-11-11 16:00:00	9.791e-06	9.986e-06	9.586e-06	9.722e-06	698245580000.0	6826420.72593	SHIBUSDT	0.0	4.172751929897781	2.565976232635294	3.373945189461527	0.8033261329391962	-0.704728832601374	-0.704728832601374	4.172751929897781	-18.438016869122333	45.16646462422286	-2.777205647035019e-07	-3.749844836228126e-07	9.726391891931069e-08	5.918110378990613e-07	-2.7021617293835147	1.0708340285661468e-05	8.923359714338537e-06	0.447422396911331	0.056574	0.0	56574000.0	0.028287	2025-11-12 23:22:09.296491+00:00	2025-11-12 23:22:09.300461+00:00	Negative	-0.2982925324007325	0
2025-11-12 16:00:00	9.722e-06	9.868e-06	9.438e-06	9.693e-06	980971930000.0	9470800.34376	SHIBUSDT	0.0	4.556050010595458	0.690615243843787	2.322706728987397	1.1669799746620817	-0.2982925324007325	-0.2982925324007325	4.556050010595458	40.49096164704687	44.7602490212433	-2.599425934903809e-07	-3.519761055963263e-07	9.203351210594535e-08	5.802531066205569e-07	-4.436557231588278	1.0682224389908092e-05	8.910975610091907e-06	0.4415101925937522	0.04721	0.0	47210000.0	0.023605	2025-11-13 23:21:53.023812+00:00	2025-11-13 23:21:53.028440+00:00	Negative	-4.549675023212624	0
2025-11-13 16:00:00	9.693e-06	9.71e-06	8.911e-06	9.252e-06	1942160830000.0	17834467.43432	SHIBUSDT	0.0	8.966445965660423	2.2029507014233225	2.4737239658344947	1.8213342515698911	-4.549675023212624	-4.549675023212624	8.966445965660423	97.98332353913533	39.013979069270256	-2.7823116198733294e-07	-3.372271168745276e-07	5.8995954887194677e-08	5.958778847190886e-07	-7.912809793968348	1.065489142461151e-05	8.850608575388492e-06	0.2224659092582745	0.028824	0.0	28824000.000000004	0.014412	2025-11-14 23:20:46.892209+00:00	2025-11-14 23:20:46.895915+00:00	Negative	-1.686121919584953	0
2025-11-14 16:00:00	9.252e-06	9.334e-06	8.837e-06	9.096e-06	663411790000.0	6042413.13142	SHIBUSDT	0.0	5.624080570329302	1.916291929242481	2.2375036408620703	0.6452314781644798	-1.686121919584953	-1.686121919584953	5.624080570329302	-65.84156266811333	37.19491580715559	-3.018335314708445e-07	-3.30148399793791e-07	2.8314868322946558e-08	5.888151786677253e-07	-1.4624634384140347	1.0564460144128737e-05	8.802839855871263e-06	0.1664150589561613	0.046381	0.0	46381000.0	0.0231905	2025-11-15 23:20:45.683956+00:00	2025-11-15 23:20:45.688136+00:00	Negative	-2.6715039577836506	0
2025-11-15 16:00:00	9.096e-06	9.225e-06	8.843e-06	8.853e-06	785941730000.0	7115906.75634	SHIBUSDT	0.0	4.319800972520646	2.004574205823404	2.2443633797323077	0.774978594510024	-2.6715039577836506	-2.6715039577836506	4.319800972520646	18.46966572601913	34.496730052170165	-3.362703334140995e-07	-3.313727865178527e-07	-4.897546896246821e-09	5.740426659057449e-07	-2.424776810316319	1.048563448286664e-05	8.723565517133359e-06	0.0734559687411425	0.02485	0.0	24850000.000000004	0.012425	2025-11-16 23:20:39.380988+00:00	2025-11-16 23:20:39.384950+00:00	Medium	0.5195978764260806	2
2025-11-16 16:00:00	8.853e-06	9.184e-06	8.633e-06	8.899e-06	1028114300000.0	9147292.20222	SHIBUSDT	0.0	6.382485810262948	1.8702208669727247	2.137347918832411	0.9518518216357336	0.5195978764260806	0.5195978764260806	6.382485810262948	30.813043862679237	35.45130920323432	-3.5574907757574765e-07	-3.362480447294317e-07	-1.9501032846315958e-08	5.723967611981918e-07	-2.423245614035088	1.0413096127193736e-05	8.659203872806266e-06	0.1367222681974164	0.009305	0.0	9305000.0	0.0046525	2025-11-17 23:21:21.334927+00:00	2025-11-17 23:21:21.338870+00:00	Negative	-0.2921676592875727	0
2025-11-17 16:00:00	8.899e-06	9.014e-06	8.458e-06	8.873e-06	1280864410000.0	11125121.98346	SHIBUSDT	0.0	6.573658075195095	1.6987364235011144	1.621117094355479	1.1234680899690457	-0.2921676592875727	-0.2921676592875727	6.573658075195095	24.5838531766361	35.13960259512555	-3.690301554508202e-07	-3.428044668737095e-07	-2.6225688577110724e-08	5.712255639697496e-07	-0.1575334758636233	1.0346714402397176e-05	8.597685597602822e-06	0.1574098732064899	-0.052974	0.0	-52974000.00000001	-0.026487	2025-11-19 01:45:52.506946+00:00	2025-11-19 01:45:52.511113+00:00	Negative	-3.8769300123971457	0
2025-11-18 16:00:00	8.873e-06	9.008e-06	8.519e-06	8.529e-06	773382970000.0	6779246.81642	SHIBUSDT	0.0	5.740110341589408	0.8856437858305638	1.606268728697592	0.8533005008787843	-3.8769300123971457	-3.8769300123971457	5.740110341589408	-39.62023115311635	31.227416021698943	-4.026716819290034e-07	-3.5477790988476825e-07	-4.7893772044235097e-08	5.653523094004819e-07	-9.640851785146728	1.037923030330118e-05	8.455069696698819e-06	0.038422106266756	-0.044056	0.0	-44056000.0	-0.022028	2025-11-20 01:44:27.607243+00:00	2025-11-20 01:44:27.611223+00:00	Medium	1.9345761519521545	2
2025-11-19 16:00:00	8.529e-06	8.829e-06	8.233e-06	8.694e-06	824671520000.0	7032655.9063	SHIBUSDT	0.0	7.239159480140884	1.1054953300958552	1.4876692746852338	0.8786234023201995	1.9345761519521545	1.9345761519521545	7.239159480140884	6.631714427329579	34.967353366328126	-4.112777590053085e-07	-3.660778797088764e-07	-4.5199879296432096e-08	5.675414301575902e-07	-10.785017957927147	1.0325517255177167e-05	8.378982744822836e-06	0.1618349191866218	-0.0255459999999999	0.0	-25546000.0	-0.0127729999999999	2025-11-21 01:45:20.697871+00:00	2025-11-21 01:45:20.701800+00:00	Negative	-10.2714515757994	0
2025-11-20 16:00:00	8.694e-06	8.699e-06	7.549e-06	7.801e-06	1784265300000.0	14304268.82002	SHIBUSDT	0.0	15.23380580209298	3.949408643566912	3.279073704333408	1.5675379704649124	-10.2714515757994	-10.2714515757994	15.23380580209298	116.36072748092477	26.55161648631108	-4.845699531932389e-07	-3.897762944057489e-07	-9.479365878748997e-08	6.091456137177623e-07	-21.62162162162161	1.035256563887396e-05	8.117734361126043e-06	-0.1417262968707067	-0.046895	0.0	-46894999.99999999	-0.0234475	2025-11-22 01:41:32.497391+00:00	2025-11-22 01:41:32.501448+00:00	Negative	-2.281758748878357	0
2025-11-21 16:00:00	7.801e-06	8.026e-06	7.563e-06	7.623e-06	904228110000.0	7021740.39548	SHIBUSDT	0.0	6.121909295253213	3.9815347389778215	3.1558279860778544	0.8120721617616282	-2.281758748878357	-2.281758748878357	6.121909295253213	-49.32210417363382	25.247258390922557	-5.506698779479607e-07	-4.219550111141913e-07	-1.2871486683376946e-07	5.987066413093507e-07	-23.80809595202399	1.0370073158770709e-05	7.857826841229293e-06	-0.0934728571755275	-0.075522	0.0	-75522000.0	-0.037761	2025-11-23 01:58:05.582709+00:00	2025-11-23 01:58:05.586694+00:00	Very High	5.1160960251869305	4
2025-11-22 16:00:00	7.623e-06	8.031e-06	7.62e-06	8.013e-06	562220000000.0	4422105.45786	SHIBUSDT	0.0	5.393700787401574	4.132772191245172	3.0919876216982853	0.5797555292345505	5.1160960251869305	5.1160960251869305	5.393700787401574	-37.82321144605867	33.01208272337054	-5.650710169672098e-07	-4.50578212284795e-07	-1.1449280468241478e-07	5.852990240729685e-07	-18.159534266162808	1.0395692241999e-05	7.710407758001e-06	0.1126853574741114	-0.075436	0.0	-75436000.0	-0.037718	2025-11-24 01:53:00.004710+00:00	2025-11-24 01:53:00.008894+00:00	Medium	0.5241482590790043	2
2025-11-23 16:00:00	8.013e-06	8.146e-06	7.784e-06	8.055e-06	665287860000.0	5289888.03024	SHIBUSDT	0.0	4.650565262076044	4.303346673720249	3.1128879026746525	0.7016808472875007	0.5241482590790043	0.5241482590790043	4.650565262076044	18.332300522926968	33.80947078600833	-5.665639775439204e-07	-4.737753653366201e-07	-9.278861220730028e-08	5.693490937820422e-07	-17.146677638346013	1.0413343151202235e-05	7.590956848797763e-06	0.1644151797388278	-0.058176	0.0	-58176000.0	-0.029088	2025-11-25 01:47:28.300658+00:00	2025-11-25 01:47:28.304483+00:00	Medium	0.9186840471756628	2
2025-11-24 16:00:00	8.055e-06	8.421e-06	8.025e-06	8.129e-06	658890430000.0	5423195.83895	SHIBUSDT	0.0	4.934579439252327	4.488217734292697	3.1474984438449907	0.7201158772785813	0.9186840471756628	0.9186840471756628	4.934579439252327	-0.9616032975560384	35.27143369657563	-5.553739725536612e-07	-4.900950867800283e-07	-6.527888577363289e-08	5.569670156547534e-07	-16.13535541112143	1.0412512928910522e-05	7.492687071089477e-06	0.2179283833678283	-0.060904	0.0	-60904000.0	-0.030452	2025-11-26 01:46:44.161866+00:00	2025-11-26 01:46:44.165846+00:00	High	2.718661581990406	3
2025-11-25 16:00:00	8.129e-06	8.903e-06	8.124e-06	8.35e-06	972105140000.0	8297948.33668	SHIBUSDT	0.0	9.58887247661249	2.0077004380834	3.153427484530249	1.2917545799719743	2.718661581990406	2.718661581990406	9.58887247661249	47.53669134335431	39.56459471782748	-5.22648196876922e-07	-4.966057087994071e-07	-2.6042488077514856e-08	5.728265145365566e-07	-9.749243406830963	1.0409066132859109e-05	7.4424338671408915e-06	0.3059247158290405	-0.056036	0.0	-56036000.0	-0.028018	2025-11-27 01:45:01.122935+00:00	2025-11-27 01:45:01.126792+00:00	High	4.502994011976061	3
2025-11-26 16:00:00	8.35e-06	8.726e-06	8.35e-06	8.726e-06	626327360000.0	5385731.23209	SHIBUSDT	0.0	4.502994011976061	2.137288653535301	3.260813595495016	0.898648166501077	4.502994011976061	4.502994011976061	4.502994011976061	-35.56999811769332	46.113133108502566	-4.610579373367192e-07	-4.894961545068696e-07	2.8438217170150337e-08	5.587674777839454e-07	-4.067722075637641	1.03565371653774e-05	7.423662834622602e-06	0.4440480629261165	-0.031003	0.0	-31003000.0	-0.0155015	2025-11-28 01:45:03.869317+00:00	2025-11-28 01:45:03.872994+00:00	Medium	1.4210405684162175	2
2025-11-27 16:00:00	8.726e-06	9.127e-06	8.654e-06	8.85e-06	845781050000.0	7477138.7972	SHIBUSDT	0.0	5.465680610122472	2.133988601492549	3.2954713040581134	1.1222042265116463	1.4210405684162175	1.4210405684162175	5.465680610122472	35.03817716026328	48.11002664091647	-3.976575010891319e-07	-4.711284238233221e-07	7.347092273419015e-08	5.526412293708063e-07	-0.0338868180277849	1.0258353365176498e-05	7.432346634823506e-06	0.5016454313254297	-0.018654	0.0	-18654000.000000007	-0.009327	2025-11-29 01:44:28.847613+00:00	2025-11-29 01:44:28.851555+00:00	Negative	-4.0677966101694905	0
2025-11-28 16:00:00	8.85e-06	8.852e-06	8.451e-06	8.49e-06	683780620000.0	5860032.41356	SHIBUSDT	0.0	4.74500059164596	2.121336799928403	3.348552513686477	0.9028273795298648	-4.0677966101694905	-4.0677966101694905	4.74500059164596	-19.15394415611464	43.11471079474171	-3.721710339311762e-07	-4.513369458448929e-07	7.91659119137167e-08	5.418097129871773e-07	-4.59602202494663	1.0096983695551884e-05	7.4474163044481184e-06	0.3934920466837264	0.016311	0.0	16310999.999999998	0.0081555	2025-11-30 01:57:37.896012+00:00	2025-11-30 01:57:37.899946+00:00	Low	0.3062426383981085	1
2025-11-29 16:00:00	8.49e-06	8.623e-06	8.405e-06	8.516e-06	406956830000.0	3458160.12094	SHIBUSDT	0.0	2.5936942296252266	2.581560064397446	3.59231261183469	0.5756187709532607	0.3062426383981085	0.3062426383981085	2.5936942296252266	-40.48429889691813	43.57042198074073	-3.458876646885468e-07	-4.302470896136238e-07	8.435942492507696e-08	5.186804477738076e-07	-4.023441902400543	9.898603508967728e-06	7.496896491032272e-06	0.4243246579858706	-0.049655	0.0	-49655000.0	-0.0248275	2025-12-01 02:05:43.686340+00:00	2025-12-01 02:05:43.690334+00:00	Negative	-6.528886801315164	0
2025-11-30 16:00:00	8.516e-06	8.585e-06	7.844e-06	7.96e-06	980591930000.0	7949864.25546	SHIBUSDT	0.0	9.446710861805204	2.523741443109356	2.189606272745669	1.3836731277847552	-6.528886801315164	-6.528886801315164	9.446710861805204	140.95723617662347	36.78407996017776	-3.657068179635426e-07	-4.1733903528360754e-07	5.163221732006499e-08	5.345604157899642e-07	-6.671356548247166	9.736836740956224e-06	7.475563259043779e-06	0.2142318232761987	0.0	0.0	0.0	0.0	2025-12-02 01:49:14.363984+00:00	2025-12-02 01:49:14.367826+00:00	Very High	7.110552763819086	4
2025-12-01 16:00:00	7.96e-06	8.576e-06	7.853e-06	8.526e-06	837824060000.0	6760262.15546	SHIBUSDT	0.0	9.206672609193957	2.966521216450153	2.4504603414907318	1.115630728353932	7.110552763819086	7.110552763819086	9.206672609193957	-14.559356000410894	46.00408585265918	-3.3191604838738536e-07	-4.002544379043631e-07	6.833838951697774e-08	5.480203860906813e-07	-1.932367149758463	9.554526857096918e-06	7.538273142903082e-06	0.4898822257058273	-0.038282	0.0	-38281999.99999999	-0.019141	2025-12-03 01:48:42.739913+00:00	2025-12-03 01:48:42.744965+00:00	Very High	6.708890452732826	4
2025-12-02 16:00:00	8.526e-06	9.099e-06	8.393e-06	9.098e-06	1116981070000.0	9724770.63276	SHIBUSDT	0.0	8.411771714524004	3.052800817700327	2.544317837043048	1.3871631303247245	6.708890452732826	6.708890452732826	8.411771714524004	33.319287822791814	53.400927027686365	-2.560296500198836e-07	-3.714094803274672e-07	1.1537983030758361e-07	5.59304644227061e-07	16.626073580310212	9.417035311963777e-06	7.616264688036221e-06	0.8228340091044203	-0.0878959999999999	0.0	-87895999.99999999	-0.0439479999999999	2025-12-04 01:49:27.620821+00:00	2025-12-04 01:49:27.624991+00:00	Negative	-2.517036711365143	0
2025-12-03 16:00:00	9.098e-06	9.493e-06	8.703e-06	8.869e-06	1654933970000.0	14920101.38415	SHIBUSDT	0.0	9.07732965644032	2.906368853567148	2.599388768035575	1.6558321397158815	-2.517036711365143	-2.517036711365143	9.07732965644032	48.16132649410075	50.42284355701559	-2.119245840622153e-07	-3.395125010744169e-07	1.2758791701220157e-07	5.757828839251282e-07	16.34527089072543	9.349502934267312e-06	7.645497065732686e-06	0.7180156810841701	-0.099433	0.0	-99433000.0	-0.0497165	2025-12-05 01:49:54.742192+00:00	2025-12-05 01:49:54.746698+00:00	Negative	-5.479760965159546	0
2025-12-04 16:00:00	8.869e-06	8.887e-06	8.308e-06	8.383e-06	1120345490000.0	9635876.93769	SHIBUSDT	0.0	6.969186326432341	1.000662727213851	2.515664869261725	0.9809218628268582	-5.479760965159546	-5.479760965159546	6.969186326432341	-32.30270752131579	44.72251651215984	-2.1372346874994282e-07	-3.143546946095221e-07	1.0063122585957923e-07	5.760126779304762e-07	4.617496568076874	9.269195595145048e-06	7.65450440485495e-06	0.4511671330876378	-0.086022	0.0	-86022000.0	-0.043011	2025-12-06 01:43:49.418492+00:00	2025-12-06 01:43:49.422512+00:00	Negative	-0.0715734224024765	0
2025-12-05 16:00:00	8.383e-06	8.624e-06	8.129e-06	8.377e-06	745823410000.0	6244998.6334	SHIBUSDT	0.0	6.089309878213817	1.3681639943731472	2.3538400785692444	0.6810043284145753	-0.0715734224024765	-0.0715734224024765	6.089309878213817	-33.429159428311706	44.655397421687454	-2.1317588873320413e-07	-2.941189334342585e-07	8.094304470105436e-08	5.702260580782994e-07	3.9975170701427634	9.225692933060478e-06	7.650407066939521e-06	0.4612451293362189	-0.051052	0.0	-51052000.0	-0.025526	2025-12-07 01:58:05.922114+00:00	2025-12-07 01:58:05.926113+00:00	Low	0.4178106720783158	1
2025-12-06 16:00:00	8.377e-06	8.538e-06	8.18e-06	8.412e-06	897089420000.0	7518103.59796	SHIBUSDT	0.0	4.376528117359421	1.8721750180449064	2.366965229431595	0.8103534990275354	0.4178106720783158	0.4178106720783158	4.376528117359421	20.281746050315046	45.17231489969355	-2.075254954011929e-07	-2.768002458276454e-07	6.927475042645251e-08	5.550670539298495e-07	3.481363021281837	9.172416310619532e-06	7.654983689380469e-06	0.4988796866653544	-0.071931	0.0	-71931000.0	-0.0359655	2025-12-08 01:50:46.293281+00:00	2025-12-08 01:50:46.297180+00:00	Medium	1.0461245839277202	2
2025-12-07 16:00:00	8.412e-06	8.619e-06	8.226e-06	8.5e-06	1238299330000.0	10467498.71597	SHIBUSDT	0.0	4.777534646243611	1.885111148323557	2.414369552981269	1.09458248432798	1.0461245839277202	1.0461245839277202	4.777534646243611	38.0352172696452	46.52469425089652	-1.937136431279511e-07	-2.6018292528770656e-07	6.646928215975547e-08	5.434908357920031e-07	1.7964071856287456	9.12550012834561e-06	7.664599871654391e-06	0.5718392645352122	-0.0384179999999999	0.0	-38417999.99999999	-0.0192089999999999	2025-12-09 01:56:08.166552+00:00	2025-12-09 01:56:08.170438+00:00	High	3.764705882352945	3
2025-12-08 16:00:00	8.5e-06	8.838e-06	8.394e-06	8.82e-06	1105927120000.0	9439623.72861	SHIBUSDT	0.0	5.289492494639042	1.0409433727286872	2.374464486660545	1.0826533703007009	3.764705882352945	3.764705882352945	5.289492494639042	-10.689839426788676	51.23509634517182	-1.5515776293520876e-07	-2.39177892817207e-07	8.402012988199824e-08	5.363843475211458e-07	1.0772404308961658	9.161423489923075e-06	7.657776510076923e-06	0.7729364042895165	-0.039785	0.0	-39785000.00000001	-0.0198925	2025-12-10 01:51:41.901511+00:00	2025-12-10 01:51:41.905586+00:00	Negative	-3.7528344671201896	0
2025-12-09 16:00:00	8.82e-06	9.039e-06	8.464e-06	8.489e-06	908641230000.0	7918607.83999	SHIBUSDT	0.0	6.793478260869549	0.980152984111021	1.9080461311567531	0.9279840345620396	-3.7528344671201896	-3.7528344671201896	6.793478260869549	-17.838959406294332	46.657006849865866	-1.4958654326357064e-07	-2.2125962290647975e-07	7.167307964290914e-08	5.391426084124925e-07	-4.079096045197745	9.14090411805216e-06	7.65779588194784e-06	0.560447375193252	-0.052721	0.0	-52721000.00000001	-0.0263605	2025-12-11 01:53:01.184848+00:00	2025-12-11 01:53:01.188844+00:00	Negative	-2.744728472140409	0
2025-12-10 16:00:00	8.489e-06	8.935e-06	8.169e-06	8.256e-06	1613478130000.0	13743565.71629	SHIBUSDT	0.0	9.376912718815044	2.036704732796792	1.8983825782834467	1.3997538495804351	-2.744728472140409	-2.744728472140409	9.376912718815044	77.57042897998366	43.69707508366897	-1.6210383220158967e-07	-2.0942846476550174e-07	4.73246325639121e-08	5.553467078116002e-07	-2.7561837455830367	9.115163893158573e-06	7.72903610684143e-06	0.38016977825593	-0.0847549999999999	0.0	-84754999.99999999	-0.0423774999999999	2025-12-12 01:52:43.389603+00:00	2025-12-12 01:52:43.393593+00:00	Negative	-1.029554263565892	0
2025-12-11 16:00:00	8.256e-06	8.612e-06	8.114e-06	8.171e-06	821038660000.0	6887254.25285	SHIBUSDT	0.0	6.1375400542272525	1.797444138032384	1.7509744719798583	0.7218068906110017	-1.029554263565892	-1.029554263565892	6.1375400542272525	-49.11374100868662	42.63446643708773	-1.76844114620817e-07	-2.029115947365648e-07	2.6067480115747782e-08	5.512505143964859e-07	-4.051197745420376	9.051357624359876e-06	7.847642375640124e-06	0.2686329883282556	-0.1221	0.0	-122100000.0	-0.06105	2025-12-13 01:46:18.988093+00:00	2025-12-13 01:46:18.991988+00:00	High	2.019336678497115	3
2025-12-12 16:00:00	8.171e-06	8.439e-06	8.044e-06	8.336e-06	724669500000.0	5986836.61629	SHIBUSDT	0.0	4.910492292391851	1.7667756036497968	1.7271980947259733	0.70033230257707	2.019336678497115	2.019336678497115	4.910492292391851	-11.73746921978071	45.409618644474605	-1.732150582299454e-07	-1.9697228743524093e-07	2.3757229205295537e-08	5.400897633681656e-07	4.723618090452255	9.036315672701726e-06	7.894984327298275e-06	0.3864045918635739	-0.115431	0.0	-115431000.0	-0.0577155	2025-12-14 01:58:17.286212+00:00	2025-12-14 01:58:17.290299+00:00	Negative	-2.999040307101719	0
2025-12-13 16:00:00	8.336e-06	8.385e-06	8.058e-06	8.086e-06	569473540000.0	4693610.86083	SHIBUSDT	0.0	4.058078927773646	2.0423183776192304	1.5791403329613496	0.614013984246259	-2.999040307101719	-2.999040307101719	4.058078927773646	-21.416102098956834	42.08739713251714	-1.8834083959630185e-07	-1.952459978674531e-07	6.905158271151246e-09	5.248690659847252e-07	-5.16068496364062	9.033547808329928e-06	7.900852191670074e-06	0.1634576894328404	-0.091548	0.0	-91548000.0	-0.045774	2025-12-15 01:56:21.585927+00:00	2025-12-15 01:56:21.589751+00:00	Negative	-2.139500371011623	0
2025-12-14 16:00:00	8.086e-06	8.262e-06	7.866e-06	7.913e-06	906047600000.0	7321107.70804	SHIBUSDT	0.0	5.034324942791752	2.0776476589464896	1.548810625932077	0.9774593258414156	-2.139500371011623	-2.139500371011623	5.034324942791752	59.102668756128686	39.91135176079906	-2.1184575844918626e-07	-1.9856594998379974e-07	-1.3279808465386492e-08	5.15664132700102e-07	-13.024840624313033	9.055428346574775e-06	7.857371653425221e-06	0.0464321487395877	-0.091292	0.0	-91292000.0	-0.045646	2025-12-16 01:52:43.148268+00:00	2025-12-16 01:52:43.152118+00:00	Low	0.3285732339188602	1
2025-12-15 16:00:00	7.913e-06	7.991e-06	7.702e-06	7.939e-06	966294460000.0	7585500.30031	SHIBUSDT	0.0	3.752272137107246	0.9356826885757672	1.6536887023335485	1.211647275551281	0.3285732339188602	0.3285732339188602	3.752272137107246	6.649414445775255	40.41000785936535	-2.2577302241142785e-07	-2.0400736446932534e-07	-2.176565794210248e-08	4.994738375072375e-07	-10.485962340737396	9.074929110908905e-06	7.796770889091097e-06	0.1112766076070171	-0.074846	0.0	-74846000.0	-0.037423	2025-12-17 01:48:23.865168+00:00	2025-12-17 01:48:23.868724+00:00	Negative	-2.7081496410127284	0
2025-12-16 16:00:00	7.939e-06	8.043e-06	7.684e-06	7.724e-06	863657260000.0	6768176.0276	SHIBUSDT	0.0	4.672045809474247	0.5560886757103842	1.63489453880688	1.071497211329279	-2.7081496410127284	-2.7081496410127284	4.672045809474247	-10.62173118533661	37.629125474582494	-2.512627816706028e-07	-2.1345844790958086e-07	-3.780433376102194e-08	4.894399919710063e-07	-7.861147560539186	9.080653410554383e-06	7.690846589445612e-06	0.0238546897675592	-0.128163	0.0	-128163000.0	-0.0640815	2025-12-18 01:48:42.694194+00:00	2025-12-18 01:48:42.698098+00:00	Negative	-3.61211807353702	0
2025-12-17 16:00:00	7.724e-06	7.771e-06	7.263e-06	7.445e-06	1360667970000.0	10170985.57269	SHIBUSDT	0.0	6.994354949745298	1.273029335769841	1.6787343903194292	1.4580228282565573	-3.61211807353702	-3.61211807353702	6.994354949745298	57.54721612598961	34.32778792630974	-2.906264075098935e-07	-2.2889203982964338e-07	-6.173436768025013e-08	4.907657068302202e-07	-11.1257013250567	9.088188164785848e-06	7.542811835214152e-06	-0.0632932143080389	-0.122029	0.0	-122029000.0	-0.0610145	2025-12-19 01:52:07.932133+00:00	2025-12-19 01:52:07.936351+00:00	Medium	0.5238415043653454	2
2025-12-18 16:00:00	7.445e-06	7.606e-06	6.992e-06	7.484e-06	1532607590000.0	11085748.28714	SHIBUSDT	0.0	8.781464530892443	2.022149124321861	1.928084784760949	1.361283311501747	0.5238415043653454	0.5238415043653454	8.781464530892443	12.636412687806564	35.18382834238888	-3.150437621417032e-07	-2.461223842920554e-07	-6.892137784964782e-08	4.995681563423473e-07	-11.031859248692347	9.113206509409053e-06	7.4171934905909476e-06	0.0393903281801501	-0.0930689999999999	0.0	-93069000.0	-0.0465344999999999	2025-12-20 01:46:34.718712+00:00	2025-12-20 01:46:34.722640+00:00	Negative	-0.6012827365045372	0
2025-12-19 16:00:00	7.484e-06	7.648e-06	7.389e-06	7.439e-06	515071420000.0	3858683.38879	SHIBUSDT	0.0	3.505210447963194	2.2755174584377738	2.063081104076152	0.4916399860893767	-0.6012827365045372	-0.6012827365045372	3.505210447963194	-66.39247884711311	34.6230254696532	-3.341736694784011e-07	-2.6373264132932455e-07	-7.04410281490765e-08	4.823847166036081e-07	-12.482352941176469	9.123192590582458e-06	7.299507409417543e-06	0.0764894028986702	-0.093431	0.0	-93431000.0	-0.0467155	2025-12-21 01:58:12.748298+00:00	2025-12-21 01:58:12.752039+00:00	Negative	-2.836402742304076	0
2025-12-20 16:00:00	7.439e-06	7.471e-06	7.176e-06	7.228e-06	400511390000.0	2939907.9546	SHIBUSDT	0.0	4.110925306577476	2.209734641879549	1.65910569604224	0.4285821832553185	-2.836402742304076	-2.836402742304076	4.110925306577476	-22.24158156552348	32.04392935609839	-3.621851505031268e-07	-2.83423143164085e-07	-7.87620073390418e-08	4.6900009398906475e-07	-18.0498866213152	9.178173514773365e-06	7.171326485226637e-06	0.0282400770656464	-0.1117979999999999	0.0	-111797999.99999996	-0.0558989999999999	2025-12-22 01:57:39.634287+00:00	2025-12-22 01:57:39.638225+00:00	Medium	1.314333148865522	2
2025-12-21 16:00:00	7.228e-06	7.436e-06	7.193e-06	7.323e-06	509168860000.0	3710604.36435	SHIBUSDT	0.0	3.378284443208664	2.4137619457335213	1.7136093322726171	0.5895850499303127	1.314333148865522	1.314333148865522	3.378284443208664	27.12968287868168	34.41283205967224	-3.724256538643427e-07	-3.0122364530413653e-07	-7.120200856020618e-08	4.528572301327029e-07	-13.735422311226287	9.169496658445808e-06	7.059703341554192e-06	0.1247973705944457	-0.146213	0.0	-146213000.0	-0.0731065	2025-12-23 01:53:06.566094+00:00	2025-12-23 01:53:06.569846+00:00	Negative	-3.0725112658746467	0
2025-12-22 16:00:00	7.323e-06	7.351e-06	7.032e-06	7.098e-06	642841690000.0	4610105.881	SHIBUSDT	0.0	4.53640500568828	2.2402352665372023	1.7179116063504654	0.8927858457456381	-3.0725112658746467	-3.0725112658746467	4.53640500568828	26.2531432106826	31.602937562745765	-3.9415339121157145e-07	-3.198095944856236e-07	-7.434379672594791e-08	4.4329599940893845e-07	-14.026162790697684	9.056754959686962e-06	6.972445040313037e-06	0.0602381433393916	-0.1010779999999999	0.0	-101078000.0	-0.0505389999999999	2025-12-24 01:51:35.593097+00:00	2025-12-24 01:51:35.597070+00:00	Medium	1.8174133558748935	2
2025-12-23 16:00:00	7.098e-06	7.239e-06	6.984e-06	7.227e-06	650599930000.0	4617773.39812	SHIBUSDT	0.0	3.6512027491408823	0.4793812564810802	1.7442195851797997	1.196750673312125	1.8174133558748935	1.8174133558748935	3.6512027491408823	1.2068663437183111	34.88568845017852	-3.9639417242422603e-07	-3.351265100733441e-07	-6.126766235088199e-08	4.298462851654427e-07	-11.553053481825977	8.95092437127169e-06	6.914075628728312e-06	0.1536316196365885	-0.142457	0.0	-142457000.0	-0.0712285	2025-12-25 01:53:09.814456+00:00	2025-12-25 01:53:09.818779+00:00	Low	0.3874360038743657	1
2025-12-24 16:00:00	7.227e-06	7.288e-06	7.143e-06	7.255e-06	502808230000.0	3623862.29561	SHIBUSDT	0.0	2.029959400811988	0.9536128721449354	1.9535315882901327	0.929085769806101	0.3874360038743657	0.3874360038743657	2.029959400811988	-22.71621824490513	35.60810006776647	-3.9139883950053125e-07	-3.463809759587815e-07	-4.501786354174967e-08	4.095001219393397e-07	-12.967850287907863	8.91324780046054e-06	6.838952199539458e-06	0.2005730524983023	-0.1224209999999999	0.0	-122421000.0	-0.0612104999999999	2025-12-26 01:52:39.425812+00:00	2025-12-26 01:52:39.429720+00:00	Negative	-1.6126809097174348	0
2025-12-25 16:00:00	7.255e-06	7.292e-06	7.008e-06	7.138e-06	826999440000.0	5925837.08773	SHIBUSDT	0.0	4.0525114155251165	0.9452113777705452	1.942334177178906	1.320065521903581	-1.6126809097174348	-1.6126809097174348	4.0525114155251165	64.47611448205612	33.914888689659605	-3.92358064822415e-07	-3.555763937315082e-07	-3.6781671090906775e-08	4.005358275151011e-07	-11.723967350977	8.87202641527739e-06	6.756273584722611e-06	0.1804210821626527	-0.106355	0.0	-106355000.0	-0.0531775	2025-12-27 01:50:35.316135+00:00	2025-12-27 01:50:35.320004+00:00	Medium	1.4710002801905273	2
2025-12-26 16:00:00	7.138e-06	7.254e-06	7.063e-06	7.243e-06	399106580000.0	2855315.00833	SHIBUSDT	0.0	2.704233328613909	1.0175044022332018	2.0287453117987857	0.6602574236236449	1.4710002801905273	1.4710002801905273	2.704233328613909	-51.74040504791636	36.81851246483033	-3.8026220927890594e-07	-3.605135568409878e-07	-1.9748652437918133e-08	3.855689826925939e-07	-8.467079489447748	8.804124742172818e-06	6.707275257827183e-06	0.2554903182953071	-0.1004989999999999	0.0	-100499000.0	-0.0502494999999999	2025-12-28 02:03:52.910902+00:00	2025-12-28 02:03:52.914941+00:00	Medium	1.4220626812094397	2
2025-12-27 16:00:00	7.243e-06	7.409e-06	7.231e-06	7.346e-06	410060970000.0	3003736.76177	SHIBUSDT	0.0	2.4616235652053637	0.8438205301032433	1.8792064596766904	0.7349882113769188	1.4220626812094397	1.4220626812094397	2.4616235652053637	2.744727987195801	39.62107124687139	-3.582354026932081e-07	-3.600579260114319e-07	1.8225233182238122e-09	3.7074262678598e-07	-7.469454591258347	8.702316483983081e-06	6.693683516016919e-06	0.3247564360369843	-0.071262	0.0	-71262000.0	-0.035631	2025-12-29 02:02:13.497150+00:00	2025-12-29 02:02:13.501134+00:00	Negative	-0.1905799074326076	0
2025-12-28 16:00:00	7.346e-06	7.564e-06	7.258e-06	7.332e-06	805205880000.0	5962916.24951	SHIBUSDT	0.0	4.216037475888677	0.9825612310298542	0.8275152561011249	1.3674530415265556	-0.1905799074326076	-0.1905799074326076	4.216037475888677	96.3624775115759	39.365474180268144	-3.380122875312703e-07	-3.556487983153996e-07	1.7636510784129353e-08	3.661181534441243e-07	-5.075090626618319	8.496253745766406e-06	6.750946254233593e-06	0.3329234238581636	-0.07424	0.0	-74240000.0	-0.03712	2025-12-30 01:53:44.923415+00:00	2025-12-30 01:53:44.927292+00:00	Negative	-2.4140752864157142	0
2025-12-29 16:00:00	7.332e-06	7.342e-06	7.109e-06	7.155e-06	663192820000.0	4770158.45471	SHIBUSDT	0.0	3.2775355183570145	0.7833792010550927	0.8294048547492185	1.0680927482645728	-2.4140752864157142	-2.4140752864157142	3.2775355183570145	-17.636863257878844	36.18704401042199	-3.324356327744093e-07	-3.510061652072016e-07	1.8570532432792346e-08	3.566097139124011e-07	-3.895231699126928	8.355563107949865e-06	6.758236892050135e-06	0.2483920341383613	-0.046214	0.0	-46214000.0	-0.023107	2025-12-31 01:54:11.508519+00:00	2025-12-31 01:54:11.512119+00:00	Negative	-2.3759608665269054	0
2025-12-30 16:00:00	7.155e-06	7.211e-06	6.979e-06	6.985e-06	746771750000.0	5285700.64777	SHIBUSDT	0.0	3.3242584897549867	0.6791014687449682	0.7955101492916196	1.2346036554115314	-2.3759608665269054	-2.3759608665269054	3.3242584897549867	12.60250827202864	33.3978659351876	-3.378392721213194e-07	-3.483727865900252e-07	1.0533514468705805e-08	3.4770902006151537e-07	-6.66755745590593	8.261057046991323e-06	6.725642953008676e-06	0.1689166772714639	-0.056811	0.0	-56811000.0	-0.0284055	2026-01-01 02:04:22.556985+00:00	2026-01-01 02:04:22.560871+00:00	High	2.7487473156764497	3
2025-12-31 16:00:00	6.985e-06	7.228e-06	6.816e-06	7.177e-06	1080007990000.0	7521191.50319	SHIBUSDT	0.0	6.044600938967143	1.3675588378771346	1.1630543725979996	1.457406486454272	2.7487473156764497	2.7487473156764497	6.044600938967143	44.6235734011095	39.10648626303753	-3.229066331809073e-07	-3.432795559082016e-07	2.037292272729428e-08	3.523012329142643e-07	-3.5219787605861037	8.156157761361332e-06	6.731142238638667e-06	0.3128792313149457	-0.0316349999999999	0.0	-31635000.0	-0.0158174999999999	2026-01-02 01:55:27.946749+00:00	2026-01-02 01:55:27.950690+00:00	Very High	8.805907760902873	4
2026-01-01 16:00:00	7.177e-06	7.854e-06	7.164e-06	7.809e-06	1601578630000.0	12046797.35526	SHIBUSDT	0.0	9.631490787269671	2.6685730016962173	2.2305020395499686	1.6353462170015307	8.805907760902873	8.805907760902873	9.631490787269671	48.29322049737799	53.2967546052251	-2.571114701001752e-07	-3.260459387465964e-07	6.893446864642123e-08	3.7642257342038827e-07	8.038184836745977	8.027487217172023e-06	6.807112782827977e-06	0.8209670646784233	-0.048872	0.0	-48871999.99999999	-0.024436	2026-01-03 01:49:28.121912+00:00	2026-01-03 01:49:28.125475+00:00	Medium	1.7031630170316336	2
2026-01-02 16:00:00	7.809e-06	8.3e-06	7.806e-06	7.942e-06	1996443950000.0	16061747.61509	SHIBUSDT	0.0	6.328465283115562	2.621095096049748	2.3241113824035398	1.639656326992403	1.7031630170316336	1.7031630170316336	6.328465283115562	24.65475703806063	55.639552053440205	-1.9202282130358819e-07	-2.992413152579947e-07	1.0721849395440657e-07	3.848209610332178e-07	8.452819882561785	7.99126362584055e-06	6.828936374159447e-06	0.9576163892145696	-0.013963	0.0	-13963000.000000007	-0.0069815	2026-01-04 02:05:17.159783+00:00	2026-01-04 02:05:17.163623+00:00	Very High	11.596575169982374	4
2026-01-03 16:00:00	7.942e-06	9.059e-06	7.932e-06	8.863e-06	2382775040000.0	20406984.84314	SHIBUSDT	0.0	14.20827029752899	4.172580042145902	3.714762603987932	1.525937515654664	11.596575169982374	11.596575169982374	14.20827029752899	19.350960992418543	67.71657634237843	-6.536906146234673e-08	-2.524668644988652e-07	1.8709780303651845e-07	4.37833749530845e-07	24.8661594815441	8.294456116665307e-06	6.620743883334693e-06	1.3396903434249958	0.022477	0.0	22477000.0	0.0112385	2026-01-05 02:05:15.675449+00:00	2026-01-05 02:05:15.679428+00:00	Low	0.2482229493399617	1
2026-01-04 16:00:00	8.863e-06	9.397e-06	8.572e-06	8.885e-06	3011363650000.0	26966179.63525	SHIBUSDT	0.0	9.624358376108257	3.303255548253014	3.867440069529793	1.4948932907428127	0.2482229493399617	0.2482229493399617	9.624358376108257	26.380526883477845	67.94109910624074	3.63610245837813e-08	-1.9470128668233588e-07	2.310623112661172e-07	4.6548848170721334e-07	22.941746229417475	8.530825903757254e-06	6.478974096242747e-06	1.172611927891504	-0.029519	0.0	-29519000.0	-0.0147595	2026-01-06 01:55:36.569155+00:00	2026-01-06 01:55:36.573086+00:00	High	4.018007878446822	3
2026-01-05 16:00:00	8.885e-06	1.0074e-05	8.867e-06	9.242e-06	4180252210000.0	39441416.15848	SHIBUSDT	0.0	13.612270215405442	3.24794167104245	4.292466979697078	1.5867449865383365	4.018007878446822	4.018007878446822	13.612270215405442	38.81592181668262	71.41522670387886	1.4412834527993405e-07	-1.2693536028988189e-07	2.71063705569816e-07	5.18453590156698e-07	27.38800827015852	8.854920496656475e-06	6.306679503343526e-06	1.1519006657373827	-0.004573	0.0	-4573000.0	-0.0022865	2026-01-07 01:55:09.987939+00:00	2026-01-07 01:55:09.991794+00:00	Negative	-4.144124648344527	0
2026-01-06 16:00:00	9.242e-06	9.292e-06	8.807e-06	8.859e-06	1604557230000.0	14441714.92263	SHIBUSDT	0.0	5.5069830816396	4.014440491111641	4.012067482504494	0.6089220040880939	-4.144124648344527	-4.144124648344527	5.5069830816396	-61.61577939815263	63.4687872712855	1.9636623647743378e-07	-6.227504093641875e-08	2.5864127741385253e-07	5.160640480026481e-07	24.11039506864667	9.039469668256527e-06	6.26353033174347e-06	0.9349878918884362	0.006048	0.0	6048000.0	0.003024	2026-01-08 01:55:13.723632+00:00	2026-01-08 01:55:13.727254+00:00	Negative	-0.5643977875606674	0
2026-01-07 16:00:00	8.859e-06	8.961e-06	8.466e-06	8.809e-06	1452086630000.0	12702226.41377	SHIBUSDT	0.0	5.84691708008504	4.12449583767653	3.891585187269132	0.5748090546779557	-0.5643977875606674	-0.5643977875606674	5.84691708008504	-9.50234726124415	62.491197787418535	2.310669633532245e-07	-3.606640078490101e-09	2.346736034317146e-07	5.14559473145316e-07	21.6208753279028	9.191267407430313e-06	6.2442325925696906e-06	0.8702874477414715	-0.022661	0.0	-22661000.0	-0.0113305	2026-01-09 01:56:30.679719+00:00	2026-01-09 01:56:30.683548+00:00	Negative	-0.6357134748552518	0
2026-01-08 16:00:00	8.809e-06	8.876e-06	8.591e-06	8.753e-06	932724270000.0	8134264.91248	SHIBUSDT	0.0	3.317425212431612	4.063194304953927	3.886519375767768	0.417102944979711	-0.6357134748552518	-0.6357134748552518	3.317425212431612	-35.766623648342524	61.35141109235023	2.511536643145625e-07	4.7345420800120424e-08	2.038082435144421e-07	4.981623679206505e-07	19.15328069697796	9.317332586771277e-06	6.249567413228722e-06	0.8160443988222204	-0.0082219999999999	0.0	-8221999.999999994	-0.0041109999999999	2026-01-10 01:52:21.890228+00:00	2026-01-10 01:52:21.894238+00:00	Negative	-1.188164058037256	0
2026-01-09 16:00:00	8.753e-06	8.872e-06	8.53e-06	8.649e-06	777166740000.0	6719225.29991	SHIBUSDT	0.0	4.009378663540459	4.132807535607457	3.805127355139849	0.4343272803134597	-1.188164058037256	-1.188164058037256	4.009378663540459	-16.677761585425454	59.19218029069628	2.55732661770715e-07	8.902286899423936e-08	1.667097927764757e-07	4.870079130691756e-07	17.962356792144018	9.41037075298694e-06	6.298629247013061e-06	0.7553232646332378	-0.0305249999999999	0.0	-30525000.0	-0.0152624999999999	2026-01-11 02:05:06.386527+00:00	2026-01-11 02:05:06.390488+00:00	Negative	-1.318071453347199	0
2026-01-10 16:00:00	8.649e-06	8.749e-06	8.501e-06	8.535e-06	542452930000.0	4694804.58863	SHIBUSDT	0.0	2.917303846606281	1.3047607184773062	4.084845361005325	0.5108816882193626	-1.318071453347199	-1.318071453347199	2.917303846606281	-30.20121653687856	56.83106861625833	2.4731184596832026e-07	1.2068066438905554e-07	1.2663118157926472e-07	4.699359192785202e-07	19.287211740041933	9.477841808489216e-06	6.352358191510784e-06	0.6983373058276626	-0.049061	0.0	-49061000.0	-0.0245305	2026-01-12 02:01:28.766254+00:00	2026-01-12 02:01:28.770296+00:00	Negative	-0.3749267721148296	0
2026-01-11 16:00:00	8.535e-06	8.752e-06	8.252e-06	8.503e-06	860338460000.0	7315039.17628	SHIBUSDT	0.0	6.0591371788657336	1.446092716016254	4.033641333842315	0.9423680084860724	-0.3749267721148296	-0.3749267721148296	6.0591371788657336	58.60149561732481	56.15395376108982	2.3534326554230334e-07	1.436131846197051e-07	9.173008092259825e-08	4.720833536157687e-07	21.732283464566923	9.52093344286468e-06	6.449766557135319e-06	0.6685515698952533	-0.0538079999999999	0.0	-53807999.99999999	-0.0269039999999999	2026-01-13 01:53:06.059721+00:00	2026-01-13 01:53:06.063627+00:00	High	3.31647653769258	3
2026-01-12 16:00:00	8.503e-06	8.795e-06	8.32e-06	8.785e-06	1136561650000.0	9709209.73547	SHIBUSDT	0.0	5.709134615384611	1.4132834156202914	4.052250004028364	1.3373692315930876	3.31647653769258	3.31647653769258	5.709134615384611	32.10633987000883	60.608125706965446	2.457799245755689e-07	1.640465326108779e-07	8.173339196469105e-08	4.722916855003567e-07	22.404904556221258	9.595115513026569e-06	6.531384486973432e-06	0.7355787743318309	-0.048799	0.0	-48799000.0	-0.0243995	2026-01-14 01:59:55.012531+00:00	2026-01-14 01:59:55.016509+00:00	Low	0.147979510529308	1
2026-01-13 16:00:00	8.785e-06	9.115e-06	8.647e-06	8.798e-06	1542474790000.0	13681571.13224	SHIBUSDT	0.0	5.412281716202147	1.3185378336374214	3.19788717565752	1.5872365854485817	0.147979510529308	0.147979510529308	5.412281716202147	35.71413306088587	60.80579414810333	2.521929204041885e-07	1.8167581016954e-07	7.05171102346485e-08	4.719851365360454e-07	12.664873863490849	9.657015099489698e-06	6.623784900510303e-06	0.7167985800158737	-0.063689	0.0	-63688999.99999999	-0.0318445	2026-01-15 01:55:32.278769+00:00	2026-01-15 01:55:32.282513+00:00	Negative	-3.694021368492833	0
2026-01-14 16:00:00	8.798e-06	9.048e-06	8.336e-06	8.473e-06	1061726320000.0	9202614.9248	SHIBUSDT	0.0	8.541266794625733	2.001509963734342	3.0854429377962376	1.0320940433766017	-3.694021368492833	-3.694021368492833	8.541266794625733	-31.16734698788821	53.568666694272	2.2841742801459895e-07	1.9102413373855178e-07	3.7393294276047174e-08	4.891290553548993e-07	6.685973306471928	9.65748186202336e-06	6.75681813797664e-06	0.5916514374955234	-0.061251	0.0	-61251000.0	-0.0306255	2026-01-16 01:56:59.318851+00:00	2026-01-16 01:56:59.322836+00:00	Negative	-3.3282190487430663	0
2026-01-15 16:00:00	8.473e-06	8.526e-06	8.135e-06	8.191e-06	707892470000.0	5913474.78417	SHIBUSDT	0.0	4.806392132759683	1.4370497247233034	1.6001703073261095	0.6666917605622545	-3.3282190487430663	-3.3282190487430663	4.806392132759683	-33.326276586983354	48.20720020341092	1.8469113137871375e-07	1.897575332665842e-07	-5.066401887870443e-09	4.821198371152637e-07	-7.582082816202185	9.636074733763442e-06	6.873025266236559e-06	0.4770000498554657	-0.066702	0.0	-66701999.99999999	-0.033351	2026-01-17 01:51:12.193707+00:00	2026-01-17 01:51:12.197377+00:00	High	4.749114882187757	3
2026-01-16 16:00:00	8.191e-06	8.602e-06	8.163e-06	8.58e-06	593132430000.0	5025565.62135	SHIBUSDT	0.0	5.3779247825554375	1.4743683303352837	1.598051455138361	0.5882163926752917	4.749114882187757	4.749114882187757	5.3779247825554375	-16.211507377667118	54.91110082415147	1.793592336568234e-07	1.8767787334463207e-07	-8.318639687808644e-09	4.790398487498878e-07	-3.432751828925169	9.63892681237714e-06	6.993573187622861e-06	0.5997031162608735	-0.059908	0.0	-59908000.00000001	-0.029954	2026-01-18 02:03:42.660226+00:00	2026-01-18 02:03:42.664059+00:00	Negative	-2.459207459207442	0
2026-01-17 16:00:00	8.58e-06	8.587e-06	8.327e-06	8.369e-06	418646650000.0	3527805.23947	SHIBUSDT	0.0	3.1223730034826374	1.961797992789979	1.7041807359286076	0.4841107531598768	-2.459207459207442	-2.459207459207442	3.1223730034826374	-29.417676588683577	51.05115434430356	1.5630593220911254e-07	1.8140348511752816e-07	-2.5097552908415622e-08	4.633941452677529e-07	-9.44600735771478	9.611292326231205e-06	7.124907673768797e-06	0.5003619713462713	-0.05463	0.0	-54630000.00000001	-0.027315	2026-01-19 02:01:45.807278+00:00	2026-01-19 02:01:45.811087+00:00	Negative	-5.974429441988293	0
2026-01-18 16:00:00	8.369e-06	8.458e-06	7.424e-06	7.869e-06	2062610150000.0	16122120.68084	SHIBUSDT	0.0	13.927801724137916	4.264053659397377	3.2197001940368644	2.129032550610847	-5.974429441988293	-5.974429441988293	13.927801724137916	392.685215563053	43.286140567772144	9.657692472490413e-08	1.6443817303900338e-07	-6.786124831409922e-08	5.041517063200562e-07	-11.17507619370131	9.542187912796053e-06	7.265412087203947e-06	0.2651064307743529	-0.0554779999999999	0.0	-55477999.99999999	-0.0277389999999999	2026-01-20 01:56:57.001913+00:00	2026-01-20 01:56:57.005824+00:00	Negative	-0.1524971406786237	0
2026-01-19 16:00:00	7.869e-06	8.144e-06	7.781e-06	7.857e-06	1053673290000.0	8378753.95456	SHIBUSDT	0.0	4.665210127233	4.301230790905976	3.1813632725414114	1.089415939745957	-0.1524971406786237	-0.1524971406786237	4.665210127233	-48.915538401670325	43.11663753464708	4.772283709796035e-08	1.4109510585079477e-07	-9.337226875283444e-08	4.940694415829093e-07	-10.807129072539452	9.419779843476896e-06	7.475020156523105e-06	0.1964149329294334	-0.097142	0.0	-97142000.0	-0.048571	2026-01-21 01:59:19.838755+00:00	2026-01-21 01:59:19.842594+00:00	Medium	1.756395570828574	2
2026-01-20 16:00:00	7.857e-06	8.006e-06	7.638e-06	7.995e-06	781217070000.0	6131492.08462	SHIBUSDT	0.0	4.8180151872217705	4.300170766071896	3.026138391898113	0.7956534718365877	1.756395570828574	1.756395570828574	4.8180151872217705	-25.85775140983217	45.74768918274522	1.9911539531575903e-08	1.1685839258695101e-07	-9.694685305537513e-08	4.850644814698442e-07	-8.659888038386839	9.298843792771343e-06	7.67775620722866e-06	0.1956981199539189	-0.073268	0.0	-73268000.0	-0.036634	2026-01-22 02:00:14.929994+00:00	2026-01-22 02:00:14.933833+00:00			
