timestamp	close	high	low	open	volume	symbol	gap_apertura_pct	volatilidad_diaria	vol_5d	vol_10d	vol_rel_5d	return_pct	close_open_pct	range_pct	volume_change_pct	rsi_14	macd	macd_signal	macd_diff	atr_14	momentum_12	bb_upper	bb_lower	bb_pctb	vader	finbert	sentiment_ratio	sentiment_combined	download_date	added_date	target_category	target	target_num
2025-06-05	210.1000061035156	214.3699951171875	208.88999938964844	211.22999572753903	5230300	SNOW	0.0	2.6233882634644807	0.0	0.0	0.0	0.0	-0.5349569885334782	2.6233882634644807	0.0	0.0	0.0	0.0	0.0	0.0	0.0	0.0	0.0	0.0	0.0	0.0	0.0	0.0	0	0	Low	0.3522085734783206	1
2025-06-06	210.83999633789065	213.0	209.3999938964844	211.4499969482422	3798900	SNOW	0.6425467898660864	1.7192006726109257	0.0	0.0	0.0	0.3522085734783206	-0.2884845680564599	1.7192006726109257	-27.36745502170048	0.0	0.0	0.0	0.0	0.0	0.0	0.0	0.0	0.0	0.0	0.0	0.0	0.0	0	0	Low	0.0047475648827566	1
2025-06-09	210.8500061035156	212.08999633789065	208.5	211.3099975585937	3548200	SNOW	0.2229184352431021	1.7218207855590664	0.0	0.0	0.0	0.0047475648827566	-0.2176856090069976	1.7218207855590664	-6.599278738582222	0.0	0.0	0.0	0.0	0.0	0.0	0.0	0.0	0.0	0.0	0.0	0.0	0.0	0	0	Negative	-1.2378470641685164	0
2025-06-10	208.2400054931641	212.39700317382807	206.22000122070312	210.0749969482422	3598100	SNOW	-0.3675642081285607	2.995345706798887	0.0	0.0	0.0	-1.2378470641685164	-0.8734935055265991	2.995345706798887	1.406346880108224	0.0	0.0	0.0	0.0	0.0	0.0	0.0	0.0	0.0	0.0	0.0	0.0	0.0	0	0	Low	0.1776772509735867	1
2025-06-11	208.6100006103516	210.1999969482422	205.22999572753903	207.9900054931641	5140200	SNOW	-0.1200537809283753	2.4216738898641643	0.564455544097197	0.0	1.205730987018958	0.1776772509735867	0.2980888988956141	2.4216738898641643	42.85873099691504	0.0	0.0	0.0	0.0	0.0	0.0	0.0	0.0	0.0	0.0	0.0	0.0	0.0	0	0	Medium	1.2798994109263206	2
2025-06-12	211.27999877929688	213.1000061035156	206.13999938964844	206.13999938964844	5138800	SNOW	-1.1840281930283394	3.3763494394463764	0.7450824595849095	0.0	1.2105992216432186	1.2798994109263206	2.493450763979457	3.3763494394463764	-0.0272362943076144	0.0	0.0	0.0	0.0	0.0	0.0	0.0	0.0	0.0	0.0	0.0	0.0	0.0	0	0	Negative	-1.467250152132901	0
2025-06-13	208.17999267578125	212.3000030517578	207.44000244140625	208.0	3636500	SNOW	-1.552441687924829	2.3428463908374297	0.6372034309305571	0.0	0.8632927859917006	-1.467250152132901	0.0865349402794471	2.3428463908374297	-29.234451622946995	0.0	0.0	0.0	0.0	0.0	0.0	0.0	0.0	0.0	0.0	0.0	0.0	0.0	0	0	Low	0.4515335164173084	1
2025-06-16	209.1199951171875	211.0	207.0500030517578	210.3099975585937	2579600	SNOW	1.0231554221109542	1.907750248742946	0.5778771457373556	0.0	0.6419087054326837	0.4515335164173084	-0.5658325591842827	1.907750248742946	-29.06366011274577	0.0	0.0	0.0	0.0	0.0	0.0	0.0	0.0	0.0	0.0	0.0	0.0	0.0	0	0	Low	0.157805010883708	1
2025-06-17	209.4499969482422	210.29800415039065	206.259994506836	208.0	2217900	SNOW	-0.5355753363325553	1.957727989477295	0.5905295949482009	0.0	0.5926094159140705	0.157805010883708	0.6971139174241285	1.957727989477295	-14.02155372926035	0.0	0.0	0.0	0.0	0.0	0.0	0.0	0.0	0.0	0.0	0.0	0.0	0.0	0	0	Medium	1.2556719604356967	2
2025-06-18	212.0800018310547	212.6999969482422	209.47000122070312	210.3600006103516	4218200	SNOW	0.4344729889560595	1.541984870728985	0.7032218981633094	0.6023205679757839	1.1854870440110168	1.2556719604356967	0.8176465182128627	1.541984870728985	90.18891744442942	0.0	0.0	0.0	0.0	0.0	0.0	0.0	0.0	0.0	0.0	0.0	0.0	0.0	0	0	Negative	-0.0424350891708727	0
2025-06-20	211.9900054931641	215.9900054931641	210.8500061035156	213.3500061035156	4246300	SNOW	0.5988326393323067	2.437751596329118	0.3613071791240293	0.5926877946786642	1.2564132911205137	-0.0424350891708727	-0.6374504670469261	2.437751596329118	0.666160921720165	0.0	0.0	0.0	0.0	0.0	0.0	0.0	0.0	0.0	0.0	0.0	0.0	0.0	0	0	Medium	0.8113595811754251	2
2025-06-23	213.7100067138672	214.8800048828125	207.3600006103516	209.625	3146800	SNOW	-1.115621223586578	3.626545259609487	0.8099591441732145	0.7024104762213018	0.9588757252206134	0.8113595811754251	1.9487211515168452	3.626545259609487	-25.893130490073712	0.0	0.0	0.0	0.0	0.0	0.0	0.0	0.0	0.0	0.0	0.0	0.0	0.0	0	0	High	4.412518075677623	3
2025-06-24	223.13999938964844	224.6100006103516	219.25	219.4850006103516	7206500	SNOW	2.7022571311863968	2.4446981119049447	0.7809634604447976	0.6568070551769434	1.7129213670094172	4.412518075677623	1.665261302199648	2.4446981119049447	129.01042328714885	0.0	0.0	0.0	0.0	0.0	6.206564924947255	0.0	0.0	0.0	0.0	0.0	0.0	0.0	0	0	Negative	-0.7259994270945045	0
2025-06-25	221.5200042724609	225.68299865722656	219.9900054931641	223.19000244140625	3550200	SNOW	0.0224088249057027	2.587841730036856	0.7412307765468277	0.6353122900681509	0.7935890557939914	-0.7259994270945045	-0.7482405800787439	2.587841730036856	-50.73614098383404	75.82858593060669	0.0	0.0	0.0	5.437714712960376	5.065456327107193	0.0	0.0	0.0	0.0	0.0	0.0	0.0	0	0	Low	0.1805678443344677	1
2025-06-26	221.9199981689453	222.7899932861328	215.52999877929688	222.0500030517578	5086100	SNOW	0.2392554934429424	3.3684380587178424	0.5624671639562799	0.6958765018096746	1.0944486764016026	0.1805678443344677	-0.0585475708289889	3.3684380587178424	43.26235141682159	76.34374494170005	0.0	0.0	0.0	5.567877555380059	5.250173936440375	0.0	0.0	0.0	0.0	0.0	0.0	0.0	0	0	Low	0.3109239577773369	1
2025-06-27	222.6100006103516	224.42999267578125	219.82000732421875	222.4250030517578	4924400	SNOW	0.2275616830295957	2.097163678446749	0.6458364710443745	0.6446612136791644	1.0296060884837337	0.3109239577773369	0.0831730048580599	2.097163678446749	-3.179253258882051	77.2447012503925	0.0	0.0	0.0	5.499456683678804	6.900688982962606	0.0	0.0	0.0	0.0	0.0	0.0	0.0	0	0	Medium	0.5210923403840001	2
2025-06-30	223.7700042724609	225.509994506836	222.6100006103516	224.3999938964844	3492400	SNOW	0.8040938328129972	1.3027239964661097	0.7521549494800067	0.7377077547923343	0.7197975234546324	0.5210923403840001	-0.2807440468621885	1.3027239964661097	-29.079684834700675	78.71252940578266	0.0	0.0	0.0	5.313780770307774	7.267150960047047	0.0	0.0	0.0	0.0	0.0	0.0	0.0	0	0	Negative	-3.4857232438806016	0
2025-07-01	215.97000122070312	223.1600036621093	214.4199981689453	218.8999938964844	5398100	SNOW	-2.176346374846029	4.076114899636167	1.0802726343192044	0.9012477776072334	1.2021851838654505	-3.4857232438806016	-1.338507426896888	4.076114899636167	54.5670599015004	53.65166793149741	0.0	0.0	0.0	5.60208257982262	2.2198042732409458	0.0	0.0	0.0	0.0	0.0	0.0	0.0	0	0	Medium	0.6343450985989063	2
2025-07-02	217.33999633789065	218.2899932861328	214.5200042724609	215.6100006103516	2363700	SNOW	-0.1666900996975241	1.7574067399717448	1.160112057264044	0.9178034712865536	0.5557802367303559	0.6343450985989063	0.8023726741068448	1.7574067399717448	-56.21237101943276	56.2843476111987	0.0	0.0	0.0	5.471218753668997	4.400040342193287	0.0	0.0	0.0	0.0	0.0	0.0	0.0	0	0	Medium	1.9094548749423768	2
2025-07-03	221.4900054931641	222.60499572753903	217.7400054931641	217.7400054931641	2761800	SNOW	0.1840476497715393	2.2343116155233487	1.059339435602108	0.8597680756855421	0.7290764714578362	1.9094548749423768	1.722237487551515	2.2343116155233487	16.842238862799846	63.11853382370671	0.0	0.0	0.0	5.456488799096095	5.91526906312552	225.80898358899657	203.41201860826908	0.8071623499188866	0.0	0.0	0.0	0.0	0	0	Medium	1.9413913433224568	2
2025-07-07	225.7899932861328	225.8600006103516	220.17999267578125	221.42999267578125	4090000	SNOW	-0.0270950453268615	2.5797112015233137	1.0589565611841496	0.8580847222341861	1.1294598475643434	1.9413913433224568	1.969019895482494	2.5797112015233137	48.09182417264103	68.59662246802704	0.0	0.0	0.0	5.47245445162997	7.80138294388634	227.38964714713956	203.40035376838784	0.9333180083401876	0.0	0.0	0.0	0.0	0	0	Negative	-1.014213806734479	0
2025-07-08	223.5	226.6000061035156	220.83999633789065	225.6000061035156	3412500	SNOW	-0.0841433138165934	2.6082276132680176	0.8674678743226313	0.7806425853648881	0.9465441776091336	-1.014213806734479	-0.9308537441049616	2.6082276132680176	-16.56479217603912	63.21180782127907	0.0	0.0	0.0	5.492994116915325	5.384759557877886	228.32667468668512	203.7293265950532	0.803772558378878	0.0	0.0	0.0	0.0	0	0	Negative	-0.7158863997832647	0
2025-07-09	221.8999938964844	224.75	220.92999267578125	224.6000061035156	2658400	SNOW	0.4921727532508262	1.7290578241337653	0.4266193866140876	0.818726076054549	0.8695310864559347	-0.7158863997832647	-1.2021425350214765	1.7290578241337653	-22.098168498168494	59.68635277442661	0.0	0.0	0.0	5.3734950602941405	4.674743217382423	228.8918808001959	204.2691192608393	0.71603969390128	0.0	0.0	0.0	0.0	0	0	Negative	-3.370885954610924	0
2025-07-10	214.4199981689453	222.3000030517578	213.2239990234375	221.8300018310547	4794700	SNOW	-0.0315421664510576	4.256558393937017	0.9491657217206098	1.0028885458174246	1.3531048573718492	-3.370885954610924	-3.3403974218748007	4.256558393937017	80.3603671381282	46.60120784255741	0.0	0.0	0.0	5.637959986581724	0.3322219048117484	228.64573023343573	205.13326909517755	0.3949705230413718	0.0	0.0	0.0	0.0	0	0	Negative	-1.6696212394489027	0
2025-07-11	210.83999633789065	215.4900054931641	209.4600067138672	213.47999572753903	3868600	SNOW	-0.4383930834033651	2.878830605373837	0.9164399483012516	0.972756566557922	1.0275602681654463	-1.6696212394489027	-1.236649542104061	2.878830605373837	-19.31507706425845	41.86999009501704	0.0	0.0	0.0	5.665962757489951	-5.512235854352335	228.48004582080736	205.52195308055985	0.231641335258126	0.0	0.0	0.0	0.0	0	0	Medium	1.2711098373741645	2
2025-07-14	213.5200042724609	214.94000244140625	208.6000061035156	209.8650054931641	2863800	SNOW	-0.462431636151259	3.03930783911123	0.910537407710758	0.9694275085043864	0.813672008182748	1.2711098373741645	1.7415951605213535	3.03930783911123	-25.973220286408523	46.26790714815645	1.204195829197772	0.0	0.0	5.714108013232859	-3.611411992462908	228.40883192448135	205.81716752620224	0.3409592410041915	0.0	0.0	0.0	0.0	0	0	Negative	-0.34189348619372	0
2025-07-15	212.7899932861328	215.1000061035156	212.25	213.75	3249100	SNOW	0.1077162434137113	1.3427590593713057	1.155634549716818	0.9633261518547096	0.9317965425074276	-0.34189348619372	-0.4491259480080409	1.3427590593713057	13.45415182624485	45.263357508190914	0.7566260604715751	0.0	0.0	5.509529305395911	-4.114097403633685	228.07482110786597	206.6121784038528	0.2878403637183445	0.0	0.0	0.0	0.0	0	0	Negative	-0.3994505717116139	0
2025-07-16	211.94000244140625	214.0	209.2530059814453	212.97999572753903	2789100	SNOW	0.0892910603886953	2.2685428084008543	1.070266725628339	0.8258178448525891	0.7939232464005739	-0.3994505717116139	-0.4883056188353136	2.2685428084008543	-14.157766766181403	44.06374096097849	0.3295379285800095	0.0	0.0	5.455062499192967	-4.793135142037808	227.84770833593703	207.1212919082036	0.2324912533724301	0.0	0.0	0.0	0.0	0	0	Negative	-0.1698596801946766	0
2025-07-17	211.5800018310547	214.02999877929688	210.3099975585937	211.75	2681800	SNOW	-0.0896491644887938	1.7688180609040074	0.7198845462346091	0.8247317419943098	0.8677616422044472	-0.1698596801946766	-0.0802824882858618	1.7688180609040074	-3.8471191423756768	43.53744229825797	-0.0375486955634301	0.0	0.0	5.33112955072941	-5.447558747223222	227.66138700425108	207.5206137281708	0.2015507571253439	0.0	0.0	0.0	0.0	0	0	High	2.509687830910291	3
2025-07-18	216.88999938964844	217.5399932861328	212.1999969482422	212.69000244140625	3384200	SNOW	0.524624539533699	2.5164921841130403	0.6575069794993312	0.8205652702823294	1.1304783538214858	2.509687830910291	1.9747035121687209	2.5164921841130403	26.19136400924752	52.54154194180658	0.0988652781785504	0.0	0.0	5.37604825818289	0.4259842402858311	227.58882496854176	208.07417551973947	0.451754149775416	0.0	0.0	0.0	0.0	0	0	Negative	-0.5717209168949889	0
2025-07-21	215.6499938964844	218.72000122070312	214.259994506836	217.0	2922500	SNOW	0.050717234847672	2.081586310189527	0.4557552587339397	0.8301729745627313	0.9724357310653704	-0.5717209168949889	-0.6221226283482012	2.081586310189527	-13.642810708586964	50.515634819967794	0.1056978361777964	0.0	0.0	5.310616719303193	-0.7775846461223199	227.45900136794992	208.56999796066336	0.3748210418073135	0.0	0.0	0.0	0.0	0	0	Negative	-1.5766260109965304	0
2025-07-22	212.25	216.6000061035156	211.3999938964844	214.90499877929688	2537000	SNOW	-0.3454649377570298	2.459797709160516	0.3043377709898968	0.8283350025149473	0.8861581881435737	-1.5766260109965304	-1.2354290474292344	2.459797709160516	-13.19076133447391	45.35203360049486	-0.1613781381711589	0.0	0.0	5.30271639699805	-4.171748279381964	227.53928321855147	208.34371543867508	0.2034992976566216	0.0	0.0	0.0	0.0	0	0	Low	0.1460530311395491	1
2025-07-23	212.5599975585937	213.6100006103516	210.3999938964844	211.7700042724609	1692500	SNOW	-0.226146396955991	1.5256686344993398	0.4296620318261331	0.8497912677081385	0.6402254501437434	0.1460530311395491	0.3730430515156375	1.5256686344993398	-33.287347260543946	45.89506950169453	-0.3440574793468158	0.0	0.0	5.153237133917274	-5.859425183105162	226.97206632421123	207.8529321499099	0.2461965780338905	0.0	0.0	0.0	0.0	0	0	Medium	1.157323457904678	2
2025-07-24	215.0200042724609	217.0	212.1100006103516	214.509994506836	2226100	SNOW	0.9173866064355644	2.3054072771568146	0.4015753703392801	0.5512349078981564	0.8721390345000509	1.157323457904678	0.2377557124074523	2.3054072771568146	31.52732644017725	50.13009276168674	-0.2870215845252346	0.1343948060109411	-0.4214163905361757	5.1344344378980695	-3.7941815335745375	226.50733521236785	207.6676632617533	0.3902584413348986	0.0	0.0	0.0	0.0	0	0	High	2.088173260700725	3
2025-07-25	219.509994506836	220.9199981689453	215.13999938964844	215.4250030517578	3259100	SNOW	0.1883540002090746	2.6866221045341243	0.4425644222685774	0.5285442979099058	1.289486595131833	2.088173260700725	1.8962476022788892	2.6866221045341243	46.40402497641615	56.77976006755968	0.1191114182569208	0.131338128460137	-0.0122267102032161	5.1891172563685215	-1.0770614940905927	226.19620899339532	207.7377891145148	0.6377688593914	0.0	0.0	0.0	0.0	0	0	Negative	-0.3826688346368314	0
2025-07-28	218.6699981689453	222.3000030517578	216.9199981689453	219.92999267578125	3441500	SNOW	0.1913344173183768	2.480179295697003	0.4490925738756197	0.4541748419470792	1.3079384624739667	-0.3826688346368314	-0.5729070835251696	2.480179295697003	5.596637108404161	55.29430859522523	0.3689411408527121	0.178858730938652	0.19008240991406	5.202752086828805	1.9820912397598984	225.6713711742929	207.86862668947668	0.6067250748153487	0.0	0.0	0.0	0.0	0	0	Low	0.0411562348032537	1
2025-07-29	218.759994506836	220.6000061035156	217.009994506836	220.3600006103516	2487900	SNOW	0.772855195297791	1.654307030806599	0.5134979710932978	0.4006711248829545	0.949065773512066	0.0411562348032537	-0.7260873566363727	1.654307030806599	-27.708847886096176	55.428848432714446	0.5676514160987836	0.2566172679706784	0.3110341481281051	5.087556337532433	3.7564021563787207	224.88463008294087	208.15436680426612	0.6339187570400245	0.0	0.0	0.0	0.0	0	0	Medium	0.6948273498943529	2
2025-07-30	220.27999877929688	222.19000244140625	217.7100067138672	218.75	3175300	SNOW	-0.0045687086702143	2.05778126378318	0.3992574718205928	0.4007320234812643	1.088184291873145	0.6948273498943529	0.6994280133928572	2.05778126378318	27.629727882953496	57.74198780763925	0.8381210447517162	0.3729180233268859	0.4652030214248303	5.044159151104336	3.165977131683604	225.2530702670645	208.21692637600196	0.7080870225346858	0.0	0.0	0.0	0.0	0	0	Medium	1.461776483814725	2
2025-07-31	223.5	229.2700042724609	220.94000244140625	225.1300048828125	6227700	SNOW	2.2017460188816087	3.7702551547965126	0.7992299418937268	0.6244956150178176	1.6748783046015652	1.461776483814725	-0.724028271425202	3.7702551547965126	96.12949957484332	62.21558207949551	1.2973424062338663	0.557802899908282	0.7395395063255845	5.326005318394315	5.033134570132599	226.05731701687503	208.0286799924023	0.8581525040742883	0.0	0.0	0.0	0.0	0	0	Negative	-8.268454464223307	0
2025-08-01	205.0200042724609	216.8000030517578	202.8699951171875	216.8000030517578	8578000	SNOW	-2.9977614980949383	6.866470286314971	2.1120322947047443	1.5618849728932258	1.7937801124197	-8.268454464223307	-5.43357869625334	6.866470286314971	37.73945437320359	37.608365147005536	0.168158999999008	0.4798741199264272	-0.3117151199274192	6.419148144424185	-3.2650741196714246	226.39302451218688	206.04597237502017	-0.0504234272189821	0.0	0.0	0.0	0.0	0	0	Medium	1.6876360272044362	2
2025-08-04	208.47999572753903	210.4100036621093	205.6499938964844	207.6999969482422	3422700	SNOW	1.3071859428018096	2.314617022561584	2.1306044119519902	1.5518672079542248	0.7162977782986489	1.6876360272044362	0.3755410643993502	2.314617022561584	-60.0990906971322	42.21649839301929	-0.4424344814038363	0.2954123996603745	-0.7378468810642109	6.3456375190830565	-1.4651697120179576	225.05788328601025	205.65011384533744	0.14581180443493	0.0	0.0	0.0	0.0	0	0	Negative	-1.2998808090056722	0
2025-08-05	205.7700042724609	209.88999938964844	204.6600036621093	208.25	4003900	SNOW	-0.1103202859998202	2.5554556991867328	1.9863671336991715	1.5497476068447449	0.7879335316991766	-1.2998808090056722	-1.190874298938339	2.5554556991867328	16.98074619452479	39.74071890443352	-1.1319593537752155	0.0099380489732565	-1.141897402748472	6.265948819687063	-5.127020677984406	224.2716291654888	204.66336839310495	0.056437227768539	0.0	0.0	0.0	0.0	0	0	High	2.318116787982344	3
2025-08-06	210.5399932861328	211.0	205.8000030517578	205.97000122070312	3236600	SNOW	0.0971944132233185	2.526723455360888	1.9100912900734743	1.4878249929323253	0.6354023927221042	2.318116787982344	2.2187658583022496	2.526723455360888	-19.1638152801019	45.76922499236875	-1.2787736275764132	-0.2478042863366774	-1.0309693412397358	6.191952170247922	-2.369580688606222	223.21975301768973	204.5792444798689	0.3197739371846966	0.0	0.0	0.0	0.0	0	0	Negative	-1.966371958614995	0
2025-08-07	206.3999938964844	215.38999938964844	200.8000030517578	215.0	4619400	SNOW	2.118365562881846	7.265934320792783	2.5255225042060103	1.998712613916028	0.9679974518662564	-1.966371958614995	-4.000002838844464	7.265934320792783	42.723846011246366	41.85537170009416	-1.7094824985028367	-0.5401399287699093	-1.1693425697329274	6.791812467936687	-2.7561866212087613	223.3685677156879	203.6284293546246	0.1404024881267613	0.0	0.0	0.0	0.0	0	0	Negative	-7.107557462575702	0
2025-08-08	191.72999572753903	206.3999938964844	191.3300018310547	205.7899932861328	8616100	SNOW	-0.2955429401114827	7.876439618046202	2.806305485829217	2.417637409822876	1.802629431726412	-7.107557462575702	-6.832206626803565	7.876439618046202	86.51989435857472	31.557489918172337	-3.1977074507570364	-1.0716534331673349	-2.1260540175897016	7.383111010614761	-9.799586973232213	226.22241225324936	198.863584756028	-0.2607417671394516	0.0	0.0	0.0	0.0	0	0	Low	0.0365134959468019	1
2025-08-11	191.8000030517578	196.72999572753903	191.1199951171875	192.1600036621093	5214000	SNOW	0.2242778616556823	2.9353289837160657	2.6966143837580137	2.391308455253108	1.014791747761775	0.0365134959468019	-0.1873441941562906	2.9353289837160657	-39.48538201738606	31.64392139658146	-4.32166992081045	-1.721656730695958	-2.600013190114492	7.256460267738817	-10.798995795423783	227.83601672898868	195.07798015821837	-0.1000663485852943	0.0	0.0	0.0	0.0	0	0	Medium	0.6569314321104923	2
2025-08-12	193.0599975585937	194.0	188.0	191.75	3942400	SNOW	-0.0260704123890545	3.191489361702128	2.586941893518972	2.2714323974501496	0.7691437267104981	0.6569314321104923	0.6831799523304788	3.191489361702128	-24.38818565400844	33.277089362284826	-5.052505115653872	-2.387826407687541	-2.664678707966331	7.166713105757473	-12.049563851371056	228.68351779029356	192.2574795241596	0.0220314388452238	0.0	0.0	0.0	0.0	0	0	Medium	1.9734785076009715	2
2025-08-13	196.8699951171875	198.2400054931641	193.0	194.125	4429400	SNOW	0.551643248147809	2.715028752934762	2.5473845693372543	2.213382275551824	0.8257243310354084	1.9734785076009715	1.4140348317772051	2.715028752934762	12.352881493506493	38.093573935411605	-5.263586957473535	-2.96297851764474	-2.300608439828795	7.029091133429374	-9.969361702246433	228.8482780644161	190.5857185176151	0.164240883882474	0.0	0.0	0.0	0.0	0	0	Negative	-1.0006609791047372	0
2025-08-14	194.8999938964844	197.5	193.7050018310547	195.94000244140625	2791000	SNOW	-0.4723892410459343	1.9591637454231707	2.360102445080874	2.323948695939701	0.5583585738349691	-1.0006609791047372	-0.5307790813327411	1.9591637454231707	-36.989208470673226	36.62153852453535	-5.526131666448464	-3.475609147405485	-2.0505225190429788	6.7980844931090845	-10.906930521798854	229.0433105537828	188.7226852347914	0.1532046840251611	0.0	0.0	0.0	0.0	0	0	High	2.14469372266393	3
2025-08-15	199.0800018310547	200.33999633789065	194.8000030517578	195.25	3344900	SNOW	0.1795824086590235	2.8439390140362986	0.464360336984961	2.11541011021144	0.8480252716550805	2.14469372266393	1.9615886458666771	2.8439390140362986	19.845933357219632	41.76380766434618	-5.335405302158847	-3.847568378356158	-1.4878369238026892	6.708220835467925	-9.62411343096243	228.2326456979347	187.75235033478012	0.2798312461569895	0.0	0.0	0.0	0.0	0	0	Negative	-0.4219390848727452	0
2025-08-18	198.2400054931641	198.63999938964844	196.1100006103516	197.47000122070312	2378900	SNOW	-0.8087204116653856	1.290091668666948	0.7663245826398021	2.2083394567491035	0.704375066620871	-0.4219390848727452	0.3899348091867218	1.290091668666948	-28.87978713862896	41.04313409056702	-5.192181729716253	-4.116491048628177	-1.0756906810880764	6.441205148699008	-11.302010965027252	227.46720133939792	186.7767958529849	0.2817177539311293	0.0	0.0	0.0	0.0	0	0	Negative	-2.8299033771692668	0
2025-08-19	192.6300048828125	199.9499969482422	191.3209991455078	199.38999938964844	3582700	SNOW	0.5801018283991128	4.510219913796108	1.2070550646487976	2.2003723033544	1.0838995818937611	-2.8299033771692668	-3.390337794036269	4.510219913796108	50.60321997561898	36.5116526964275	-5.468320783132981	-4.386856995529138	-1.0814637876038429	6.597476052558677	-6.043312423885595	227.27916643490897	185.0028312457551	0.180412365521555	0.0	0.0	0.0	0.0	0	0	Medium	1.126510986834809	2
2025-08-20	194.8000030517578	197.7700042724609	189.9900054931641	197.6100006103516	4945600	SNOW	2.58526480885919	4.094951605007847	1.3686643330894714	2.162106772952117	1.450909752333789	1.126510986834809	-1.4219915742698397	4.094951605007847	38.04114215535769	39.30321002056005	-5.449246731356908	-4.599334942694692	-0.8499117886622161	6.681941961611401	-6.56177712784468	226.7274230512424	183.77857517873807	0.2566175443340724	0.0	0.0	0.0	0.0	0	0	Negative	-0.0616069682220056	0
2025-08-21	194.67999267578125	195.2899932861328	191.2400054931641	192.8099975585937	2848400	SNOW	-1.0215633788441885	2.117751347331711	1.3418359592303717	1.8541859201173612	0.8328411449957603	-0.0616069682220056	0.9698641879912256	2.117751347331711	-42.405370430281465	39.20055295779266	-5.381776473133243	-4.755823248782402	-0.625953224350841	6.4939452352797815	-5.389518086414252	225.6904278624501	182.7815692078624	0.2772952681799357	0.0	0.0	0.0	0.0	0	0	Medium	1.0941056929048374	2
2025-08-22	196.8099975585937	199.9100036621093	193.8699951171875	195.1600036621093	3107900	SNOW	0.2465641074516819	3.1154942471994285	1.3408829564654958	0.9588468311334551	0.9214872357458416	1.0941056929048374	0.8454569919670242	3.1154942471994285	9.110377755933156	42.09156008906466	-5.097669454264917	-4.8241924898789055	-0.2734769643860115	6.461521185968496	-6.52132429247277	223.5829357703921	182.6190616050962	0.34642563094093	0.0	0.0	0.0	0.0	0	0	Negative	-1.082264574582043	0
2025-08-25	194.67999267578125	200.47000122070312	194.6699981689453	199.0	3770600	SNOW	1.1127495902510265	2.9794026333345167	0.9501204314248688	0.9592441760463504	1.0327468337788686	-1.082264574582043	-2.1708579518687188	2.9794026333345167	21.323079893175457	40.0411498705003	-4.986900305298804	-4.856734052962885	-0.1301662523359184	6.4142698906677325	-5.678295332983912	221.381192006762	182.42180481940983	0.3146401609815596	0.0	0.0	0.0	0.0	0	0	Negative	-0.1695020467846487	0
2025-08-26	194.3500061035156	196.5	193.4199981689453	195.1999969482422	4665900	SNOW	0.2671071974647899	1.5923905801945144	0.9657128112889772	1.03237333795374	1.2063821205477183	-0.1695020467846487	-0.4354461362783567	1.5923905801945144	23.744231687264627	39.718347099646	-4.869608301984158	-4.85930890276714	-0.0102993992170183	6.176107886409658	1.3665104231785254	218.79351445258771	182.56848353325208	0.3252315393877262	0.0	0.0	0.0	0.0	0	0	High	3.107791662695288	3
2025-08-27	200.38999938964844	202.5399932861328	196.6600036621093	201.75	17841900	SNOW	3.807560413732627	2.989926530320932	0.6710357739183967	1.0358258998854024	2.767498999525356	3.107791662695288	-0.6741019134332403	2.989926530320932	282.3892496624445	47.98425246272294	-4.240395919844019	-4.735526306182516	0.4951303863384968	6.31995640756734	4.478621585617279	215.4122700108341	183.9607280360409	0.5223677543941964	0.0	0.0	0.0	0.0	0	0	Very High	20.26548267580331	4
2025-08-28	241.0	249.9900054931641	218.08999633789065	222.0	42167400	SNOW	10.783971593478569	14.626993301357205	5.383931290678646	3.859526030416719	2.9465562228088835	20.26548267580331	8.558558558558559	14.626993301357205	136.33917912329966	73.89890013051249	-0.4595554473147842	-3.8803321344089694	3.420776687094185	9.411388528706508	24.831660130347053	222.29124545509157	178.83175259178347	1.4304871804130936	0.0	0.0	0.0	0.0	0	0	Negative	-0.97095283729905	0
2025-08-29	238.6600036621093	241.5	233.2899932861328	236.92999267578125	11742100	SNOW	-1.6887997195928424	3.5192279781145697	5.350384582819843	3.842608601847493	0.732161585476113	-0.97095283729905	0.7301781284800926	3.5192279781145697	-72.15360681474314	71.68278559099842	2.3212122286790877	-2.640023261791358	4.961235490470445	9.32557554193227	21.227210637175133	229.57825601990095	174.90874196593884	1.1661208774097402	0.0	0.0	0.0	0.0	0	0	Negative	-2.1201698989988915	0
2025-09-02	233.6000061035156	235.259994506836	228.3999938964844	234.0	7218000	SNOW	-1.9525700119852687	3.003502974461849	5.3479600451424405	3.741062781553039	0.4315163573275877	-2.1201698989988915	-0.1709375626001724	3.003502974461849	-38.52888324916327	67.00358078808921	4.069777272391292	-1.298063154954828	5.36784042734612	9.3923208436246	19.85634346791494	233.991238095184	173.0077609282535	0.9935846230840945	0.0	0.0	0.0	0.0	0	0	Negative	-1.82791274010872	0
2025-09-03	229.3300018310547	236.5	227.843994140625	234.8500061035156	6749000	SNOW	0.5351027257448295	3.799093275213796	5.0649041245587805	3.7424305900766415	0.3936727703736887	-1.82791274010872	-2.350438206941259	3.799093275213796	-6.497644776946522	63.25134899875455	5.052729290346804	-0.0279046658945016	5.080633956241305	9.339726916178202	15.19489638425414	237.18299613455156	172.17200264474533	0.8792051331329339	0.0	0.0	0.0	0.0	0	0	Negative	-3.239876106591541	0
2025-09-04	221.8999938964844	224.0500030517578	215.0500030517578	222.6999969482422	13280000	SNOW	-2.8910324989648606	4.185073179391631	4.938272936581989	3.7423011733629674	0.81817229673532	-3.239876106591541	-0.3592290357972987	4.185073179391631	96.76989183582752	57.24419520106675	5.172560246496119	1.0121883165836223	4.160371929912496	9.692603477829536	11.935022068053856	238.5286170470436	171.96238179328844	0.7501943276922644	0.0	0.0	0.0	0.0	0	0	Medium	1.658408308152994	2
2025-09-05	225.5800018310547	226.5	221.19000244140625	223.9199981689453	5889400	SNOW	0.9103219143860068	2.4006498937493257	0.697142681934102	3.725904605269794	0.656149381106766	1.658408308152994	0.7413378330134317	2.4006498937493257	-55.65210843373494	59.30566544652815	5.501060229752625	1.9099626992174228	3.591097530535202	9.379560197884125	17.1053294466184	240.65038517467545	171.75861445911363	0.7812455219674515	0.0	0.0	0.0	0.0	0	0	Low	0.4167046873730521	1
2025-09-08	226.5200042724609	230.9499969482422	225.9949951171875	226.83999633789065	4519500	SNOW	0.5585577163793194	2.1925272409175784	0.8641060458991583	3.7675365070838143	0.6001051628031729	0.4167046873730521	-0.1410650990106253	2.1925272409175784	-23.26043400006792	59.83833588398026	5.770727816179686	2.6821157226098755	3.088612093569811	9.093162692120078	16.283367928015473	242.8016717335861	173.08632875469516	0.766455033204741	0.0	0.0	0.0	0.0	0	0	Negative	-0.4238065935724196	0
2025-09-09	225.5599975585937	225.8300018310547	222.1000061035156	223.0	3949400	SNOW	-1.5539485281957734	1.6794217132081606	1.0825466223164328	3.833456974898092	0.5742527037598183	-0.4238065935724196	1.1479809679792343	1.6794217132081606	-12.614227237526274	58.98910376084696	5.839660827616882	3.3136247436112773	2.5260360840056046	8.759365226179023	15.861930370133	244.468745405618	174.79525453334685	0.7286091509080729	0.0	0.0	0.0	0.0	0	0	Low	0.1285726849001973	1
2025-09-10	225.8500061035156	232.2100067138672	224.0200042724609	229.8999938964844	5142100	SNOW	1.9240984149963516	3.655924598343152	1.0526933490893626	3.744019504779892	0.7843253895620553	0.1285726849001973	-1.7616302307482308	3.655924598343152	30.19952397832582	59.1775844291999	5.850253916199705	3.820950578128963	2.0293033380707417	8.718696455838112	14.755352322117782	245.9201003365494	176.62290045690764	0.7103765481449124	0.0	0.0	0.0	0.0	0	0	Negative	-0.5844619386964782	0
2025-09-11	224.52999877929688	228.6600036621093	223.41099548339844	226.1100006103516	4152500	SNOW	0.1151182199733167	2.3494851573233797	0.7291637375864962	3.772487442926073	0.8777993396158611	-0.5844619386964782	-0.6987757404757539	2.3494851573233797	-19.24505552206297	57.87381763934002	5.686584054710664	4.194077273445304	1.4925067812653603	8.47086157890045	15.332857626118583	247.10085894719495	178.20814221247298	0.6723766859883119	0.0	0.0	0.0	0.0	0	0	Negative	-1.505368948999491	0
2025-09-12	221.1499938964844	224.81500244140625	220.8099975585937	224.5	2634700	SNOW	-0.0133606998886427	1.8137787813478856	0.7852949233462078	0.8901858278408811	0.6458167877557823	-1.505368948999491	-1.4922076184924706	1.8137787813478856	-36.55147501505117	54.55917908300855	5.223918285915573	4.400045475939358	0.8238728099762156	8.151871814894173	13.78954821266868	247.59810462947064	180.3358965301973	0.6067909234565856	0.0	0.0	0.0	0.0	0	0	High	2.0981232275413464	3
2025-09-15	225.7899932861328	228.5399932861328	222.01499938964844	222.01499938964844	3722300	SNOW	0.3911397318730764	2.9389878676767487	0.8208221837878166	0.8608596700104846	0.9495178817407276	2.0981232275413464	1.7003328184412687	2.9389878676767487	41.27984210726079	58.10639074180413	5.172041429356739	4.554444666622834	0.6175967627339043	8.097452355948047	12.675280190552495	248.58235904831628	182.02264125685952	0.6575651682659482	0.0	0.0	0.0	0.0	0	0	Negative	-4.358030307136273	0
2025-09-16	215.9499969482422	222.34500122070312	215.9499969482422	221.2400054931641	7212200	SNOW	-2.015141471394944	2.961335662344862	0.6960271116914912	0.8598648358054648	1.577209387765813	-4.358030307136273	-2.3910723257893585	2.961335662344862	93.75654837063108	49.31458619466645	4.287499552627253	4.501055643823718	-0.2135560911964651	8.22191978322966	-10.394192137658845	248.53410730825976	183.84189214242383	0.4963209981836377	0.0	0.0	0.0	0.0	0	0	Medium	0.9307755471312876	2
2025-09-17	217.9600067138672	219.009994506836	214.3000030517578	217.1999969482422	4366300	SNOW	0.5788377020906343	2.19784945777188	0.4947240903449961	0.7996325827287039	0.9883873596522998	0.9307755471312876	0.3499124200292263	2.19784945777188	-39.45952691273121	50.9472814104546	3.705964678343463	4.342037450727667	-0.6360727723842041	7.971067759790269	-8.673425220234556	247.9419851738642	186.96701445992483	0.5082903999961594	0.0	0.0	0.0	0.0	0	0	Medium	1.9040162271294196	2
2025-09-18	222.1100006103516	222.25	218.509994506836	219.9949951171875	3752600	SNOW	0.9336522025308054	1.7115947037594206	0.5991002016614055	0.6329152391392033	0.8651288033529908	1.9040162271294196	0.9613880043214004	1.7115947037594206	-14.05537869592103	54.225794434076384	3.5391666155518067	4.181463283692495	-0.6422966681406885	7.708133868814736	-4.918666606572099	247.5204856927336	190.11951369691485	0.5573161185452927	0.0	0.0	0.0	0.0	0	0	High	3.768400834805704	3
2025-09-19	230.47999572753903	231.94000244140625	222.57000732421875	223.3099975585937	7774900	SNOW	0.5402714623135143	4.209909156150669	0.9460872819970336	0.8556535254584943	1.4490109324854723	3.768400834805704	3.210782431298905	4.209909156150669	107.1870170015456	60.02845534916187	4.035843907720903	4.152339408498177	-0.1164955007772743	7.859695866117588	0.5014581115869596	247.4715822291674	193.7484174656568	0.6837195541918399	0.0	0.0	0.0	0.0	0	0	Negative	-0.4078455652686845	0
2025-09-22	229.5399932861328	230.1300048828125	225.3300018310547	228.9100036621093	3217100	SNOW	-0.6811836578154504	2.130210363800868	0.9855412949969884	0.858937475720402	0.6110792421865205	-0.4078455652686845	0.2752127971451353	2.130210363800868	-58.621975845348494	59.12200506018637	4.304000065431012	4.182671539884744	0.1213285255462679	7.6661457254295	3.442992158536265	247.0152908158824	197.4777084516957	0.6472315220941545	0.0	0.0	0.0	0.0	0	0	Negative	-2.613923575627497	0
2025-09-23	223.5399932861328	231.49200439453125	222.8800048828125	230.1600036621093	4939300	SNOW	0.270109956483097	3.863962366766292	1.1306095297356364	0.8860932542780569	1.0268729573974438	-2.613923575627497	-2.876264455441662	3.863962366766292	53.53268471604862	53.56228561562177	3.986413008760195	4.143419833659834	-0.1570068248996392	7.733706710164446	-0.9043392713728736	244.98541909180267	202.39358023681064	0.4964897881332889	0.0	0.0	0.0	0.0	0	0	Negative	-0.4339205471266492	0
2025-09-24	222.57000732421875	228.0599975585937	221.1199951171875	226.8000030517578	3259400	SNOW	1.458356385227302	3.138568467192749	1.07766484479054	0.8435659428108374	0.7103163014910671	-0.4339205471266492	-1.865077456182282	3.138568467192749	-34.01089223169275	52.699487874836784	3.614784235104622	4.037692713948792	-0.4229084788441692	7.677013548110286	-1.7437740039467138	241.6426270284609	208.55837242222267	0.4235136946187718	0.0	0.0	0.0	0.0	0	0	Negative	-0.4358184790325985	0
2025-09-25	221.6000061035156	225.4100036621093	217.2700042724609	219.5	3006200	SNOW	-1.3793445761749277	3.746490187131704	0.8170667549386464	0.887778024458139	0.6771666313764535	-0.4358184790325985	0.9567225984125723	3.746490187131704	-7.768300914278702	51.800863056083614	3.2050489534083795	3.871163961840709	-0.66611500843233	7.710083965363006	-1.755626661615569	238.38688479858297	213.93511532348737	0.313469779266282	0.0	0.0	0.0	0.0	0	0	Medium	1.371838087726755	2
2025-09-26	224.63999938964844	225.9709930419922	220.2949981689453	222.3099975585937	3014800	SNOW	0.320393247077096	2.576542781372606	0.744510543896594	0.8167514195040307	0.8644934850431272	1.371838087726755	1.0480868411869924	2.576542781372606	0.28607544408223	54.42384170857268	3.0900130950938944	3.7149337884913463	-0.6249206933974523	7.564791887340426	-0.5357567771384373	235.50268832233292	215.1833117387022	0.4654024503175225	0.0	0.0	0.0	0.0	0	0	Low	0.2715458564854642	1
2025-09-29	225.25	230.3300018310547	224.07000732421875	226.94000244140625	4429100	SNOW	1.023861760152675	2.793767261219401	0.5688029850704196	0.8182102030097522	1.1875026811376603	0.2715458564854642	-0.7446912942739535	2.793767261219401	46.91190128698421	54.95357606734124	3.013332478777585	3.5746135265485943	-0.5612810477710095	7.471592074447249	0.3206703890872304	232.7937187744601	216.5512809203641	0.5355550169115942	0.0	0.0	0.0	0.0	0	0	Low	0.13318670444298	1
2025-09-30	225.5500030517578	227.5	221.5200042724609	225.83999633789065	3420000	SNOW	0.2619295617716552	2.6995285356639536	0.4712146610333646	0.8213860378780897	0.9982778248051608	0.13318670444298	-0.1284065226865162	2.6995285356639536	-22.783409722065432	55.229186403368	2.942846968940387	3.448260215026953	-0.5054132460865661	7.365049478239523	1.9896040138861408	231.30705164531344	217.23294774433495	0.5909474141969789	0.0	0.0	0.0	0.0	0	0	High	2.2168033395471207	3
2025-10-01	230.5500030517578	231.8600006103516	222.63999938964844	223.8800048828125	4678300	SNOW	-0.7404115035911091	4.141215076347073	0.7050483082083506	0.8638038233912941	1.2611060792305535	2.2168033395471207	2.979273728547866	4.141215076347073	36.79239766081872	59.65923348691276	3.2529469601626038	3.4091975640540837	-0.1562506038914799	7.497546031272639	2.1081579818255576	231.56094997926945	217.1010495324493	0.9300861765107152	0.0	0.0	0.0	0.0	0	0	High	4.333112167485973	3
2025-10-02	240.5399932861328	241.11700439453125	234.009994506836	235.0	6623100	SNOW	1.9301656427404927	3.0370539953530247	0.6331596219147664	0.7159218583991298	1.494024443612313	4.333112167485973	2.3574439515458776	3.0370539953530247	41.5706560075241	66.74047142255884	4.255754471011471	3.578508945445561	0.67724552556591	7.716792839236982	11.386893579713378	235.2710974874418	215.25490196324176	1.2632316312218668	0.0	0.0	0.0	0.0	0	0	Negative	-2.265734223148144	0
2025-10-03	235.08999633789065	242.5	233.2400054931641	242.5	4073700	SNOW	0.8148361056681639	3.9701570437097695	0.6779960203566178	0.6828490495304336	0.8770377451107035	-2.265734223148144	-3.055671613240968	3.9701570437097695	-38.49254880645015	60.50105635124601	4.558173653486165	3.7744418870536816	0.7837317664324823	7.827021529779762	7.859235224979286	236.62663497877816	214.85036392258905	0.9294351802968228	0.0	0.0	0.0	0.0	0	0	High	3.160495150925622	3
2025-10-06	242.5200042724609	245.75900268554688	239.5	240.3600006103516	5131200	SNOW	2.241696522418782	2.6133622904162315	0.7172224057376578	0.6113259445691671	1.0722928325733607	3.160495150925622	0.8986535432785705	2.6133622904162315	25.959201708520503	65.26821314826097	5.33587394617723	4.086728298878392	1.249145647298838	8.030020445342368	9.189142139490905	239.6607372986091	213.41626160275808	1.1089473840890576	0.0	0.0	0.0	0.0	0	0	Negative	-3.179121960267389	0
2025-10-07	234.8099975585937	244.1499938964844	231.07000732421875	243.27999877929688	4898700	SNOW	0.3133739458383583	5.660616331704562	1.179171826856853	0.9687231084027568	0.9641212359771698	-3.179121960267389	-3.481585524170917	5.660616331704562	-4.53110383536015	57.51148298129456	5.269332341382494	4.323249107379213	0.9460832340032814	8.390732311551174	1.8786887848494032	240.59620243323576	213.40579646813143	0.7871968192726517	0.0	0.0	0.0	0.0	0	0	Very High	6.558498068818654	4
2025-10-08	250.2100067138672	251.8099975585937	237.0500030517578	239.0399932861328	7518200	SNOW	1.80145469593286	6.226532088933643	1.589918749226303	1.298725292382444	1.3308951350509295	6.558498068818654	4.67286384766744	6.226532088933643	53.47337048604732	66.16184911234272	6.385639992845682	4.735727284472507	1.6499127083731755	9.005680003583233	9.00497256788197	245.1412361634748	211.29676279892752	1.1497665658967529	0.0	0.0	0.0	0.0	0	0	Low	0.1838421496883447	1
2025-10-09	250.6699981689453	253.6000061035156	245.2700042724609	249.96499633789065	6562600	SNOW	-0.0979218933704441	3.396257873344028	1.5253006899605632	1.3034402492063777	1.1642255999772924	0.1838421496883447	0.282040222184418	3.396257873344028	-12.710489212843502	66.38201400956501	7.224163653595497	5.233414558297104	1.9907490952983924	8.957417276974052	12.136532923701887	248.9583647681036	210.09363413326363	1.044040788984843	0.0	0.0	0.0	0.0	0	0	Negative	-3.3909123796583	0
2025-10-10	242.1699981689453	255.38999938964844	241.1199951171875	253.0	5050300	SNOW	0.9295096533588056	5.918216888452377	1.640967217591911	1.4045710718240745	0.8659339528822743	-3.3909123796583	-4.280633134804225	5.918216888452377	-23.04422027854813	58.7723054208261	7.120737306278727	5.610879107893429	1.509858198385298	9.336887776651688	8.806213865184075	250.35428620574623	210.79971312286705	0.7930887025464212	0.0	0.0	0.0	0.0	0	0	High	2.1059611603736617	3
2025-10-13	247.2700042724609	248.3560028076172	243.2700958251953	246.19000244140625	2655608	SNOW	1.6599926922642407	2.090642076318503	1.8191342655742175	1.489250941962481	0.4975768030228356	2.1059611603736617	0.4386863074635623	2.090642076318503	-47.41682672316496	61.61552048110288	7.365395358020038	5.961782357918751	1.403613000101287	9.111824695367416	11.583933872706725	252.57169209460812	210.73030833263792	0.8732908105451818	0.3663777777777778	0.0923036118992936	0.2519349304540755	0.1745258616628389	0	0	Negative	-2.6044414324958467	0
2025-10-14	240.8300018310547	244.3600006103516	238.0	244.0399932861328	4084300	SNOW	-1.3062688278069607	2.6722691640132736	1.89680977841972	1.4918683554631775	0.7893584973573508	-2.6044414324958467	-1.3153546727541758	2.6722691640132736	53.79905467975695	56.33252878967594	6.959410498867385	6.161307986108478	0.7981025127589065	9.12312323658838	7.207088000977041	252.8707786849089	212.91922223061843	0.698615575399913	0.0	0.0	0.0	0.0	0	0	Low	0.0124564128508988	1
2025-10-15	240.8600006103516	244.3260040283203	240.1100006103516	243.88999938964844	3025600	SNOW	1.270604798126596	1.755863315668561	1.659545468541927	1.6447794483595648	0.7076298665457222	0.0124564128508988	-1.2423628631266668	1.755863315668561	-25.921210488945476	56.35130307109452	6.564414736923965	6.241929336271576	0.3224854006523889	8.772614678115547	6.93007796242024	253.0627511743407	215.01724913083507	0.6792590474943644	0.0	0.0	0.0	0.0	0	0	Low	0.4213240151204179	1
2025-10-16	241.8748016357422	251.7400054931641	237.009994506836	246.0	6962000	SNOW	2.134019503704802	6.214932419612897	2.160248024675551	1.7952554298580954	1.5984161491367728	0.4213240151204179	-1.6769099041698423	6.214932419612897	130.10312004230568	57.02441772960354	6.261089766065851	6.245761422230432	0.015328343835419	9.198142985845012	7.237773603682133	253.5152742515461	216.5412061561688	0.6851719809198046	0.0	0.0	0.0	0.0	0	0	Negative	-0.4691667486252135	0
2025-10-17	240.7400054931641	241.1100006103516	236.0	236.7899932861328	2379400	SNOW	-2.1022480701677133	2.165254495911691	1.8379855947439112	1.892482385710242	0.6226543823835861	-0.4691667486252135	1.6681499721393014	2.165254495911691	-65.82303935650675	55.98471572914666	5.861565498138674	6.168922237412081	-0.3073567392734073	8.960761460837668	4.419866539372221	254.06434239939188	217.01813898488547	0.6403319185735968	0.0	0.0	0.0	0.0	2025-10-22 17:57:51.468469+00:00	2025-10-22 17:57:51.471391+00:00	High	2.047849365825993	3
2025-10-20	245.6699981689453	246.6499938964844	241.0200042724609	243.7700042724609	2854800	SNOW	1.258618721508194	2.335901387529259	1.811404230816555	1.9148774817999652	0.7393518110856154	2.047849365825993	0.7794207093506003	2.335901387529259	19.979826847104317	59.44422010379871	5.875025211099768	6.110142832149619	-0.2351176210498513	8.742849099586428	2.13270351126606	255.1578147745508	217.53766709800783	0.7477995916661074	0.0	0.0	0.0	0.0	2025-10-22 17:57:51.468469+00:00	2025-10-22 17:57:51.471391+00:00	Medium	0.7530451896056767	2
2025-10-21	247.5200042724609	249.1000061035156	242.5500030517578	246.0	2404600	SNOW	0.1343272819287228	2.700475353265643	1.8100595554791856	1.829694322681431	0.6821018472291562	0.7530451896056767	0.617887915634516	2.700475353265643	-15.769931343701836	60.69273790300677	5.9661975504683085	6.081353775813358	-0.1151562253450491	8.586217239027238	5.287340222127031	255.99192194469697	219.10156102649444	0.7703487452719437	0.0	0.0	0.0	0.0	2025-10-22 17:57:51.468469+00:00	2025-10-22 17:57:51.471391+00:00	Negative	-3.664353251317333	0
2025-10-22	238.4499969482422	249.2669982910156	238.259994506836	245.97000122070312	2107095	SNOW	-0.626213245395551	4.6197448325148	1.7566354185591266	1.62770402696856	0.6305686623000684	-3.664353251317333	-3.057285130357589	4.6197448325148	-12.372328037927309	52.2069955493604	5.246104667409469	5.91430395413258	-0.6681992867231115	8.759130563680978	-1.6782150967003289	255.45814738021912	221.22333455337463	0.5031913707838248	0.0	0.0	0.0	0.0	2025-10-22 17:57:51.468469+00:00	2025-10-22 17:57:51.471391+00:00	Very High	5.674145083857417	4
2025-10-23	251.97999572753903	252.2899932861328	243.3500061035156	243.6000061035156	2471597	SNOW	2.1597857920674524	3.6737156188170985	1.0315019315621885	1.6302429945149133	1.0114993322688486	5.674145083857417	3.440061335820508	3.6737156188170985	17.29879288783847	60.97285819930242	5.701460805043297	5.871735324314724	-0.1702745192714267	9.122049547553097	7.312294343285276	256.1364593421689	223.5830215538272	0.8723187504295349	0.129567	0.0	129567000.0	0.0647835	2025-10-23 19:17:54.754252+00:00	2025-10-23 19:17:54.757123+00:00	High	2.3652697892382117	3
2025-10-24	257.94000244140625	259.75	252.69729614257807	256.7699890136719	4608306	SNOW	1.900941887193365	2.7909692604873078	0.9220439886198984	1.3769013185622498	1.594967132983599	2.3652697892382117	0.455665957002505	2.7909692604873078	86.4505418965956	64.0967618025406	6.468689530449069	5.991126165541593	0.4775633649074757	9.025474885046515	3.0894031094363297	258.04423657052405	225.00524463064784	0.996845117753366	0.13851	0.0	138510000.0	0.069255	2025-10-24 23:31:55.859965+00:00	2025-10-24 23:31:55.862915+00:00	High	3.1131265811013447	3
2025-10-27	265.9700012207031	267.79998779296875	261.8599853515625	263.1499938964844	4773874	SNOW	2.019846245547597	2.2683887473038107	0.9386485465268036	1.363477046320759	1.4585201086775863	3.1131265811013447	1.071634957106653	2.2683887473038107	3.5928169700536383	67.83269396943822	7.636647100776997	6.320230352588674	1.316416748188323	9.085082775511944	6.103643500825333	261.5288590700821	225.59262225316	1.123583951576412	0.138923	0.0	138923000.0	0.0694615	2025-10-27 23:31:49.157866+00:00	2025-10-27 23:31:49.160518+00:00	Low	0.4060557834751624	1
2025-10-28	267.04998779296875	270.94000244140625	264.5	266.1099853515625	3771182	SNOW	0.0526315487524532	2.43478353172259	0.9813028596519812	1.3741634876596862	1.063379910753712	0.4060557834751624	0.3532383199241458	2.43478353172259	-21.0037382637246	68.31030135178591	8.550839030863926	6.766352088243726	1.7844869426202008	8.896148465932965	10.273770414230414	264.3734666582036	226.89801313915967	1.071420646941738	0.142	0.0	142000000.0	0.071	2025-10-28 23:33:41.786510+00:00	2025-10-28 23:33:41.789156+00:00	Medium	0.9923327224103596	2
2025-10-29	269.70001220703125	272.3900146484375	264.20001220703125	268.29998779296875	3698703	SNOW	0.4680771605086408	3.099925080619768	0.5601490243677623	1.2917825196453872	0.957039871635097	0.9923327224103596	0.5218130740813959	3.099925080619768	-1.9219173192914047	69.50670279809614	9.38103876945138	7.289289424485256	2.0917493449661237	8.845709464181057	9.071058982898409	267.7445956718845	227.44188504100612	1.0485182387124252	0.167448	0.0	167448000.0	0.083724	2025-10-29 23:34:00.528806+00:00	2025-10-29 23:34:00.531718+00:00	Medium	0.54875061244488	2
2025-10-30	271.17999267578125	273.2900085449219	261.315185546875	263.5899963378906	4322454	SNOW	-2.265485944602168	4.582520902099973	0.9228406319434814	0.9233194197202588	1.0206734802334825	0.54875061244488	2.8794705578132653	4.582520902099973	16.864046667169546	70.18372513242853	10.042634855373706	7.839958510662947	2.202676344710759	9.069217573742902	12.60224665281424	271.44129606100034	226.80918459085512	0.9941453949496905	0.11573	0.0	115730000.0	0.057865	2025-10-30 23:37:01.543143+00:00	2025-10-30 23:37:01.546055+00:00	Medium	1.364411942976534	2
2025-10-31	274.8800048828125	275.260009765625	265.69000244140625	274.94000244140625	4783040	SNOW	1.3865365687653852	3.601944836569176	0.9402610701349564	0.8780533625262044	1.1201890764046871	1.364411942976534	-0.021822055015998	3.601944836569176	10.655659956126774	71.86550660915816	10.74169105481539	8.420305019493437	2.3213860353219538	9.104988270205462	14.12438934910424	275.10302665455043	227.12645485179723	0.9953514441870744	0.152934	0.0	152934000.0	0.076467	2025-10-31 23:31:18.354370+00:00	2025-10-31 23:31:18.357139+00:00	Medium	0.8221804880236716	2
2025-11-03	277.1400146484375	280.56500244140625	273.635009765625	277.7300109863281	3756323	SNOW	1.0368182672037736	2.5325679932976985	0.8805233630044802	0.8582584516693308	0.9237600964247852	0.8221804880236716	-0.2124352120951267	2.5325679932976985	-21.465783267545326	72.87203323616092	11.34725790400256	9.005695596395261	2.3415623076072998	8.949631442032304	14.57994498567234	279.0018397297315	226.6896428142138	0.9644093501884315	0.154132	0.0	154131999.99999997	0.077066	2025-11-03 23:21:00.869326+00:00	2025-11-03 23:21:00.872074+00:00	Negative	-4.228909793329695	0
2025-11-04	265.4200134277344	276.9599914550781	262.6600036621094	270.3999938964844	4868159	SNOW	-2.431991194235554	5.444295893395522	1.165987968966821	1.079946464881149	1.1358980644583831	-4.228909793329695	-1.8417087948073168	5.444295893395522	29.59905205170056	60.7369869520465	10.757462512922132	9.356048979700637	1.4014135332214952	9.34465855233915	10.251726913444422	279.70086663534937	229.05161749551	0.7180441279951364	0.171085	0.0	171085000.00000003	0.0855425	2025-11-04 23:21:32.655060+00:00	2025-11-04 23:21:32.658017+00:00	Negative	-0.2373614840404756	0
2025-11-05	264.7900085449219	268.3699951171875	262.7950134277344	264.42999267578125	2592465	SNOW	-0.3730015454251633	2.121418369677772	1.3853161993356649	1.082356821879665	0.6378330733005941	-0.2373614840404756	0.1361478951376147	2.121418369677772	-46.74650109004246	60.1570668746312	10.122523141647036	9.509343812089917	0.61317932955712	9.07539591927586	7.782802343991505	280.74561360769275	229.4648707062721	0.6888577629726801	0.164103	0.0	164103000.0	0.0820515	2025-11-05 23:21:38.951069+00:00	2025-11-05 23:21:38.953756+00:00	Negative	-0.0264388088521373	0
2025-11-06	264.7200012207031	274.2250061035156	261.010009765625	268.25	4093586	SNOW	1.3066926029767978	5.063022812710165	1.4791020517580138	1.222198635937355	1.0186306835523975	-0.0264388088521373	-1.315936171219711	5.063022812710165	57.9032310947303	60.088409079359664	9.5041225013469	9.508299549941311	-0.0041770485944141	9.371081663462627	6.948932066641811	281.692275583262	229.9232090358786	0.672154135770935	0.1629389999999999	0.0	162938999.99999997	0.0814694999999999	2025-11-06 23:21:25.124456+00:00	2025-11-06 23:21:25.127186+00:00	Negative	-0.7026351845586035	0
2025-11-07	262.8599853515625	264.7200012207031	254.4900054931641	260.0	3558454	SNOW	-1.78301646983144	4.019802548911424	1.4802625576550044	1.2165956663458124	0.9429372122626404	-0.7026351845586035	1.0999943659855769	4.019802548911424	-13.07245041389139	58.18822292740975	8.762934152560945	9.35922647046524	-0.5962923179042949	9.432432668039516	10.236942216702452	282.1103543888138	231.5741289485885	0.6190778225013895	0.1474899999999999	0.0	147489999.99999997	0.0737449999999999	2025-11-07 23:20:54.384128+00:00	2025-11-07 23:20:54.386962+00:00	High	2.1494425659751397	3
2025-11-10	268.510009765625	273.00250244140625	267.5758972167969	268.5	2765053	SNOW	2.1456345441449574	2.028062049330474	1.6034129120567464	1.2460163952140155	0.7733238533756855	2.1494425659751397	0.0037280318901303	2.028062049330474	-22.296227519029333	62.108081482381614	8.53308273110045	9.193997722592282	-0.6609149914918326	9.483152983882675	6.560050130312543	283.2590828780121	232.54940100870655	0.7091468025691815	0.186424	0.0	186424000.00000003	0.093212	2025-11-10 23:22:20.425660+00:00	2025-11-10 23:22:20.428637+00:00	Medium	1.0241703847094563	2
2025-11-11	271.260009765625	273.3500061035156	266.010009765625	266.3699951171875	2274207	SNOW	-0.7969962275542204	2.7592932853758847	1.3109076442054002	1.2193391644679694	0.7439943626455916	1.0241703847094563	1.8357978518887517	2.7592932853758847	-17.751775463255136	63.88289120856005	8.47512981991514	9.050224142056855	-0.575094322141716	9.330070366311816	5.1639944165870615	284.1437009276106	234.70778375256512	0.7393860193517537	0.1753849999999999	0.0	175384999.99999997	0.0876924999999999	2025-11-11 23:21:11.302401+00:00	2025-11-11 23:21:11.305191+00:00	Negative	-0.5308568862216166	0
2025-11-12	269.82000732421875	275.8699951171875	266.8800048828125	274.2900085449219	3115065	SNOW	1.1170090209444676	3.3685514350625563	1.1653442963356635	1.211863125610528	0.9853831035788432	-0.5308568862216166	-1.6296624308030712	3.3685514350625563	36.97367917696147	62.23896328185751	8.218270451781223	8.883833404001729	-0.6655629522205064	9.305778928316329	1.4475339646747876	284.4377290228073	237.30975632875527	0.6898291850259577	0.1926639999999999	0.0	192664000.0	0.0963319999999999	2025-11-12 23:22:22.851661+00:00	2025-11-12 23:22:22.854616+00:00	Negative	-4.7809626959885145	0
2025-11-13	256.9200134277344	266.2300109863281	255.1199951171875	262.1600036621094	3545559	SNOW	-2.8389309369875706	4.354819724748474	0.941470015120164	1.1923337955641815	1.1618431181692266	-4.7809626959885145	-1.9987756183924517	4.354819724748474	13.819743729264076	49.86052131875908	6.894312511195778	8.48592922544054	-1.5916167142447613	9.691081305367394	-3.7932877095233817	283.62446483543084	239.6275416953309	0.3930382058158667	0.206457	0.0	206457000.0	0.1032285	2025-11-13 23:22:00.021696+00:00	2025-11-13 23:22:00.024578+00:00	Low	0.0389131172008212	1
2025-11-14	257.0199890136719	259.6640014648437	243.2100067138672	247.4100036621093	2977953	SNOW	-3.701544943403185	6.765344474635198	1.836765647496365	1.572699128444068	1.0144386396987513	0.0389131172008212	3.884234755797124	6.765344474635198	-16.00892835234162	49.94361199238966	5.786431122878014	7.946029604928035	-2.159598482050021	10.174146551482332	-4.701528594528109	282.3969567602362	242.48304812257632	0.3642074000585236	0.1974579999999999	0.0	197458000.0	0.0987289999999999	2025-11-14 23:21:03.668697+00:00	2025-11-14 23:21:03.671361+00:00	Negative	-1.6457847281730502	0
2025-11-17	252.7899932861328	260.5	250.4850006103516	258.8800048828125	2705699	SNOW	0.7236852963376649	3.9982431543785326	1.533010256191853	1.503496811749597	0.9254376805035104	-1.6457847281730502	-2.3524457207255	3.9982431543785326	-9.14232024481246	46.43715344031952	4.515055092536159	7.25983470244966	-2.7447796099135013	10.162778897065625	-6.781473518083336	281.7736471791615	243.8183572153698	0.2363737987332388	0.1969929999999999	0.0	196993000.0	0.0984964999999999	2025-11-17 23:21:28.279782+00:00	2025-11-17 23:21:28.282485+00:00	Medium	0.6804071626190968	2
2025-11-18	254.509994506836	256.8699035644531	248.0200042724609	250.8000030517578	2666498	SNOW	-0.7872108418953638	3.5682199578829987	1.3705327017004074	1.4167276381658804	0.8881947060158257	0.6804071626190968	1.4792629226214753	3.5682199578829987	-1.4488307827293427	48.034779179036725	3.604717216369579	6.528811205233644	-2.9240939888640654	10.06900178241752	-7.410510045887367	281.22097602070176	245.07002739726704	0.2611264010773297	0.154955	0.0	154955000.0	0.0774775	2025-11-19 01:45:59.190652+00:00	2025-11-19 01:45:59.193547+00:00	Negative	-0.601154694243595	0
2025-11-19	252.97999572753903	256.42999267578125	250.7850036621093	252.88999938964844	1952376	SNOW	-0.6365153244086235	2.250927659644915	1.646429195159954	1.40012518229243	0.7049263490222656	-0.601154694243595	0.035587147814387	2.250927659644915	-26.781268915258888	46.700400730140565	2.728358952461861	5.768720754679288	-3.0403618022174275	9.753000870364264	-8.717622011944524	278.81541070487066	248.92859259102775	0.1355581956258749	0.169114	0.0	169114000.0	0.084557	2025-11-20 01:44:38.903253+00:00	2025-11-20 01:44:38.906103+00:00	Negative	-3.2887944525030117	0
2025-11-20	244.66000366210935	262.25	244.5200042724609	258.6000061035156	3661155	SNOW	2.22152362672556	7.250938744374913	2.151860396983256	1.744867662676987	1.3109562585968555	-3.2887944525030117	-5.390565395356632	7.250938744374913	87.52304883895316	40.16609639304787	1.3469579945800945	4.8843682026594495	-3.537410208079355	10.32278621730532	-7.821569103822423	279.88604672604146	247.12595736331403	-0.075273106672605	0.156498	0.0	156498000.0	0.078249	2025-11-21 01:45:28.519543+00:00	2025-11-21 01:45:28.522353+00:00			
