timestamp	open	high	low	close	volume	quoteVolume	symbol	gap_apertura_pct	volatilidad_diaria	vol_5d	vol_10d	vol_rel_5d	return_pct	close_open_pct	range_pct	volume_change_pct	rsi_14	macd	macd_signal	macd_diff	atr_14	momentum_12	bb_upper	bb_lower	bb_pctb	vader	finbert	sentiment_ratio	sentiment_combined	download_date	added_date	target_category	target	target_num
2025-07-15 16:00:00	160.38	168.841	159.624	168.401	15229317.0047	2504888382.4709053	SOLUSDT	0.0	5.774194356738343	0.0	0.0	0.0	0.0	5.001247038284085	5.774194356738343	0.0	0.0	0.0	0.0	0.0	0.0	0.0	0.0	0.0	0.0	0.0	0.0	0.0	0.0	0	0	High	3.397842055569729	3.0
2025-07-16 16:00:00	168.401	178.199	168.388	174.123	22133203.18644	3842946848.744249	SOLUSDT	0.0	5.826424685844601	0.0	0.0	0.0	3.397842055569729	3.397842055569729	5.826424685844601	45.332868043979616	0.0	0.0	0.0	0.0	0.0	0.0	0.0	0.0	0.0	0.0	0.0	0.0	0.0	0	0	Medium	1.6695094846746326	2.0
2025-07-17 16:00:00	174.123	184.8	171.155	177.03	22114220.93412	3945179506.72941	SOLUSDT	0.0	7.972305804679975	0.0	0.0	0.0	1.6695094846746326	1.6695094846746326	7.972305804679975	-0.0857636924944899	0.0	0.0	0.0	0.0	0.0	0.0	0.0	0.0	0.0	0.0	0.0	0.0	0.0	0	0	Low	0.1875388352256643	1.0
2025-07-18 16:00:00	177.03	179.144	173.151	177.362	13188810.29332	2329627540.476342	SOLUSDT	0.0	3.461140853936734	0.0	0.0	0.0	0.18753883522566436	0.18753883522566436	3.461140853936734	-40.36050226408381	0.0	0.0	0.0	0.0	0.0	0.0	0.0	0.0	0.0	0.0	0.0	0.0	0.0	0	0	High	2.583416966430235	3.0
2025-07-19 16:00:00	177.362	183.181	175.085	181.944	16361270.79444	2931136599.570441	SOLUSDT	0.0	4.6240397521204	1.6743121811006012	0.0	0.9188955860567153	2.583416966430235	2.583416966430235	4.6240397521204	24.054182527189873	0.0	0.0	0.0	0.0	0.0	0.0	0.0	0.0	0.0	0.0	0.0	0.0	0.0	0	0	Very High	8.20527195180935	4.0
2025-07-20 16:00:00	181.944	199.396	177.746	196.873	22373914.61066	4172365764.054309	SOLUSDT	0.0	12.180302229023425	3.433356979510691	0.0	1.1632309605480307	8.20527195180935	8.20527195180935	12.180302229023425	36.74924699775314	0.0	0.0	0.0	0.0	0.0	0.0	0.0	0.0	0.0	0.0	0.0	0.0	0.0	0	0	High	2.560026006613412	3.0
2025-07-21 16:00:00	196.873	205.142	193.051	201.913	21120993.6	4193981788.2006	SOLUSDT	0.0	6.263111820192596	3.407447909960768	0.0	1.1097713793749837	2.5600260066134113	2.5600260066134113	6.263111820192596	-5.5999186215855525	0.0	0.0	0.0	0.0	0.0	0.0	0.0	0.0	0.0	0.0	0.0	0.0	0.0	0	0	Negative	-4.5257115688440095	0.0
2025-07-22 16:00:00	201.913	206.5	187.628	192.775	14810518.6	2920671442.7658	SOLUSDT	0.0	10.058200268616632	3.687690733562639	0.0	0.8428907278712774	-4.5257115688440095	-4.5257115688440095	10.058200268616632	-29.877737380688384	0.0	0.0	0.0	0.0	0.0	0.0	0.0	0.0	0.0	0.0	0.0	0.0	0.0	0	0	Negative	-2.217611204772406	0.0
2025-07-23 16:00:00	192.775	192.785	179.212	188.5	14243713.0	2653344727.8886	SOLUSDT	0.0	7.573711581813722	3.0086916828014836	0.0	0.8010149150735654	-2.217611204772406	-2.217611204772406	7.573711581813722	-3.8270476227618366	0.0	0.0	0.0	0.0	0.0	0.0	0.0	0.0	0.0	0.0	0.0	0.0	0.0	0	0	Negative	-5.467904509283813	0.0
2025-07-24 16:00:00	188.5	190.076	175.537	178.193	12203311.2	2206868133.2656	SOLUSDT	0.0	8.282584298466983	2.301694759471933	2.588281884735976	0.719938541863827	-5.467904509283813	-5.467904509283813	8.282584298466983	-14.324929181035879	0.0	0.0	0.0	0.0	0.0	0.0	0.0	0.0	0.0	0.0	0.0	0.0	0.0	0	0	Very High	5.233089964252237	4.0
2025-07-25 16:00:00	178.193	189.761	177.408	187.518	5423994.2	1005267622.1646	SOLUSDT	0.0	6.963045634920641	1.4527666455512764	2.542328523459154	0.39998464305106635	5.233089964252237	5.233089964252237	6.963045634920641	-55.55309447488317	0.0	0.0	0.0	0.0	0.0	0.0	0.0	0.0	0.0	0.0	0.0	0.0	0.0	0	0	Negative	-0.5727450164784247	0.0
2025-07-26 16:00:00	187.518	188.548	184.225	186.444	4705963.8	877731558.146	SOLUSDT	0.0	2.3465870538743423	2.871076769691091	2.971483696645313	0.4578899271941242	-0.5727450164784247	-0.5727450164784247	2.3465870538743423	-13.238037754538903	0.0	0.0	0.0	0.0	0.0	0.0	0.0	0.0	0.0	0.0	0.0	0.0	0.0	0	0	Low	0.3722297311793444	1.0
2025-07-27 16:00:00	186.444	195.231	185.869	187.138	8097991.0	1540139338.6718	SOLUSDT	0.0	5.036880813906565	2.391705171507196	3.00652611338002	0.9063229835356679	0.3722297311793444	0.3722297311793444	5.036880813906565	72.0793304869876	0.0	0.0	0.0	0.0	0.0	11.126418489201367	0.0	0.0	0.0	0.0	0.0	0.0	0.0	0	0	Negative	-3.419936089944322	0.0
2025-07-28 16:00:00	187.138	187.959	179.169	180.738	7910254.2	1452868601.0834	SOLUSDT	0.0	4.905982619761226	2.2580069208316926	2.8661457695466988	1.031552133997086	-3.419936089944322	-3.419936089944322	4.905982619761226	-2.3183132705383325	51.73631557796682	0.0	0.0	0.0	11.593928571428574	3.7990386106373135	0.0	0.0	0.0	0.0	0.0	0.0	0.0	0	0	Negative	-0.8963250672243825	0.0
2025-07-29 16:00:00	180.738	182.46	176.354	179.118	6429047.0	1154297968.8908	SOLUSDT	0.0	3.4623541286276436	1.74816481205504	2.9862224426075095	0.9870417306524698	-0.8963250672243825	-0.8963250672243825	3.4623541286276436	-18.725152979280995	49.96835847332723	0.0	0.0	0.0	11.201933673469389	1.1794611082867275	0.0	0.0	0.0	0.0	0.0	0.0	0.0	0	0	Negative	-1.0328386873457691	0.0
2025-07-30 16:00:00	179.118	182.63	170.155	177.268	9605019.6	1701930465.5802	SOLUSDT	0.0	7.331550645000144	1.8786017107053745	2.3176229264453316	1.3068667091415849	-1.0328386873457691	-1.0328386873457691	7.331550645000144	49.40036369309479	47.953084164344446	0.0	0.0	0.0	11.29286698250729	-0.05299895129734334	0.0	0.0	0.0	0.0	0.0	0.0	0.0	0	0	Negative	-4.952388473949046	0.0
2025-07-31 16:00:00	177.268	179.7	164.445	168.489	12645221.2	2157252060.8924	SOLUSDT	0.0	9.276657849128886	2.295299375464939	2.5113313536261015	1.4148488796640442	-4.952388473949046	-4.952388473949046	9.276657849128886	31.652216513956926	39.75849748291128	0.0	0.0	0.0	11.575876483756769	-7.395132568262754	0.0	0.0	0.0	0.0	0.0	0.0	0.0	0	0	Negative	-4.188403990764986	0.0
2025-08-01 16:00:00	168.489	169.682	159.033	161.432	7595184.8	1243130982.7844	SOLUSDT	0.0	6.696094521262884	2.240035557969559	2.1900809687812637	0.8594807923537959	-4.188403990764986	-4.188403990764986	6.696094521262884	-39.936323138420065	34.63480549928802	0.0	0.0	0.0	11.509671020631286	-18.0019606548384	0.0	0.0	0.0	0.0	0.0	0.0	0.0	0	0	Low	0.3605233163189591	1.0
2025-08-02 16:00:00	161.432	162.8	155.721	162.014	5950978.6	948810430.396	SOLUSDT	0.0	4.545950770930066	2.302356357319865	2.1864413399979354	0.7046672600149742	0.3605233163189591	0.3605233163189591	4.545950770930066	-21.64800782727499	35.37448674257597	0.0	0.0	0.0	11.193194519157624	-19.76049090449847	0.0	0.0	0.0	0.0	0.0	0.0	0.0	0	0	High	2.0880911526164287	3.0
2025-08-03 16:00:00	162.014	166.823	160.651	165.397	6224734.8	1017099000.967	SOLUSDT	0.0	3.8418683979558153	2.1905020564921918	2.094348453833031	0.7406670723513705	2.0880911526164287	2.0880911526164287	3.8418683979558153	4.600187942198283	39.64954735460061	0.0	0.0	0.0	10.834537767789223	-14.20204902087927	201.3652398429118	157.9017601570882	0.17244914344390372	0.0	0.0	0.0	0.0	0	0	Negative	-1.0362944914357568	0.0
2025-08-04 16:00:00	165.397	171.646	162.852	163.683	9401313.4	1574012626.4946	SOLUSDT	0.0	5.399995087564157	2.1413410308730345	2.0252971895515333	1.1240902143567264	-1.0362944914357568	-1.0362944914357568	5.399995087564157	51.031549167363735	38.26830158061371	0.0	0.0	0.0	10.688785070089992	-13.165517241379316	201.70669680287395	157.08850319712607	0.14779838155582328	0.0	0.0	0.0	0.0	0	0	High	3.2159723367729147	3.0
2025-08-05 16:00:00	163.683	169.35	161.041	168.947	6887482.2	1130435375.712	SOLUSDT	0.0	5.1595556411100265	1.0638151761652084	1.7483345814932805	0.9550111875880655	3.2159723367729147	3.2159723367729147	5.1595556411100265	-26.73914902145481	44.646098831271544	0.0	0.0	0.0	10.51880042222642	-5.188756011740084	201.80389689897663	156.47370310102337	0.27516531154869717	0.0	0.0	0.0	0.0	0	0	Medium	0.8695034537458457	2.0
2025-08-06 16:00:00	168.947	173.446	166.618	170.416	7314339.8	1243321143.5152	SOLUSDT	0.0	4.097996615011585	0.6675281408399973	1.8042048680860345	1.0221597459558285	0.8695034537458457	0.8695034537458457	4.097996615011585	6.19758552697239	46.31304603835863	0.0	0.0	0.0	10.25517182063882	-9.12019112831835	201.77758427718828	155.8386157228117	0.3173206699217349	0.0	0.0	0.0	0.0	0	0	High	2.777321378274343	3.0
2025-08-07 16:00:00	170.416	179.05	166.928	175.149	9321596.8	1627145833.7326	SOLUSDT	0.0	7.261813476468905	1.3546437912514868	1.8745488029757862	1.1905138836245204	2.777321378274343	2.777321378274343	7.261813476468905	27.442763870499988	51.392068611123875	0.0	0.0	0.0	10.38851669059319	-6.058119328055603	201.71500407922395	155.679895920776	0.4229186127295153	0.0	0.0	0.0	0.0	0	0	High	2.786199178984748	3.0
2025-08-08 16:00:00	175.149	183.315	175.125	180.029	9411720.4	1687871112.2104	SOLUSDT	0.0	4.676659528907921	1.1947758420383787	1.7480204575572709	1.1115386176686897	2.7861991789847473	2.7861991789847473	4.676659528907921	0.9668257695934631	56.012751615849304	0.0	0.0	0.0	10.231479784122248	-3.7988008849084682	201.5803359743132	155.6230640256868	0.5310571089074982	0.0	0.0	0.0	0.0	0	0	Medium	0.7948719372989972	2.0
2025-08-09 16:00:00	180.029	186.156	177.393	181.46	10634911.4	1930483828.3108	SOLUSDT	0.0	4.93987925115422	1.2046758966410667	1.6819353683578417	1.2204382659128699	0.7948719372989972	0.7948719372989972	4.93987925115422	12.996465555861603	57.29474232568975	-0.3995730302268896	0.0	0.0	10.12658837097066	0.39947327070124067	199.2905001464972	156.37159985350274	0.5845536576013429	0.0	0.0	0.0	0.0	0	0	Negative	-0.7334949851206972	0.0
2025-08-10 16:00:00	181.46	186.77	177.16	180.129	10359171.6	1885168931.7174	SOLUSDT	0.0	5.424475050801543	1.2067820236092104	1.0754565783858434	1.1010616954219805	-0.7334949851206972	-0.7334949851206972	5.424475050801543	-2.592779475341945	55.66957132369662	0.0851764371631134	0.0	0.0	10.089689201615615	0.5644323853549034	195.2034486769835	158.2802513230165	0.5917350132906645	0.0	0.0	0.0	0.0	0	0	Medium	0.8205230695779185	2.0
2025-08-11 16:00:00	180.129	181.98	173.362	181.607	11071259.8	1957921669.2756	SOLUSDT	0.0	4.971100933307182	1.0453262724045833	0.9393423684908839	1.089719669770817	0.8205230695779185	0.8205230695779185	4.971100933307182	6.873987877563503	57.12395850629193	0.5818983681705276	0.0	0.0	9.984568544357357	2.4477062978089665	193.29791582835702	159.06898417164302	0.6584492923820527	0.0	0.0	0.0	0.0	0	0	Very High	8.763979362028994	4.0
2025-08-12 16:00:00	181.607	205.035	180.65	197.523	22428596.0	4389809414.6484	SOLUSDT	0.0	13.498477719346797	3.8087814472488755	2.816080151129265	1.7548207999707168	8.763979362028994	8.763979362028994	13.498477719346797	102.5839552604483	68.94101962299928	2.2340890734535606	0.0	0.0	11.013170791188973	17.231985470861595	195.4182789090955	157.8509210909045	1.0560252627052025	0.0	0.0	0.0	0.0	0	0	Negative	-1.353766396824677	0.0
2025-08-13 16:00:00	197.523	210.045	186.8	194.849	23943277.05	4799648337.33505	SOLUSDT	0.0	12.443790149892921	4.325098558927741	3.368004800216608	1.5262702016213905	-1.353766396824677	-1.353766396824677	12.443790149892921	6.753347601428109	65.66647682608493	3.2897702348753057	0.0	0.0	11.886872877532616	20.7003568065811	197.86150506396393	157.07329493603606	0.9261427492278886	0.0	0.0	0.0	0.0	0	0	Negative	-4.818603123444299	0.0
2025-08-14 16:00:00	194.849	197.997	184.276	185.46	9068898.9	1740708897.13695	SOLUSDT	0.0	7.445896372832057	3.9759206247230394	3.3363547282983848	0.5898762153305098	-4.818603123444299	-4.818603123444299	7.445896372832057	-62.12340156670408	55.66824664616913	3.3304005438538695	0.0	0.0	12.017881957708857	14.471588875035488	197.57466047932323	157.15433952067676	0.7002829222529534	0.0	0.0	0.0	0.0	0	0	Medium	1.751860239404721	2.0
2025-08-15 16:00:00	185.46	189.491	183.247	188.709	6951947.76	1295732316.15621	SOLUSDT	0.0	3.407422768176286	4.470159865278216	3.4859334156711874	0.47315349688167196	1.7518602394047207	1.7518602394047207	3.407422768176286	-23.3429787159718	58.04859739731158	3.583459611642155	0.0	0.0	11.60546181787251	14.094572452946554	197.91427016244444	157.04122983755553	0.7747838161958543	0.0	0.0	0.0	0.0	0	0	High	3.5456708477073176	3.0
2025-08-16 16:00:00	188.709	195.411	187.001	195.4	4488216.92	858966662.95961	SOLUSDT	0.0	4.4973021534644175	4.56382252921114	3.4534661961558712	0.3355378338097894	3.5456708477073176	3.5456708477073176	4.4973021534644175	-35.43943258860162	62.51271877220659	4.274643102226804	0.0	0.0	11.37721454516733	19.377088640848477	199.3977343143306	156.3839656856694	0.9070591942583986	0.0	0.0	0.0	0.0	0	0	Negative	-6.356704196519955	0.0
2025-08-17 16:00:00	195.4	195.763	179.9	182.979	9576124.68	1770849685.9543	SOLUSDT	0.0	8.817676486937188	3.598192767229188	3.508357586827552	0.8862110579168698	-6.356704196519955	-6.356704196519955	8.817676486937188	113.36144956202338	51.54687477004628	3.776605744682257	2.6219346919496287	1.1546710527326285	11.697627791941091	8.305563283159815	199.59114804285886	156.41465195714116	0.6152502044195763	0.0	0.0	0.0	0.0	0	0	Negative	-2.7790074270818006	0.0
2025-08-18 16:00:00	182.979	185.776	177.189	177.894	9250220.2	1676686064.3862	SOLUSDT	0.0	4.846237633261668	2.244237851480726	3.49620272653748	1.1758134162260583	-2.7790074270818006	-2.7790074270818006	4.846237633261668	-3.403302388915852	47.84652200203494	2.9377262680341687	2.685093007166537	0.2526332608676318	11.47544009251673	4.388085625762844	199.52389530168327	156.35950469831673	0.49889492242718536	0.0	0.0	0.0	0.0	0	0	High	2.835958492135759	3.0
2025-08-19 16:00:00	177.894	184.987	175.617	182.939	9332188.4	1676452821.1244	SOLUSDT	0.0	5.335474356127257	2.0478474958922397	3.472089939120814	1.1783453599190008	2.835958492135759	2.835958492135759	5.335474356127257	0.8861216082185928	51.56173934871339	2.6494562932468284	2.677965664382595	-0.02850937113576668	11.32505151447982	4.4476417221908155	199.9133430178289	156.53715698217107	0.6086713801007082	0.0	0.0	0.0	0.0	0	0	Negative	-0.7570829620802513	0.0
2025-08-20 16:00:00	182.939	190.057	181.347	181.554	9034825.0	1677871968.732	SOLUSDT	0.0	4.802946836727368	1.7905902141427101	3.5101490155075625	1.083791214301325	-0.7570829620802513	-0.7570829620802513	4.802946836727368	-3.186427312161854	50.49820822233728	2.2829261843023403	2.598957768366544	-0.31603158406420384	11.138262120588404	0.8470857472962721	200.13699568995884	157.6200043100411	0.5629277828266974	0.0	0.0	0.0	0.0	0	0	Very High	6.544058517025237	4.0
2025-08-21 16:00:00	181.554	195.381	177.17	193.435	15101391.8	2801061438.3288	SOLUSDT	0.0	10.278828244059387	2.555493638085648	3.568955556402929	1.443872642750758	6.544058517025237	6.544058517025237	10.278828244059387	67.14647821070137	58.4210972951659	2.9175145469891675	2.662669124091069	0.2548454228980983	11.64345768340352	6.599250523531354	201.05008614116423	159.90721385883575	0.8149111688433326	0.0	0.0	0.0	0.0	0	0	High	4.767492956290232	3.0
2025-08-22 16:00:00	193.435	208.677	193.434	202.657	17501304.0	3534237235.3118	SOLUSDT	0.0	7.880207202456649	2.4017017787571495	2.907148774124714	1.4531156192288728	4.767492956290232	4.767492956290232	7.880207202456649	15.891993478375941	63.32746799441386	4.1171092522624235	2.95355714972534	1.1635521025370834	11.900567848874697	12.506592497598954	203.41181988516342	161.60978011483655	0.9819429891624757	0.0	0.0	0.0	0.0	0	0	Medium	1.5020453278199035	2.0
2025-08-23 16:00:00	202.657	212.094	202.26	205.701	12868877.2	2668178673.3946	SOLUSDT	0.0	4.862058736280037	2.3987748806045555	2.233109036872255	1.0079231015052674	1.5020453278199037	1.5020453278199037	4.862058736280037	-26.469037964256835	64.80381073296546	5.25287024069857	3.4134197679199865	1.8394504727785836	11.752955859669362	13.267109747972267	206.19600584217727	162.85599415782275	0.9885785484835028	0.0	0.0	0.0	0.0	0	0	Negative	-4.48320620706753	0.0
2025-08-24 16:00:00	205.701	213.64	195.038	196.479	20849737.4	4251843539.9758	SOLUSDT	0.0	9.537628564689944	2.5616096946056923	2.448540211694633	1.3834133935695434	-4.48320620706753	-4.48320620706753	9.537628564689944	62.01675620931405	57.28035836739121	5.3471915821719165	3.8001741307703725	1.547017451401544	12.242173298264404	-0.5285460427393178	206.17884796976202	166.15275203023796	0.7576619017648478	0.0	0.0	0.0	0.0	0	0	Negative	-2.956550063874524	0.0
2025-08-25 16:00:00	196.479	198.324	185.296	190.67	13081160.8	2482438276.5804	SOLUSDT	0.0	7.03091270183923	2.1403174902534507	2.208445771765326	0.8237250429555901	-2.956550063874524	-2.956550063874524	7.03091270183923	-37.25982946912318	53.09858474864862	4.8967574014781405	4.019490784911927	0.8772666165662137	12.298303776959804	-2.1447377199780355	205.70630857975007	168.79759142024992	0.592608203780938	0.0	0.0	0.0	0.0	0	0	Very High	9.400534955682598	4.0
2025-08-26 16:00:00	190.67	209.352	190.481	208.594	14630533.4	2945353292.4558	SOLUSDT	0.0	9.907024847622603	2.0419870171758507	2.24696267026286	0.9267854083427522	9.400534955682598	9.400534955682598	9.907024847622603	11.84430513230905	62.25511849792853	5.917884383538848	4.399169504637311	1.5187148789015366	12.767782078605533	12.473848808368373	208.14490991641395	170.17679008358607	1.0118280832857505	0.0	0.0	0.0	0.0	0	0	Medium	1.1639836236900376	2.0
2025-08-27 16:00:00	208.594	216.868	201.668	211.022	20862688.6	4379011525.7734	SOLUSDT	0.0	7.537140250312389	2.0462074290375365	2.188481523050938	1.2675858978980392	1.1639836236900376	1.1639836236900376	7.537140250312389	42.59691037648703	63.300333655364525	6.844158977648618	4.888167399239573	1.9559915784090451	12.941511930133709	11.82402535120211	211.05030546780827	170.85869453219172	0.999295736917497	0.0	0.0	0.0	0.0	0	0	Negative	-3.16270341480982	0.0
2025-08-28 16:00:00	211.022	217.867	203.7	204.348	22967945.6	4855554745.53	SOLUSDT	0.0	6.954835542464409	1.4194678568658117	2.0323103308876074	1.242960929660261	-3.16270341480982	-3.16270341480982	6.954835542464409	10.091014827302747	58.50455105991525	6.959477716878268	5.3024294627673125	1.657048254110956	13.029046792267016	4.579324462640741	212.4172057448099	171.92369425519013	0.8007284266547647	0.0	0.0	0.0	0.0	0	0	Negative	-1.6388709456417572	0.0
2025-08-29 16:00:00	204.348	206.936	197.462	200.999	10317437.6	2092000599.785	SOLUSDT	0.0	4.797885162714861	1.822780874062928	2.0993666698906064	0.6301897808992026	-1.6388709456417572	-1.6388709456417572	4.797885162714861	-55.078970580633914	56.20347850751919	6.703360173917076	5.582615604997265	1.120744568919811	12.775114878533659	9.84812464818366	213.1163585146545	173.1784414853455	0.696595130242721	0.0	0.0	0.0	0.0	0	0	Medium	1.685083010363236	2.0
2025-08-30 16:00:00	200.999	206.577	199.626	204.386	6253783.8	1271891026.435	SOLUSDT	0.0	3.482011361245526	2.4944640248808367	2.3091381096842873	0.4167389498953578	1.685083010363236	1.685083010363236	3.482011361245526	-39.386269707121855	58.002549576107825	6.696494746538178	5.805391433305448	0.8911033132327306	12.359106672924112	14.892014345621543	213.96231014555593	174.75818985444408	0.7557320487120578	0.0	0.0	0.0	0.0	0	0	Negative	-2.9850381141565467	0.0
2025-08-31 16:00:00	204.386	205.909	196.027	198.285	9020460.4	1808464389.2496	SOLUSDT	0.0	5.041142291623095	1.6600214617186502	2.126774161886872	0.64968016912602	-2.9850381141565467	-2.9850381141565467	5.041142291623095	44.24004232445645	53.7217091959451	6.1281130613092785	5.869935758906214	0.25817730240306425	12.182170482000961	8.388588545908748	213.95610247062498	176.43219752937497	0.5823701585653003	0.0	0.0	0.0	0.0	0	0	Medium	0.9804069899387332	2.0
2025-09-01 16:00:00	198.285	205.062	194.1	200.229	10807772.8	2165948444.7576	SOLUSDT	0.0	5.64760432766616	1.2665941920854984	2.1065634136275384	0.9102447440506246	0.9804069899387331	0.9804069899387331	5.64760432766616	19.8139820002979	54.86479104068821	5.768040651955488	5.849556737516069	-0.08151608556058143	12.095015447572322	10.286195842559245	214.19536822811685	176.46353177188317	0.6298518826583791	0.0	0.0	0.0	0.0	0	0	Very High	5.493709702390762	4.0
2025-09-02 16:00:00	200.229	212.989	199.375	211.229	11422623.2	2383477165.639	SOLUSDT	0.0	6.828338557993733	1.222907384517898	2.0291255797775025	1.1942834487212517	5.493709702390762	5.493709702390762	6.828338557993733	5.688964890157559	60.769576473690094	6.297692859419527	5.939183961896761	0.35850889752276593	12.2035143441743	9.198955721560221	216.24205092641415	176.05484907358584	0.8752575273896227	0.0	0.0	0.0	0.0	0	0	Negative	-3.5695856156115022	0.0
2025-09-03 16:00:00	211.229	211.866	203.313	203.689	7339906.2	1524809636.2382	SOLUSDT	0.0	4.206814124035367	1.2931414691599354	1.8893614752510233	0.8183722201725738	-3.5695856156115022	-3.5695856156115022	4.206814124035367	-35.74237658474105	55.41776266278794	6.039412476556095	5.959229664828628	0.08018281172746633	11.942763319590423	0.5092348154763873	216.78179696656971	177.33800303343028	0.6680644618323703	0.0	0.0	0.0	0.0	0	0	Negative	-0.1119353524245198	0.0
2025-09-04 16:00:00	203.689	209.992	200.856	203.461	11465541.4	2354471421.527	SOLUSDT	0.0	4.54853228183375	1.0335686290268715	1.922577542249311	1.1452644805737155	-0.11193535242451985	-0.11193535242451985	4.54853228183375	56.208282334725205	55.25928493650634	5.750042803639673	5.917392292590837	-0.16734948895116464	11.742280225333962	-1.08895921750501	217.3173441335988	178.27765586640123	0.6450703182166201	0.0	0.0	0.0	0.0	0	0	Negative	-1.1196248912568108	0.0
2025-09-05 16:00:00	203.461	205.6	200.891	201.183	5409871.6	1099839965.0866	SOLUSDT	0.0	2.344057225062349	1.6765503792326362	1.635092684953162	0.582386510435305	-1.1196248912568108	-1.1196248912568108	2.344057225062349	-52.81625689302383	53.609731342974136	5.276080321398666	5.789129898352403	-0.5130495769537369	11.239903066381535	2.3941489930221445	217.6271874775105	178.54611252248955	0.5792288851717516	0.0	0.0	0.0	0.0	0	0	Medium	1.919645298061961	2.0
2025-09-06 16:00:00	201.183	205.422	199.21	205.045	4041314.0	816707479.8124	SOLUSDT	0.0	3.118317353546503	1.706152205577989	1.507012738056466	0.5092476985027371	1.919645298061961	1.919645298061961	3.118317353546503	-25.297413713109197	56.00737312277515	5.152695694897631	5.661843057661448	-0.5091473627638177	10.880767133068568	7.539203860072377	217.65610906435316	180.72379093564686	0.6585345923750461	0.0	0.0	0.0	0.0	0	0	High	4.836499305030604	3.0
2025-09-07 16:00:00	205.045	216.584	201.378	214.962	10138947.0064	2127394383.170284	SOLUSDT	0.0	7.550973790582893	1.9904100789146957	1.6142300734192363	1.320327359542021	4.836499305030604	4.836499305030604	7.550973790582893	150.88243592059416	61.508758362803505	5.788406364221402	5.68715571897344	0.10125064524796201	11.189712337849386	3.052820311226591	217.96394925977776	184.12275074022224	0.9112930572466852	0.0	0.0	0.0	0.0	0	0	Negative	-0.924349419897468	0.0
2025-09-08 16:00:00	214.962	219.735	210.836	212.975	9348692.67118	2014741087.279584	SOLUSDT	0.0	4.220816179400103	1.9901615183062897	1.622880505181637	1.156891375848183	-0.9243494198974679	-0.9243494198974679	4.220816179400103	-7.794244655990096	59.89265923411522	6.0619984115352	5.762124257485792	0.29987415404940787	11.026090028003	0.9254959198566988	218.0436797015553	187.0466202984447	0.8364786918772474	0.0	0.0	0.0	0.0	0	0	High	4.704777556051185	3.0
2025-09-09 16:00:00	212.975	225.937	212.923	222.995	10697871.7334	2356870175.8838024	SOLUSDT	0.0	6.112068682105742	2.14470651608232	1.6168688630920254	1.3494908178696774	4.704777556051185	4.704777556051185	6.112068682105742	14.43174045478281	64.90086321748115	7.006584791492884	6.011016364287211	0.9955684272056731	11.168083597431359	9.125119893514979	219.40044915030495	189.83395084969504	1.1215751291596443	0.0	0.0	0.0	0.0	0	0	Medium	1.655642503195142	2.0
2025-09-10 16:00:00	222.995	228.856	220.418	226.687	12288697.11595	2760310742.960772	SOLUSDT	0.0	3.828181001551592	1.8206746729119834	1.6553017478495309	1.3209243332519272	1.655642503195142	1.655642503195142	3.828181001551592	14.870484729997813	66.55789341225545	7.96131674397833	6.401076440225435	1.5602403037528942	10.973077626186262	12.780163085388493	223.0098446933053	189.54975530669475	1.1098967568259448	0.0	0.0	0.0	0.0	0	0	Very High	5.522151689333751	4.0
2025-09-11 16:00:00	226.687	241.759	225.157	239.205	11231220.07068	2639769394.275464	SOLUSDT	0.0	7.373521587159171	1.733471503920417	1.8295984371122564	1.0456317325786888	5.522151689333751	5.522151689333751	7.373521587159171	-8.605282035126875	71.47507682823553	9.617185746706497	7.044298301521648	2.5728874451848487	11.3751435100301	17.035902654780667	230.0326567897682	186.18174321023182	1.2091710858793194	0.0	0.0	0.0	0.0	0	0	Low	0.0811019836541829	1.0
2025-09-12 16:00:00	239.205	244.0	237.821	239.399	8674439.40075	2091764918.3631487	SOLUSDT	0.0	2.598172575172084	1.901903166159031	1.852168464666468	0.8302341570590818	0.08110198365418297	0.08110198365418297	2.598172575172084	-22.764941420787228	71.54490557996574	10.820397236060984	7.799518088429515	3.0208791476314687	11.003990402170809	20.734800917870743	235.5612189829996	184.02298101700035	1.0744647308185478	0.0	0.0	0.0	0.0	0	0	Medium	1.802430252423777	2.0
2025-09-13 16:00:00	239.399	249.543	235.741	243.714	9474698.68468	2308141559.9785767	SOLUSDT	0.0	5.854730403281564	1.9121481639510944	1.8872502479881266	0.9046452815239786	1.802430252423777	1.802430252423777	5.854730403281564	9.225487054077625	73.12101516771469	11.98399145437503	8.636412761618619	3.347578692756411	11.20384823058718	21.7176333098602	241.07490417356001	183.23279582644	1.0456258580790716	0.0	0.0	0.0	0.0	0	0	Negative	-4.436757839106488	0.0
2025-09-14 16:00:00	243.714	248.378	231.504	232.901	12846784.17405	3068877630.7803807	SOLUSDT	0.0	7.288858939802334	2.1207055382071385	2.0462062284772116	1.1782616120906753	-4.436757839106488	-4.436757839106488	7.288858939802334	35.5904245780655	63.61238140277178	11.896494144457279	9.28842903818635	2.608065106270928	11.608859071259525	10.259954835746983	242.7675136998643	185.7632863001357	0.8269161051744862	0.0	0.0	0.0	0.0	0	0	High	2.0339114044164663	3.0
2025-09-15 16:00:00	232.901	237.95	230.066	237.638	7371095.18876	1723017256.8032317	SOLUSDT	0.0	3.426842732085569	2.2006256005444995	1.9126320603121436	0.7430803550174725	2.0339114044164663	2.0339114044164663	3.426842732085569	-42.62303243445684	65.71573649679665	12.070249880054945	9.84479320656007	2.2254566734948753	11.342797709026701	16.66707578710682	245.8300173151209	185.6051826848791	0.8639760928291983	0.0	0.0	0.0	0.0	0	0	Negative	-1.6116950992686407	0.0
2025-09-16 16:00:00	237.638	240.857	233.177	233.808	6655411.23956	1573131192.0583997	SOLUSDT	0.0	3.2936353070843207	1.9897658992546374	1.8927700346682337	0.7391217481525443	-1.6116950992686407	-1.6116950992686407	3.2936353070843207	-9.709329901088909	62.56666830242666	11.76330352042288	10.228495269332631	1.534808251090249	11.08116930123908	14.915389190065898	247.88283175329295	185.83096824670704	0.7731763244821952	0.0	0.0	0.0	0.0	0	0	Very High	6.127249709163071	4.0
2025-09-17 16:00:00	233.808	248.86	232.13	248.134	15066196.46129	3623481634.881143	SOLUSDT	0.0	7.20716839701892	1.9601997580322836	1.8469776800359452	1.4651789425427633	6.127249709163071	6.127249709163071	7.20716839701892	126.37513925114044	68.6232958208297	12.531578554666424	10.68911192639939	1.8424666282670348	11.484657208293433	23.337458930426525	252.32972722053347	185.76267277946653	0.9369699131835848	0.0	0.0	0.0	0.0	0	0	Negative	-4.329515503719763	0.0
2025-09-18 16:00:00	248.134	253.429	235.68	237.391	11648330.06405	2852884101.1437154	SOLUSDT	0.0	7.530974202308212	2.184838758852061	1.9609477315628077	1.086844985334055	-4.329515503719763	-4.329515503719763	7.530974202308212	-22.68566194541283	60.69288837025862	12.133701974034807	10.978029935926473	1.1556720381083334	11.932110264843901	15.775073764295644	253.98249457297925	187.74910542702082	0.7494995381194128	0.0	0.0	0.0	0.0	0	0	Medium	1.0893420559330442	2.0
2025-09-19 16:00:00	237.391	241.079	234.854	239.977	4578623.53422	1088537047.8592243	SOLUSDT	0.0	2.6505829153431466	2.3465391524727037	2.1296284342193674	0.5051476433238719	1.0893420559330442	1.0893420559330442	2.6505829153431466	-60.69287606855415	61.83619628628911	11.889990100616501	11.16042196886448	0.7295681317520213	11.524459531640764	11.636940482503892	255.85346795495178	189.43723204504823	0.76095501743747	0.0	0.0	0.0	0.0	0	0	Negative	-0.9075869770853028	0.0
2025-09-20 16:00:00	239.977	241.71	236.951	237.799	3180618.19774	760901529.1387411	SOLUSDT	0.0	2.0084321230971867	2.626397474006125	2.3201088028619337	0.38666200452440636	-0.9075869770853029	-0.9075869770853029	2.0084321230971867	-30.533310415925243	60.24677180596541	11.389805697219089	11.206298714535402	0.18350698268368681	11.041212422237852	11.655828148843767	256.47080396121595	192.7712960387841	0.7068767943395581	0.0	0.0	0.0	0.0	0	0	Negative	-7.211973136977029	0.0
2025-09-21 16:00:00	237.799	238.298	212.85	220.649	13907037.51014	3139787204.186805	SOLUSDT	0.0	11.955837444209541	4.0638106191506305	3.1587524435571677	1.4372474051992075	-7.211973136977029	-7.211973136977029	11.955837444209541	337.2432227175741	49.46508274372621	9.500033806269869	10.865045732882297	-1.3650119266124285	12.07026867779229	-1.052041525594746	255.54853891110403	195.73556108889593	0.4165222969697038	0.0	0.0	0.0	0.0	0	0	Negative	-0.6739210238886171	0.0
2025-09-22 16:00:00	220.649	221.422	212.237	219.162	7657038.43386	1668502139.1515076	SOLUSDT	0.0	4.327709117637359	4.10175659927966	3.034318625692821	0.9344313514614498	-0.6739210238886171	-0.6739210238886171	4.327709117637359	-44.94126856077691	48.65209113907981	7.792559717278095	10.250548529761456	-2.457988812483361	11.864178057949983	-3.3195551575520454	255.37502154241548	196.70237845758453	0.38279546244307716	0.0	0.0	0.0	0.0	0	0	Negative	-2.6067475200992845	0.0
2025-09-23 16:00:00	219.162	221.667	204.698	213.449	10607172.916	2247620506.1261125	SOLUSDT	0.0	8.289773226900113	4.19955250137184	3.1563437870260267	1.328204682530967	-2.6067475200992845	-2.6067475200992845	8.289773226900113	38.52840112561382	45.5542832746294	5.910253126560576	9.38248944912128	-3.472236322560704	12.228808196667842	-10.767333458748771	254.6596962293388	198.39370377066126	0.2675736367823877	0.0	0.0	0.0	0.0	0	0	Negative	-5.822936626547794	0.0
2025-09-24 16:00:00	213.449	215.336	196.891	201.02	10456572.7331	2143943812.5440729	SOLUSDT	0.0	9.368127542650512	3.9908740284112545	3.3292215739714646	1.1413369218471974	-5.822936626547794	-5.822936626547794	9.368127542650512	-1.419795680645794	39.64069749142334	3.376671004185795	8.181325760134184	-4.804654755948389	12.672821896905855	-16.03139528569459	254.95493787438033	197.85436212561967	0.05543968397637472	0.0	0.0	0.0	0.0	0	0	Negative	-2.556959506516772	0.0
2025-09-25 16:00:00	201.02	201.833	190.753	195.88	11533054.61845	2255675203.834029	SOLUSDT	0.0	5.808558712051718	2.9949969627924102	3.207171774991896	1.0647034746449078	-2.556959506516772	-2.556959506516772	5.808558712051718	10.294786951965873	37.4741647380864	0.9431616945851715	6.733692947024382	-5.7905312524392105	12.559048904269725	-19.627103900473507	255.70235245709537	196.57664754290462	-0.011782481814224022	0.0	0.0	0.0	0.0	0	0	High	3.855421686746984	3.0
2025-09-26 16:00:00	195.88	205.34	195.665	203.432	6268885.01562	1265101535.726153	SOLUSDT	0.0	4.94467584902768	2.181399001639683	3.078316481767789	0.6737444107690138	3.855421686746984	3.855421686746984	4.94467584902768	-45.644192080809596	42.450915972887174	-0.37174345333085057	5.312605666953336	-5.684349120284186	12.353045411107603	-12.653015659013924	255.85929887094804	196.25840112905192	0.12036058419813747	0.0	0.0	0.0	0.0	0	0	Negative	-0.0766841008297502	0.0
2025-09-27 16:00:00	203.432	204.826	197.872	203.276	4202166.74567	846624865.2716342	SOLUSDT	0.0	3.5143931430419557	2.4069904897671885	3.1913714747802975	0.48785422858517025	-0.07668410082975023	-0.07668410082975023	3.5143931430419557	-32.96787650117074	42.37588294168807	-1.4101478461045929	3.9680549643417504	-5.378202810446343	11.967399310314201	-14.45980861646706	256.5532366162325	194.39586338376748	0.1428653779016905	0.0	0.0	0.0	0.0	0	0	High	3.276825596725635	3.0
2025-09-28 16:00:00	203.276	213.372	203.084	209.937	7454274.72342	1552225206.827181	SOLUSDT	0.0	5.065884067676435	2.1913641814140563	3.1584355572230174	0.9337696786521524	3.276825596725635	3.276825596725635	5.065884067676435	77.39121683119879	46.70732458873979	-1.6762806570115742	2.8391878400710855	-4.51546849708266	11.84744221672033	-10.209659207554909	256.6727346778759	193.97256532212407	0.25461549533137645	0.0	0.0	0.0	0.0	0	0	Negative	-1.919623506099449	0.0
2025-09-29 16:00:00	209.937	214.614	204.529	205.907	7330553.46874	1533884586.8077085	SOLUSDT	0.0	4.930841103217641	0.8313759695279856	2.9838118647386453	0.9962986906311767	-1.9196235060994493	-1.9196235060994493	4.930841103217641	-1.6597356452572	44.526613434198836	-2.1871678375567853	1.8339167045455116	-4.021084542102297	11.721553486954592	-17.01782101606389	256.93696900691475	191.99953099308522	0.2141671958778688	0.0	0.0	0.0	0.0	0	0	Very High	6.883204553512023	4.0
2025-09-30 16:00:00	205.907	220.557	204.153	220.08	9154144.59081	1944921319.388404	SOLUSDT	0.0	8.03515010800723	1.6573144973727338	2.675964301995535	1.330156649414105	6.883204553512023	6.883204553512023	8.03515010800723	24.87658169122454	52.861999744243796	-1.4319008953906973	1.18075318455827	-2.6126540799489675	12.05601395217212	-7.292188836139525	256.64402198894214	191.63177801105783	0.437582526740957	0.0	0.0	0.0	0.0	0	0	High	3.1588513267902574	3.0
2025-10-01 16:00:00	220.08	227.295	217.2	227.032	8435854.21135	1882663649.81738	SOLUSDT	0.0	4.647790055248619	1.678331335787556	1.9602894641376851	1.1531639630250687	3.1588513267902574	3.1588513267902574	4.647790055248619	-7.846613873470003	56.328356428719324	-0.2692740786464469	0.8907477319173266	-1.1600218105637734	11.915941527016969	-5.394266950582762	255.33236006725582	191.72613993274416	0.55506929970988	0.43025	0.7459691710973857	1.73379997047627	0.6512534197681699	0	0	High	3.3911519081010533	3.0
2025-10-02 16:00:00	227.032	234.929	226.06	234.731	9070049.94507	2093114823.788385	SOLUSDT	0.0	3.923294700521985	1.5804042057388938	1.999947114972224	1.0942305315967353	3.3911519081010533	3.3911519081010533	3.923294700521985	7.517860288134469	59.84963834073631	1.2588497701263464	0.9643681395591306	0.29448163056721577	11.698302846515757	-1.2901652235711722	254.69562635764285	191.8960736423571	0.6820896727058479	0.67245	0.4999952051072114	0.7435414700955332	0.5517316435750479	0	0	Negative	-4.235912597824737	0.0
2025-10-03 16:00:00	234.731	236.977	224.132	224.788	8164306.02758	1885680498.9520824	SOLUSDT	0.0	5.730997804864989	1.5815966096039926	1.8079949072221446	0.96836956451319	-4.235912597824737	-4.235912597824737	5.730997804864989	-9.986096250575935	53.81473562827231	1.6485781442916334	1.1012101405056312	0.5473680037860023	11.780209786050346	1.875829938046404	252.34003437404752	192.35906562595247	0.5406537281890343	0.7219	0.9997739911079406	1.3849184183259764	0.9164117937755584	0	0	High	2.3364236525081328	3.0
2025-10-04 16:00:00	224.788	237.17	224.043	230.04	7140701.59508	1652254643.6505585	SOLUSDT	0.0	5.859143110920663	1.5592148165155042	1.248796211432316	0.8507913741542674	2.3364236525081328	2.3364236525081328	5.859143110920663	-12.537555905451633	56.3201624301845	2.3540966352269095	1.351787439449887	1.0023091957770225	11.87640908704675	4.963451693267987	252.02108174450868	192.39191825549133	0.6313702816146797	0.1779	0.9999668598175048	5.620917587970303	0.7533468018722534	0	0	High	2.3808902799513145	3.0
2025-10-05 16:00:00	230.04	236.6	226.524	235.517	6656611.83553	1542100019.6166475	SOLUSDT	0.0	4.448093800215426	0.8411160771853872	1.2548006296930394	0.8433024453890324	2.3808902799513145	2.3808902799513145	4.448093800215426	-6.779302469151522	58.828454808802555	3.3169376564983963	1.744817482859589	1.5721201736388073	11.747808437971981	10.338769448439667	251.70909640252893	192.49180359747106	0.7265647307479424	0.2023	0.999994695186615	4.943103075054572	0.7606862866306304	0	0	Negative	-5.018745992858262	0.0
2025-10-06 16:00:00	235.517	237.653	221.221	223.697	10105895.73471	2319716137.5064344	SOLUSDT	0.0	7.427866251395658	1.3683084113364907	1.4491046670592462	1.228305041975157	-5.018745992858262	-5.018745992858262	7.427866251395658	51.81741078500739	51.90158276940519	3.0905944377624053	2.0139728738401526	1.0766215639222527	12.082393549545412	11.280967067953434	250.72814677340287	192.46165322659712	0.5360773383129942	0.0712666666666666	0.9998839696248372	14.02998044402797	0.721298778737386	0	0	Negative	-1.1551339535174827	0.0
2025-10-07 16:00:00	223.697	225.285	217.2	221.113	7363283.5093	1630914360.304337	SOLUSDT	0.0	3.7223756906077385	1.4270649532528676	1.4209171650302743	0.9336969769381279	-1.1551339535174827	-1.1551339535174827	3.7223756906077385	-27.13873462982747	50.501625447357185	2.671908503564566	2.1455599997850356	0.5263485037795306	11.796865438863597	12.881866448846235	246.71319836579832	193.7745016342017	0.5164180467911148	0.7503500000000001	0.4999866849611862	0.6663370675339757	0.5750956794728304	0	0	Negative	-0.9217006688887632	0.0
2025-10-08 16:00:00	221.113	229.563	218.556	219.075	8946542.60675	2010781267.7351592	SOLUSDT	0.0	5.036237852083666	1.4251895498362832	1.4216741008230276	1.1123933500855105	-0.9217006688887632	-0.9217006688887632	5.036237852083666	21.502079818742644	49.37053233469085	2.1508536149073905	2.1466187228095066	0.004234892097883858	11.740446478944765	7.689547367179205	244.60135480546597	194.054745194534	0.4949937295112811	0.2677666666666666	0.9146586060523988	3.41586651382753	0.7205910242366791	0	0	Negative	-3.833390391418463	0.0
2025-10-09 16:00:00	219.075	224.321	208.938	210.677	9071764.41978	1978301336.8784745	SOLUSDT	0.0	7.362471163694498	1.7042290477589042	1.540063608018357	1.0762793401044923	-3.8333903914184626	-3.8333903914184626	7.362471163694498	1.3996670952589148	44.90714271876496	1.0481826495502844	1.9269315081576623	-0.878748858607378	12.000628873305855	3.6408626694740063	241.5241434191552	194.20195658084478	0.34814628232306427	0.1486333333333333	0.9775529503822328	6.576898677844056	0.7288770652675628	0	0	Negative	-12.832914841202411	0.0
2025-10-10 16:00:00	210.677	212.994	142.8	183.641	24045865.02389	4514506287.858032	SOLUSDT	0.0	49.15546218487394	19.41437660404415	13.911688867187811	2.019528927992649	-12.832914841202411	-12.832914841202411	49.15546218487394	165.06271449753035	34.190595073902784	-1.9843963990861937	1.1446659267088912	-3.129062325795085	16.157298239498292	-12.525662460642964	241.33257869171817	188.97772130828182	-0.10193364235904148	-0.1006666666666666	0.9972875118255616	9.906731176434292	0.667901258277893	0	0	High	4.018710418697348	3.0
2025-10-11 16:00:00	183.641	191.666	172.337	191.021	10759802.85254	1947868137.467091	SOLUSDT	0.0	11.215815524234499	19.139379777193575	13.799608041929929	0.893860522674036	4.0187104186973475	4.0187104186973475	11.215815524234499	-55.25300153747873	38.50460071743569	-3.7490164924727765	0.16592944287255773	-3.914945935345334	16.383848365248415	-7.2294773854215855	241.7261037470564	185.6213962529436	0.09624154528607012	0.0	0.0	0.0	0.0	0	0	High	2.774040550515392	3.0
2025-10-12 16:00:00	191.021	199.963	189.894	196.32	12812185.74937	2501584849.5509243	SOLUSDT	0.0	5.302431883050538	18.912158313086724	13.734557148532085	0.9760005477190555	2.7740405505153922	2.7740405505153922	5.302431883050538	19.07453997956391	41.47136721084352	-4.666117517291639	-0.8004799491602816	-3.865637568131357	15.932787767730671	-10.79607415485279	241.44398873815794	183.61931126184203	0.21964132430068406	-0.7184	0.215238407254219	0.2996076108666595	-0.0648531149220466	0	0	High	3.040953545232273	3.0
2025-10-13 16:00:00	196.32	211.303	191.039	202.29	16615492.81683	3332320347.8835974	SOLUSDT	0.0	10.607258203822262	18.286912645353848	13.631574592276433	1.1333106669749426	3.040953545232273	3.040953545232273	10.607258203822262	29.685075925838934	44.70782191265227	-4.855229516596523	-1.61142986264753	-3.2437996539489933	16.242160070035624	-10.898023186158786	241.2224276858326	182.72497231416742	0.3344594659977197	0.0	0.0	0.0	0.0	0	0	Negative	-2.5127292500865086	0.0
2025-10-14 16:00:00	202.29	209.072	196.272	197.207	12286841.85488	2487354375.128723	SOLUSDT	0.0	6.521561914078427	18.398115905448524	13.60532730690956	0.8028496876607804	-2.5127292500865086	-2.5127292500865086	6.521561914078427	-26.051896321519074	42.55039916226143	-5.353545418996674	-2.3598529739173593	-2.993692445079315	15.996291493604508	-15.985958394928664	241.36272306428503	182.20337693571497	0.25361374061974734	0.0	0.0	0.0	0.0	0	0	Negative	-4.817780301916264	0.0
2025-10-15 16:00:00	197.207	198.864	186.35	187.706	10712101.05125	2076030028.642001	SOLUSDT	0.0	6.71532063321707	2.6564098792712043	13.501023778010278	0.8476584302487383	-4.8177803019162635	-4.8177803019162635	6.71532063321707	-12.81648142158317	38.78311546036708	-6.440869326358694	-3.1760562444056264	-3.2648130819530676	15.747556386918472	-16.496432193889362	242.02803466122774	180.72066533877225	0.11393955960640398	0.0	0.0	0.0	0.0	0	0	Negative	-2.644028427434389	0.0
2025-10-16 16:00:00	187.706	192.4	174.063	182.743	12958781.30988	2366897499.892293	SOLUSDT	0.0	10.534691462286654	2.4655218326993293	13.43744486540856	0.9909536959681936	-2.644028427434389	-2.644028427434389	10.534691462286654	20.973292241000976	36.943115367773494	-7.615269888236469	-4.063898973171796	-3.5513709150646733	15.932516644995726	-20.5603373326378	243.30507392582646	177.37472607417354	0.08142341274924535	0.0	0.0	0.0	0.0	2025-10-22 17:57:38.324808+00:00	2025-10-22 17:57:38.421247+00:00	Medium	1.27392020487789	2.0
2025-10-17 16:00:00	182.743	188.266	181.418	185.071	3436125.2	633808436.39455	SOLUSDT	0.0	3.774708132599844	2.925313876906151	13.434038267359037	0.306745719822549	1.2739202048778901	1.2739202048778901	3.774708132599844	-73.48419486498906	38.41897631134873	-8.26289118442864	-4.9036974154231645	-3.3591937690054747	15.2836225989246	-21.419260605391543	244.08671560731864	174.77258439268132	0.14857598915044787	0.0	0.0	0.0	0.0	2025-10-22 17:57:38.324808+00:00	2025-10-22 17:57:38.421247+00:00	High	3.0761167335779307	3.0
2025-10-18 16:00:00	185.071	191.688	183.187	190.764	2492791.2	466483434.3387	SOLUSDT	0.0	4.640613143945791	2.6072251253818868	13.456154215722163	0.29756399216307644	3.0761167335779307	3.0761167335779307	4.640613143945791	-27.453423408436922	41.99438628229085	-8.221980334614216	-5.567353999261375	-2.654626335352841	14.79914955614427	-14.722146474919196	244.06687018742468	172.87512981257532	0.2512773264599733	0.0	0.0	0.0	0.0	2025-10-22 17:57:38.324808+00:00	2025-10-22 17:57:38.421247+00:00	Negative	-0.1399635151286384	0.0
2025-10-19 16:00:00	190.764	194.489	183.88	190.497	2961109.5	563468474.249	SOLUSDT	0.0	5.769523602349364	2.622800185319532	13.520941695333695	0.45470314836623626	-0.13996351512863847	-0.13996351512863847	5.769523602349364	18.78690441461763	41.8715990386557	-8.117529038211302	-6.0773890070513605	-2.0401400311599414	14.499853159276823	-13.846313875710603	244.14208900761585	171.25891099238416	0.26395787795635545	0.0	0.0	0.0	0.0	2025-10-22 17:57:38.324808+00:00	2025-10-22 17:57:38.421247+00:00	High	3.0189451802390463	3.0
2025-10-20 16:00:00	190.497	197.193	182.768	196.248	3937379.2	740210246.0958	SOLUSDT	0.0	7.89251947824565	2.721831433167617	2.663879466858112	0.7634667525887794	3.0189451802390463	3.0189451802390463	7.89251947824565	32.96972638127703	45.56365089109588	-7.484417292730825	-6.358794664187254	-1.1256226285435709	14.494506505042764	-10.419719274221157	242.81167281916612	170.20612718083385	0.35867608445348936	0.0	0.0	0.0	0.0	2025-10-22 17:57:38.324808+00:00	2025-10-22 17:57:38.421247+00:00	Negative	-6.241082711670942	0.0
2025-10-21 16:00:00	196.248	197.736	181.305	184.0	4451370.9	834786756.0841	SOLUSDT	0.0	9.06262927111772	2.2110171201709172	2.3843216732534263	1.2881036538699269	-6.241082711670942	-6.241082711670942	9.06262927111772	13.054157953595128	39.77012601464844	-7.88014550020074	-6.663064831389952	-1.2170806688107882	14.632827468968278	-12.662511807174011	240.6404141612732	168.07418583872675	0.21946592139921198	0.0	0.0	0.0	0.0	2025-10-22 17:57:38.324808+00:00	2025-10-22 17:57:38.421247+00:00	High	3.793478260869559	3.0
2025-10-22 16:00:00	184.0	192.518	177.008	190.98	4314115.9	795593248.9581	SOLUSDT	0.0	8.762315827533214	1.93541140057977	2.3481329974653957	1.1880187621731129	3.793478260869559	3.793478260869559	8.762315827533214	-3.0834321175078894	44.13003746542349	-7.543577622860084	-6.839167389683979	-0.7044102331761053	14.695482649756258	3.9963842497045863	236.06076612448328	168.2787338755167	0.3349156903572981	0.153109	0.0	153109000.0	0.0765545	2025-10-23 19:17:41.531175+00:00	2025-10-23 19:17:41.535300+00:00	Negative	-0.8477327468844904	0.0
2025-10-23 16:00:00	190.98	196.806	188.061	189.361	3695665.4	710499815.9773	SOLUSDT	0.0	4.6500869398758935	1.9322501905229967	2.203160524844453	0.9544767434193471	-0.8477327468844904	-0.8477327468844904	4.6500869398758935	-14.335509623188388	43.346258789794334	-7.323069142061996	-6.935947740159583	-0.3871214019024132	14.270448174773668	-0.8690144015579422	233.05641615775193	167.74038384224804	0.33101545503124397	0.1461059999999999	0.0	146105999.99999997	0.0730529999999999	2025-10-24 23:31:44.388051+00:00	2025-10-24 23:31:44.392177+00:00	Medium	1.2969935731222466	2.0
2025-10-24 16:00:00	189.361	195.138	188.721	191.817	2154419.0	415815858.3259	SOLUSDT	0.0	3.4002575230101586	2.5658023103598206	2.4584086037240405	0.5806135826245726	1.2969935731222466	1.2969935731222466	3.4002575230101586	-41.704165101093835	44.94372674505689	-6.870932079988734	-6.922944608125414	0.05201252813668056	13.709487590861261	-2.2937041564792104	228.3358552798114	168.63864472018858	0.38826529853789327	0.135936	0.0	135936000.00000003	0.067968	2025-10-25 23:30:37.170319+00:00	2025-10-25 23:30:37.174312+00:00	High	3.9558537564449416	3.0
2025-10-25 16:00:00	191.817	199.88	191.358	199.405	2043817.9	399956609.0796	SOLUSDT	0.0	4.453432832701006	2.6439209197883553	2.541130498108526	0.6134132193358758	3.9558537564449416	3.9558537564449416	4.453432832701006	-5.133685694379789	49.66597549223355	-5.833081879447121	-6.704972062389755	0.871890182942634	13.338952762942599	-1.4261703494982407	221.2545303299488	172.10876967005123	0.5554137317935992	0.0889794117647058	0.0	88979411.76470588	0.0444897058823529	2025-10-26 23:32:10.646527+00:00	2025-10-26 23:32:10.650448+00:00	Low	0.3395100423760651	1.0
2025-10-26 16:00:00	199.405	205.276	196.735	200.082	3034145.5	609555013.0039	SOLUSDT	0.0	4.341372912801482	2.0913726258033294	2.111098471796457	0.9953132507033763	0.3395100423760651	0.3395100423760651	4.341372912801482	48.45478650519697	50.07739541150709	-4.899471814869571	-6.3438720128857184	1.4444001980161474	12.996241851303841	1.4578590009482422	216.82216671565232	174.1796332843477	0.6074302962646428	0.093177	0.0	93177000.0	0.0465885	2025-10-27 23:31:36.792108+00:00	2025-10-27 23:31:36.795751+00:00	Negative	-0.6107495926669966	0.0
2025-10-27 16:00:00	200.082	203.91	196.545	198.86	3883474.5	778618006.2895	SOLUSDT	0.0	3.7472334579867255	0.5239628113214541	2.11386207983387	1.3109639986161314	-0.6107495926669966	-0.6107495926669966	3.7472334579867255	27.99236226476285	49.294170589540485	-4.209657982908567	-5.917029206890288	1.7073712239817214	12.594010290496424	5.942271424461672	212.2964947925525	176.4800052074475	0.6248517108125438	0.0727186274509804	0.0	72718627.45098041	0.0363593137254902	2025-10-28 23:33:29.355727+00:00	2025-10-28 23:33:29.359646+00:00	Negative	-1.1042944785276203	0.0
2025-10-28 16:00:00	198.86	201.657	190.12	196.664	4382452.1	860464372.6703	SOLUSDT	0.0	6.0682726698927025	1.0265223743683567	2.0844709515007374	1.4138484721139577	-1.1042944785276205	-1.1042944785276205	6.0682726698927025	12.848741507122027	47.845946802755705	-3.796411727293446	-5.49290571097092	1.696493983677474	12.518509555460966	7.617802049873315	207.22590134687783	179.30949865312215	0.6216596578455174	0.077511	0.0	77510999.99999999	0.0387555	2025-10-29 23:33:49.118211+00:00	2025-10-29 23:33:49.122272+00:00	Negative	-5.917707358743836	0.0
2025-10-29 16:00:00	196.664	198.735	184.375	185.026	6108277.9	1175898198.6847	SOLUSDT	0.0	7.788474576271194	1.6452526835224721	2.1753937305776385	1.5700763872185168	-5.917707358743836	-5.917707358743836	7.788474576271194	39.380368812245564	40.97536324906742	-4.357766806486211	-5.265877930073978	0.9081111235877675	12.650044587213756	-0.02431499262444548	203.86875321240922	180.1015467875908	0.2071952893574803	0.103902	0.0	103902000.0	0.051951	2025-10-30 23:36:43.501068+00:00	2025-10-30 23:36:43.505179+00:00	Medium	1.621393750067558	2.0
2025-10-30 16:00:00	185.026	190.2	178.56	188.026	3546840.4	654694451.5135	SOLUSDT	0.0	6.518817204301068	1.6451991074673555	2.0852830074398736	0.8462916185194861	1.621393750067558	1.621393750067558	6.518817204301068	-41.93387304791749	43.2380947452594	-4.508597517460743	-5.1144218475513314	0.6058243300905888	12.577898545269916	-1.4352812899708538	203.61657547008383	180.7922245299162	0.31693236267907976	0.1002259999999999	0.0	100225999.99999996	0.0501129999999999	2025-10-31 23:31:04.343788+00:00	2025-10-31 23:31:04.347816+00:00	Negative	-0.8801974195058135	0.0
2025-10-31 16:00:00	188.026	188.984	183.705	186.371	1989806.8	370328444.7726	SOLUSDT	0.0	2.873628915924986	2.0320763176361316	1.949518906175371	0.49967897656532695	-0.8801974195058135	-0.8801974195058135	2.873628915924986	-43.89917290893607	42.27526940955746	-4.7074124902475205	-5.03301997609057	0.3256074858430491	12.056548649179208	-2.165913373963897	203.65723901775993	180.28656098224008	0.26034499335074984	0.038634	0.0	38634000.0	0.019317	2025-11-01 23:19:37.946915+00:00	2025-11-01 23:19:37.950727+00:00	Negative	-1.392384008241625	0.0
2025-11-01 16:00:00	186.371	188.265	183.5	183.776	1856228.3	344883444.7908	SOLUSDT	0.0	2.5967302452316003	2.311798261628029	1.6745069296193442	0.5189748510164799	-1.392384008241625	-1.392384008241625	2.5967302452316003	-6.713139185171143	40.743262206504625	-5.016542027442313	-5.029724386360919	0.013182358918606418	11.535723745666406	-6.355224002282816	203.370796176232	179.31860382376797	0.1853218247597874	0.109439	0.0	109439000.0	0.0547195	2025-11-02 23:19:55.284111+00:00	2025-11-02 23:19:55.288644+00:00	Negative	-9.296643740205472	0.0
2025-11-02 16:00:00	183.776	189.047	164.453	166.691	5975640.4	1049968828.6391	SOLUSDT	0.0	14.955032744917998	5.013412168062062	3.6657183350794464	1.5340410904796866	-9.296643740205472	-9.296643740205472	14.955032744917998	221.9237849137415	32.414567257887384	-6.564474946584198	-5.336674498405576	-1.2278004481786224	12.46845776383309	-9.407065217391303	204.71582809860348	174.41367190139653	-0.2548555241791126	0.0602059999999999	0.0	60205999.99999999	0.0301029999999999	2025-11-03 23:20:49.060834+00:00	2025-11-03 23:20:49.064652+00:00	Negative	-3.1705371015831667	0.0
2025-11-03 16:00:00	166.691	170.91	155.763	161.406	6166147.1	1005214135.4702	SOLUSDT	0.0	9.724388975559016	5.1670895358995965	3.7737335736352398	1.5782578639826035	-3.1705371015831667	-3.1705371015831667	9.724388975559016	3.1880549572561168	30.347927025593194	-8.124029513472152	-5.894145501418891	-2.229884012053261	12.659782209273583	-15.485391140433546	206.84405486166173	168.70534513833826	-0.1913894096389524	0.002172	0.0	2171999.9999999995	0.001086	2025-11-04 23:21:20.859138+00:00	2025-11-04 23:21:20.863214+00:00	Negative	-0.6226534329578798	0.0
2025-11-04 16:00:00	161.406	162.3	145.731	160.401	5986457.4	924781813.8077	SOLUSDT	0.0	11.3695781954423	5.4247896081444305	4.021938222947731	1.3621509783255699	-0.6226534329578798	-0.6226534329578798	11.3695781954423	-2.9141325545087837	29.95679288810568	-9.33349215689185	-6.582014832513483	-2.7514773243783672	12.939012051468328	-15.29353985245113	208.9049520168473	163.9139479831527	-0.07808111996170998	0.027786	0.0	27786000.000000004	0.013893	2025-11-05 23:21:27.466650+00:00	2025-11-05 23:21:27.470607+00:00	Negative	-2.8553437946147544	0.0
2025-11-05 16:00:00	160.401	163.875	155.271	155.821	2907838.9	465260361.5028	SOLUSDT	0.0	5.541279440462169	4.858870135870052	3.9511380393486806	0.6351125406856566	-2.8553437946147544	-2.8553437946147544	5.541279440462169	-51.426382822000875	28.17466235597611	-10.540068391401348	-7.373625544291056	-3.166442847110292	12.629368333506306	-18.76580282248185	211.2022435058464	158.92445649415356	-0.059364725853055314	0.020427	0.0	20427000.000000004	0.0102135	2025-11-06 23:21:11.296527+00:00	2025-11-06 23:21:11.300512+00:00	Negative	-0.3305074412306341	0.0
2025-11-06 16:00:00	155.821	158.643	149.691	155.306	3568417.4	552823356.8869	SOLUSDT	0.0	5.980319458083651	3.9166847599878354	3.799641417485715	0.7251554036787382	-0.3305074412306341	-0.3305074412306341	5.980319458083651	22.71716290747744	27.97314524485472	-11.406359533636419	-8.18017234216013	-3.2261871914762885	12.366699166827285	-22.115292996665072	212.75526733262473	154.39493266737526	0.01561107107850851	0.072153	0.0	72152999.99999999	0.0360765	2025-11-07 23:20:36.007228+00:00	2025-11-07 23:20:36.011322+00:00	Medium	0.8409205053249604	2.0
2025-11-07 16:00:00	155.306	164.85	154.303	156.612	2473776.3	397032262.0818	SOLUSDT	0.0	6.835252717056699	2.53713948510979	3.778765130704443	0.5861296595959563	0.8409205053249604	0.8409205053249604	6.835252717056699	-30.675814438075548	29.353106551296975	-11.85090832560249	-8.914319538848602	-2.9365887867538873	12.23672065491105	-21.726092302156115	213.09063677707576	150.64436322292426	0.09556433774868547	0.0	0.0	0.0	0.0	2025-11-09 23:19:55.953003+00:00	2025-11-09 23:19:55.956728+00:00	High	3.743008198605468	3.0
2025-11-08 16:00:00	156.612	163.888	155.071	162.474	2124531.2	337787312.4199	SOLUSDT	0.0	5.6857826414997055	2.4485277615272802	3.814216977599468	0.6226272082705109	3.7430081986054677	3.7430081986054677	5.6857826414997055	-14.117893360042283	35.34118549000807	-11.59652452072578	-9.450760535224038	-2.145763985501741	11.992454893845975	-18.297294579100885	212.5187960737395	148.4139039262605	0.2193295332498647	0.108789	0.0	108789000.0	0.0543945	2025-11-09 23:19:55.953003+00:00	2025-11-09 23:19:55.956728+00:00	High	2.2828267907480604	3.0
2025-11-09 16:00:00	162.474	170.436	161.123	166.183	3080861.8	513286913.254	SOLUSDT	0.0	5.780056230333359	0.5121716153720668	3.83614178040744	1.0882264818657235	2.2828267907480604	2.2828267907480604	5.780056230333359	45.013723498153354	38.871657479774434	-10.96919220042949	-9.754446868265129	-1.2147453321643606	11.801065258571265	-15.499023715575802	210.73275500536602	147.19344499463398	0.2988630975400678	0.113095	0.0	113095000.0	0.0565475	2025-11-10 23:22:07.177564+00:00	2025-11-10 23:22:07.181505+00:00	Negative	-3.1904587111798395	0.0
2025-11-10 16:00:00	166.183	171.864	160.043	160.881	3195315.9	529091253.1192	SOLUSDT	0.0	7.386139974881749	0.7433675038540751	3.532681406605303	1.1061889664754783	-3.1904587111798395	-3.1904587111798395	7.386139974881749	3.715002730729437	35.85758531470863	-10.775639046916098	-9.958685303995324	-0.8169537429207736	11.802489168673318	-13.049517365127066	210.43052342014124	145.18377657985877	0.240582468556884	0.109273	0.0	109273000.0	0.0546365	2025-11-11 23:20:59.946687+00:00	2025-11-11 23:20:59.950551+00:00	Negative	-3.2471205425127825	0.0
2025-11-11 16:00:00	160.881	161.237	153.518	155.657	3598369.2	566789468.9296	SOLUSDT	0.0	5.028074883726986	0.9497953345837968	3.221114555630747	1.2431442687629057	-3.2471205425127825	-3.2471205425127825	5.028074883726986	12.613879585426915	33.13167184016342	-10.91792487767438	-10.150533218731136	-0.7673916589432448	11.51081137091094	-17.215172369778646	209.4360353136507	142.6459646863493	0.19480493419829192	0.120993	0.0	120993000.0	0.0604965	2025-11-12 23:22:03.711329+00:00	2025-11-12 23:22:03.715369+00:00	Negative	-1.6806182825057747	0.0
2025-11-12 16:00:00	155.657	157.243	150.361	153.041	4594170.0	708294444.7412	SOLUSDT	0.0	4.576984723432276	1.0679368757778942	2.170421985355509	1.3843492161127875	-1.6806182825057747	-1.6806182825057747	4.576984723432276	27.673669505619376	31.82687100874081	-11.113665344762182	-10.343159643937346	-0.7705057008248364	11.180181987274443	-17.88368362030574	208.46463316976363	139.98536683023636	0.1906508913958345	0.10454	0.0	104540000.0	0.05227	2025-11-13 23:21:48.383890+00:00	2025-11-13 23:21:48.387989+00:00	Negative	-7.102671833038208	0.0
2025-11-13 16:00:00	153.041	153.328	135.66	142.171	6672572.6	952026329.5409	SOLUSDT	0.0	13.023735810113523	3.448037461734463	2.819607028081751	1.5780902579286848	-7.102671833038208	-7.102671833038208	13.023735810113523	45.24000200253799	27.058396943227137	-12.007494310773865	-10.67602657730465	-1.3314677334692142	11.643597559611981	-22.6389735329967	207.67738125418643	135.8080187458136	0.08853537908375217	0.065651	0.0	65651000.0	0.0328255	2025-11-14 23:20:43.030651+00:00	2025-11-14 23:20:43.034444+00:00	Negative	-0.3509857847240262	0.0
2025-11-14 16:00:00	142.171	144.188	137.123	141.672	2561008.6	361953737.6371	SOLUSDT	0.0	5.152308511336536	3.5214470966330764	2.4383068532082803	0.6209578621834406	-0.3509857847240262	-0.3509857847240262	5.152308511336536	-61.618872457079	26.859449540463856	-12.610756386016362	-11.062972539046994	-1.5477838469693683	11.316554876782552	-15.009208655536293	204.71381283303208	132.99828716696794	0.12094609573693003	0.103907	0.0	103907000.0	0.0519535	2025-11-15 23:20:41.421761+00:00	2025-11-15 23:20:41.425733+00:00	Negative	-3.000592918854823	0.0
2025-11-15 16:00:00	141.672	144.651	137.052	137.421	2692442.5	378714903.6078	SOLUSDT	0.0	5.5446108046581	3.571286887139906	2.4381616889588695	0.6691438432712309	-3.000592918854823	-3.000592918854823	5.5446108046581	5.132114745729472	25.162147413749935	-13.278796400681955	-11.506137311373987	-1.7726590893079681	11.051015242726658	-14.860042377606788	201.06611289629106	130.37988710370897	0.0996108197508252	0.123648	0.0	123648000.0	0.061824	2025-11-16 23:20:34.270198+00:00	2025-11-16 23:20:34.274137+00:00	Negative	-0.2306779895357906	0.0
2025-11-16 16:00:00	137.421	143.27	134.322	137.104	4229623.1	585642232.8643	SOLUSDT	0.0	6.661604204821256	3.4569747320632342	2.4315574008802527	1.019195287545864	-0.23067798953579063	-0.23067798953579063	6.661604204821256	57.09242072950489	25.035100468663302	-13.676152008745504	-11.940140250848291	-1.736011757897213	10.900799868246184	-14.52422366444099	196.62335782357104	128.64704217642895	0.12441035885896257	0.0356201923076923	0.0	35620192.307692304	0.0178100961538461	2025-11-17 23:21:15.960133+00:00	2025-11-17 23:21:15.964474+00:00	0	0.0	0.0
2025-11-17 16:00:00	137.104	142.072	128.745	139.632	6087625.2	819013205.723	SOLUSDT	0.0	10.351469959998445	3.4128158076534953	2.7125821528025256	1.3684194483617338	1.8438557591317475	1.8438557591317475	10.351469959998445	43.92831361262427	28.1506994950189	-13.629953103282531	-12.27810282133514	-1.3518502819473905	11.07409987765717	-10.389485371034707	191.35741792181574	128.20978207818428	0.18088116473750265	0.0	0.0	0.0	0.0	2025-11-19 01:45:48.241238+00:00	2025-11-19 01:45:48.245248+00:00	0	0.0	0.0
