timestamp	close	high	low	open	volume	symbol	gap_apertura_pct	volatilidad_diaria	vol_5d	vol_10d	vol_rel_5d	return_pct	close_open_pct	range_pct	volume_change_pct	rsi_14	macd	macd_signal	macd_diff	atr_14	momentum_12	bb_upper	bb_lower	bb_pctb	vader	finbert	sentiment_ratio	sentiment_combined	download_date	added_date	target_category	target	target_num
2025-06-05	712.8200073242188	717.8699951171875	700.9199829101562	704.1799926757812	2005700	SPOT	0.0	2.41825210014078	0.0	0.0	0.0	0.0	1.2269611091344281	2.41825210014078	0.0	0.0	0.0	0.0	0.0	0.0	0.0	0.0	0.0	0.0	0.0	0.0	0.0	0.0	0	0	Low	0.0	1.0
2025-06-06	712.260009765625	716.6400146484375	707.47998046875	714.25	937200	SPOT	0.2006106255559733	1.2947411138924951	0.0	0.0	0.0	-0.07856086429109459	-0.27861256344067203	1.2947411138924951	-53.27317146133519	0.0	0.0	0.0	0.0	0.0	0.0	0.0	0.0	0.0	0.0	0.0	0.0	0.0	0	0	Negative	-0.0785608642910945	0.0
2025-06-09	699.1099853515625	710.85498046875	689.5900268554688	708.6900024414062	1145500	SPOT	-0.5012224855068713	3.0837095643986414	0.0	0.0	0.0	-1.846239327459873	-1.3517923290636256	3.0837095643986414	22.22577891591976	0.0	0.0	0.0	0.0	0.0	0.0	0.0	0.0	0.0	0.0	0.0	0.0	0.0	0	0	Negative	-1.846239327459873	0.0
2025-06-10	693.3200073242188	706.0250244140625	672.3599853515625	704.22998046875	1695200	SPOT	0.7323590314065962	5.006996221659039	0.0	0.0	0.0	-0.8281927234142042	-1.5492060047300664	5.006996221659039	47.98777826276735	0.0	0.0	0.0	0.0	0.0	0.0	0.0	0.0	0.0	0.0	0.0	0.0	0.0	0	0	Negative	-0.8281927234142042	0.0
2025-06-11	709.1400146484375	714.7100219726562	692.0	695.0	1238600	SPOT	0.24231129320282707	3.2817950827537934	1.3564039068054743	0.0	0.8819173478397083	2.281775681805877	2.034534481789568	3.2817950827537934	-26.934874941009912	0.0	0.0	0.0	0.0	0.0	0.0	0.0	0.0	0.0	0.0	0.0	0.0	0.0	0	0	High	2.281775681805877	3.0
2025-06-12	702.8200073242188	710.0	696.0	707.010009765625	1021400	SPOT	-0.30036450331581827	2.0114942528735633	1.4123437075544067	0.0	0.8458238791632853	-0.8912213658330859	-0.5926369334990381	2.0114942528735633	-17.535927660261585	0.0	0.0	0.0	0.0	0.0	0.0	0.0	0.0	0.0	0.0	0.0	0.0	0.0	0	0	Negative	-0.8912213658330859	0.0
2025-06-13	710.8499755859375	710.8900146484375	691.2100219726562	694.760009765625	1125800	SPOT	-1.1468082118606482	2.847179880236137	1.0967894986761593	0.0	0.904039187344415	1.1425355251752864	2.315902699371024	2.847179880236137	10.221264930487566	0.0	0.0	0.0	0.0	0.0	0.0	0.0	0.0	0.0	0.0	0.0	0.0	0.0	0	0	Medium	1.1425355251752864	2.0
2025-06-16	715.5700073242188	723.7000122070312	709.1500244140625	709.1500244140625	1340000	SPOT	-0.23914345224163072	2.051750305584594	1.2246611780430412	0.0	1.0434511758293101	0.6639982978673714	0.9053067318809982	2.051750305584594	19.026470065731036	0.0	0.0	0.0	0.0	0.0	0.0	0.0	0.0	0.0	0.0	0.0	0.0	0.0	0	0	Medium	0.6639982978673714	2.0
2025-06-17	721.280029296875	728.7999877929688	710.7050170898438	717.5499877929688	1099400	SPOT	0.2766997566253343	2.5460592324533327	0.5389965617144228	0.0	0.9436585868296368	0.7979683209485172	0.5198301954375423	2.5460592324533327	-17.955223880597014	0.0	0.0	0.0	0.0	0.0	0.0	0.0	0.0	0.0	0.0	0.0	0.0	0.0	0	0	Medium	0.7979683209485172	2.0
2025-06-18	710.1900024414062	723.989990234375	703.47998046875	719.469970703125	1602400	SPOT	-0.25095088179753133	2.915507240441805	0.4276651660968113	0.9903549395601298	1.2945548553885926	-1.537548026427355	-1.2898339944125263	2.915507240441805	45.752228488266326	0.0	0.0	0.0	0.0	0.0	0.0	0.0	0.0	0.0	0.0	0.0	0.0	0.0	0	0	Negative	-1.537548026427355	0.0
2025-06-20	707.4199829101562	723.7100219726562	706.9099731445312	714.5	1528500	SPOT	0.6068795032001796	2.376547151173116	0.35363541602198606	0.9919737883259657	1.1413360015531429	-0.3900392179173965	-0.9909051210418124	2.376547151173116	-4.611832251622566	0.0	0.0	0.0	0.0	0.0	0.0	0.0	0.0	0.0	0.0	0.0	0.0	0.0	0	0	Negative	-0.3900392179173965	0.0
2025-06-23	731.1500244140625	732.8599853515625	702.0	707.1799926757812	1855500	SPOT	-0.03392471801372329	4.396009309339387	0.91486594238345	0.9740024801841154	1.2493603382800507	3.3544488531814647	3.3895234574701436	4.396009309339387	21.39352306182532	0.0	0.0	0.0	0.0	0.0	0.0	0.0	0.0	0.0	0.0	0.0	0.0	0.0	0	0	High	3.3544488531814647	3.0
2025-06-24	749.9099731445312	754.2119750976562	729.7949829101562	733.9000244140625	1591100	SPOT	0.37611979869710416	3.34573308384965	0.8066940960564767	0.9784733099353802	1.036290690252576	2.565813869117055	2.1814890581657784	3.34573308384965	-14.249528428994878	0.0	0.0	0.0	0.0	0.0	5.203272276200647	0.0	0.0	0.0	0.0	0.0	0.0	0.0	0	0	High	2.565813869117055	3.0
2025-06-25	736.2999877929688	759.1699829101562	735.6069946289062	752.7000122070312	1159600	SPOT	0.3720498676395482	3.2032034025365523	0.7415294276468207	0.713803420597122	0.7493763813315066	-1.8148825644354283	-2.178826112407668	3.2032034025365523	-27.11960279052228	61.35367316285646	0.0	0.0	0.0	20.54500470842634	3.375168856560444	0.0	0.0	0.0	0.0	0.0	0.0	0.0	0	0	Negative	-1.8148825644354285	0.0
2025-06-26	775.9000244140625	777.385009765625	742.625	744.5800170898438	2555300	SPOT	1.1245456246297212	4.680694800959435	0.9381454036871617	0.9081096857710558	1.470253164556962	5.378247627002325	4.20639912505731	4.680694800959435	120.36046912728526	73.40395113870993	0.0	0.0	0.0	22.012148798728475	10.98397114495289	0.0	0.0	0.0	0.0	0.0	0.0	0.0	0	0	Very High	5.378247627002325	4.0
2025-06-27	772.5999755859375	785.0	767.0170288085938	780.2999877929688	2793900	SPOT	0.5670786493696758	2.344533500037042	0.9486371136281356	0.8716808018718788	1.4032083090584004	-0.4253188199880652	-0.9868015285775241	2.344533500037042	9.337455484678902	71.40578451926068	0.0	0.0	0.0	21.724350398205463	11.434830586771874	0.0	0.0	0.0	0.0	0.0	0.0	0.0	0	0	Negative	-0.4253188199880652	0.0
2025-06-30	767.3400268554688	778.3300170898438	750.280029296875	776.989990234375	1933300	SPOT	0.5682131487395047	3.738602481430273	0.8501396168060936	0.8916325220354641	0.963451341546067	-0.6808114026252229	-1.2419675285643499	3.738602481430273	-30.802820430222987	68.21822357673442	0.0	0.0	0.0	22.176181640688554	8.207125674029891	0.0	0.0	0.0	0.0	0.0	0.0	0.0	0	0	Negative	-0.6808114026252229	0.0
2025-07-01	722.3499755859375	769.7100219726562	718.030029296875	766.9299926757812	2725700	SPOT	-0.05343578665742292	7.197469544050749	1.861432642022748	1.475035833389354	1.2203388312827952	-5.863118004400061	-5.812788326911853	7.197469544050749	40.986913567475305	48.34084854956857	0.0	0.0	0.0	24.283596714623748	2.778800839218192	0.0	0.0	0.0	0.0	0.0	0.0	0.0	0	0	Negative	-5.863118004400061	0.0
2025-07-02	709.5	734.0	703.97998046875	725.0	2788500	SPOT	0.36686156345653925	4.264328583784579	1.7730792201256858	1.428327329809671	1.0895387091984652	-1.7789127182449453	-2.1379310344827585	4.264328583784579	2.303995303958616	44.3646657922656	0.0	0.0	0.0	24.693341201525623	-0.1899100558911528	0.0	0.0	0.0	0.0	0.0	0.0	0.0	0	0	Negative	-1.7789127182449451	0.0
2025-07-03	725.0499877929688	725.5499877929688	704.5499877929688	713.0	1078900	SPOT	0.49330514446793516	2.9806259830879207	1.8765966391825157	1.4237535592587225	0.47653330742118144	2.1916825641957365	1.6900403636702315	2.9806259830879207	-61.30894746279362	49.75098463139968	0.0	0.0	0.0	24.429531115702364	1.3248152342492885	771.6371568773665	676.8508436109147	0.5085032060120587	0.0	0.0	0.0	0.0	0	0	High	2.1916825641957365	3.0
2025-07-07	736.2899780273438	737.6900024414062	712.0	721.719970703125	1556400	SPOT	-0.45928103522630576	3.608146410309867	1.6518515644170866	1.3321903067770955	0.7718094180188043	1.5502365938366824	2.018789546591614	3.608146410309867	44.25804059690425	53.27253679131515	0.0	0.0	0.0	24.51956478182407	2.0810154337838647	772.7833355576884	678.0516620009055	0.6147713202968993	0.0	0.0	0.0	0.0	0	0	Medium	1.5502365938366824	2.0
2025-07-08	721.3900146484375	743.989990234375	709.989990234375	738.4500122070312	1774500	SPOT	0.29336732050524833	4.788799908119303	1.6198884309944805	1.3516014302851735	0.8940447400241838	-2.023654242697421	-2.3102440621005536	4.788799908119303	14.013107170393216	48.42744432062111	0.0	0.0	0.0	25.196738725979493	1.5770444766230427	772.8985579908697	678.8494400560053	0.45232295131034134	0.0	0.0	0.0	0.0	0	0	Negative	-2.023654242697421	0.0
2025-07-09	722.1199951171875	731.97998046875	713.5	722.4400024414062	1362400	SPOT	0.14555064135181459	2.5900463165732304	0.9010431131999486	1.4129256278696654	0.7957293212003691	0.10119081965748432	-0.04429534952900179	2.5900463165732304	-23.223443223443223	48.673735620881736	0.0	0.0	0.0	24.71697027903453	2.0779752568705967	772.4730480483588	681.5759509750787	0.44604333303870725	0.0	0.0	0.0	0.0	0	0	Low	0.1011908196574843	1.0
2025-07-10	709.9500122070312	726.823974609375	699.0	720.5700073242188	1337800	SPOT	-0.21464407625455847	3.980540001341202	0.8604091160476259	1.389089641142766	0.9407876230661041	-1.6853131048090249	-1.4738325227584803	3.980540001341202	-1.8056371109806224	44.82992614649469	0.0	0.0	0.0	24.938899159773136	-2.8995433904308165	771.3751226569868	684.3368768547318	0.294274489521431	0.0	0.0	0.0	0.0	0	0	Negative	-1.6853131048090249	0.0
2025-07-11	709.1500244140625	714.0999755859375	699.8250122070312	709.0	1267500	SPOT	-0.133813957419049	2.0397903947284535	1.0971897306627363	1.4959040450144383	0.8683172115200175	-0.11268227047166561	0.02116000198342736	2.0397903947284535	-5.254896098071461	44.580700838822246	0.0	0.0	0.0	24.177189461139786	-5.4353122628245165	771.3747623885648	684.3382380997165	0.28507326685062795	0.0	0.0	0.0	0.0	0	0	Negative	-0.1126822704716656	0.0
2025-07-14	717.489990234375	723.8699951171875	707.1500244140625	711.8900146484375	1256700	SPOT	0.38637666784809405	2.3644163368273943	1.1767200246920013	1.4938353292214879	0.897783937475889	1.1760509812015338	0.7866349394861246	2.3644163368273943	-0.8520710059171597	47.83649172941316	-0.20689123983095214	0.0	0.0	23.644530978424445	-2.554664928757639	770.8725580456196	686.3074407336774	0.3687400962937475	0.0	0.0	0.0	0.0	0	0	Medium	1.1760509812015338	2.0
2025-07-15	710.4600219726562	718.239990234375	696.6599731445312	717.489990234375	1809700	SPOT	0.0	3.0976398704862422	0.7571240325147389	1.508311073400747	1.2863763665572	-0.9798001864001397	-0.9798001864001397	3.0976398704862422	44.00413782127795	45.41454694788715	-1.2010265166801446	0.0	0.0	23.49706570066868	-8.434076605529773	770.8861108050887	686.25489261288	0.28600710088803405	0.0	0.0	0.0	0.0	0	0	Negative	-0.9798001864001396	0.0
2025-07-16	705.5499877929688	712.8499755859375	698.635009765625	705.489990234375	1335900	SPOT	-0.6995512181644661	2.0346769946558037	0.8350134351735032	0.9579791957166471	0.9531794052171928	-0.6911063293968811	0.008504381270359039	2.0346769946558037	-26.18113499475051	43.74851226187847	-2.3579041579851037	0.0	0.0	22.834058566357527	-8.678486915834839	771.2180002034588	684.9210012613848	0.23904639540745692	0.0	0.0	0.0	0.0	0	0	Negative	-0.6911063293968811	0.0
2025-07-17	720.9099731445312	724.7750244140625	693.47998046875	703.0800170898438	1658800	SPOT	-0.3500773504158531	4.512753767478474	1.0458250789292867	0.9919869664824367	1.1317304805829218	2.1770229774377965	2.535978213189507	4.512753767478474	24.17097088105397	49.93588863137499	-2.012121094974077	0.0	0.0	23.43841466485431	-6.050779587402231	771.2114430078672	684.8905528417423	0.41727350393942236	0.0	0.0	0.0	0.0	0	0	High	2.1770229774377965	3.0
2025-07-18	695.47998046875	719.0	685.469970703125	713.1500244140625	2149900	SPOT	-1.0764102342239341	4.891538758799509	1.273667118502379	1.120780623145338	1.3091584459870904	-3.5274852094025517	-2.4777456832916105	4.891538758799509	29.605739088497707	41.74837219593612	-3.7468816881763587	0.0	0.0	24.29567093460802	-3.7198028691551874	772.1377164945084	682.4932771578353	0.14486903378514274	0.0	0.0	0.0	0.0	0	0	Negative	-3.527485209402552	0.0
2025-07-21	706.8800048828125	707.510009765625	689.1329956054688	692.75	1296400	SPOT	-0.39253185503772614	2.666686151634678	1.219417971566721	1.139876951303842	0.785630310155502	1.6391592474565466	2.039697565184049	2.666686151634678	-39.69952090794921	46.02112219982049	-4.153921439698138	0.0	0.0	23.87290973643289	-0.3692734485112756	772.1592459866641	682.4177498629452	0.2725857722066863	0.0	0.0	0.0	0.0	0	0	Medium	1.6391592474565466	2.0
2025-07-22	675.739990234375	713.1699829101562	674.989990234375	709.489990234375	2041700	SPOT	0.3692260827203886	5.6563790912698	1.535435143644507	1.2892869880497813	1.2034493734306293	-4.405275921420345	-4.7569381477603265	5.6563790912698	57.489972230792965	37.85338348426684	-6.9095928245014875	0.0	0.0	24.89484423210063	-6.800910059828007	774.6293598413447	674.4066325902959	0.013303944929967584	0.0	0.0	0.0	0.0	0	0	Negative	-4.405275921420345	0.0
2025-07-23	674.4600219726562	680.0	665.25	680.0	2190300	SPOT	0.6304214383031334	2.2172115745960164	1.4795941466301032	1.3198092502664736	1.1729016504053722	-0.1894172729476619	-0.8147026510799632	2.2172115745960164	7.278248518391536	37.55831973375111	-9.091958553421819	0.0	0.0	24.1702125012363	-8.397500699431129	773.9096921683423	667.5813051461108	0.06469313622811944	0.0	0.0	0.0	0.0	0	0	Negative	-0.1894172729476619	0.0
2025-07-24	681.4199829101562	699.5	678.1900024414062	694.1500244140625	1906000	SPOT	2.919372801936735	3.1421869213465548	1.4852308695115348	1.3015357202258953	0.9943344845215613	1.0319308351506962	-1.8339034871678896	3.1421869213465548	-12.979957083504543	40.284115470923446	-10.142966630314731	-5.440614426487208	-4.702352203827523	24.232338610243975	-5.540696561728853	773.293669048971	662.709327777201	0.16919805207296304	0.0	0.0	0.0	0.0	0	0	Medium	1.0319308351506962	2.0
2025-07-25	693.0999755859375	702.2999877929688	678.72998046875	681.530029296875	1757100	SPOT	0.01614956847152799	3.4726633569273955	1.3318144509267769	1.2288335658168823	0.95582875482783	1.7140666503349715	1.697642919857699	3.4726633569273955	-7.812172088142708	44.65078797017284	-9.919079336019536	-6.336307408393674	-3.5827719276258616	24.185029232670747	-4.018725381858531	763.2804696353796	664.4425223079797	0.28994383283811204	0.0	0.0	0.0	0.0	0	0	Medium	1.7140666503349715	2.0
2025-07-28	700.97998046875	710.0	686.0679931640625	686.219970703125	2030400	SPOT	-0.9926424938907602	3.4882849913411618	1.2628319503047296	1.173159000001195	1.0228200090675532	1.1369218237456795	2.1509152160788	3.4882849913411618	15.554037903363497	47.443070357284945	-9.002026743444048	-6.869451275403749	-2.132575468040299	24.166956204332656	-1.2634737071693245	751.9228497974701	668.6381426341705	0.38832864923407306	0.0	0.0	0.0	0.0	0	0	Medium	1.1369218237456795	2.0
2025-07-29	620.010009765625	663.989990234375	615.6300048828125	657.530029296875	11468100	SPOT	-6.198458213146077	7.855365230414331	2.1972585274684366	1.787584880944478	2.9630423886026693	-11.550967639472361	-5.7062062353824	7.855365230414331	464.8197399527187	30.44634548485999	-14.640094007704533	-8.423579821863907	-6.2165141858406265	28.53717187444729	-12.569979775730774	752.8701602450518	652.9578304776045	-0.3297673148916431	0.0	0.0	0.0	0.0	0	0	Negative	-11.55096763947236	0.0
2025-07-30	650.469970703125	657.780029296875	619.0	623.0	5872200	SPOT	0.4822487036145223	6.264948190125202	2.1036936005088838	1.7729380280057665	1.274691974402834	4.912817609027702	4.40930508878411	6.264948190125202	-48.79535406911346	39.26179483763234	-16.460690062949084	-10.031001870080942	-6.4296881928681415	29.26880454747784	-9.340899586537404	753.342904497209	645.2970857371661	0.04787677140424376	0.0	0.0	0.0	0.0	0	0	High	4.912817609027702	3.0
2025-07-31	626.5399780273438	662.0	624.4949951171875	654.8099975585938	3678700	SPOT	0.6672140223133439	6.005653396113226	1.9047007496871526	1.8433710344095078	0.7414790478302058	-3.6788773892073974	-4.3172858747808505	6.005653396113226	-37.353972957324345	35.45942705180279	-19.60844205685885	-11.946489907436524	-7.661952149422325	29.857104571430312	-11.812071242559284	757.5283149737052	632.8156730634041	-0.05032124201629962	0.0	0.0	0.0	0.0	0	0	Negative	-3.678877389207397	0.0
2025-08-01	627.1500244140625	641.25	618.9240112304688	622.0	2531500	SPOT	-0.7246110681776182	3.607226148028327	1.8710058581012035	1.8628148525863508	0.49480276299895626	0.09736751174912674	0.8279782016177653	3.607226148028327	-31.1849294587762	35.63057377455965	-21.802506818310803	-13.91769328961138	-7.884813528699423	29.319167728437524	-11.111893520705628	757.6515125613746	622.9024791378442	0.03152189791868696	0.0	0.0	0.0	0.0	0	0	Low	0.0973675117491267	1.0
2025-08-04	658.5900268554688	677.0	658.5800170898438	661.0	3764900	SPOT	5.397428728088316	2.796924053595053	2.0669817540507367	1.849464857335778	0.6891533713582814	5.013154941798847	-0.3645950294298411	2.796924053595053	48.72210152083745	43.888848850977574	-20.765007427332534	-15.287156117155611	-5.4778513101769235	30.785654003973235	-8.64462257571908	751.632526899023	621.1514696830083	0.2869271446082783	0.0	0.0	0.0	0.0	0	0	Very High	5.013154941798847	4.0
2025-08-05	647.0	659.64501953125	637.4299926757812	655.0	2135900	SPOT	-0.5451079896563027	3.4850928118733937	1.5879580090706271	1.819398584640816	0.5938598247252992	-1.759824227950577	-1.2213740458015268	3.4850928118733937	-43.268081489548194	41.76180929128907	-20.64007406472524	-16.357739706669538	-4.282334358055703	30.17346635050863	-6.970722641947901	747.9898880938813	617.3551070233061	0.22692955684350472	0.0	0.0	0.0	0.0	0	0	Negative	-1.759824227950577	0.0
2025-08-06	666.8099975585938	667.2369995117188	645.969970703125	651.780029296875	2208200	SPOT	0.7387989639683153	3.2922627634602004	1.250818526339456	1.7158320369952547	0.7710626291971618	3.0618234248212906	2.3059878465335504	3.2922627634602004	3.3849899339856737	46.531639379723835	-18.726692575789343	-16.8315302804935	-1.8951622952958438	29.53729224037185	-5.668572748901224	742.9535861416022	616.860409219726	0.39613236463869217	0.0	0.0	0.0	0.0	0	0	High	3.0618234248212906	3.0
2025-08-07	686.739990234375	690.4099731445312	668.0	668.0	2444900	SPOT	0.17846199753501482	3.3547863988819238	0.31005267811175163	1.7005762089502245	0.9342091185596161	2.988856308206442	2.805387759636976	3.3547863988819238	10.719137759260937	50.889531842374794	-15.424337947064487	-16.550091813807697	1.12575386674321	29.11319819362654	1.6278450526784332	740.3769004298456	617.1160927342169	0.5648502456034713	0.0	0.0	0.0	0.0	0	0	High	2.988856308206442	3.0
2025-08-08	705.8900146484375	717.27001953125	690.5	692.9199829101562	2362000	SPOT	0.8999028400358776	3.8769036250905144	0.3887481440899346	1.6817792655917219	0.9143768533358109	2.78854074123845	1.8717935776378005	3.8769036250905144	-3.390731727269009	54.709288205991406	-11.13360986079283	-15.466795423204724	4.333185562411893	29.214400415287145	4.660023077995789	739.9078763636363	617.2591158238637	0.7226399878360982	0.0	0.0	0.0	0.0	0	0	High	2.78854074123845	3.0
2025-08-11	689.22998046875	705.0	689.219970703125	705.0	1314300	SPOT	-0.1260840400017224	2.2895490507590206	0.5880129364663319	1.7932309802650757	0.6279323096327865	-2.360145891564267	-2.2368822030141846	2.2895490507590206	-44.35647756138865	50.99336683629569	-8.974055142454858	-14.168247367054752	5.1941922245998935	28.3183749531461	1.1461356805592067	736.0994341892632	618.2415570216743	0.6023222643500795	0.0	0.0	0.0	0.0	0	0	Negative	-2.360145891564267	0.0
2025-08-12	689.3499755859375	695.3499755859375	673.77001953125	694.1500244140625	1141500	SPOT	0.7138464786407499	3.202866768946018	0.5743573207374729	1.2987266245992775	0.6026354411935507	0.01741002576612969	-0.6915002030255288	3.202866768946018	-13.147683177356766	51.01917184111253	-7.170255622813784	-12.76864901820656	5.598393395392776	27.837059317541918	-0.5410474869559474	733.3530304240074	618.8769561482583	0.615613523468007	0.0	0.0	0.0	0.0	0	0	Low	0.0174100257661296	1.0
2025-08-13	695.0	695.6300048828125	682.0900268554688	689.719970703125	1359900	SPOT	0.053673044214299054	1.9850719837914885	0.7832452050006949	1.0912435231380968	0.7885672534966252	0.8196162492440883	0.7655323205289172	1.9850719837914885	19.132720105124836	52.292976498727604	-5.224595867867038	-11.259838388138657	6.03524252027162	26.815839225384906	-0.8530886238364679	731.9179899742348	619.2569978187339	0.6723090284587714	0.0	0.0	0.0	0.0	0	0	Medium	0.8196162492440883	2.0
2025-08-14	698.5	707.1699829101562	687.010009765625	693.7100219726562	1423800	SPOT	-0.18560834925809352	2.9344511517974636	0.7496802650810038	0.5904532741542817	0.9365256857199237	0.5035971223021583	0.6904870732186935	2.9344511517974636	4.698874917273329	53.10653987724315	-3.3614767337307967	-9.680166057257086	6.318689323526289	26.340420219609648	12.659471459831048	727.9672184308752	620.9667720476405	0.7246065841133518	0.0	0.0	0.0	0.0	0	0	Medium	0.5035971223021583	2.0
2025-08-15	732.8099975585938	748.2999877929688	721.0	725.0	3006000	SPOT	3.7938439513242663	3.78640607392077	0.7194052024881714	0.6105231342788651	1.8228124431508095	4.911953838023443	1.0772410425646552	3.78640607392077	111.12515802781289	60.260811019806376	0.8735192789844177	-7.569428990008786	8.442948268993204	28.016103617706726	12.658543908869976	734.9919196497017	617.6750725377983	0.981401459851485	0.0	0.0	0.0	0.0	0	0	High	4.911953838023443	3.0
2025-08-18	728.0700073242188	743.7750244140625	723.0	734.0	1477200	SPOT	0.16238894739029544	2.87344736017462	0.652015518711081	0.6067642714831536	0.8784073069787356	-0.6468239038995919	-0.8079009095069823	2.87344736017462	-50.858283433133735	58.92334742163555	3.8034625833098517	-5.294850675345058	9.09831325865491	27.49888367458928	16.204876441650462	738.9156422175553	615.8703502140853	0.9118565634105638	0.0	0.0	0.0	0.0	0	0	Negative	-0.6468239038995919	0.0
2025-08-19	719.3499755859375	736.6799926757812	719.1630249023438	725.0	1568200	SPOT	-0.42166375394332606	2.4357436585141676	0.6695545532774224	0.6247895676161441	0.8874828807823341	-1.1976913827735949	-0.7793137122844828	2.4357436585141676	6.160303276468995	56.44152316030235	5.360042838820959	-3.163871972511855	8.523914811332814	26.785889681649866	14.70141873278505	743.741624649279	615.405366317518	0.8099395339991384	0.0	0.0	0.0	0.0	0	0	Negative	-1.1976913827735949	0.0
2025-08-20	703.7899780273438	718.6500244140625	688.5	715.5399780273438	1566800	SPOT	-0.5296444968237282	4.3790885132988375	0.7845195665633803	0.760464919371968	0.8664012386640124	-2.16306361113303	-1.6421164939509478	4.3790885132988375	-0.08927432725417676	52.215254007183425	5.277249298278662	-1.4756477183537517	6.752897016632414	27.076181531956127	6.86313933232311	746.0092507893446	616.070735782921	0.6750826899944661	0.0	0.0	0.0	0.0	0	0	Negative	-2.16306361113303	0.0
2025-08-21	689.469970703125	704.0	679.989990234375	703.7899780273438	1614500	SPOT	0.0	3.5309357652969817	0.7635623419391506	0.7687132465897886	0.874337950978587	-2.0346989544176752	-2.0346989544176752	3.5309357652969817	3.0444217513403116	48.60793927673096	4.009906204488516	-0.3785369337852982	4.388443138273814	26.857169262932477	6.564137666634466	746.515839161968	616.3691461895946	0.5616802305460633	0.0	0.0	0.0	0.0	0	0	Negative	-2.0346989544176752	0.0
2025-08-22	692.989990234375	701.093994140625	685.0900268554688	690.0	937200	SPOT	0.07687489222111783	2.3360385727133868	0.8510819744350404	0.7565754460814984	0.6541129831516352	0.5105399336914219	0.4333319180253623	2.3360385727133868	-41.95106844224218	49.5309323430555	3.2520759231913416	0.34758563761002986	2.904490285581312	26.081940550234176	3.926154792464816	746.5064167985832	616.3675700178229	0.5887743906754821	0.0	0.0	0.0	0.0	0	0	Medium	0.5105399336914219	2.0
2025-08-25	694.7899780273438	714.7999877929688	694.0999755859375	699.0900268554688	1270300	SPOT	0.8802488790683205	2.982281074071058	0.8448549293717963	0.717509680971171	0.9129653586315941	0.2597422500085433	-0.6150922861060927	2.982281074071058	35.54204011950491	50.02520050499989	2.7648623253385267	0.8310409751557293	1.9338213501827974	25.776801765117003	1.172203149291102	745.8802651963173	616.3747213759483	0.6054972963949833	0.0	0.0	0.0	0.0	0	0	Low	0.2597422500085433	1.0
2025-08-26	696.469970703125	698.3350219726562	680.7000122070312	694.7899780273438	1731400	SPOT	0.0	2.590716828173261	0.8152112092554736	0.7285381560924311	1.2158366338024214	0.2417986339629	0.2417986339629	2.590716828173261	36.29851216248131	50.51234382523951	2.4856503772216456	1.1619628555689125	1.323687521652733	25.19524519372472	-1.3344917408987678	743.5548356947445	626.3461469712711	0.5982817869185	0.0	0.0	0.0	0.0	0	0	Low	0.2417986339629	1.0
2025-08-27	692.989990234375	699.3699951171875	686.9099731445312	694.0599975585938	901600	SPOT	-0.3460268562761218	1.8139235794782331	0.6495316683043834	0.7560867007508196	0.6983733539891557	-0.4996598008722138	-0.15416640174949978	1.8139235794782331	-47.92653344114589	49.437328180854394	1.9609627978312574	1.3217628440213816	0.6391999538098758	24.28558639221983	0.5455377554916854	743.5701654544022	630.5828191647385	0.5523377008045163	0.0	0.0	0.0	0.0	0	0	Negative	-0.4996598008722138	0.0
2025-08-28	687.7999877929688	695.780029296875	682.3200073242188	691.72998046875	1017200	SPOT	-0.18182221725870157	1.9726846389044015	0.4709227059539193	0.8191301492022794	0.8682588729364767	-0.7489289188218935	-0.5681397057733562	1.9726846389044015	12.821650399290153	47.80333260160687	1.1135183423240278	1.280113943681911	-0.1665956013578831	23.512331790822433	-0.22484773306204628	739.3449599156903	640.9340256800127	0.4762271842752753	0.0	0.0	0.0	0.0	0	0	Negative	-0.7489289188218935	0.0
2025-08-29	681.8800048828125	690.8900146484375	673.5	688.9600219726562	1004100	SPOT	0.16865865081065923	2.5820363249350406	0.48320912891147466	0.75550903447558	0.8473989805218918	-0.8607128547868184	-1.0276383046975612	2.5820363249350406	-1.2878489972473455	45.93820940645656	-0.03537288308382358	1.017016578328764	-1.0523894614125875	23.075023423509226	-1.8877690816097124	733.0174104476018	652.7345731949763	0.36303440044258084	0.0	0.0	0.0	0.0	0	0	Negative	-0.8607128547868184	0.0
2025-09-02	689.6199951171875	691.7000122070312	663.0599975585938	669.8099975585938	1044700	SPOT	-1.7701072384859116	4.319370004809651	0.9940503696342659	0.9053333566474011	0.9165643095279874	1.1350956442409819	2.957554773861196	4.319370004809651	4.0434219699233145	48.7534691043683	-0.31766310784837515	0.7500806410933362	-1.0677437489417114	23.472522796718387	-1.2712963325429492	731.4237025298194	657.4312779389306	0.4350271984764845	0.0	0.0	0.0	0.0	0	0	Medium	1.135095644240982	2.0
2025-09-03	697.3300170898438	711.1749877929688	689.1010131835938	693.6900024414062	1133900	SPOT	0.5901811654296844	3.203300269055611	1.0214058206957222	0.8946120887790697	1.111339802019014	1.1180102124715918	0.5247321765668607	3.203300269055611	8.538336364506558	51.46481315171195	0.07983391738116552	0.6160312963509021	-0.5361973789697366	23.37262649762243	-4.841634337270775	726.8638872192007	667.0240949585336	0.506450991662789	0.0	0.0	0.0	0.0	0	0	Medium	1.1180102124715918	2.0
2025-09-04	703.8499755859375	707.6500244140625	694.1500244140625	694.2000122070312	1336900	SPOT	-0.44885560725965873	1.9448245372310484	0.991756214106959	0.7944892601719051	1.2072857968501662	0.9349889344077557	1.3900840116995477	1.9448245372310484	17.902813299232736	53.69588543431846	0.9104640716809627	0.6749178514169143	0.23554622026404837	22.6674388906494	-3.3266075369996346	725.4306965943165	672.1612833861523	0.5948759389549374	0.0	0.0	0.0	0.0	0	0	Medium	0.9349889344077555	2.0
2025-09-05	707.1900024414062	716.5	690.3200073242188	711.0	1211300	SPOT	1.0158449473711046	3.7924429826767923	0.9429128932955341	0.8274872572144607	1.0568148109372002	0.4745367580198126	-0.5358646355265472	3.7924429826767923	-9.39486872615753	54.84110832607975	1.8173079124183005	0.9033958636171916	0.9139120488011089	22.91833558958739	-1.6904112820225643	726.0910623984951	673.5459188026769	0.6402891178207181	0.0	0.0	0.0	0.0	0	0	Low	0.4745367580198126	1.0
2025-09-08	718.280029296875	720.5499877929688	706.3099975585938	710.9000244140625	1183400	SPOT	0.5246145957731694	2.0161105298801445	1.057854822391435	0.8512747177723664	1.0011505532807687	1.568182075140069	1.0381213432782257	2.0161105298801445	-2.3033104928589117	58.51035941375843	3.391762546339123	1.401069200161578	1.9906933461775451	22.298453778500793	2.0588601318457935	727.8150968337834	673.0608858322323	0.8258569092222279	0.0	0.0	0.0	0.0	0	0	Medium	1.568182075140069	2.0
2025-09-09	719.1599731445312	727.0	710.489990234375	715.5700073242188	945600	SPOT	-0.3772932369161221	2.3237498054235375	0.8088045909452727	0.8543486344521382	0.813615322400234	0.12250707408886585	0.5016931653880676	2.3237498054235375	-20.094642555348994	58.79643185914443	4.656852010376838	2.05222576220463	2.604626248172208	21.884993491866805	4.306206753446888	729.9617362839593	673.9072456496343	0.8072988797651545	0.0	0.0	0.0	0.0	0	0	Low	0.1225070740888658	1.0
2025-09-10	704.0900268554688	725.0	700.0	720.780029296875	1181000	SPOT	0.2252706230659703	3.571428571428571	0.8843026375272419	0.9010448986699887	1.0079888020210985	-2.0954929155983293	-2.315547290854804	3.571428571428571	24.89424703891709	52.162971913046725	4.392788473268979	2.5203383044175	1.8724501688514792	22.10749395673346	1.6017600221526467	730.1052145770688	675.2377724834781	0.5258538264418384	0.0	0.0	0.0	0.0	0	0	Negative	-2.0954929155983293	0.0
2025-09-11	690.3099975585938	703.5	677.0700073242188	701.1300048828125	2153300	SPOT	-0.42040390571586167	3.903583438916842	0.8835363543166904	0.9011179211211776	1.6130554639978425	-1.9571402478768072	-1.5432241166211702	3.903583438916842	82.32853513971212	46.94716363964435	3.03657922281252	2.623586488096504	0.41299273471601605	22.4583886406275	-0.6447963572343999	730.2071220211379	674.6668647952682	0.2816539487692401	0.0	0.0	0.0	0.0	0	0	Negative	-1.9571402478768072	0.0
2025-09-12	696.4000244140625	697.7999877929688	686.0	691.8699951171875	1170600	SPOT	0.22598507396835676	1.720114838625182	0.9717509936535246	0.9348652751185986	0.8822864378419933	0.8822162328529549	0.6547515181819256	1.720114838625182	-45.63692936423164	49.35723791249533	2.4252313344545655	2.5839154573681165	-0.15868412291355094	21.69707429436616	-0.010042972705899343	730.1766522801025	674.48733697771	0.39348099931498126	0.0	0.0	0.0	0.0	0	0	Medium	0.8822162328529549	2.0
2025-09-15	703.0999755859375	712.0	696.4000244140625	698.8699951171875	1221000	SPOT	0.35467699835352323	2.2400883169214443	0.9364622486914217	0.9553491312788964	0.9150865622423743	0.962083707207249	0.6052599908858172	2.2400883169214443	4.305484366991286	51.94371777753276	2.4530861440734952	2.5577495947091924	-0.10466345063569715	21.261567243764116	1.4588934175143307	724.946998340128	676.7459887204188	0.5467517604598613	0.0	0.0	0.0	0.0	0	0	Medium	0.962083707207249	2.0
2025-09-16	704.0599975585938	715.0	693.7000122070312	715.0	1573500	SPOT	1.6925081535019908	3.0704897532295092	0.9103115834194707	0.8220204446881795	1.077828314655999	0.1365413178767647	-1.5300702715253496	3.0704897532295092	28.869778869778866	52.31949185011656	2.523537264595575	2.550907128686469	-0.027369864090894147	21.264311568707306	2.3640607813618257	720.3561573911843	678.9358286928	0.6065661392680785	0.0	0.0	0.0	0.0	0	0	Low	0.1365413178767647	1.0
2025-09-17	707.1900024414062	710.1950073242188	688.9600219726562	706.22998046875	1156200	SPOT	0.30820994200507157	3.082179614828984	0.8441394054218182	0.8159374274037605	0.794682869161191	0.44456507878108964	0.13593616799148758	3.082179614828984	-26.520495710200194	53.59359072834916	2.7996627512164878	2.600658253192473	0.19900449802401488	21.26221683891125	3.711796412470477	718.042343567178	680.0336452023532	0.7144774329916257	0.0	0.0	0.0	0.0	0	0	Low	0.4445650787810896	1.0
2025-09-18	734.1199951171875	745.0	711.3400268554688	715.0	2514700	SPOT	1.1043704706841981	4.731910461067073	1.1425836367170945	0.9662459419310145	1.6466081718177057	3.8080279108601394	2.674125191215035	4.731910461067073	117.49697284206884	62.80324310951538	5.1323569185606175	3.1069979862661024	2.025358932294515	22.44420117603143	6.452829139972673	724.9183880696415	676.190602408874	1.18883696278763	0.0	0.0	0.0	0.0	0	0	High	3.8080279108601394	3.0
2025-09-19	734.9199829101562	738.8699951171875	728.1649780273438	730.9199829101562	1545800	SPOT	-0.4358977045054375	1.4701362208938535	1.2141198857657711	1.042745820140352	0.9647743159576593	0.10897234761206144	0.5472555263948331	1.4701362208938535	-38.52944685250726	63.03791095676046	6.965294601034998	3.8786573092198813	3.0866372918151166	21.605688027018026	5.39055610673209	730.8371056224671	674.8168860767516	1.072882207902761	0.0	0.0	0.0	0.0	0	0	Low	0.1089723476120614	1.0
2025-09-22	738.530029296875	740.2009887695312	726.719970703125	730.25	988800	SPOT	-0.635441002932581	1.855049896779764	1.2784498513116092	1.0575603168572687	0.6355572695719244	0.49121625083911713	1.1338622796131463	1.855049896779764	-36.033122008021735	64.13743312451341	8.60996121956623	4.824918091289152	3.7850431282770787	21.025354458402898	4.927193992166757	736.7175278410248	673.490467764444	1.0286665464700544	0.0	0.0	0.0	0.0	0	0	Low	0.4912162508391171	1.0
2025-09-23	718.9400024414062	740.0	716.8499755859375	736.1400146484375	991800	SPOT	-0.3236178020700035	3.229409946640533	1.2874955088695512	1.0513020959027262	0.6890083781418032	-2.652570116088527	-2.3365136882615403	3.229409946640533	0.30339805825242716	54.638903371588384	8.23766128584748	5.507466730200818	2.730194555646662	21.17711659809287	1.661505388853901	738.1013440808883	674.5216539659866	0.6986248029071302	0.0	0.0	0.0	0.0	0	0	Negative	-2.652570116088527	0.0
2025-09-24	708.6500244140625	719.739990234375	699.3200073242188	715.3499755859375	1405500	SPOT	-0.49934999350120846	2.9199769342061934	1.28296596616332	1.0240390112708522	0.9437192812827331	-1.4312707586725757	-0.9365976655534409	2.9199769342061934	41.71203871748336	50.41540642422056	7.0312438736489185	5.812222158890439	1.2190217147584796	21.123035620383114	-1.3407034151066848	738.3980066284875	675.4429967894813	0.527472360174369	0.0	0.0	0.0	0.0	0	0	Negative	-1.4312707586725757	0.0
2025-09-25	712.6199951171875	719.75	695.969970703125	698.760009765625	1238200	SPOT	-1.3956133927484051	3.416818296463351	0.865291554080781	0.9774389023908479	1.0033873032851979	0.560215983398507	1.9835115286879905	3.416818296463351	-11.903237282106012	51.95833491820382	6.322609730738122	5.9142996732599755	0.40831005747814686	21.312820882989676	-0.90939127197912	738.7996549396147	677.0043489666353	0.5763487305350583	0.0	0.0	0.0	0.0	0	0	Medium	0.560215983398507	2.0
2025-09-26	716.530029296875	716.530029296875	704.4400024414062	712.6199951171875	1198600	SPOT	0.0	1.716260691267937	0.7902369824509942	0.9779011168262934	1.0292122481924815	0.5486843207429943	0.5486843207429943	1.716260691267937	-3.198190922306574	53.49327947375932	6.007271066372937	5.932893951882568	0.07437711449036843	20.654049881023894	1.7668198620799178	739.0114072185249	679.6656008381158	0.6211800076058729	0.0	0.0	0.0	0.0	0	0	Medium	0.5486843207429943	2.0
2025-09-29	728.469970703125	740.0	720.2750244140625	726.9099731445312	965500	SPOT	1.4486404509580713	2.7385338818298743	0.6628410354183387	0.9602506796493048	0.8323849920684185	1.6663560378574176	0.21460670732654485	2.7385338818298743	-19.447688970465542	57.91515670792752	6.64422588805121	6.075160339116297	0.5690655489349128	20.855187082602544	5.5279473395273	739.6176660551475	683.7183385835244	0.8005755014193761	0.0	0.0	0.0	0.0	0	0	Medium	1.6663560378574176	2.0
2025-09-30	698.0	711.0	677.989990234375	705.260009765625	4130600	SPOT	-3.186124599631411	4.868804885189196	1.1512710146754213	1.1594601059618999	2.3105924997762464	-4.1827353121660105	-1.0294089647926694	4.868804885189196	327.819782496116	45.91690219630446	4.636893958483711	5.78750706298978	-1.1506131045060695	22.971243753041648	0.22974950170107883	738.9313947393046	685.2426103876485	0.2376174049461041	0.0	0.0	0.0	0.0	0	0	Negative	-4.1827353121660105	0.0
2025-10-01	700.6799926757812	721.6699829101562	697.780029296875	699.5	2172300	SPOT	0.21489971346704873	3.423708419593808	1.1501099088548568	1.1670596667114648	1.1191423154597535	0.3839531054127865	0.16869087573713365	3.423708419593808	-47.40957730111848	46.957765974633226	3.2251444953980126	5.275034549471427	-2.0498900540734146	23.03686588591591	-0.3441875969544055	738.7682603894871	685.7407422960598	0.28172637371789716	0.0	0.0	0.0	0.0	0	0	Low	0.3839531054127865	1.0
2025-10-02	707.2999877929688	716.8599853515625	698.489990234375	700.0	1347000	SPOT	-0.09704753709100072	2.62995824908293	1.172260276003953	1.006073328510889	0.6862645200733646	0.9447957964243893	1.0428553989955358	2.62995824908293	-37.991990056622015	49.54109035774144	2.6104099738910236	4.742109634355347	-2.1316996604643235	22.703517973863878	0.46018666670596625	738.7640979055735	686.0899060006765	0.4026655374340997	0.0	0.0	0.0	0.0	0	0	Medium	0.9447957964243892	2.0
2025-10-03	680.5	708.5499877929688	680.239990234375	706.4400024414062	1731800	SPOT	-0.12158707286931598	4.161766136219015	0.9530672376513629	0.9618505768083087	0.8368447502706046	-3.7890553167679792	-3.6719328395560065	4.161766136219015	28.56718634001485	40.86423893038805	-0.038858662898292096	3.7859159749046194	-3.8247746378029115	23.103980801344584	-3.7740921604187463	740.8397793345688	681.3452243275407	-0.01420675097814969	0.0	0.0	0.0	0.0	0	0	Negative	-3.7890553167679792	0.0
2025-10-06	680.280029296875	698.8499755859375	675.4500122070312	684.27001953125	1289500	SPOT	0.5540072786554004	3.464351610927791	0.8449433693371942	0.8604299220196082	0.6041963415548391	-0.03232486452975753	-0.5831017172297406	3.464351610927791	-25.539900681371986	40.8010729684004	-2.1316011704567472	2.602412545832346	-4.734013716289093	23.12512241402756	-7.333946245629508	741.5963611905601	676.7886424715492	0.05387300917755658	0.0	0.0	0.0	0.0	0	0	Negative	-0.0323248645297575	0.0
2025-10-07	680.4400024414062	683.0	670.5	679.97998046875	1255500	SPOT	-0.04410666419755479	1.864280387770321	0.8821054970345346	0.966982333099797	0.8052102974564205	0.023515778450323658	0.06765228181263953	1.864280387770321	-2.6366808840635905	40.87265351508826	-3.7341611045019363	1.3350978157654896	-5.069258920267426	22.36618509873988	-7.413049275516864	741.6147466653061	672.8982599264908	0.10975157306252947	-0.0431499999999999	-0.4999981277274159	-11.587173593367854	-0.3629436894091911	0	0	Low	0.0235157784503236	1.0
2025-10-08	674.75	696.5	673.5	689.3800048828125	1431600	SPOT	1.3138560944873443	3.414996288047513	0.8813362484405336	0.9682493453401405	1.0145420528956544	-0.8362239758083925	-2.122197449764945	3.414996288047513	14.026284348864996	39.06339265101516	-5.401076790552793	-0.012137105498166934	-5.388939685054626	22.411457591687032	-8.636077988270486	742.9541323477399	668.62487155851	0.08240534584164085	0.0	0.1024603396654129	102460.3396654129	0.071722237765789	0	0	Negative	-0.8362239758083925	0.0
2025-10-09	673.6599731445312	675.0399780273438	666.0	673.7000122070312	1164700	SPOT	-0.15561138095127824	1.357354058159722	1.1850086139307494	1.117436214308675	0.847288705242176	-0.16154529165894776	-0.005943158939367185	1.357354058159722	-18.643475831237776	38.709884316459465	-6.732467840281743	-1.3562032524548822	-5.37626458782686	21.456351908519654	-6.2981652353619495	744.161284073287	665.7527173915568	0.100846834569378	0.0	0.0	0.0	0.0	0	0	Negative	-0.1615452916589477	0.0
2025-10-10	685.2899780273438	689.5499877929688	670.0	673.719970703125	1376400	SPOT	0.008906208025644081	2.9179086258162314	0.9483893533314273	1.0295006871207737	1.055893950319898	1.726390960787769	1.7173318036192042	2.9179086258162314	18.176354426032454	44.482672622757995	-6.771107528588118	-2.4391841076815295	-4.331923420906588	21.320183043123162	-3.296415096582221	744.3821873595949	664.420809466577	0.26099060709894306	0.6043	0.6575915095163509	1.0881853737067304	0.6416040566614456	0	0	Medium	1.726390960787769	2.0
2025-10-13	692.0399780273438	694.9299926757812	675.2650146484375	680.0800170898438	938241	SPOT	-0.7602564030627218	2.912186711995128	0.8501943094280706	1.024475186976866	0.7607637857882692	0.9849844907159387	1.7586108453352776	2.912186711995128	-31.833696599825632	47.56933491613931	-6.185755631636425	-3.1884984124725086	-2.9972572191639166	21.20195411342463	-2.88793708159416	744.1902250486937	663.5067720216189	0.3536438381752207	0.7006	-0.2080967230722308	-0.2970260149103852	0.0645122938494384	0	0	Medium	0.9849844907159389	2.0
2025-10-14	683.510009765625	700.1199951171875	674.9390258789062	684.760009765625	1214600	SPOT	-1.0519577615256075	3.7308509765738567	0.912442088300224	0.8556504114292631	0.9914226351598986	-1.232583164636439	-0.18254570684229085	3.7308509765738567	29.455012091775995	44.223231452747825	-6.337106962519215	-3.8182201224818506	-2.5188868400373643	21.486169479485817	-4.6083231938865525	744.1241922040164	661.5178060869993	0.26622885605324037	0.0	0.0	0.0	0.0	0	0	Negative	-1.232583164636439	0.0
2025-10-15	671.2999877929688	689.8400268554688	670.8099975585938	689.8400268554688	1102500	SPOT	0.9261045192321774	2.836873237747589	0.8607512416385819	0.8424493971207156	0.9510145967154673	-1.78637061611476	-2.6875852865499787	2.836873237747589	-9.229375926230858	39.89703154469667	-7.357488168721829	-4.526073731729847	-2.8314144369919827	21.310730895013617	-7.847953273211155	744.477275376119	657.5757214500529	0.15792889451196845	0.0	0.0	0.0	0.0	0	0	Negative	-1.78637061611476	0.0
2025-10-16	665.6649780273438	679.0	661.0	671.7999877929688	885502	SPOT	0.07448234903799845	2.723146747352496	0.4027793478341486	0.8392827794480479	0.8024859517697516	-0.8394175283916222	-0.9132196899526663	2.723146747352496	-19.682358276643992	38.04716124490951	-8.52260256321847	-5.325379498027572	-3.197223065190898	21.07425011679836	-4.632524637916368	740.8722192790152	654.3352758381724	0.13092329979179843	0.0	0.0	0.0	0.0	0	0	Negative	-0.8394175283916222	0.0
2025-10-17	671.52001953125	675.3499755859375	656.25	660.0	1200900	SPOT	-0.851025397810706	2.9104724702380955	0.40328332083158813	0.7216547755816198	1.1240713003227598	0.8795778202508561	1.7454575047348486	2.9104724702380955	35.61798844045524	41.10288911678152	-8.871248962433015	-6.034553390908661	-2.836695571524354	20.933230507451157	-4.1616677298254405	735.5377270664462	653.3297717128507	0.2212711378133513	0.0	0.0	0.0	0.0	2025-10-22 17:57:52.681410+00:00	2025-10-22 17:57:52.684272+00:00	Medium	0.8795778202508561	2.0
2025-10-20	675.530029296875	682.25	667.5	670.1300048828125	1077500	SPOT	-0.20699526566725296	2.209737827715356	0.5478516306903577	0.7047409927518142	0.9829407104759313	0.5971541650275982	0.8058174346344658	2.209737827715356	-10.275626613373303	43.17030994631893	-8.723421300030623	-6.5723269727330536	-2.151094327297569	20.49157118549036	-4.491723320288395	727.7860880433919	654.7814107359048	0.2842094414523527	0.0	0.0	0.0	0.0	2025-10-22 17:57:52.681410+00:00	2025-10-22 17:57:52.684272+00:00	Medium	0.5971541650275982	2.0
2025-10-21	689.2100219726562	696.9500122070312	682.469970703125	685.0	1539800	SPOT	1.4018578438299498	2.1217111558751762	0.3677249480685763	0.6754088218114487	1.3259958919789565	2.025075434473292	0.6146017478330292	2.1217111558751762	42.90487238979118	49.66197608977654	-7.416908230849344	-6.741243224356312	-0.6756650064930323	20.557886308680782	1.2799444485901912	724.0239711018188	655.5705296306031	0.4914214920253259	0.0	0.0	0.0	0.0	2025-10-22 17:57:52.681410+00:00	2025-10-22 17:57:52.684272+00:00	High	2.025075434473292	3.0
2025-10-22	657.2550048828125	686.6699829101562	656.510009765625	680.0	978091	SPOT	-1.3363157352667818	4.59398526997302	0.9978064403199242	0.8825886075991991	0.8607238947283014	-4.636470171803674	-3.344852223115809	4.59398526997302	-36.479347967268474	38.57675310933674	-8.857881882038441	-7.164570955892739	-1.6933109261457027	21.425181015705817	-3.384639181288439	723.0851075411634	651.3698912381334	0.08206227280709542	0.0	0.0	0.0	0.0	2025-10-22 17:57:52.681410+00:00	2025-10-22 17:57:52.684272+00:00	Negative	-4.636470171803674	0.0
2025-10-23	672.4550170898438	683.9600219726562	668.010009765625	680.0	799659	SPOT	3.4606043237727637	2.3876905995207167	1.0245819138530692	0.7400093327402537	0.7144979851499745	2.3126506598061414	-1.1095563103170956	2.3876905995207167	-18.242883330896614	44.87941254114683	-8.673368733183565	-7.466330511350905	-1.2070382218326605	21.802312163858524	-1.173503221872982	719.6332779560628	650.8052230204996	0.3145489741009341	0.0581479591836734	0.0	58147959.18367347	0.0290739795918367	2025-10-23 19:17:56.291536+00:00	2025-10-23 19:17:56.294345+00:00	High	2.3126506598061414	3.0
2025-10-24	645.780029296875	676.4199829101562	644.8300170898438	676.2000122070312	1677714	SPOT	0.5569138488094807	4.89896018843538	1.3805648486354998	0.965808195755849	1.3813429930753114	-3.9668062718022403	-4.498666424283146	4.89896018843538	109.8036788180962	37.58977727782909	-10.557884594537654	-8.084641327988255	-2.4732432665493995	22.501430282176667	-4.293437673675435	717.0270064821204	646.3364944944421	-0.007871851284146084	0.107914	0.0	107914000.0	0.053957	2025-10-24 23:31:57.006502+00:00	2025-10-24 23:31:57.009497+00:00	Negative	-3.96680627180224	0.0
2025-10-27	657.7999877929688	661.5401000976562	640.7100830078125	648.4400024414062	2316698	SPOT	0.41190080582507754	3.2510830783335365	1.259028001049173	0.9631583733256127	1.5841835611290103	1.8613084875326782	1.443462049892315	3.2510830783335365	38.086586867606755	42.14960452888083	-10.95518227432001	-8.658749517254606	-2.2964327570654035	22.382043625581456	-2.3543012771755993	707.7385346151132	648.5579680704336	0.15616646244097182	0.090448	0.0	90448000.0	0.045224	2025-10-27 23:31:50.501806+00:00	2025-10-27 23:31:50.504245+00:00	Medium	1.8613084875326784	2.0
2025-10-28	653.4299926757812	669.7000122070312	653.2349853515625	660.9299926757812	1473349	SPOT	0.47582927043130546	2.5205365947458382	1.1627335697332712	0.9603956846391903	1.0167322912076182	-0.6643349343695764	-1.1347646623867347	2.5205365947458382	-36.40306159887909	40.97740963425177	-11.490213602308927	-9.22504233426547	-2.2651712680434564	21.959399570573403	-4.649124658626082	705.9047486581404	645.9347532949845	0.124983157584195	0.0890799999999999	0.0	89079999.99999999	0.0445399999999999	2025-10-28 23:33:43.502007+00:00	2025-10-28 23:33:43.504659+00:00	Negative	-0.6643349343695764	0.0
2025-10-29	665.6699829101562	673.1599731445312	650.9400024414062	651.4299926757812	1450655	SPOT	-0.3060771654833358	3.413520542567225	1.0014571827903007	0.96378842837515	0.9397777295504384	1.8731907582406055	2.1859586439800736	3.413520542567225	-1.5403003633219285	45.54540501977571	-10.802045608648655	-9.540442989142107	-1.2616026195065473	21.97801179432709	-3.810472798458122	702.1913973262489	646.1471036503136	0.3483473156558937	0.113437	0.0	113437000.0	0.0567185	2025-10-29 23:34:01.753470+00:00	2025-10-29 23:34:01.756324+00:00	Medium	1.873190758240605	2.0
2025-10-30	656.6799926757812	670.4199829101562	651.5599975585938	661.989990234375	1066036	SPOT	-0.5528253894960333	2.8945892047134847	0.9080261323005684	0.9577851516615211	0.6675699221436863	-1.3505175935788525	-0.8021265633810816	2.8945892047134847	-26.51347150080481	42.91809877700467	-10.856932633923066	-9.803740918098299	-1.0531917158247666	21.755295619843906	-3.925329067096434	696.1589063363807	647.117595128463	0.1949865799219171	0.077059	0.0	77059000.00000001	0.0385295	2025-10-30 23:37:04.115530+00:00	2025-10-30 23:37:04.118413+00:00	Negative	-1.3505175935788525	0.0
2025-10-31	655.3200073242188	668.1699829101562	654.8400268554688	661.8800048828125	1113844	SPOT	0.791863961903682	2.035604958160199	0.5586970754467449	1.0171880208519122	0.7505098656682185	-0.2071001654886656	-0.9911158382485378	2.035604958160199	4.4846515502290725	42.51851858806111	-10.884698420984478	-10.019932418675534	-0.8647660023089436	21.153485650904162	-2.380452965787671	695.5282694593169	645.2302327379488	0.20059976977160102	0.055303	0.0	55303000.0	0.0276515	2025-10-31 23:31:20.230404+00:00	2025-10-31 23:31:20.233190+00:00	Negative	-0.2071001654886656	0.0
2025-11-03	644.0900268554688	661.6900024414062	640.5599975585938	653.1500244140625	3790480	SPOT	-0.3311333220263873	3.2986769332063517	0.5681381237275467	0.9767775840171082	2.1308325137131785	-1.713663606060784	-1.3871235122009566	3.2986769332063517	240.30618291250838	39.267453497368734	-11.678248993300599	-10.351595733600547	-1.326653259700052	21.151808453183328	-3.24111255421774	695.7358243441704	641.4036776089547	0.049443090471020947	-0.0758065217391304	0.0	-75806521.73913045	-0.0379032608695652	2025-11-03 23:21:02.052591+00:00	2025-11-03 23:21:02.055444+00:00	Negative	-1.713663606060784	0.0
2025-11-04	629.5999755859375	650.581298828125	603.1500244140625	625.1799926757812	4135613	SPOT	-2.935930287883628	7.863926468400659	2.280228963046788	1.7175346880479885	1.7892818735707334	-2.2496934691371586	0.706993659736078	7.863926468400659	9.105258436926194	35.49604864452681	-13.32279271683501	-10.94583513024744	-2.3769575865875705	23.028913164674698	-6.242560567974504	697.4553897573974	634.6001095101808	-0.07954994241656765	0.072574	0.0	72574000.0	0.036287	2025-11-04 23:21:33.997589+00:00	2025-11-04 23:21:34.000490+00:00	Negative	-2.2496934691371586	0.0
2025-11-05	620.0	650.739990234375	617.0	626.0	2128013	SPOT	-0.5717877581852161	5.468393879153161	2.3543194103373155	1.7880201708815087	0.8697136812155907	-1.524773818010917	-0.9584664536741214	5.468393879153161	-48.54419405297353	33.21963998602661	-15.225236219715043	-11.801715348140961	-3.423520871574082	23.79399009822472	-8.220216258139315	700.252610972305	626.327888295273	-0.08559908060688744	0.0	0.0	0.0	0.0	2025-11-05 23:21:40.054140+00:00	2025-11-05 23:21:40.057011+00:00	0	0.0	0.0
