timestamp	open	high	low	close	volume	quoteVolume	symbol	gap_apertura_pct	volatilidad_diaria	vol_5d	vol_10d	vol_rel_5d	return_pct	close_open_pct	range_pct	volume_change_pct	rsi_14	macd	macd_signal	macd_diff	atr_14	momentum_12	bb_upper	bb_lower	bb_pctb	vader	finbert	sentiment_ratio	sentiment_combined	download_date	added_date	target_category	target	target_num
2025-07-15 16:00:00	0.7884	0.8533	0.7883	0.8334	4419162.48	3646843.37703857	THETAUSDT	0.0	8.245591779779266	0.0	0.0	0.0	0.0	5.707762557077631	8.245591779779266	0.0	0.0	0.0	0.0	0.0	0.0	0.0	0.0	0.0	0.0	0.0	0.0	0.0	0.0	0	0	High	2.7597792176625893	3
2025-07-16 16:00:00	0.8334	0.883	0.823	0.8564	7030194.7487	6004955.29475428	THETAUSDT	0.0	7.29040097205347	0.0	0.0	0.0	2.7597792176625893	2.7597792176625893	7.29040097205347	59.08432379476574	0.0	0.0	0.0	0.0	0.0	0.0	0.0	0.0	0.0	0.0	0.0	0.0	0.0	0	0	High	4.437178888369911	3
2025-07-17 16:00:00	0.8564	0.9471	0.8269	0.8944	5794978.8654	5204762.34895864	THETAUSDT	0.0	14.53621961543114	0.0	0.0	0.0	4.437178888369911	4.437178888369911	14.53621961543114	-17.570151716329235	0.0	0.0	0.0	0.0	0.0	0.0	0.0	0.0	0.0	0.0	0.0	0.0	0.0	0	0	Negative	-2.68336314847943	0
2025-07-18 16:00:00	0.8944	0.9159	0.8537	0.8704	3660633.0495	3226256.62310236	THETAUSDT	0.0	7.285931826168447	0.0	0.0	0.0	-2.68336314847943	-2.68336314847943	7.285931826168447	-36.83095081922573	0.0	0.0	0.0	0.0	0.0	0.0	0.0	0.0	0.0	0.0	0.0	0.0	0.0	0	0	Very High	12.051930147058822	4
2025-07-19 16:00:00	0.8704	0.9757	0.8648	0.9753	5600643.2449	5159129.74367781	THETAUSDT	0.0	12.823774283071227	3.403322343033723	0.0	1.0565013859724957	12.051930147058822	12.051930147058822	12.823774283071227	52.99657652560895	0.0	0.0	0.0	0.0	0.0	0.0	0.0	0.0	0.0	0.0	0.0	0.0	0.0	0	0	Medium	0.5844355582897609	2
2025-07-20 16:00:00	0.9753	1.0133	0.9373	0.981	4931162.5011	4788398.66378219	THETAUSDT	0.0	8.108396457911029	3.421872531010697	0.0	0.9125829526201658	0.5844355582897609	0.5844355582897609	8.108396457911029	-11.953640225337256	0.0	0.0	0.0	0.0	0.0	0.0	0.0	0.0	0.0	0.0	0.0	0.0	0.0	0	0	Negative	-4.393476044852195	0
2025-07-21 16:00:00	0.981	0.9918	0.9095	0.9379	4844302.0	4592123.3936	THETAUSDT	0.0	9.04892798240792	3.152360836141109	0.0	0.9754262020821362	-4.393476044852195	-4.393476044852195	9.04892798240792	-1.7614609350355808	0.0	0.0	0.0	0.0	0.0	0.0	0.0	0.0	0.0	0.0	0.0	0.0	0.0	0	0	Negative	-0.4158225823648473	0
2025-07-22 16:00:00	0.9379	1.0034	0.912	0.934	5831572.0	5577595.5516	THETAUSDT	0.0	10.021929824561408	2.142026081985055	0.0	1.17249047974321	-0.4158225823648473	-0.4158225823648473	10.021929824561408	20.380025853053752	0.0	0.0	0.0	0.0	0.0	0.0	0.0	0.0	0.0	0.0	0.0	0.0	0.0	0	0	Negative	-5.620985010706649	0
2025-07-23 16:00:00	0.934	0.9365	0.8281	0.8815	6373094.0	5632607.0622	THETAUSDT	0.0	13.090206496799912	2.2412407080944337	0.0	1.1553508358198763	-5.620985010706649	-5.620985010706649	13.090206496799912	9.286038138601391	0.0	0.0	0.0	0.0	0.0	0.0	0.0	0.0	0.0	0.0	0.0	0.0	0.0	0	0	Negative	-4.061259217243329	0
2025-07-24 16:00:00	0.8815	0.8897	0.8259	0.8457	4007252.0	3436951.1396	THETAUSDT	0.0	7.724906162973736	2.144999895912025	2.691819877485212	0.770999541764235	-4.061259217243329	-4.061259217243329	7.724906162973736	-37.12234591236219	0.0	0.0	0.0	0.0	0.0	0.0	0.0	0.0	0.0	0.0	0.0	0.0	0.0	0	0	High	4.848054865791656	3
2025-07-25 16:00:00	0.8457	0.8928	0.8394	0.8867	2472822.0	2175580.7372	THETAUSDT	0.0	6.36168691922802	2.552045949581242	2.8738354440285816	0.5254829329642915	4.848054865791656	4.848054865791656	6.36168691922802	-38.29132782265752	0.0	0.0	0.0	0.0	0.0	0.0	0.0	0.0	0.0	0.0	0.0	0.0	0.0	0	0	Medium	1.669110183827667	2
2025-07-26 16:00:00	0.8867	0.9118	0.8774	0.9015	2260040.0	2030001.2244	THETAUSDT	0.0	3.9206747207659114	3.505297076582764	3.3385359793278333	0.539523451666716	1.669110183827667	1.669110183827667	3.9206747207659114	-8.604824771051051	0.0	0.0	0.0	0.0	0.0	0.0	0.0	0.0	0.0	0.0	0.0	0.0	0.0	0	0	Negative	-1.087077093732659	0
2025-07-27 16:00:00	0.9015	0.9571	0.885	0.8917	3707946.0	3433733.4696	THETAUSDT	0.0	8.146892655367225	3.362224876334236	2.789720729699941	0.9850474630832944	-1.087077093732659	-1.087077093732659	8.146892655367225	64.06550326542893	0.0	0.0	0.0	0.0	0.0	6.99544036477082	0.0	0.0	0.0	0.0	0.0	0.0	0.0	0	0	Negative	-4.530671750588774	0
2025-07-28 16:00:00	0.8917	0.8943	0.8411	0.8513	4185626.0	3632217.7832	THETAUSDT	0.0	6.325050529069079	1.6519095625648088	2.857770289379488	1.2581775320274773	-4.530671750588774	-4.530671750588774	6.325050529069079	12.88260400771748	45.8857926870621	0.0	0.0	0.0	0.0752357142857143	-0.5955161139654489	0.0	0.0	0.0	0.0	0.0	0.0	0.0	0	0	Negative	-2.255374133677904	0
2025-07-29 16:00:00	0.8513	0.858	0.808	0.8321	2703360.0	2257810.1248	THETAUSDT	0.0	6.188118811881179	1.5022460841892942	2.5057256299785786	0.8817339619827899	-2.255374133677904	-2.255374133677904	6.188118811881179	-35.41324523500188	42.738726680758525	0.0	0.0	0.0	0.0734331632653061	-6.965563506261184	0.0	0.0	0.0	0.0	0.0	0.0	0.0	0	0	Negative	-0.5287825982453984	0
2025-07-30 16:00:00	0.8321	0.8633	0.7876	0.8277	5590958.0	4672138.0318	THETAUSDT	0.0	9.611477907567291	2.156480246222007	2.564430895098605	1.5153347828184518	-0.5287825982453984	-0.5287825982453984	9.611477907567291	106.81514855587122	42.02735623925688	0.0	0.0	0.0	0.0735950801749271	-4.905790441176467	0.0	0.0	0.0	0.0	0.0	0.0	0.0	0	0	Negative	-6.089162740123233	0
2025-07-31 16:00:00	0.8277	0.8461	0.7508	0.7773	3923188.0	3077183.1028	THETAUSDT	0.0	12.693127330847089	2.691393758344097	2.952651001404865	0.9753798379181862	-6.089162740123233	-6.089162740123233	12.693127330847089	-29.829771570453577	34.8681388947563	0.0	0.0	0.0	0.0751454315910037	-20.301445709012608	0.0	0.0	0.0	0.0	0.0	0.0	0.0	0	0	Negative	-6.651228611861567	0
2025-08-01 16:00:00	0.7773	0.782	0.7225	0.7256	2921260.0	2181208.4856	THETAUSDT	0.0	8.235294117647058	2.6880193446205296	2.897712457175631	0.7558478424573462	-6.651228611861567	-6.651228611861567	8.235294117647058	-25.538618083048785	29.345788608262453	0.0	0.0	0.0	0.0740279007630749	-26.03465851172273	0.0	0.0	0.0	0.0	0.0	0.0	0.0	0	0	High	2.990628445424468	3
2025-08-02 16:00:00	0.7256	0.753	0.7091	0.7473	2056472.0	1510295.074	THETAUSDT	0.0	6.190946269919624	2.71703821615543	2.3884735407648545	0.5979771841483089	2.990628445424468	2.990628445424468	6.190946269919624	-29.6032533906602	34.06596990393655	0.0	0.0	0.0	0.0718759078514267	-20.32199594839535	0.0	0.0	0.0	0.0	0.0	0.0	0.0	0	0	High	3.238324635353941	3
2025-08-03 16:00:00	0.7473	0.7747	0.7426	0.7715	1758752.0	1326114.8186	THETAUSDT	0.0	4.3226501481282	3.211357780366689	2.592759712513768	0.5411334822096128	3.238324635353941	3.238324635353941	4.3226501481282	-14.477221182685687	38.96322284588865	0.0	0.0	0.0	0.0690347715763248	-17.39828693790151	0.9974479674682496	0.7248220325317505	0.1712161664997935	0.0	0.0	0.0	0.0	0	0	Negative	-3.0589760207388146	0
2025-08-04 16:00:00	0.7715	0.7876	0.7447	0.7479	2344016.0	1803487.7752	THETAUSDT	0.0	5.760709010339726	3.252916443287167	2.6211492000329097	0.9012889266491168	-3.0589760207388146	-3.0589760207388146	5.760709010339726	33.27723294699878	36.14381306771116	0.0	0.0	0.0	0.0671680021780159	-15.155984117980708	1.0014930169774523	0.7122269830225476	0.1233225224881178	0.0	0.0	0.0	0.0	0	0	High	3.6234790747426144	3
2025-08-05 16:00:00	0.7479	0.7752	0.7335	0.775	2347432.0	1759416.0758	THETAUSDT	0.0	5.685071574642121	1.4138036919728254	2.4330375400779407	1.027058963949033	3.6234790747426144	3.6234790747426144	5.685071574642121	0.1457327936328079	41.38859496534863	0.0	0.0	0.0	0.0653488591653004	-8.359938512474871	1.0017618751979716	0.7038181248020283	0.238910449047435	0.0	0.0	0.0	0.0	0	0	High	3.1741935483870907	3
2025-08-06 16:00:00	0.775	0.8044	0.763	0.7996	1935704.0	1510996.6254	THETAUSDT	0.0	5.425950196592398	0.7015400025277627	2.4814475580843705	0.9268503643232152	3.1741935483870907	3.1741935483870907	5.425950196592398	-17.539507001693767	45.74487434457585	0.0	0.0	0.0	0.063638226367779	-9.822938987256125	0.9974565125755904	0.6986434874244096	0.3378584736207954	0.0	0.0	0.0	0.0	0	0	Medium	1.1505752876438202	2
2025-08-07 16:00:00	0.7996	0.8303	0.7791	0.8088	2078974.0	1678864.8444	THETAUSDT	0.0	6.571685277884742	0.8105874123700364	2.474726179292362	0.993310194347225	1.1505752876438202	1.1505752876438202	6.571685277884742	7.401441542715209	47.32176722579476	0.0	0.0	0.0	0.0627497816272233	-10.282861896838604	0.9949452259541556	0.6949947740458443	0.379413417216466	0.0	0.0	0.0	0.0	0	0	Very High	7.220573689416421	4
2025-08-08 16:00:00	0.8088	0.8749	0.8086	0.8672	1786642.0	1512946.0884	THETAUSDT	0.0	8.199356913183282	1.130290620616191	2.4769531706626906	0.8513682948102922	7.220573689416421	7.220573689416421	8.199356913183282	-14.061359112716175	56.05341577587224	0.0	0.0	0.0	0.0630033686538502	-2.7475608388471544	0.9776858351408292	0.7014441648591709	0.6000392155601402	0.0	0.0	0.0	0.0	0	0	Low	0.1960332103321073	1
2025-08-09 16:00:00	0.8672	0.8856	0.8426	0.8689	1804830.0	1563414.4486	THETAUSDT	0.0	5.103251839544272	1.2452605947968134	2.4127940785976687	0.906623364332559	0.1960332103321073	0.1960332103321073	5.103251839544272	1.017999129092454	56.28059054462294	-0.0100589181313383	0.0	0.0	0.0615745566071466	2.067426289204753	0.9569357602131416	0.7109842397868585	0.6420605163954343	0.0	0.0	0.0	0.0	0	0	Negative	-1.6917942225802791	0
2025-08-10 16:00:00	0.8689	0.9075	0.8303	0.8542	4073782.0	3545317.1664	THETAUSDT	0.0	9.297844152715877	1.7989565054692425	1.5944121141566463	1.7439236803775913	-1.6917942225802791	-1.6917942225802791	9.297844152715877	125.71555215726688	53.69578280957232	-0.0065815026072726	0.0	0.0	0.0626906597066362	2.6559307775507763	0.9436793787569208	0.715870621243079	0.6072171248663079	0.0	0.0	0.0	0.0	0	0	High	2.3999063451182483	3
2025-08-11 16:00:00	0.8542	0.8792	0.8158	0.8747	3708642.0	3132610.4382	THETAUSDT	0.0	7.771512625643543	1.607741263296741	1.5435930811482903	1.378383200016056	2.3999063451182483	2.3999063451182483	7.771512625643543	-8.963169850522194	56.683530123498606	-0.0021467012410414	0.0	0.0	0.0627413268704479	5.6783858886069885	0.932498805462074	0.7211211945379261	0.726561364709459	0.0	0.0	0.0	0.0	0	0	High	3.475477306505085	3
2025-08-12 16:00:00	0.8747	0.9211	0.869	0.9051	3824566.0	3424280.557	THETAUSDT	0.0	5.99539700805524	1.6990233356126314	1.54823048996511	1.25820823185925	3.475477306505085	3.475477306505085	5.99539700805524	3.1257802721319554	60.73010401381065	0.0037773932908039	0.0	0.0	0.0619812320939873	16.441528367425708	0.9365819868130244	0.7193980131869755	0.8550446136176203	0.0	0.0	0.0	0.0	0	0	Negative	-6.540713733289143	0
2025-08-13 16:00:00	0.9051	0.929	0.8216	0.8459	4348121.5	3828763.8967	THETAUSDT	0.0	13.072054527750735	3.145010980939082	2.446889089633556	1.2241373373893152	-6.540713733289143	-6.540713733289143	13.072054527750735	13.689278731233816	50.781296850261	0.0036532235560297	0.0	0.0	0.0652254298015596	16.579382579933842	0.9365985451099604	0.7194014548900396	0.5824136270972855	0.0	0.0	0.0	0.0	0	0	Negative	-4.610474051306305	0
2025-08-14 16:00:00	0.8459	0.8558	0.8015	0.8069	2704407.0	2245566.04767	THETAUSDT	0.0	6.774797255146601	2.7967127391151667	2.397052429271456	0.7246722363173519	-4.610474051306305	-4.610474051306305	6.774797255146601	-37.80286498433864	45.493836384652816	0.0004031962874057	0.0	0.0	0.0644450419585911	7.975378027565902	0.9295081876621588	0.7185118123378411	0.4189085595726435	0.0	0.0	0.0	0.0	0	0	Very High	6.047837402404272	4
2025-08-15 16:00:00	0.8069	0.8606	0.7972	0.8557	1506940.4	1254356.19406	THETAUSDT	0.0	7.952834922227798	2.775287294174476	2.324025879862491	0.4682068773778711	6.047837402404272	6.047837402404272	7.952834922227798	-44.27834271986429	52.20050099582972	0.0017451612901941	0.0	0.0	0.064370396104406	10.91380427738173	0.922262540250384	0.7211774597496159	0.6689831981337382	0.0	0.0	0.0	0.0	0	0	Medium	1.14526118966928	2
2025-08-16 16:00:00	0.8557	0.866	0.8405	0.8655	1499842.0	1284227.56311	THETAUSDT	0.0	3.0339083878643627	3.6707807166672577	2.671644662420993	0.5401380359400911	1.14526118966928	1.14526118966928	3.0339083878643627	-0.4710471628473102	53.43949607667363	0.0035584368759665	0.0	0.0	0.0615939392398056	15.72402727637385	0.9179078748486352	0.722912125151365	0.7312358093445727	0.0	0.0	0.0	0.0	0	0	Negative	-7.371461582900067	0
2025-08-17 16:00:00	0.8655	0.8703	0.7821	0.8017	3181999.8	2590747.63446	THETAUSDT	0.0	11.27733026467203	3.928767040490239	2.9171221434569663	1.2015426086180427	-7.371461582900067	-7.371461582900067	11.27733026467203	112.15566706359736	45.22142701341091	-0.0001509162904622	-0.0007255417118475	0.0005746254213852	0.063494372151248	3.4451612903225737	0.914679203614294	0.721180796385706	0.4161233405873632	0.0	0.0	0.0	0.0	0	0	Negative	-2.9187975551952072	0
2025-08-18 16:00:00	0.8017	0.8114	0.77	0.7783	2837294.0	2250193.648	THETAUSDT	0.0	5.376623376623376	3.063946384609436	3.014279278307197	1.2093679141878828	-2.9187975551952072	-2.9187975551952072	5.376623376623376	-10.832992509930383	42.631891358918345	-0.004922051491619	-0.0015648436678018	-0.0033572078238171	0.0619162027118732	-2.663831915957977	0.913247211979528	0.7172327880204721	0.3115444809933164	0.0	0.0	0.0	0.0	0	0	Medium	0.6681228318129234	2
2025-08-19 16:00:00	0.7783	0.7931	0.7582	0.7835	1880526.0	1454182.0244	THETAUSDT	0.0	4.60300712213137	3.232445835932916	3.063433896460908	0.8621044233189324	0.6681228318129234	0.6681228318129234	4.60300712213137	-33.721144160598094	43.40744017709121	-0.0081892138117092	-0.0028897176965833	-0.0052994961151258	0.0599864739467394	-3.1280909990108787	0.9118040471986448	0.7142559528013552	0.3505174140500076	0.0	0.0	0.0	0.0	0	0	Negative	-1.0593490746649616	0
2025-08-20 16:00:00	0.7835	0.8026	0.7727	0.7752	1414368.0	1116767.2518	THETAUSDT	0.0	3.86954833700012	3.272999893610404	3.19081241156834	0.6539504819933084	-1.0593490746649616	-1.0593490746649616	3.86954833700012	-24.78870273529853	42.42164753604226	-0.0113177402583701	-0.0045753222089407	-0.0067424180494294	0.0578374400934008	-10.608856088560882	0.9118550940058188	0.7139949059941815	0.3093350644254856	0.0	0.0	0.0	0.0	0	0	High	4.863261093911244	3
2025-08-21 16:00:00	0.7752	0.8205	0.7457	0.8129	3509568.0	2737978.9074	THETAUSDT	0.0	10.030843502749091	3.378508128418064	3.3305860484581404	1.3683853836330853	4.863261093911244	4.863261093911244	10.030843502749091	148.13683567501528	48.178431016967394	-0.0106324804629236	-0.0057867538597372	-0.0048457266031863	0.0590490515153008	-6.444930371734382	0.90776551934087	0.7268144806591302	0.4757392937228653	0.0	0.0	0.0	0.0	0	0	High	2.558740312461562	3
2025-08-22 16:00:00	0.8129	0.8604	0.8129	0.8337	2924108.0	2462208.9936	THETAUSDT	0.0	5.843277155861742	2.4049927527610526	3.3370334438773304	1.1635125129477768	2.558740312461562	2.558740312461562	5.843277155861742	-16.681825227492386	51.08429730399198	-0.008315168880019	-0.0062924368637936	-0.0020227320162253	0.0582241192642078	-2.399906345118235	0.9063761937331156	0.7368438062668842	0.5713138072358487	0.0	0.0	0.0	0.0	0	0	Negative	-1.6672664027827786	0
2025-08-23 16:00:00	0.8337	0.8485	0.8028	0.8198	2110016.0	1739177.2578	THETAUSDT	0.0	5.692575984055814	2.3904432728473237	2.6314992653064526	0.8911604814966921	-1.6672664027827786	-1.6672664027827786	5.692575984055814	-27.840695350513727	49.10273864822359	-0.0075136835215608	-0.006536686195347	-0.0009769973262138	0.0573295393167644	-6.276437635760838	0.9056364667188388	0.7424135332811613	0.474115157036966	0.0	0.0	0.0	0.0	0	0	Negative	-2.817760429373019	0
2025-08-24 16:00:00	0.8198	0.8747	0.7867	0.7967	5561766.0	4630488.0576	THETAUSDT	0.0	11.185966696326435	3.123664045898753	3.0320705338104648	1.791826145473538	-2.817760429373019	-2.817760429373019	11.185966696326435	163.58880690952105	45.915183578187886	-0.0086428481720958	-0.0069579185906968	-0.0016849295813989	0.0595202865084241	-11.976577173792958	0.9014779662125164	0.7514520337874837	0.3016009664537595	0.0	0.0	0.0	0.0	0	0	Negative	-1.656834442073552	0
2025-08-25 16:00:00	0.7967	0.8014	0.748	0.7835	3342260.0	2583183.7366	THETAUSDT	0.0	7.139037433155081	2.4994638892920946	3.011121845174905	0.9577928758362556	-1.656834442073552	-1.656834442073552	7.139037433155081	-39.90649732477058	44.15140858883742	-0.0104820187880749	-0.0076627386301724	-0.0028192801579025	0.0590831231863938	-7.376758482090083	0.9008203158386336	0.7529596841613665	0.2065479870618524	0.0	0.0	0.0	0.0	0	0	High	2.2590938098277027	3
2025-08-26 16:00:00	0.7835	0.8088	0.7806	0.8012	2009324.0	1598700.5688	THETAUSDT	0.0	3.61260568793236	2.810577833964558	2.935192747261294	0.6299819018359899	2.2590938098277027	2.2590938098277027	3.61260568793236	-39.88127793768289	47.08660072934919	-0.0103915454098471	-0.0082084999861073	-0.0021830454237397	0.0568771858159371	-0.7064072375758988	0.9007853940584218	0.7531546059415781	0.3254429152027281	0.0	0.0	0.0	0.0	0	0	Medium	1.759860209685472	2
2025-08-27 16:00:00	0.8012	0.8315	0.7815	0.8153	2333538.0	1874044.9442	THETAUSDT	0.0	6.397952655150357	2.779343645854562	2.4919454430320926	0.7597683751881239	1.759860209685472	1.759860209685472	6.397952655150357	16.13547640898133	49.3694009577951	-0.0090774532142571	-0.0083822906317373	-0.0006951625825197	0.0563859582576559	-4.721280822718241	0.900844288915666	0.7537457110843341	0.4184560437167934	0.0	0.0	0.0	0.0	0	0	Negative	-4.317429167177727	0
2025-08-28 16:00:00	0.8153	0.8304	0.7731	0.7801	4250656.0	3413738.4266	THETAUSDT	0.0	7.411719053162594	2.712765031496445	2.4844273343656176	1.214643609411698	-4.317429167177727	-4.317429167177727	7.411719053162594	82.15499383339804	44.23831748133619	-0.0107524242494585	-0.0088563173552815	-0.0018961068941769	0.0564512469535376	-9.86712882726748	0.8968360459023357	0.7490439540976643	0.2101333401747959	0.0	0.0	0.0	0.0	0	0	Low	0.4999359056531233	1
2025-08-29 16:00:00	0.7801	0.7929	0.7623	0.784	1916002.0	1493412.7916	THETAUSDT	0.0	4.014167650531297	1.7808744315240894	2.54274891331458	0.691608587488395	0.4999359056531233	0.4999359056531233	4.014167650531297	-54.92455752712052	44.921349620753375	-0.0116310776331697	-0.0094112694108592	-0.0022198082223105	0.0546047293139992	-2.2078084071348307	0.8912852603659753	0.7461047396340246	0.2610216589313804	0.0	0.0	0.0	0.0	0	0	Medium	1.5433673469387754	2
2025-08-30 16:00:00	0.784	0.8159	0.7747	0.7961	2376342.0	1896435.596	THETAUSDT	0.0	5.318187685555687	1.5931796049104858	2.41293780409292	0.9220733545027876	1.5433673469387754	1.5433673469387754	5.318187685555687	24.02607095399692	47.08692697560228	-0.0112216912228787	-0.0097733537732631	-0.0014483374496156	0.0536472486487136	2.287035847359635	0.8871032217754892	0.7444767782245109	0.3619470589760427	0.0	0.0	0.0	0.0	0	0	Negative	-3.5673910312774755	0
2025-08-31 16:00:00	0.7961	0.8104	0.7602	0.7677	3360456.0	2633220.6742	THETAUSDT	0.0	6.603525388055778	1.314439931513591	2.105498939693907	1.180184524907435	-3.5673910312774755	-3.5673910312774755	6.603525388055778	41.41297843492225	42.83035716438121	-0.0130385914288001	-0.0104264013043705	-0.0026121901244296	0.0534010166023769	-2.0165922144224537	0.8792842996914059	0.7415957003085942	0.189589405429485	0.0	0.0	0.0	0.0	0	0	Medium	0.5731405496938856	2
2025-09-01 16:00:00	0.7677	0.7918	0.744	0.7721	3230280.0	2483987.7578	THETAUSDT	0.0	6.424731182795693	1.3167784239107736	2.098830780920631	1.0672447305807369	0.5731405496938856	0.5731405496938856	6.424731182795693	-3.873759989715681	43.67981630689725	-0.0139625036536241	-0.0111336217742212	-0.0028288818794029	0.0530009439879214	-0.3998968008255923	0.8591482478046415	0.7484317521953585	0.2137734551151837	0.0	0.0	0.0	0.0	0	0	High	3.535811423390752	3
2025-09-02 16:00:00	0.7721	0.8014	0.7721	0.7994	2085352.0	1641633.2948	THETAUSDT	0.0	3.794845227302162	1.3095460307116902	2.248365559600072	0.8040108472635705	3.535811423390752	3.535811423390752	3.794845227302162	-35.44361479500229	48.76640371262835	-0.0123494718792996	-0.0113767917952369	-0.0009726800840627	0.0513080194173556	-1.6607208758764862	0.8533506155403411	0.7495793844596589	0.4801004577232542	0.0	0.0	0.0	0.0	0	0	Negative	-4.96622466850137	0
2025-09-03 16:00:00	0.7994	0.8025	0.7548	0.7597	2112850.0	1630370.8046	THETAUSDT	0.0	6.319554848966609	1.1726604733674786	1.4215757883067446	0.8024326106243088	-4.96622466850137	-4.96622466850137	6.319554848966609	1.318626303856615	42.72354703380071	-0.0141119173908197	-0.0119238169143535	-0.0021881004764662	0.0510503037446873	-8.876094518411893	0.8539939232905883	0.7442160767094118	0.1410477958240733	0.0	0.0	0.0	0.0	0	0	High	2.0534421482163943	3
2025-09-04 16:00:00	0.7597	0.8043	0.7512	0.7753	2775302.0	2162350.2676	THETAUSDT	0.0	7.06869009584665	1.2886647524206185	1.413836371393174	1.0230215625792525	2.0534421482163943	2.0534421482163943	7.06869009584665	31.353479896821828	45.57732527092589	-0.0140874867529415	-0.0123565508820711	-0.0017309358708704	0.0511967106200668	-5.428153208099535	0.8442875314389421	0.745882468561058	0.2989432716022723	0.0	0.0	0.0	0.0	0	0	Negative	-0.1418805623629549	0
2025-09-05 16:00:00	0.7753	0.7906	0.7708	0.7742	1176062.0	918236.3296	THETAUSDT	0.0	2.568759730150484	1.94531625457566	1.609754512110707	0.5167301912521487	-0.1418805623629549	-0.1418805623629549	2.568759730150484	-57.62399911793384	45.40553219833917	-0.0139955540679607	-0.012684351519249	-0.0013112025487116	0.0489540884329191	-2.8241496171708254	0.8283764974608069	0.7526635025391931	0.2844491554336713	0.0	0.0	0.0	0.0	0	0	Medium	1.7049857917850673	2
2025-09-06 16:00:00	0.7742	0.7943	0.7679	0.7874	1099846.0	858814.4014	THETAUSDT	0.0	3.437947649433517	1.9473489641768904	1.7139061374242124	0.5945491453943235	1.7049857917850673	1.7049857917850673	3.437947649433517	-6.480610716101702	47.94133662231796	-0.0127110420889249	-0.0126896896331842	-2.1352455740709583e-05	0.0473430821162821	0.4977664326739011	0.8273285645961319	0.7522814354038683	0.4679534710270033	0.0	0.0	0.0	0.0	0	0	High	2.7940055880111783	3
2025-09-07 16:00:00	0.7874	0.811	0.7788	0.8094	1843193.6102	1465381.18773349	THETAUSDT	0.0	4.134565998972779	1.91625632716546	1.571883227768573	1.0231718179405591	2.7940055880111783	2.7940055880111783	4.134565998972779	67.5865175851892	51.94739682279491	-0.0098048171242793	-0.0121127151314032	0.0023078980071238	0.0462614333936905	1.0234648027958044	0.8294213399659035	0.7532986600340966	0.7369858761693723	0.0	0.0	0.0	0.0	0	0	Low	0.2841611069928303	1
2025-09-08 16:00:00	0.8094	0.8451	0.7983	0.8117	2926373.2253	2396637.04345855	THETAUSDT	0.0	5.862457722660648	1.8289418274994185	1.5557832455976492	1.4898888724982473	0.2841611069928303	0.2841611069928303	5.862457722660648	58.76645888450466	52.36014458878674	-0.007232648651987	-0.01113670183552	0.0039040531835329	0.0462999024369983	-0.4415552557340914	0.831642874861529	0.7538971251384712	0.7434859792005535	0.0	0.0	0.0	0.0	0	0	High	2.19292842183073	3
2025-09-09 16:00:00	0.8117	0.837	0.8047	0.8295	1691141.6591	1384286.84891912	THETAUSDT	0.0	4.0139182303964205	1.2094771338216936	1.5946129386467982	0.9678470264462647	2.19292842183073	2.19292842183073	4.0139182303964205	-42.210322166728034	55.54278049503918	-0.0037150505765216	-0.0096523715837203	0.0059373210071986	0.0452999094057841	6.332521471606205	0.8365908767088124	0.7543791232911876	0.9137486257860036	0.0	0.0	0.0	0.0	0	0	Negative	-1.157323688969265	0
2025-09-10 16:00:00	0.8295	0.8399	0.815	0.8199	2042570.9294	1689470.24158309	THETAUSDT	0.0	3.0552147239263845	1.0775839088445374	1.5985920507527724	1.0634927896990882	-1.157323688969265	-1.157323688969265	3.0552147239263845	20.780593299737248	53.46811855475213	-0.0016825728754986	-0.008058411842076	0.0063758389665773	0.0438427730196567	4.579081632653052	0.8376412806286339	0.7540287193713663	0.7878156061498256	0.0	0.0	0.0	0.0	0	0	Medium	0.6464202951579562	2
2025-09-11 16:00:00	0.8199	0.8464	0.8184	0.8252	2322670.4874	1932056.39888893	THETAUSDT	0.0	3.4213098729227798	1.0801651780771957	1.5116568719170331	1.0727328809059835	0.6464202951579562	0.6464202951579562	3.4213098729227798	13.713088440080682	54.4790469356003	0.0003517908261632	-0.0063763713084281	0.0067281621345913	0.0427111463753955	3.655319683456853	0.835817321118828	0.7550026788811719	0.8686213188000633	0.0	0.0	0.0	0.0	0	0	Very High	5.016965584100823	4
2025-09-12 16:00:00	0.8252	0.8827	0.824	0.8666	2124183.6288	1823924.23858291	THETAUSDT	0.0	7.123786407767001	1.734720081736289	1.7232220276383905	0.9562416120854992	5.016965584100823	5.016965584100823	7.123786407767001	-8.545631404745075	61.51291133270236	0.0052442206114975	-0.004052252924443	0.0092964735359405	0.0438532073485815	12.88263644652859	0.8478047500243492	0.7476952499756507	1.1877469167911925	0.0	0.0	0.0	0.0	0	0	Negative	-2.930994691899387	0
2025-09-13 16:00:00	0.8666	0.8809	0.8335	0.8412	3243284.4794	2775400.12954068	THETAUSDT	0.0	5.686862627474505	1.706736706891537	1.6679042940646638	1.419523253206451	-2.930994691899387	-2.930994691899387	5.686862627474505	52.683809225674416	55.81457205616295	0.0069913468465999	-0.0018435329702344	0.0088348798168343	0.0441065496808257	8.949617925139222	0.8534823406179011	0.7464676593820989	0.8852275176072568	0.0	0.0	0.0	0.0	0	0	Negative	-4.600570613409411	0
2025-09-14 16:00:00	0.8412	0.8615	0.7966	0.8025	3741625.7734	3102344.4525737	THETAUSDT	0.0	8.147125282450423	2.234722385698741	1.8657124173151671	1.388426846496946	-4.600570613409411	-4.600570613409411	8.147125282450423	15.36532786948716	48.45014398090589	0.0051933249869611	-0.0004361613787953	0.0056294863657564	0.0455917961321953	0.3877908431323482	0.8539006123135928	0.7479493876864072	0.5148653307740614	0.0	0.0	0.0	0.0	0	0	High	2.155763239875387	3
2025-09-15 16:00:00	0.8025	0.8225	0.794	0.8198	1418056.3915	1144349.46966653	THETAUSDT	0.0	3.5894206549118346	2.097989449497614	1.7582413800827557	0.5517806115471536	2.155763239875387	2.155763239875387	3.5894206549118346	-62.10052855683058	51.52902564431066	0.0051054921910963	0.000672169335183	0.0044333228559133	0.0443709535513242	7.911017506910613	0.8554665090255823	0.7482434909744177	0.6673614521038477	0.0	0.0	0.0	0.0	0	0	Negative	-1.9760917296901672	0
2025-09-16 16:00:00	0.8198	0.8298	0.8016	0.8036	1446995.6834	1182047.95180171	THETAUSDT	0.0	3.517964071856288	2.073268621392725	1.7512833614646883	0.6042166550569389	-1.9760917296901672	-1.9760917296901672	3.517964071856288	2.040771585210973	48.60170280769427	0.0036861873830417	0.0012749729447547	0.0024112144382869	0.0432158854405153	3.6501999226106014	0.8545361280740406	0.7480038719259595	0.5218713100073767	0.0	0.0	0.0	0.0	0	0	Very High	6.819313091090104	4
2025-09-17 16:00:00	0.8036	0.8603	0.7979	0.8584	2761392.1759	2311561.36399952	THETAUSDT	0.0	7.820528888331858	2.218521184633784	1.9583924625651208	1.094803962219816	6.819313091090104	6.819313091090104	7.820528888331858	90.83624143311664	57.41478401351264	0.0069036985746451	0.0024007180707328	0.0045029805039122	0.0445861793376214	10.875742702144157	0.8629699902656399	0.7474000097343602	0.9604569435364492	0.0	0.0	0.0	0.0	0	0	Negative	-3.739515377446414	0
2025-09-18 16:00:00	0.8584	0.874	0.8211	0.8263	2644842.6676	2245778.65948944	THETAUSDT	0.0	6.442577030812319	2.2385934807954344	1.9877827117392315	1.1008332181608904	-3.739515377446414	-3.739515377446414	6.442577030812319	-4.220679312311523	51.81066482812807	0.0067851822880136	0.0032776109141889	0.0035075713738246	0.0451800236706484	4.940309880619767	0.8649248210409377	0.7496751789590623	0.6648595141536499	0.0	0.0	0.0	0.0	0	0	Negative	-0.0605107103957468	0
2025-09-19 16:00:00	0.8263	0.8328	0.811	0.8258	1296623.0843	1064436.25497191	THETAUSDT	0.0	2.6880394574599173	2.2017302694614385	2.121477021874393	0.6775895069738854	-0.0605107103957468	-0.0605107103957468	2.6880394574599173	-50.97541717002812	51.72597291351136	0.0065751175929261	0.0039371122499364	0.0026380053429897	0.0435100219798878	2.0261922411662923	0.8667087524682241	0.7508612475317759	0.6468741170501179	0.0	0.0	0.0	0.0	0	0	Negative	-2.179704528941634	0
2025-09-20 16:00:00	0.8258	0.8287	0.8033	0.8078	1520501.5226	1240439.05494932	THETAUSDT	0.0	3.161956927673345	2.2683479795178334	2.11000754061635	0.786166330792504	-2.179704528941634	-2.179704528941634	3.161956927673345	17.2662696670146	48.64326292815532	0.0048997094404453	0.0041296316880382	0.0007700777524071	0.0422164489813244	-0.4804730811876326	0.8655775861851945	0.7560024138148057	0.4727127967465724	0.0	0.0	0.0	0.0	0	0	Negative	-8.764545679623668	0
2025-09-21 16:00:00	0.8078	0.8112	0.7108	0.737	4444388.9215	3391632.28017442	THETAUSDT	0.0	14.124929656724824	4.60858085324019	3.431233614145748	1.7542142419558493	-8.764545679623668	-8.764545679623668	14.124929656724824	192.297564681176	38.83859394386605	-0.0021166326669449	0.0028803788170415	-0.0049970114839865	0.0463724169112298	-11.151295961422548	0.8705083202291864	0.7475616797708137	-0.0859045821133246	0.0	0.0	0.0	0.0	0	0	Medium	1.3161465400271428	2
2025-09-22 16:00:00	0.737	0.757	0.726	0.7467	2093706.9634	1548744.54735084	THETAUSDT	0.0	4.269972451790637	4.693942859389896	3.46715584334345	0.8723733098687645	1.3161465400271428	1.3161465400271428	4.269972451790637	-52.89100480672234	40.60497131829318	-0.0068158564528838	0.0009411317630564	-0.0077569882159403	0.0452743871318562	-8.92791803878521	0.8735547466676787	0.7392452533323213	0.0555042423476722	0.0	0.0	0.0	0.0	0	0	Low	0.4955135931431533	1
2025-09-23 16:00:00	0.7467	0.7593	0.7218	0.7504	2050665.4115	1522679.03212623	THETAUSDT	0.0	5.195344970906065	4.706799671753222	3.474696698816874	0.8989505194448301	0.4955135931431533	0.4955135931431533	5.195344970906065	-2.0557581673274994	41.3013553101578	-0.010124754217333	-0.0012720454330214	-0.0088527087843116	0.0447190737652951	-9.064469219583142	0.8744909413909554	0.7373790586090447	0.0949658127856522	0.0	0.0	0.0	0.0	0	0	Negative	-5.703624733475474	0
2025-09-24 16:00:00	0.7504	0.7564	0.697	0.7076	2391273.7421	1715279.34795648	THETAUSDT	0.0	8.522238163558107	4.430213672948341	3.5036061711052677	0.9564684405393142	-5.703624733475474	-5.703624733475474	8.522238163558107	16.60964917484297	36.03775250703694	-0.0160160586855785	-0.0042208480835328	-0.0117952106020456	0.0457677113534883	-18.347565197322872	0.8825521124721096	0.7225478875278901	-0.0934218301616799	0.0	0.0	0.0	0.0	0	0	Negative	-0.6500847936687463	0
2025-09-25 16:00:00	0.7076	0.7094	0.6775	0.703	3788700.5834	2619855.97039415	THETAUSDT	0.0	4.708487084870855	4.134595059504917	3.4376748820253797	1.2826760124888006	-0.6500847936687463	-0.6500847936687463	4.708487084870855	58.43859766857096	35.51389180631959	-0.0208161854491831	-0.0075399155566629	-0.0132762698925202	0.0447771605425248	-16.428911079410366	0.8893832497479768	0.7085967502520232	-0.0309577887045071	0.0	0.0	0.0	0.0	0	0	Negative	-0.1422475106685634	0
2025-09-26 16:00:00	0.703	0.7197	0.6949	0.702	1240928.6	878118.24008967	THETAUSDT	0.0	3.5688588286084397	1.922915184749525	3.43355277760854	0.5364890016742969	-0.1422475106685634	-0.1422475106685634	3.5688588286084397	-67.24659094368486	35.39344153937168	-0.0244195191192531	-0.0109158362691809	-0.0135036828500721	0.0433502205037731	-12.523364485981311	0.894482489944869	0.694957510055131	0.0352962819430471	0.0	0.0	0.0	0.0	0	0	Negative	-1.4957264957264893	0
2025-09-27 16:00:00	0.702	0.7066	0.6781	0.6915	1592803.1271	1100529.81678371	THETAUSDT	0.0	4.20291992331514	1.9316983711025784	3.4168521464333086	0.7197892497861658	-1.4957264957264893	-1.4957264957264893	4.20291992331514	28.355743199084927	34.086181939433985	-0.0278019655089745	-0.0142930621171396	-0.0135089033918348	0.0422894904677893	-15.650158575262257	0.897918187230001	0.6797318127699987	0.0539363984535093	0.0	0.0	0.0	0.0	0	0	Negative	-0.0433839479392576	0
2025-09-28 16:00:00	0.6915	0.7127	0.6731	0.6912	3289701.4779	2275683.130583	THETAUSDT	0.0	5.883226860793339	1.9521486030207489	3.407702757271891	1.3369066536018048	-0.0433839479392576	-0.0433839479392576	5.883226860793339	106.5353477733011	34.04748819465625	-0.0301591304523861	-0.0174662757841889	-0.0126928546681971	0.0420973840058043	-13.987058237929311	0.8992370903106055	0.6663629096893944	0.1066545472939536	0.0	0.0	0.0	0.0	0	0	Negative	-3.182870370370373	0
2025-09-29 16:00:00	0.6912	0.7037	0.6648	0.6692	2585149.7236	1776742.44937928	THETAUSDT	0.0	5.851383874849586	1.0185948546240338	3.247027936530806	1.0342846591892216	-3.182870370370373	-3.182870370370373	5.851383874849586	-21.416890226457703	31.24627143781511	-0.0334172040638638	-0.0206564614401239	-0.0127607426237398	0.0418689994339612	-22.041006523765148	0.8990647211937656	0.6505052788062343	0.0752122752376415	0.0	0.0	0.0	0.0	0	0	Very High	8.323371189479973	4
2025-09-30 16:00:00	0.6692	0.7265	0.666	0.7249	3525790.3949	2459276.82146177	THETAUSDT	0.0	9.084084084084084	2.138333966152464	3.2222060215034203	1.4409362464555495	8.323371189479973	8.323371189479973	9.084084084084084	36.38631305230912	43.84359141158736	-0.0311456981575986	-0.0227543087836188	-0.0083913893739797	0.0431997851886782	-12.271572068256088	0.8943162499937142	0.6457537500062857	0.3184158913662249	0.0	0.0	0.0	0.0	0	0	Low	0.4828252172713558	1
2025-10-01 16:00:00	0.7249	0.7421	0.716	0.7284	2920406.3966	2135214.19366968	THETAUSDT	0.0	3.6452513966480464	2.119326895826853	1.924506880840492	1.0494601283972236	0.4828252172713558	0.4828252172713558	3.6452513966480464	-17.170164147468277	44.53133594041001	-0.0287318892776745	-0.02394982488243	-0.0047820643952445	0.0419783719609155	-11.79462339549527	0.8880371177772515	0.6423528822227487	0.3502345910922828	0.0	0.0	0.0	0.0	0	0	High	3.624382207578251	3
2025-10-02 16:00:00	0.7284	0.7562	0.7278	0.7548	2232158.7314	1649559.99823212	THETAUSDT	0.0	3.90217092607859	2.17710303651072	1.953773659137052	0.7668958373474996	3.624382207578251	3.624382207578251	3.90217092607859	-23.5668455596205	49.55022523722392	-0.024407316630695	-0.024041323232083	-0.000365993398612	0.0410084882494215	-6.561029957910367	0.8733160808144927	0.6458939191855072	0.4788718919669809	0.0	0.0	0.0	0.0	0	0	Negative	-4.319024907260212	0
2025-10-03 16:00:00	0.7548	0.7792	0.7198	0.7222	5391473.6117	4069538.61376736	THETAUSDT	0.0	8.252292303417617	2.472049308371863	2.138781471946614	1.6185771406865324	-4.319024907260212	-4.319024907260212	8.252292303417617	141.53630007837714	44.22841217634239	-0.0233415424300051	-0.0239013670716674	0.0005598246416622	0.0423221676601771	-2.008141112618729	0.8619918723011704	0.6453181276988296	0.354827819320107	0.0	0.0	0.0	0.0	0	0	High	3.932428690113555	3
2025-10-04 16:00:00	0.7222	0.7661	0.7205	0.7506	4109379.9531	3082043.40639877	THETAUSDT	0.0	6.32893823733518	2.4669909428946486	1.9261742203347407	1.130241676982635	3.932428690113555	3.932428690113555	6.32893823733518	-23.780022883126748	49.33368253017874	-0.0199750066040514	-0.0231160949781442	0.0031410883740927	0.042556298541593	0.5222981116914442	0.8570535922591556	0.6450664077408446	0.4978300575053853	0.0	0.0	0.0	0.0	0	0	High	3.0242472688515774	3
2025-10-05 16:00:00	0.7506	0.775	0.7277	0.7733	2699832.9402	2019366.44918866	THETAUSDT	0.0	6.49993129036691	1.9365254841380837	1.9232656732096152	0.777904048560511	3.0242472688515774	3.0242472688515774	6.49993129036691	-34.30072246876752	53.03433587449504	-0.0152989456964918	-0.0215526651218137	0.0062537194253219	0.0428951343600507	3.0517057569296417	0.8505529998821432	0.6469170001178567	0.6206319119823344	0.0	0.0	0.0	0.0	0	0	Negative	-5.715763610500456	0
2025-10-06 16:00:00	0.7733	0.7864	0.7255	0.7291	3756348.1094	2862947.63221478	THETAUSDT	0.0	8.394210889042034	1.8222599064931015	1.928377524409264	1.0325768817745191	-5.715763610500456	-5.715763610500456	8.394210889042034	39.13261274313272	45.9905131734654	-0.0149869441797826	-0.0202395209334075	0.0052525767536249	0.0441811961914756	3.03843979649519	0.8439366172473319	0.646083382752668	0.4195868592159454	0.0	0.0	0.0	0.0	0	0	Negative	-0.1508709367713605	0
2025-10-07 16:00:00	0.7291	0.744	0.7222	0.728	2636467.5126	1934108.13846136	THETAUSDT	0.0	3.018554417058992	2.168425771798286	2.094205587191657	0.7089755051501383	-0.1508709367713605	-0.1508709367713605	3.018554417058992	-29.813014241081028	45.82738407060405	-0.0146594564481185	-0.0191235080363497	0.0044640515882312	0.0425825393206559	3.5561877667140864	0.8227683697042136	0.6542116302957863	0.4377657634051532	0.0	0.0	0.0	0.0	0	0	Negative	-3.530219780219773	0
2025-10-08 16:00:00	0.728	0.7455	0.6971	0.7023	3903487.1294	2807949.849828	THETAUSDT	0.0	6.943049777650264	1.9740847601938387	2.1095644337418507	1.1410024726759591	-3.530219780219773	-3.530219780219773	6.943049777650264	48.057471246839135	42.072578582164816	-0.0162859608583745	-0.0185559986007547	0.0022700377423801	0.0429980722263234	0.0427350427350538	0.8075821483290264	0.6569978516709736	0.3008424472831897	0.0	0.0	0.0	0.0	0	0	Negative	-2.47757368645879	0
2025-10-09 16:00:00	0.7023	0.7291	0.6768	0.6849	3175967.8767	2233657.74929018	THETAUSDT	0.0	7.727541371158394	2.086280290226157	2.158761990785788	0.9819278807134968	-2.47757368645879	-2.47757368645879	7.727541371158394	-18.637675201245667	39.700860292820174	-0.0187627268680238	-0.0185973442542085	-0.0001653826138152	0.0436624956387288	-0.9544468546637817	0.7898260955311237	0.6606639044688761	0.1876407897063595	0.0	0.0	0.0	0.0	0	0	Negative	-26.23740692071835	0
2025-10-10 16:00:00	0.6849	0.693	0.2128	0.5052	22309663.6656	10933995.42382487	THETAUSDT	0.0	225.65789473684208	98.0232743151114	69.46396025830141	3.117447967245301	-26.23740692071835	-26.23740692071835	225.65789473684208	602.4524343987048	24.401700579973024	-0.0348244355437545	-0.0218427625121177	-0.0129816730316368	0.0748437459502482	-26.909722222222225	0.8177065661192835	0.6025234338807166	-0.4522818906308006	0.0	0.0	0.0	0.0	0	0	Very High	7.561361836896281	4
2025-10-11 16:00:00	0.5052	0.545	0.4641	0.5434	6893570.0923	3463220.90216055	THETAUSDT	0.0	17.43158801982332	97.13557487685291	69.0617175531258	0.8856268675645382	7.561361836896281	7.561361836896281	17.43158801982332	-69.10051986606405	30.53032356831544	-0.0439642422208227	-0.0262670584538587	-0.0176971837669639	0.0752763355252305	-18.79856545128512	0.8293355550802639	0.5715344449197362	-0.1091323652649027	0.0	0.0	0.0	0.0	0	0	Very High	6.624953993375052	4
2025-10-12 16:00:00	0.5434	0.5865	0.5431	0.5794	7776807.5578	4414292.82039475	THETAUSDT	0.0	7.991161848646657	96.530281985159	68.90580272627297	0.8825347776334144	6.624953993375052	6.624953993375052	7.991161848646657	12.812482555106842	35.81151406018378	-0.0477522475407955	-0.0305640962712461	-0.0171881512695494	0.0729994544162854	-20.071734032280308	0.829318914021205	0.554821085978795	0.0895413788753461	0.0	0.0	0.0	0.0	0	0	Negative	-1.363479461511912	0
2025-10-13 16:00:00	0.5794	0.6152	0.5329	0.5715	9820364.6348	5638258.34082152	THETAUSDT	0.0	15.443798085944817	95.58320985949356	68.69284232240409	0.982500718114846	-1.363479461511912	-1.363479461511912	15.443798085944817	26.277583208939625	35.179487486482145	-0.050806072249711	-0.034612491466939	-0.0161935807827719	0.0736637791008364	-21.54036243822076	0.8271533288106896	0.5390966711893104	0.1124894285667942	0.0	0.0	0.0	0.0	0	0	Negative	-2.922134733158364	0
2025-10-14 16:00:00	0.5715	0.5886	0.5511	0.5548	4716370.5	2692168.3486219	THETAUSDT	0.0	6.804572672836142	95.6977891153268	68.67437510512534	0.4577509332840084	-2.922134733158364	-2.922134733158364	6.804572672836142	-51.97357047938116	33.82064654114754	-0.0539518771099758	-0.0384803685955464	-0.0154715085144294	0.0710806520222053	-26.497085320614737	0.8293821640414473	0.5215878359585527	0.1079037558889083	0.0	0.0	0.0	0.0	0	0	Negative	-1.459985580389329	0
2025-10-15 16:00:00	0.5548	0.5823	0.5413	0.5467	6828119.1294	3834117.19572112	THETAUSDT	0.0	7.574358026972111	4.987242583266254	68.63332398143996	0.947422670352008	-1.459985580389329	-1.459985580389329	7.574358026972111	44.774867228942256	33.151780410979114	-0.056447856677306	-0.0420738662118983	-0.0143739904654076	0.0689320340206192	-24.30074771531432	0.8307826616789761	0.5045573383210239	0.1291826803792753	0.0	0.0	0.0	0.0	0	0	Negative	-2.8534845436253797	0
2025-10-16 16:00:00	0.5467	0.5622	0.4955	0.5311	7322195.4228	3884628.13187887	THETAUSDT	0.0	13.461150353178615	3.918522647844626	68.4688690137634	1.0040346765349677	-2.8534845436253797	-2.8534845436253797	13.461150353178615	7.235906170304548	31.84551958966273	-0.0590045602508289	-0.0454600050196844	-0.0135445552311444	0.0687726030191464	-29.243272049027446	0.8317756168538073	0.4864743831461929	0.1292367721211042	0.0	0.0	0.0	0.0	2025-10-22 17:57:43.622387+00:00	2025-10-22 17:57:43.626376+00:00	Medium	1.939371116550551	2
2025-10-17 16:00:00	0.5311	0.5597	0.5249	0.5414	1885197.5	1022797.02725	THETAUSDT	0.0	6.629834254143635	4.155283450957046	68.31302990130061	0.3083184380377553	1.939371116550551	1.939371116550551	6.629834254143635	-74.25365766488785	33.702958347306975	-0.0595136065235226	-0.0482707253204521	-0.0112428812030705	0.0663459885177788	-29.98836156730893	0.830910664564556	0.472329335435444	0.1926220328657608	0.0	0.0	0.0	0.0	2025-10-22 17:57:43.622387+00:00	2025-10-22 17:57:43.626376+00:00	Very High	5.781307720724048	4
2025-10-18 16:00:00	0.5414	0.5778	0.5354	0.5727	2028646.0	1132608.2706	THETAUSDT	0.0	7.919312663429211	2.83621946092437	68.27461734117038	0.4452587645961546	5.781307720724048	5.781307720724048	7.919312663429211	7.609202749314065	39.13174460066102	-0.0567373481158209	-0.0499640498795258	-0.006773298236295	0.0646355607665089	-21.45110410094637	0.8271807512313298	0.4642092487686702	0.2988960579418784	0.0	0.0	0.0	0.0	2025-10-22 17:57:43.622387+00:00	2025-10-22 17:57:43.626376+00:00	Negative	-2.392177405273256	0
2025-10-19 16:00:00	0.5727	0.5765	0.5512	0.559	1591218.0	899431.0228	THETAUSDT	0.0	4.589985486211899	3.29815471097848	68.40392687137752	0.4047793325790623	-2.392177405273256	-2.392177405273256	4.589985486211899	-21.562559460842355	37.677454460509885	-0.0550085149118858	-0.0509729428859978	-0.0040355720258879	0.0618258778546154	-23.214285714285705	0.8251399812792295	0.4552300187207705	0.2805276737114918	0.0	0.0	0.0	0.0	2025-10-22 17:57:43.622387+00:00	2025-10-22 17:57:43.626376+00:00	Very High	6.5116279069767415	4
2025-10-20 16:00:00	0.559	0.5969	0.5359	0.5954	2109347.0	1172386.4839	THETAUSDT	0.0	11.382720656838952	3.5918714685039377	4.265896437984518	0.7060999310493145	6.5116279069767415	6.5116279069767415	11.382720656838952	32.56178600292355	43.66770259583511	-0.0501234345964166	-0.0508030412280816	0.0006796066316649	0.0617668865792857	-15.221415349565712	0.815386788831155	0.4520332111688449	0.39456550766206	0.0	0.0	0.0	0.0	2025-10-22 17:57:43.622387+00:00	2025-10-22 17:57:43.626376+00:00	Negative	-7.625125965737318	0
2025-10-21 16:00:00	0.5954	0.6004	0.536	0.55	2817031.0	1582068.0907	THETAUSDT	0.0	12.01492537313433	3.1538642738433467	3.477586034464468	1.3502599521379577	-7.625125965737318	-7.625125965737318	12.01492537313433	33.54990904768158	38.67465984797419	-0.0493465376586966	-0.0505117405142046	0.0011652028555079	0.0619549661093367	-19.69630603007737	0.8045020574697205	0.4450779425302796	0.2919171338500719	0.0	0.0	0.0	0.0	2025-10-22 17:57:43.622387+00:00	2025-10-22 17:57:43.626376+00:00	Medium	0.8363636363636249	2
2025-10-22 16:00:00	0.55	0.5624	0.5214	0.5546	2323879.0	1258314.5141	THETAUSDT	0.0	7.863444572305339	3.015485671549933	3.483487737201976	1.0689296834874238	0.8363636363636249	0.8363636363636249	7.863444572305339	-17.50609063230046	39.43035499104018	-0.0478085524492727	-0.0499711029012182	0.0021625504519455	0.0604581828158127	9.778305621536026	0.7865368933114479	0.443023106688552	0.3248105248070737	0.125466	0.0	125466000.0	0.062733	2025-10-23 19:17:47.236464+00:00	2025-10-23 19:17:47.240571+00:00	Negative	-1.7129462675802294	0
2025-10-23 16:00:00	0.5546	0.566	0.5431	0.5451	1342595.0	746483.9994	THETAUSDT	0.0	4.216534708156862	3.657969605318863	3.0954899178940822	0.6591642634035312	-1.7129462675802294	-1.7129462675802294	4.216534708156862	-42.22612278866499	38.37852534913837	-0.046816586231641	-0.0493401995673028	0.0025236133356617	0.057775455471826	0.3128450496871613	0.7728082990445722	0.4390417009554277	0.3177618720739861	0.1443739999999999	0.0	144373999.99999997	0.0721869999999999	2025-10-24 23:31:49.315824+00:00	2025-10-24 23:31:49.320000+00:00	Negative	-0.2935241240139508	0
2025-10-24 16:00:00	0.5451	0.5553	0.541	0.5435	895646.0	489480.4497	THETAUSDT	0.0	2.6432532347504583	4.179838460158737	3.556172882555404	0.4719640558495138	-0.2935241240139508	-0.2935241240139508	2.6432532347504583	-33.28993479046176	38.19373134823843	-0.0456335176995178	-0.0485988631937458	0.002965345494228	0.054670065795267	-6.196064894718681	0.7505355974724717	0.4406044025275284	0.3319949690470818	0.1005779999999999	0.0	100578000.0	0.0502889999999999	2025-10-25 23:30:43.345172+00:00	2025-10-25 23:30:43.349214+00:00	High	3.790248390064409	3
2025-10-25 16:00:00	0.5435	0.5682	0.5435	0.5641	1478889.0	823933.5266	THETAUSDT	0.0	4.5446182152714	3.7379567762541455	3.7062263437896754	0.8347721392091253	3.790248390064409	3.790248390064409	4.5446182152714	65.1198129618175	42.06181946231169	-0.0425432672233584	-0.0473877439996683	0.0048444767763099	0.0525293468098908	-1.2948381452318394	0.7172355902541219	0.4529844097458782	0.4204923135647276	0.1036469999999999	0.0	103647000.0	0.0518234999999999	2025-10-26 23:32:15.965737+00:00	2025-10-26 23:32:15.969583+00:00	Negative	-3.2086509484134025	0
2025-10-26 16:00:00	0.5641	0.5749	0.5402	0.546	1550489.0	866832.3065	THETAUSDT	0.0	6.423546834505729	2.031356691907503	3.067205842668548	1.0212009540146094	-3.2086509484134025	-3.2086509484134025	6.423546834505729	4.841472213262794	39.71022607245731	-0.0410811818961867	-0.046126431578972	0.0050452496827853	0.0512558220377557	-1.5861571737562945	0.6911991317378029	0.4607108682621971	0.3700367665220823	0.104867	0.0	104867000.0	0.0524335	2025-10-27 23:31:42.973117+00:00	2025-10-27 23:31:42.976838+00:00	Negative	-1.5934065934066008	0
2025-10-27 16:00:00	0.546	0.5576	0.5291	0.5373	1969062.0	1064690.1773	THETAUSDT	0.0	5.386505386505381	1.4065637185005206	3.100912565805516	1.3604731229689413	-1.5934065934066008	-1.5934065934066008	5.386505386505381	26.996192814009	38.59333243406113	-0.0401615289259389	-0.0449334510483654	0.0047719221224264	0.049630406177916	-1.7194073532101637	0.6591176288801395	0.4737223711198606	0.3429301787338434	0.1161019999999999	0.0	116101999.99999996	0.0580509999999999	2025-10-28 23:33:35.157006+00:00	2025-10-28 23:33:35.160863+00:00	Negative	-1.9914386748557684	0
2025-10-28 16:00:00	0.5373	0.5407	0.5116	0.5266	1791522.0	939211.9364	THETAUSDT	0.0	5.688037529319762	1.4483759402715444	3.0835342713170086	1.165504407718947	-1.9914386748557684	-1.9914386748557684	5.688037529319762	-9.016475865158132	37.20725868050984	-0.0398368831067882	-0.0439141374600499	0.0040772543532617	0.0481639485937792	-0.8472980606288946	0.6276963809455686	0.4875736190544316	0.2785156417048672	0.0631449999999999	0.0	63144999.99999999	0.0315724999999999	2025-10-29 23:33:54.110555+00:00	2025-10-29 23:33:54.114594+00:00	Negative	-9.361944549943022	0
2025-10-29 16:00:00	0.5266	0.5423	0.4751	0.4773	6628056.0	3412912.2422	THETAUSDT	0.0	14.144390654599023	3.919384057213213	3.825418412026583	2.469834218436732	-9.361944549943022	-9.361944549943022	14.144390654599023	269.9678820578257	31.57959164399381	-0.043061312928174	-0.0437435725536747	0.0006822596255007	0.0495236665513664	-11.839674916882156	0.5975450178961995	0.4969649821038006	-0.195515759652242	0.104485	0.0	104485000.0	0.0522425	2025-10-30 23:36:49.666391+00:00	2025-10-30 23:36:49.670493+00:00	High	3.079824010056566	3
2025-10-30 16:00:00	0.4773	0.4971	0.467	0.492	2198877.0	1056006.1335	THETAUSDT	0.0	6.44539614561027	3.6776288416185	3.568691609612172	0.777647498522776	3.079824010056566	3.079824010056566	6.44539614561027	-66.82470697290427	34.74875497384983	-0.0439241988232406	-0.0437796978075879	-0.0001445010156526	0.0481362617976973	-14.091147197485594	0.5993609160822597	0.4938290839177404	-0.0173320587752991	0.1020029999999999	0.0	102002999.99999996	0.0510014999999999	2025-10-31 23:31:09.192126+00:00	2025-10-31 23:31:09.196488+00:00	Medium	1.6260162601626031	2
2025-10-31 16:00:00	0.492	0.5025	0.477	0.5	1486476.0	726160.5601	THETAUSDT	0.0	5.345911949685528	3.7948091724208464	3.1076888489507146	0.5280931999895125	1.6260162601626031	1.6260162601626031	5.345911949685528	-32.39840154769912	36.473292475939694	-0.043461511717401	-0.0437160605895505	0.0002545488721494	0.0465193859550047	-10.554561717352422	0.600972179416838	0.487877820583162	0.1071864197458835	0.13903	0.0	139030000.0	0.069515	2025-11-01 23:19:43.425482+00:00	2025-11-01 23:19:43.429238+00:00	Negative	-2.72	0
2025-11-01 16:00:00	0.5	0.5055	0.4831	0.4864	1297370.0	645078.2838	THETAUSDT	0.0	4.636721175740008	3.9075085497522046	3.0913497129683	0.4840101710892778	-2.72	-2.72	4.636721175740008	-12.721766109913649	34.7899545564308	-0.0436886199767303	-0.0437105724669865	2.1952490256195445e-05	0.0447965726725043	-18.30702049042661	0.599271415858437	0.480278584141563	0.0514435682394887	0.1603809999999999	0.0	160380999.99999997	0.0801904999999999	2025-11-02 23:20:00.501562+00:00	2025-11-02 23:20:00.505680+00:00	Negative	-15.13157894736842	0
2025-11-02 16:00:00	0.4864	0.4997	0.3996	0.4128	10938454.0	4763217.8591	THETAUSDT	0.0	25.050050050050043	8.666285977423223	6.704194205851566	2.425460324969812	-15.13157894736842	-15.13157894736842	25.050050050050043	743.1252456893562	27.41568473736322	-0.0492399028582365	-0.0448164385452365	-0.0044234643129999	0.0487468174816111	-24.945454545454552	0.6112830714411275	0.4523969285588725	-0.2492157455682991	0.141688	0.0	141688000.0	0.070844	2025-11-03 23:20:54.795898+00:00	2025-11-03 23:20:54.799756+00:00	Negative	-0.4360465116279128	0
2025-11-03 16:00:00	0.4128	0.435	0.4014	0.411	7976233.0	3324199.6083	THETAUSDT	0.0	8.370702541106134	8.547142025583977	6.431908233126087	1.6688488417782512	-0.4360465116279128	-0.4360465116279128	8.370702541106134	-27.08080136370277	27.263480816742643	-0.053171649812599	-0.046487480798709	-0.0066841690138899	0.0476649019472103	-25.892535160476022	0.619092818678818	0.4302071813211819	-0.1016868280186653	0.12971	0.0	129710000.0	0.064855	2025-11-04 23:21:25.881493+00:00	2025-11-04 23:21:25.885690+00:00	High	2.4330900243309026	3
2025-11-04 16:00:00	0.411	0.4225	0.3772	0.421	14368797.0	5664892.6052	THETAUSDT	0.0	12.009544008483566	8.33309992628413	6.341028481796235	1.9919407674479923	2.4330900243309026	2.4330900243309026	12.009544008483566	80.14515122614898	29.601782713857943	-0.0548484128131667	-0.0481596672016006	-0.0066887456115661	0.0474959803795525	-22.766464868831413	0.6223499272731395	0.4143800727268604	0.0318311867245474	0.1124189999999999	0.0	112419000.0	0.0562094999999999	2025-11-05 23:21:33.073862+00:00	2025-11-05 23:21:33.077889+00:00	Negative	-3.016627078384796	0
2025-11-05 16:00:00	0.421	0.4349	0.4058	0.4083	3482916.0	1467692.6932	THETAUSDT	0.0	7.171020206998525	8.054299030482198	6.307012080858619	0.4575106459502041	-3.016627078384796	-3.016627078384796	7.171020206998525	-75.76055949569056	28.355067778962308	-0.0565501682943731	-0.0498377674201551	-0.006712400874218	0.046181981781013	-24.875804967801287	0.6264725010667636	0.3979774989332365	0.045176047486287	0.1544259999999999	0.0	154425999.99999997	0.0772129999999999	2025-11-06 23:21:17.283444+00:00	2025-11-06 23:21:17.287377+00:00	Very High	13.666421748714184	4
2025-11-06 16:00:00	0.4083	0.4658	0.4019	0.4641	7475193.0	3297399.5513	THETAUSDT	0.0	15.899477481960693	7.203262580389707	6.433992983351835	0.8448150815907556	13.666421748714184	13.666421748714184	15.899477481960693	114.62455597551018	40.26006281420703	-0.0527877240896844	-0.0504277587540609	-0.0023599653356234	0.0474475545109406	-17.727353306151397	0.6236236352020884	0.3930963647979114	0.3080053612642007	0.1609029999999999	0.0	160902999.99999994	0.0804514999999999	2025-11-07 23:20:40.640296+00:00	2025-11-07 23:20:40.644512+00:00	High	4.374057315233782	3
2025-11-07 16:00:00	0.4641	0.5407	0.4632	0.4844	9451104.0	4788239.229	THETAUSDT	0.0	16.731433506044898	4.303390723684462	6.468503441432984	1.1052825797898	4.374057315233782	4.374057315233782	16.731433506044898	26.432909491433865	43.911502024016336	-0.0476189974439633	-0.0498660064920414	0.0022470090480781	0.0495941577601592	-11.28205128205129	0.6157243625854083	0.3921656374145918	0.4125733071475239	0.0	0.0	0.0	0.0	2025-11-09 23:20:02.132856+00:00	2025-11-09 23:20:02.136976+00:00	Negative	-0.0206440957886021	0
2025-11-08 16:00:00	0.4844	0.5005	0.4652	0.4843	4472056.0	2151661.9797	THETAUSDT	0.0	7.588134135855533	4.4806247108491455	6.511872652400369	0.5696877044741785	-0.0206440957886021	-0.0206440957886021	7.588134135855533	-52.682184007286345	43.897268073503646	-0.0430347358560739	-0.0484997523648479	0.0054650165087739	0.0485731464915764	-9.864135492276194	0.6093420282960055	0.3910779717039944	0.4271066420719028	0.1931919999999999	0.0	193192000.0	0.0965959999999999	2025-11-09 23:20:02.132856+00:00	2025-11-09 23:20:02.136976+00:00	Negative	-1.1356597150526544	0
2025-11-09 16:00:00	0.4843	0.4956	0.4747	0.4788	3479460.0	1688770.8485	THETAUSDT	0.0	4.40278070360227	5.581717022870728	6.697387366329645	0.6134292246154885	-1.1356597150526544	-1.1356597150526544	4.40278070360227	-22.195518124102204	43.07033048004447	-0.0393914000153506	-0.0466780818949485	0.0072866818795978	0.0465964931707495	-9.077098366881875	0.5946461179063006	0.3941138820936995	0.4223067556352401	0.136472	0.0	136472000.0	0.068236	2025-11-10 23:22:13.821426+00:00	2025-11-10 23:22:13.825353+00:00	Low	0.2088554720133669	1
2025-11-10 16:00:00	0.4788	0.4995	0.4666	0.4798	5877872.0	2836105.9153	THETAUSDT	0.0	7.051007286755247	5.599081985072001	6.565761006196214	0.9555748798961884	0.2088554720133669	0.2088554720133669	7.051007286755247	68.93058118213746	43.27954745768915	-0.0360082576898227	-0.0445441170539233	0.0085358593641006	0.0456181722299816	0.523779593547036	0.5879669227112794	0.3937730772887206	0.4429951038051075	0.151311	0.0	151311000.0	0.0756555	2025-11-11 23:21:05.787428+00:00	2025-11-11 23:21:05.791373+00:00	Negative	-4.251771571488126	0
2025-11-11 16:00:00	0.4798	0.4866	0.4479	0.4594	6179976.0	2874249.0963	THETAUSDT	0.0	8.640321500334885	4.657307184799596	6.2568089963496325	1.048859101627306	-4.251771571488126	-4.251771571488126	8.640321500334885	5.139683205078301	40.046323670870336	-0.0345746475180862	-0.0425502231467559	0.0079755756286696	0.0451240170706972	-6.626016260162605	0.5795067429838974	0.3927132570161027	0.3570078615878223	0.1648009999999999	0.0	164800999.9999999	0.0824004999999999	2025-11-12 23:22:10.256364+00:00	2025-11-12 23:22:10.260453+00:00	Negative	-3.1562908141053456	0
2025-11-12 16:00:00	0.4594	0.46	0.4371	0.4449	6054615.0	2714389.8765	THETAUSDT	0.0	5.2390757263784105	1.7335929347771413	4.221815101507478	1.1614909220115623	-3.1562908141053456	-3.1562908141053456	5.2390757263784105	-2.028503023312712	37.88017835664891	-0.0342141307451522	-0.0408830046664352	0.0066688739212829	0.0435365872799331	-11.019999999999996	0.5720188649291233	0.3901811350708766	0.3009214037800626	0.176631	0.0	176631000.0	0.0883155	2025-11-13 23:21:53.737353+00:00	2025-11-13 23:21:53.741356+00:00	Negative	-4.135760845133744	0
2025-11-13 16:00:00	0.4449	0.4459	0.4048	0.4265	7950282.0	3340014.2239	THETAUSDT	0.0	10.153162055335976	2.368268510542941	4.215357957888262	1.3455803315967785	-4.135760845133744	-4.135760845133744	10.153162055335976	31.30945567967575	35.272826173178345	-0.0350095762279514	-0.0397083189787384	0.0046987427507869	0.0433625453313665	-12.31496710526316	0.5643949942509403	0.3861050057490596	0.2265690552249614	0.157276	0.0	157276000.0	0.078638	2025-11-14 23:20:47.596807+00:00	2025-11-14 23:20:47.600621+00:00	Negative	-1.547479484173504	0
2025-11-14 16:00:00	0.4265	0.4347	0.4063	0.4199	3042922.0	1274229.2085	THETAUSDT	0.0	6.989908934285007	1.8606042774056524	4.180533798714026	0.5227370326197988	-1.547479484173504	-1.547479484173504	6.989908934285007	-61.72560922996191	34.35925535118356	-0.0357603146976323	-0.0389187181225172	0.0031584034248848	0.0422937920934117	1.7199612403100764	0.550336741126245	0.3857432588737549	0.2075218329353277	0.1523729999999999	0.0	152372999.99999997	0.0761864999999999	2025-11-15 23:20:46.431002+00:00	2025-11-15 23:20:46.435067+00:00	Negative	-5.620385806144323	0
2025-11-15 16:00:00	0.4199	0.4268	0.3957	0.3963	2816426.0	1159529.5207	THETAUSDT	0.0	7.859489512256765	1.8343149101969107	4.15288882552272	0.5407007566093069	-5.620385806144323	-5.620385806144323	7.859489512256765	-7.443371864280452	31.24316699689645	-0.0378235962371528	-0.0386996937454443	0.0008760975082914	0.0414942355153109	-3.576642335766421	0.5403198161785645	0.3807901838214354	0.0972221646185688	0.151809	0.0	151809000.0	0.0759045	2025-11-16 23:20:40.202961+00:00	2025-11-16 23:20:40.206836+00:00	High	3.2551097653293017	3
2025-11-16 16:00:00	0.3963	0.4231	0.3898	0.4092	6323697.0	2567196.5637	THETAUSDT	0.0	8.542842483324781	1.823322269965281	3.38671989363102	1.2073680703890362	3.2551097653293017	3.2551097653293017	8.542842483324781	124.52913728249916	34.727797076851175	-0.0379800293950433	-0.0385557608753641	0.0005757314803208	0.040908932978503	-2.8028503562945315	0.5286338103214396	0.3796661896785603	0.1982565754489774	0.1588429999999999	0.0	158842999.99999997	0.0794214999999999	2025-11-17 23:21:22.219652+00:00	2025-11-17 23:21:22.223581+00:00	Negative	-0.2688172043010727	0
2025-11-17 16:00:00	0.4092	0.416	0.3881	0.4081	6909770.0	2755160.1907	THETAUSDT	0.0	7.188868848234986	1.276804084104148	1.6548418916431171	1.2775478341108637	-0.2688172043010727	-0.2688172043010727	7.188868848234986	9.267885542270603	34.566921846169336	-0.0377575194259255	-0.0383961125854764	0.0006385931595508	0.0399797234800385	-0.048983590497178	0.5173750939984915	0.3790749060015085	0.2098702425417144	0.1955149999999999	0.0	195515000.0	0.0977574999999999	2025-11-19 01:45:53.140574+00:00	2025-11-19 01:45:53.144730+00:00	Negative	-4.043126684636122	0
2025-11-18 16:00:00	0.4081	0.4161	0.3913	0.3916	6174493.0	2490441.8978	THETAUSDT	0.0	6.337848198313326	0.845107017913742	1.6831466491179314	1.221834356077822	-4.043126684636122	-4.043126684636122	6.337848198313326	-10.641121195061483	32.16029934757921	-0.0384691424481162	-0.0384107185580043	-5.842389011183336e-05	0.0388954575171786	-15.621633268692095	0.5159156736682624	0.3719643263317375	0.1364049314686775	0.1598159999999999	0.0	159815999.99999997	0.0799079999999999	2025-11-20 01:44:28.589853+00:00	2025-11-20 01:44:28.593770+00:00	Medium	1.71092951991828	2
2025-11-19 16:00:00	0.3916	0.4115	0.3784	0.3983	8047490.0	3172260.1339	THETAUSDT	0.0	8.74735729386891	0.9928829743872996	1.407401548584564	1.3292023923459515	1.71092951991828	1.71092951991828	8.74735729386891	30.334425838688293	34.16468696654967	-0.03805381413276	-0.0383393376729555	0.0002855235401954	0.0384814962659515	-17.77456647398844	0.510299703532355	0.368210296467645	0.2117659870214786	0.1115389999999999	0.0	111539000.0	0.0557694999999999	2025-11-21 01:45:21.552417+00:00	2025-11-21 01:45:21.556411+00:00	Negative	-12.553351744915888	0
2025-11-20 16:00:00	0.3983	0.3991	0.3295	0.3483	17183550.0	6207092.8716	THETAUSDT	0.0	21.122913505311075	6.082204626083048	4.453244770804024	1.924723896144627	-12.553351744915888	-12.553351744915888	21.122913505311075	113.52682637692	27.608876276341817	-0.041283356744572	-0.0389281414872788	-0.0023552152572931	0.0407042465326693	-28.0817674994838	0.5073918092757973	0.3559481907242027	-0.0505019016142768	0.185966	0.0	185966000.0	0.092983	2025-11-22 01:41:33.302887+00:00	2025-11-22 01:41:33.307045+00:00	Negative	-2.4691358024691348	0
2025-11-21 16:00:00	0.3483	0.3606	0.3309	0.3397	9887059.0	3393617.3087	THETAUSDT	0.0	8.975521305530355	6.05239476215293	4.450810200293062	1.025578269380243	-2.4691358024691348	-2.4691358024691348	8.975521305530355	-42.46206982841147	26.661238408399	-0.0440291994547429	-0.0399483530807716	-0.0040808463739712	0.0399182289231929	-29.05179615705932	0.5056443174242671	0.3430256825757328	-0.0204508085978611	0.2015999999999999	0.0	201600000.0	0.1007999999999999	2025-11-23 01:58:06.235738+00:00	2025-11-23 01:58:06.239724+00:00	Very High	6.71180453341183	4
2025-11-22 16:00:00	0.3397	0.3636	0.3394	0.3625	3202462.0	1129354.5401	THETAUSDT	0.0	7.1302298173246905	6.060404543520311	4.30559890336387	0.3598671888340667	6.71180453341183	6.71180453341183	7.1302298173246905	-67.60955912167613	33.20680126780478	-0.0438599400458484	-0.040730670473787	-0.0031292695720614	0.038795498285822	-24.447686536056693	0.5074004089730836	0.3362395910269165	0.1534253533501037	0.154774	0.0	154774000.0	0.077387	2025-11-24 01:53:00.842587+00:00	2025-11-24 01:53:00.846426+00:00	Negative	-1.5999999999999923	0
2025-11-23 16:00:00	0.3625	0.3635	0.348	0.3567	5652517.0	2008810.0746	THETAUSDT	0.0	4.454022988505751	6.428342114800363	4.551020641090753	0.6427247371675915	-1.5999999999999923	-1.5999999999999923	4.454022988505751	76.50535744061912	32.41425023506714	-0.0436901790839413	-0.0413225721958178	-0.0023676068881234	0.037131534122549	-22.355245973008262	0.5092117694460313	0.3289982305539687	0.1537163612475476	0.1953569999999999	0.0	195357000.0	0.0976784999999999	2025-11-25 01:47:29.201130+00:00	2025-11-25 01:47:29.204946+00:00	Medium	1.0653209980375582	2
2025-11-24 16:00:00	0.3567	0.3719	0.3555	0.3605	4451127.0	1619889.447	THETAUSDT	0.0	4.613220815752469	6.892668831213034	4.711504620372731	0.5511997447043426	1.0653209980375582	1.0653209980375582	4.613220815752469	-21.254071416326568	33.533541257136534	-0.0427561477994393	-0.0416092873165421	-0.0011468604828971	0.0356507102566526	-18.970555180939545	0.509721969223208	0.322438030776792	0.203231358433323	0.167687	0.0	167687000.0	0.0838435	2025-11-26 01:46:44.979226+00:00	2025-11-26 01:46:44.983176+00:00	Negative	-1.7753120665741915	0
2025-11-25 16:00:00	0.3605	0.3728	0.3524	0.3541	5152750.0	1871376.929	THETAUSDT	0.0	5.78887627695801	1.8910236572661787	4.787532549915106	0.9089052161484292	-1.7753120665741915	-1.7753120665741915	5.78887627695801	15.762816922545683	32.55563961097664	-0.0420476486699926	-0.0416969595872322	-0.0003506890827603	0.0345613738097488	-16.975381008206323	0.5108155766056123	0.3159244233943877	0.1958815265679981	0.160906	0.0	160905999.99999997	0.080453	2025-11-27 01:45:02.034061+00:00	2025-11-27 01:45:02.037960+00:00	High	4.43377576955662	3
2025-11-26 16:00:00	0.3541	0.3746	0.3541	0.3698	3546819.0	1302414.7235	THETAUSDT	0.0	5.789325049421057	1.0828265834977209	4.850159314106108	0.8058873449689682	4.43377576955662	4.43377576955662	5.789325049421057	-31.166483916355343	37.379932346024766	-0.039760959623617	-0.0413097595945092	0.0015487999708921	0.0335569899661954	-11.93141224100976	0.5049445523927713	0.3123654476072287	0.2982387547015073	0.143475	0.0	143474999.99999997	0.0717375	2025-11-28 01:45:04.730933+00:00	2025-11-28 01:45:04.734682+00:00	Low	0.2163331530556969	1
2025-11-27 16:00:00	0.3698	0.3754	0.3611	0.3706	3862287.0	1423659.0896	THETAUSDT	0.0	3.960121849903084	0.8281424898723657	5.015889188339912	0.8520189274447949	0.2163331530556969	0.2163331530556969	3.960121849903084	8.894392411904864	37.624768304560384	-0.0374524601186376	-0.0405382996993349	0.0030858395806972	0.0321814906828957	-6.484986121625032	0.493983399788176	0.3119466002118239	0.3222062787561527	0.204421	0.0	204421000.0	0.1022105	2025-11-29 01:44:29.695243+00:00	2025-11-29 01:44:29.699182+00:00	Negative	-3.912574203993513	0
2025-11-28 16:00:00	0.3706	0.3706	0.3512	0.3561	3014353.0	1077928.3187	THETAUSDT	0.0	5.523917995444184	0.8154055440485249	5.046812104401293	0.752559651468373	-3.912574203993513	-3.912574203993513	5.523917995444184	-21.954194496680334	34.95694056289905	-0.036373693154695	-0.0397053783904069	0.0033316852357119	0.0312685270626888	-12.97653958944281	0.4816207739634469	0.311489226036553	0.2622134137204017	0.156275	0.0	156275000.0	0.0781375	2025-11-30 01:57:38.863133+00:00	2025-11-30 01:57:38.867095+00:00	Negative	-4.802021903959563	0
2025-11-29 16:00:00	0.3561	0.3561	0.3365	0.339	4020934.0	1400433.4454	THETAUSDT	0.0	5.824665676077268	0.8014340948950798	5.058278749316783	1.025898009725193	-4.802021903959563	-4.802021903959563	5.824665676077268	33.39293705813486	32.06903715990293	-0.0364780929048288	-0.0390599212932913	0.0025818283884624	0.0304350608439253	-16.932124479294288	0.4692544792303241	0.3098755207696759	0.1827372917455419	0.1641449999999999	0.0	164144999.99999994	0.0820724999999999	2025-12-01 02:05:44.538655+00:00	2025-12-01 02:05:44.542604+00:00	Negative	-9.32153392330384	0
2025-11-30 16:00:00	0.339	0.3437	0.3012	0.3074	11474447.0	3654571.9686	THETAUSDT	0.0	14.110225763612211	4.025340300208654	2.998527762583138	2.2135340547647964	-9.32153392330384	-9.32153392330384	14.110225763612211	185.3677031256917	27.54104812843859	-0.0386649805392093	-0.0389809331424749	0.0003159526032656	0.0312968422122164	-21.50153217568948	0.4569380384969588	0.3049519615030411	0.0161069918072615	0.140652	0.0	140652000.0	0.070326	2025-12-02 01:49:15.360732+00:00	2025-12-02 01:49:15.364540+00:00	Very High	12.719583604424193	4
2025-12-01 16:00:00	0.3074	0.3472	0.3024	0.3465	4002104.0	1287800.2356	THETAUSDT	0.0	14.814814814814817	5.181103058632609	3.9320927402374872	0.7587178721568962	12.719583604424193	12.719583604424193	14.814814814814817	-65.12159583812624	39.01508466914666	-0.0368186391639892	-0.0385484743467777	0.0017298351827885	0.0322613534827724	-13.005272407732868	0.4435182673482716	0.3070817326517283	0.2889128446126559	0.146991	0.0	146991000.0	0.0734955	2025-12-03 01:48:43.403807+00:00	2025-12-03 01:48:43.408710+00:00	Negative	-0.1731601731601701	0
2025-12-02 16:00:00	0.3465	0.3534	0.3361	0.3459	3814153.0	1315278.2883	THETAUSDT	0.0	5.14727759595358	4.92190032169048	3.9856897855041984	0.7244082473476496	-0.1731601731601701	-0.1731601731601701	5.14727759595358	-4.696304743704811	38.91325346010198	-0.0350003530248397	-0.0378388500823901	0.0028384970575504	0.03119268537686	-0.6890611541774371	0.4316668981602973	0.3090331018397027	0.3006259225957438	0.1784069999999999	0.0	178406999.99999997	0.0892034999999999	2025-12-04 01:49:28.234551+00:00	2025-12-04 01:49:28.238624+00:00	Medium	0.8962127782596103	2
2025-12-03 16:00:00	0.3459	0.3542	0.3416	0.349	2252386.0	785442.6583	THETAUSDT	0.0	3.6885245901639343	5.307172279848991	4.046958139316319	0.4405382345126886	0.8962127782596103	0.8962127782596103	3.6885245901639343	-40.94662694443564	39.787690923020406	-0.0329296119981575	-0.0368570024655436	0.0039273904673861	0.02986463642137	2.7377097438916618	0.4226915411600561	0.3102584588399439	0.3445742157077369	0.1608109999999999	0.0	160810999.99999994	0.0804054999999999	2025-12-05 01:49:55.609970+00:00	2025-12-05 01:49:55.613958+00:00	Negative	-3.753581661891118	0
2025-12-04 16:00:00	0.349	0.3501	0.3317	0.3359	2101966.0	714355.7421	THETAUSDT	0.0	5.547181187820327	5.34628658038003	3.9981331189027327	0.4444831934422147	-3.753581661891118	-3.753581661891118	5.547181187820327	-6.678251418717752	37.35427493934403	-0.0319769845613192	-0.0358809988846987	0.0039040143233795	0.0290457338198436	-7.337931034482763	0.414292876734833	0.3102571232651669	0.2464813862506388	0.1489039999999999	0.0	148903999.99999997	0.0744519999999999	2025-12-06 01:43:50.224422+00:00	2025-12-06 01:43:50.228615+00:00	Negative	-0.2977076510866332	0
2025-12-05 16:00:00	0.3359	0.3371	0.3226	0.3349	1931425.0	637553.1557	THETAUSDT	0.0	4.494730316181033	4.569325514610051	4.062814348167804	0.6848036956938269	-0.2977076510866332	-0.2977076510866332	4.494730316181033	-8.113404308157222	37.1674033714379	-0.0309459860331829	-0.0348939963143956	0.0039480102812126	0.0280067528327119	-6.111578357162893	0.4100626238139405	0.3083473761860595	0.2610486080816676	0.100754	0.0	100754000.0	0.050377	2025-12-07 01:58:06.777606+00:00	2025-12-07 01:58:06.781859+00:00	Low	0.0298596595998938	1
2025-12-06 16:00:00	0.3349	0.3448	0.3251	0.335	4379166.0	1466967.2149	THETAUSDT	0.0	6.059673946478005	0.9244576731533528	4.055568854039842	1.5122373662002102	0.0298596595998938	0.0298596595998938	6.059673946478005	126.73238670929494	37.20123623024351	-0.0297775856361168	-0.0338707141787398	0.004093128542623	0.0274134133446611	-7.07350901525658	0.4018492651759284	0.3091407348240715	0.2789308068824382	0.161742	0.0	161742000.0	0.080871	2025-12-08 01:50:47.094225+00:00	2025-12-08 01:50:47.098196+00:00	Medium	1.8208955223880576	2
2025-12-07 16:00:00	0.335	0.349	0.3281	0.3411	3254512.0	1103002.0896	THETAUSDT	0.0	6.370009143553787	1.118629862628977	3.9299917593780624	1.1690515181808483	1.8208955223880576	1.8208955223880576	6.370009143553787	-25.68192208288062	39.3467069500112	-0.0280362168277474	-0.0327038147085413	0.0046675978807939	0.0269481695343281	-3.671279299632875	0.3920425425308414	0.3122474574691586	0.3615829534931621	0.173241	0.0	173241000.0	0.0866205	2025-12-09 01:56:09.033145+00:00	2025-12-09 01:56:09.037092+00:00	Very High	5.335678686602168	4
2025-12-08 16:00:00	0.3411	0.3594	0.3377	0.3593	2800455.0	968776.2609	THETAUSDT	0.0	6.425821735267988	0.7983632387495933	3.8985446125300594	0.9678418366542888	5.335678686602168	5.335678686602168	6.425821735267988	-13.951615480293206	45.34624409550944	-0.024900543637968	-0.0311431604944267	0.0062426168564586	0.0265733002818761	-2.839372633856141	0.3863110061345444	0.3147489938654556	0.622551053581653	0.184912	0.0	184912000.0	0.092456	2025-12-10 01:51:42.566099+00:00	2025-12-10 01:51:42.570025+00:00	Negative	-3.423323128305047	0
2025-12-09 16:00:00	0.3593	0.3687	0.3445	0.347	2600278.0	925482.2439	THETAUSDT	0.0	7.024673439767796	0.9499306667815643	3.868205745493471	0.868737970935937	-3.423323128305047	-3.423323128305047	7.024673439767796	-7.148017018663039	42.30093267331157	-0.0231412493310131	-0.0295427782617439	0.0064015289307308	0.0264037788331707	-6.368051807879118	0.376250351332453	0.3196796486675469	0.48294170030526	0.200484	0.0	200484000.00000003	0.100242	2025-12-11 01:53:02.027596+00:00	2025-12-11 01:53:02.031928+00:00	Negative	-3.256484149855901	0
2025-12-10 16:00:00	0.347	0.3631	0.3296	0.3357	8924054.0	3092554.2572	THETAUSDT	0.0	10.163834951456304	1.6884349191831842	3.2569778181962468	2.032030472075348	-3.256484149855901	-3.256484149855901	10.163834951456304	243.19615056543955	39.66544643952418	-0.0224005914058374	-0.0281143408905626	0.0057137494847252	0.0269106517736585	-5.7287278854254495	0.376119320384548	0.3185506796154519	0.2978934391265688	0.181889	0.0	181889000.00000003	0.0909445	2025-12-12 01:52:44.244642+00:00	2025-12-12 01:52:44.248705+00:00	High	2.5320226392612475	3
2025-12-11 16:00:00	0.3357	0.3657	0.3317	0.3442	7042088.0	2481427.3376	THETAUSDT	0.0	10.25022610792886	1.988772507791898	2.1766364723254767	1.4300754055813345	2.5320226392612475	2.5320226392612475	10.25022610792886	-21.088689064409515	42.56424672794725	-0.0208869637846218	-0.0266688654693745	0.0057819016847526	0.0274170337898257	1.533923303834803	0.3761719136025591	0.3189480863974409	0.4412832003012296	0.185335	0.0	185335000.00000003	0.0926675	2025-12-13 01:46:19.585663+00:00	2025-12-13 01:46:19.589604+00:00	High	3.2248692620569432	3
2025-12-12 16:00:00	0.3442	0.3584	0.3351	0.3553	6953586.0	2405114.7184	THETAUSDT	0.0	6.953148313936135	1.8799713195378875	2.124643253666316	1.2276611598942546	3.2248692620569432	3.2248692620569432	6.953148313936135	-1.2567579388385943	46.19944171714609	-0.0185775750354116	-0.0250506073825819	0.0064730323471703	0.0271229599476953	15.582303188028629	0.3752261306640839	0.319173869335916	0.644507996788517	0.158246	0.0	158246000.0	0.079123	2025-12-14 01:58:18.058712+00:00	2025-12-14 01:58:18.062604+00:00	Negative	-3.855896425555865	0
2025-12-13 16:00:00	0.3553	0.3593	0.3406	0.3416	2652509.0	930427.5514	THETAUSDT	0.0	5.490311215502054	2.126536017289683	1.9062671867504413	0.470761840041615	-3.855896425555865	-3.855896425555865	5.490311215502054	-61.85408507207648	42.61447746736995	-0.0176493921118376	-0.023570364328433	0.0059209722165954	0.0265213199514313	-1.4141414141414026	0.3742191948578227	0.3186708051421772	0.4127787497567122	0.181915	0.0	181915000.0	0.0909575	2025-12-15 01:56:22.449657+00:00	2025-12-15 01:56:22.453445+00:00	Negative	-5.1814988290398105	0
2025-12-14 16:00:00	0.3416	0.3474	0.3223	0.3239	7463385.0	2493852.0589	THETAUSDT	0.0	7.787775364567177	2.067721777947818	1.8636717691498557	1.1295965609486631	-5.1814988290398105	-5.1814988290398105	7.787775364567177	181.37077008975277	38.46191315614789	-0.0181330164069084	-0.0224828947441281	0.0043498783372197	0.0264197970977577	-6.360219716681112	0.3732533850801736	0.3159766149198264	0.1383350537747146	0.200974	0.0	200974000.0	0.100487	2025-12-16 01:52:43.956108+00:00	2025-12-16 01:52:43.959820+00:00	Medium	1.9450447669033564	2
2025-12-15 16:00:00	0.3239	0.331	0.3116	0.3302	4458858.0	1436389.0875	THETAUSDT	0.0	6.225930680359445	1.835896315459528	1.6643089366196375	0.7803275316930871	1.9450447669033564	1.9450447669033564	6.225930680359445	-40.256894157275816	40.67770574186152	-0.0178027161662155	-0.0215468590285456	0.00374414286233	0.0259183830193464	-5.386819484240683	0.3723684092827276	0.3144715907172723	0.2716627557858972	0.121954	0.0	121954000.0	0.060977	2025-12-17 01:48:24.660356+00:00	2025-12-17 01:48:24.664166+00:00	Negative	-5.511811023622045	0
2025-12-16 16:00:00	0.3302	0.3327	0.3112	0.312	6772394.0	2183256.6177	THETAUSDT	0.0	6.90874035989718	0.8624680112818601	1.6163785615548496	1.196505093931846	-5.511811023622045	-5.511811023622045	6.90874035989718	51.88629016667497	36.579969715510046	-0.0187929058218981	-0.0209960683872161	0.0022031625653179	0.0256027842322502	-7.115212860970521	0.3699045536136349	0.311155446386365	0.0143755991111116	0.134474	0.0	134474000.0	0.067237	2025-12-18 01:48:43.568983+00:00	2025-12-18 01:48:43.572850+00:00	Negative	-3.237179487179487	0
2025-12-17 16:00:00	0.312	0.314	0.2916	0.3019	5910690.0	1786818.0182	THETAUSDT	0.0	7.681755829903968	0.9757140613202274	1.579921595141467	1.0842184977560214	-3.237179487179487	-3.237179487179487	7.681755829903968	-12.723772420801271	34.502779449100345	-0.0201602292749612	-0.0208289005647651	0.0006686712898039	0.0253740139299466	-9.853687667960578	0.3676446628459353	0.3065453371540647	-0.0760292703963957	0.12935	0.0	129350000.0	0.064675	2025-12-19 01:52:08.769680+00:00	2025-12-19 01:52:08.773947+00:00	Negative	-3.378602186154352	0
2025-12-18 16:00:00	0.3019	0.3022	0.2706	0.2917	7233200.0	2048941.7695	THETAUSDT	0.0	11.67775314116778	2.120993670503912	2.0027497554350138	1.1359193847127411	-3.378602186154352	-3.378602186154352	11.67775314116778	22.374883473841464	32.49588388579956	-0.0218154230997261	-0.0210262050717573	-0.0007892180279687	0.0258187272206647	-12.92537313432836	0.3689707476056619	0.2987792523943381	-0.1008562700228106	0.1099049999999999	0.0	109905000.0	0.0549524999999999	2025-12-20 01:46:35.575394+00:00	2025-12-20 01:46:35.579341+00:00	Medium	0.5827905382241958	2
2025-12-19 16:00:00	0.2917	0.3062	0.2907	0.2934	3256880.0	968697.5489	THETAUSDT	0.0	5.33195734434125	2.456554137675219	2.161154317314129	0.5893307409787094	0.5827905382241958	0.5827905382241958	5.33195734434125	-54.973179229110215	33.19335112193046	-0.0227280060325223	-0.0213665652639103	-0.0013614407686119	0.0250816752763315	-13.98416886543536	0.3707525011970928	0.2924374988029071	0.0122901253612718	0.123256	0.0	123256000.0	0.061628	2025-12-21 01:58:13.574154+00:00	2025-12-21 01:58:13.577943+00:00	Negative	-5.248807089297877	0
2025-12-20 16:00:00	0.2934	0.295	0.2746	0.278	2585957.0	734745.3139	THETAUSDT	0.0	7.428987618353959	2.349149267810172	2.002641227947725	0.5019497753824752	-5.248807089297877	-5.248807089297877	7.428987618353959	-20.600175628208596	30.153910392162945	-0.0244124740735162	-0.0219757470258315	-0.0024367270476847	0.0247472698994507	-22.62733092123573	0.3746454615879073	0.2856045384120927	-0.0854049816742942	0.129515	0.0	129515000.0	0.0647575	2025-12-22 01:57:40.516974+00:00	2025-12-22 01:57:40.520848+00:00	High	2.410071942446037	3
2025-12-21 16:00:00	0.278	0.2889	0.2726	0.2847	4774564.0	1343843.7984	THETAUSDT	0.0	5.979457079970646	2.4714459498501795	1.815019590445073	1.004693726447776	2.410071942446037	2.410071942446037	5.979457079970646	84.63431526510301	33.0272025272746	-0.0249195362244543	-0.0225645048655561	-0.0023550313588982	0.0241438934780614	-17.953890489913537	0.375023926847767	0.279046073152233	0.0589086610094728	0.137549	0.0	137549000.0	0.0687745	2025-12-23 01:53:07.185637+00:00	2025-12-23 01:53:07.189640+00:00	Negative	-5.479452054794522	0
2025-12-22 16:00:00	0.2847	0.2859	0.2645	0.2691	2199136.0	600356.72	THETAUSDT	0.0	8.090737240075605	2.4807519776021505	1.837064911078704	0.5484201613218168	-5.479452054794522	-5.479452054794522	8.090737240075605	-53.94059017744867	29.93897626236324	-0.0262772682660786	-0.0233070575456606	-0.002970210720418	0.0239479010867713	-19.83914209115281	0.3765248218635721	0.2698651781364278	-0.0071740173667307	0.1765519999999999	0.0	176551999.99999994	0.0882759999999999	2025-12-24 01:51:36.429117+00:00	2025-12-24 01:51:36.432962+00:00	Low	0.03716090672612	1
2025-12-23 16:00:00	0.2691	0.2819	0.2657	0.2692	4487656.0	1232866.865	THETAUSDT	0.0	6.097101994730897	1.1351652108131214	1.7812781905371655	1.2966961244595456	0.03716090672612	0.03716090672612	6.097101994730897	104.06450533300352	29.984171600423167	-0.027033585184547	-0.0240523630734379	-0.0029812221111091	0.0233944795805733	-21.789657176060437	0.3760407449146252	0.2623692550853748	0.0600919801868162	0.154462	0.0	154462000.0	0.077231	2025-12-25 01:53:10.457775+00:00	2025-12-25 01:53:10.461554+00:00	Medium	0.7057949479940613	2
2025-12-24 16:00:00	0.2692	0.2817	0.2668	0.2711	5365651.0	1475536.8556	THETAUSDT	0.0	5.584707646176921	1.0690842907622835	1.8519699942578811	1.3819762402073172	0.7057949479940613	0.7057949479940613	5.584707646176921	19.56466805833602	30.896301591962583	-0.0271664991783948	-0.0246751902944292	-0.0024913088839655	0.0227877310391038	-23.6982831410076	0.3759265301672693	0.2560034698327306	0.1258851310594969	0.139819	0.0	139819000.0	0.0699095	2025-12-26 01:52:40.046184+00:00	2025-12-26 01:52:40.050007+00:00	Negative	-5.164146071560315	0
2025-12-25 16:00:00	0.2711	0.2738	0.2559	0.2571	2254203.0	595415.8784	THETAUSDT	0.0	6.994919890582247	1.0042719022485835	1.8274131545007868	0.5906865969191681	-5.164146071560315	-5.164146071560315	6.994919890582247	-57.98826647502791	28.00160803480325	-0.028077853456442	-0.0253557229268318	-0.0027221305296102	0.0224386073934535	-24.73653395784544	0.3765433449454098	0.2476066550545901	0.0736279561189962	0.1206729999999999	0.0	120673000.0	0.0603364999999999	2025-12-27 01:50:36.097246+00:00	2025-12-27 01:50:36.101106+00:00	Very High	5.017502917152868	4
2025-12-26 16:00:00	0.2571	0.2705	0.2541	0.27	1227852.0	320747.553	THETAUSDT	0.0	6.454151908697374	0.9583100886740604	1.840452445744076	0.3952016988254142	5.017502917152868	5.017502917152868	6.454151908697374	-45.530548934590186	34.12591631707872	-0.0274428420964342	-0.0257731467607523	-0.0016696953356818	0.0220072782939211	-16.640938561284347	0.3748770060255581	0.2427729939744419	0.2061027943271164	0.1543479999999999	0.0	154347999.99999997	0.0771739999999999	2025-12-28 02:03:53.529093+00:00	2025-12-28 02:03:53.533123+00:00	Medium	1.8518518518518532	2
2025-12-27 16:00:00	0.27	0.2813	0.267	0.275	1528186.0	421796.471	THETAUSDT	0.0	5.355805243445685	0.660611493267776	1.9089767524215329	0.5140717411482103	1.8518518518518532	1.8518518518518532	5.355805243445685	24.460114085410943	36.38463049784201	-0.0262337267335057	-0.025865262755303	-0.0003684639782027	0.0214567584157839	-16.717141126589937	0.3713961443923395	0.2396438556076605	0.2683531703204154	0.139709	0.0	139709000.0	0.0698545	2025-12-29 02:02:14.253619+00:00	2025-12-29 02:02:14.257638+00:00	Negative	-1.0545454545454591	0
2025-12-28 16:00:00	0.275	0.2799	0.2657	0.2721	5582856.0	1520953.5664	THETAUSDT	0.0	5.344373353406094	0.7414959210015709	0.9645960332029144	1.7491522517931857	-1.0545454545454591	-1.0545454545454591	5.344373353406094	265.3256867946703	35.621718859906935	-0.0252187933097468	-0.0257359688661917	0.0005171755564449	0.0209384185289422	-12.788461538461537	0.3636783940932616	0.2386416059067383	0.267588400010325	0.13561	0.0	135610000.0	0.067805	2025-12-30 01:53:45.775476+00:00	2025-12-30 01:53:45.779535+00:00	Medium	1.06578463800074	2
2025-12-29 16:00:00	0.2721	0.2759	0.264	0.275	1199451.0	324129.9094	THETAUSDT	0.0	4.5075757575757445	0.9883647671858116	1.0814615529652838	0.5085631196921988	1.06578463800074	1.06578463800074	4.5075757575757445	-78.51545875444397	37.0433360342053	-0.023904884863101	-0.0253697520655736	0.0014648672024725	0.0202928172054463	-8.91023517721099	0.357337233124329	0.2377827668756709	0.3112993959332473	0.1733489999999999	0.0	173348999.99999997	0.0866744999999999	2025-12-31 01:54:12.346668+00:00	2025-12-31 01:54:12.350655+00:00	Negative	-3.0545454545454613	0
2025-12-30 16:00:00	0.275	0.2778	0.2658	0.2666	950655.0	257004.2686	THETAUSDT	0.0	4.514672686230252	0.8001413597892519	1.10111540471519	0.4531676041567356	-3.0545454545454613	-3.0545454545454613	4.514672686230252	-20.74248968903273	34.65613300138175	-0.023273134543215	-0.0249504285611019	0.0016772940178869	0.019700473119343	-8.60473088789853	0.3526399630562827	0.2355700369437172	0.2650549469591934	0.165594	0.0	165593999.99999997	0.082797	2026-01-01 02:04:23.362598+00:00	2026-01-01 02:04:23.366495+00:00	High	2.625656414103528	3
2025-12-31 16:00:00	0.2666	0.2756	0.2602	0.2736	850916.0	226287.2235	THETAUSDT	0.0	5.918524212144514	0.6092490542521259	1.10074835196613	0.4207429858038873	2.625656414103528	2.625656414103528	5.918524212144514	-10.491608417354351	38.22861494869416	-0.0219545480015012	-0.0243512524491817	0.0023967044476805	0.0193932964679613	-6.748466257668706	0.344968818582633	0.236181181417367	0.3439620489760959	0.193956	0.0	193956000.0	0.096978	2026-01-02 01:55:28.709393+00:00	2026-01-02 01:55:28.713255+00:00	High	2.7046783625731057	3
2026-01-01 16:00:00	0.2736	0.2847	0.2734	0.281	1837949.0	514990.7375	THETAUSDT	0.0	4.1331382589612415	0.7287102665734576	0.9160455821986484	0.8817786938892769	2.7046783625731057	2.7046783625731057	4.1331382589612415	115.99652609658295	41.84810545728192	-0.0200809597081186	-0.0234971939009691	0.0034162341928504	0.018815203863107	1.0791366906474829	0.3325103406340018	0.2412096593659982	0.4358164701663226	0.188876	0.0	188876000.0	0.094438	2026-01-03 01:49:28.911274+00:00	2026-01-03 01:49:28.915177+00:00	Medium	1.9572953736654624	2
2026-01-02 16:00:00	0.281	0.296	0.2805	0.2865	1140083.0	329503.503	THETAUSDT	0.0	5.525846702317275	0.761189234642755	0.8914970186067632	0.9533974772597804	1.9572953736654624	1.9572953736654624	5.525846702317275	-37.969823972264734	44.45326481287108	-0.0179454593676267	-0.0223868469943006	0.0044413876266739	0.0185784035871707	0.632244467860895	0.3222406250768281	0.2459693749231719	0.5314010848802794	0.19384	0.0	193840000.0	0.09692	2026-01-04 02:05:17.961472+00:00	2026-01-04 02:05:17.965075+00:00	High	3.6649214659685914	3
2026-01-03 16:00:00	0.2865	0.2977	0.2865	0.297	659887.0	192887.7876	THETAUSDT	0.0	3.909249563699841	0.8799860845555906	1.009523083090119	0.6065706527634025	3.6649214659685914	3.6649214659685914	3.909249563699841	-42.11938955321674	49.13790227025917	-0.01523023306818	-0.0209555242090765	0.0057252911408964	0.0180513747595157	10.36789297658862	0.3168718395868707	0.2486481604131292	0.7087251841656875	0.202211	0.0	202211000.0	0.1011055	2026-01-05 02:05:16.529255+00:00	2026-01-05 02:05:16.533369+00:00	High	3.771043771043767	3
2026-01-04 16:00:00	0.297	0.3098	0.2941	0.3082	1216486.0	366683.7562	THETAUSDT	0.0	5.33832029921797	0.8901865578581966	0.8105751329366363	1.0660977708353307	3.771043771043767	3.771043771043767	5.33832029921797	84.34762315366116	53.63017686455181	-0.0120359078128507	-0.0191716009298313	0.0071356931169805	0.0178834194195503	14.487369985141152	0.3106100535405447	0.2527099464594553	0.9583756634997332	0.206321	0.0	206321000.0	0.1031605	2026-01-06 01:55:37.382151+00:00	2026-01-06 01:55:37.386170+00:00	High	4.250486696950033	3
2026-01-05 16:00:00	0.3082	0.3318	0.3051	0.3213	1543818.0	498104.4728	THETAUSDT	0.0	8.751229105211406	1.935918250358017	1.3696153934278226	1.2064427888806	4.250486696950033	4.250486696950033	8.751229105211406	26.907995653053145	58.27247097258545	-0.0083510557431443	-0.0170074918924939	0.0086564361493496	0.0185131751752967	18.5171523423091	0.3132281107769046	0.2510218892230954	1.1297601593775153	0.200381	0.0	200381000.0	0.1001905	2026-01-07 01:55:10.587998+00:00	2026-01-07 01:55:10.591780+00:00	Negative	-5.508870214752566	0
2026-01-06 16:00:00	0.3213	0.3245	0.302	0.3036	1740900.0	547655.2577	THETAUSDT	0.0	7.450331125827822	1.9050252476201663	1.5253262338601437	1.3814092421507485	-5.508870214752566	-5.508870214752566	7.450331125827822	12.76588302507161	50.86302029527596	-0.006780860466387	-0.0149621656072726	0.0081813051408855	0.0187979483770612	18.086347724620765	0.3135372980003128	0.2508827019996872	0.8413955458237474	0.187775	0.0	187775000.0	0.0938875	2026-01-08 01:55:14.537443+00:00	2026-01-08 01:55:14.541300+00:00	Medium	0.5599472990777453	2
2026-01-07 16:00:00	0.3036	0.3074	0.2937	0.3053	1885717.0	567912.3872	THETAUSDT	0.0	4.664623765747358	2.01633461236718	1.549927336506432	1.3379937412797396	0.5599472990777453	0.5599472990777453	4.664623765747358	8.318513412602677	51.5008678325921	-0.0053377631929573	-0.0130372851244095	0.0076995219314522	0.0184338092072711	13.07407407407407	0.3155728334145067	0.2502071665854932	0.8428405321500219	0.151445	0.0	151445000.0	0.0757225	2026-01-09 01:56:31.451402+00:00	2026-01-09 01:56:31.455283+00:00	Low	0.2292826727808642	1
2026-01-08 16:00:00	0.3053	0.311	0.2995	0.306	1010709.0	308239.8413	THETAUSDT	0.0	3.839732888146915	2.0347072446799066	1.609319610149774	0.6831302728035871	0.2292826727808642	0.2292826727808642	3.839732888146915	-46.40187260336519	51.77844480820645	-0.0040904617600085	-0.0112479204515293	0.0071574586915207	0.0179385371210375	11.272727272727264	0.3174508473221698	0.2495891526778301	0.8312619898134986	0.211439	0.0	211439000.0	0.1057195	2026-01-10 01:52:22.704794+00:00	2026-01-10 01:52:22.708743+00:00	Low	0.2941176470588274	1
2026-01-09 16:00:00	0.306	0.3134	0.2964	0.3069	683141.0	207463.4332	THETAUSDT	0.0	5.735492577597846	2.009583374686175	1.5803567296314842	0.4976053587518583	0.2941176470588274	0.2941176470588274	5.735492577597846	-32.40972426286894	52.15757797855946	-0.0029948214719717	-0.0095973006556178	0.0066024791836461	0.0178714987552491	12.789415656008815	0.3202662903446941	0.2496637096553058	0.8106826943975556	0.211803	0.0	211803000.0	0.1059015	2026-01-11 02:05:07.001313+00:00	2026-01-11 02:05:07.005423+00:00	Negative	-3.3235581622678354	0
2026-01-10 16:00:00	0.3069	0.3069	0.2957	0.2967	582137.0	175482.653	THETAUSDT	0.0	3.787622590463303	1.5352498818623337	1.6631402157537518	0.4931187997704064	-3.3235581622678354	-3.3235581622678354	3.787622590463303	-14.78523467336904	47.59074221395524	-0.002915960032946	-0.0082610325310834	0.0053450724981374	0.0173949631298741	7.890909090909089	0.321233881395418	0.249896118604582	0.6560884384985285	0.18882	0.0	188820000.0	0.09441	2026-01-12 02:01:29.544454+00:00	2026-01-12 02:01:29.548421+00:00	Negative	-1.213346814964608	0
2026-01-11 16:00:00	0.2967	0.3042	0.2847	0.2931	1810217.0	528190.3856	THETAUSDT	0.0	6.849315068493158	1.3121009138684292	1.6707188081020177	1.515606954613097	-1.213346814964608	-1.213346814964608	6.849315068493158	210.96065015623472	46.057928452952325	-0.003108123178633	-0.0072304506605933	0.0041223274819603	0.0175453229063117	9.939984996249072	0.3217456389307055	0.2517843610692945	0.5905500899018629	0.205652	0.0	205652000.0	0.102826	2026-01-13 01:53:07.024149+00:00	2026-01-13 01:53:07.027932+00:00	Very High	6.755373592630495	4
2026-01-12 16:00:00	0.2931	0.3151	0.2858	0.3129	1402384.0	421599.0791	THETAUSDT	0.0	10.251924422673197	2.6640408172861045	2.227683110070479	1.2775453358860238	6.755373592630495	6.755373592630495	10.251924422673197	-22.529508893132704	54.699910263131535	-0.0016437709631043	-0.0061131147210955	0.0044693437579912	0.018384942698718	14.364035087719298	0.3247194003304554	0.2531805996695445	0.8347833592223808	0.19847099999999998	0.0	198470999.99999997	0.09923549999999999	2026-01-14 01:59:55.750620+00:00	2026-01-14 01:59:55.754584+00:00			
