timestamp	open	high	low	close	volume	quoteVolume	symbol	gap_apertura_pct	volatilidad_diaria	vol_5d	vol_10d	vol_rel_5d	return_pct	close_open_pct	range_pct	volume_change_pct	rsi_14	macd	macd_signal	macd_diff	atr_14	momentum_12	bb_upper	bb_lower	bb_pctb	vader	finbert	sentiment_ratio	sentiment_combined	download_date	added_date
2025-07-15 16:00:00	0.29858	0.30302	0.29854	0.30256	44572170.4277	13416040.364956604	TRXUSDT	0.0	1.500636430629056	0.0	0.0	0.0	0.0	1.3329760868108993	1.500636430629056	0.0	0.0	0.0	0.0	0.0	0.0	0.0	0.0	0.0	0.0	0.0	0.0	0.0	0.0	0	0
2025-07-16 16:00:00	0.30256	0.31725	0.30255	0.31709	97520432.6408	30255088.375926584	TRXUSDT	0.0	4.85870104115022	0.0	0.0	0.0	4.802353252247484	4.802353252247484	4.85870104115022	118.79220083972972	0.0	0.0	0.0	0.0	0.0	0.0	0.0	0.0	0.0	0.0	0.0	0.0	0.0	0	0
2025-07-17 16:00:00	0.31709	0.335	0.31388	0.32606	137860157.4477	44815644.23915945	TRXUSDT	0.0	6.7286861220848815	0.0	0.0	0.0	2.8288498533539483	2.8288498533539483	6.7286861220848815	41.36540796069326	0.0	0.0	0.0	0.0	0.0	0.0	0.0	0.0	0.0	0.0	0.0	0.0	0.0	0	0
2025-07-18 16:00:00	0.32606	0.32803	0.31976	0.32003	59790438.4262	19418291.557520084	TRXUSDT	0.0	2.586314736052039	0.0	0.0	0.0	-1.8493528798380772	-1.8493528798380772	2.586314736052039	-56.62964591572971	0.0	0.0	0.0	0.0	0.0	0.0	0.0	0.0	0.0	0.0	0.0	0.0	0.0	0	0
2025-07-19 16:00:00	0.32003	0.32119	0.316	0.31837	69848474.006	22260270.21039388	TRXUSDT	0.0	1.642405063291131	2.2664234153368925	0.0	0.8526598392882788	-0.5187013717463972	-0.5187013717463972	1.642405063291131	16.82214722712686	0.0	0.0	0.0	0.0	0.0	0.0	0.0	0.0	0.0	0.0	0.0	0.0	0.0	0	0
2025-07-20 16:00:00	0.31837	0.32	0.31097	0.31553	132866974.0996	41955990.260908805	TRXUSDT	0.0	2.9038170884651198	2.037998615710501	0.0	1.3343099314678464	-0.8920438483525486	-0.8920438483525486	2.9038170884651198	90.22172780494348	0.0	0.0	0.0	0.0	0.0	0.0	0.0	0.0	0.0	0.0	0.0	0.0	0.0	0	0
2025-07-21 16:00:00	0.31553	0.31624	0.30611	0.31395	100538560.0	31407900.07382	TRXUSDT	0.0	3.309267910228358	1.9416482259098835	0.0	1.0035699332892798	-0.5007447786264287	-0.5007447786264287	3.309267910228358	-24.331414423095023	0.0	0.0	0.0	0.0	0.0	0.0	0.0	0.0	0.0	0.3313	0.9999650716781616	3.018297776578283	0.7993655501747131	0	0
2025-07-22 16:00:00	0.31395	0.31923	0.30913	0.31278	112401396.0	35356287.51918	TRXUSDT	0.0	3.267233849836637	0.6813947076612681	0.0	1.1820630863175765	-0.3726708074534175	-0.3726708074534175	3.267233849836637	11.799289745148528	0.0	0.0	0.0	0.0	0.0	0.0	0.0	0.0	0.0	-0.1027	0.9999939203262328	9.736944336727325	0.669185744228363	0	0
2025-07-23 16:00:00	0.31278	0.31474	0.30028	0.31382	74866028.0	23066558.16452	TRXUSDT	0.0	4.8155055281737145	1.1335101633707438	0.0	0.7631269818184291	0.3325020781379836	0.3325020781379836	4.8155055281737145	-33.39404076440474	0.0	0.0	0.0	0.0	0.0	0.0	0.0	0.0	0.0	0.0	0.0	0.0	0.0	0	0
2025-07-24 16:00:00	0.31382	0.3171	0.31085	0.315	62296910.0	19568246.52624	TRXUSDT	0.0	2.010616052758558	1.0136438380921151	1.6586027225151836	0.6449357829001549	0.3760117264674062	0.3760117264674062	2.010616052758558	-16.788813746069177	0.0	0.0	0.0	0.0	0.0	0.0	0.0	0.0	0.0	0.0	0.0	0.0	0.0	0	0
2025-07-25 16:00:00	0.315	0.32001	0.31381	0.31979	35962524.0	11414280.62734	TRXUSDT	0.0	1.9757177910200563	1.1686024912134905	1.605300186566219	0.465756868179268	1.520634920634926	1.520634920634926	1.9757177910200563	-42.272379159736815	0.0	0.0	0.0	0.0	0.0	0.0	0.0	0.0	0.0	0.0	0.0	0.0	0.0	0	0
2025-07-26 16:00:00	0.31979	0.3233	0.31818	0.32134	40541190.0	13015490.81294	TRXUSDT	0.0	1.6091520522974283	1.321036451090145	1.6083163207182802	0.6216676281019721	0.4846930798336394	0.4846930798336394	1.6091520522974283	12.73177043969439	0.0	0.0	0.0	0.0	0.0	0.0	0.0	0.0	0.0	0.0	0.0	0.0	0.0	0	0
2025-07-27 16:00:00	0.32134	0.32847	0.31894	0.32434	69253556.0	22320522.02456	TRXUSDT	0.0	2.988022825609827	1.2986594389432418	0.97825649083101	1.2239061410558556	0.9335905894068596	0.9335905894068596	2.988022825609827	70.82270155365444	0.0	0.0	0.0	0.0	0.0	7.198572184029621	0.0	0.0	0.0	0.0	0.0	0.0	0.0	0	0
2025-07-28 16:00:00	0.32434	0.35145	0.32001	0.3361	247827000.0	83748773.5001	TRXUSDT	0.0	9.824692978344416	3.4718835877687644	2.4487039666472525	2.7181095740780523	3.625824751803661	3.625824751803661	9.824692978344416	257.8545482920762	81.73037053703942	0.0	0.0	0.0	0.0111442857142857	5.995143334699937	0.0	0.0	0.0	0.2023	0.6100174784660339	3.0153952697516764	0.4877022349262238	0	0
2025-07-29 16:00:00	0.3361	0.3406	0.32007	0.32574	102324204.0	34145573.76708	TRXUSDT	0.0	6.414221888961786	3.500436882342905	2.524416520273337	1.0316843668212856	-3.0824159476346438	-3.0824159476346438	6.414221888961786	-58.71143822101708	63.27037653539697	0.0	0.0	0.0	0.011814693877551	-0.0981414463595787	0.0	0.0	0.0	0.0	0.0	0.0	0.0	0	0
2025-07-30 16:00:00	0.32574	0.3299	0.3227	0.3288	48404466.0	15823996.90342	TRXUSDT	0.0	2.2311744654477965	3.454811469375734	2.562927364829616	0.4760935024001239	0.9393995210904424	0.9393995210904424	2.2311744654477965	-52.694998731678375	65.73232565464762	0.0	0.0	0.0	0.0114850728862973	2.7403680904915166	0.0	0.0	0.0	0.0	0.0	0.0	0.0	0	0
2025-07-31 16:00:00	0.3288	0.32954	0.32276	0.32675	46792224.0	15261903.4502	TRXUSDT	0.0	2.100632048580992	3.353469238828371	2.618864011610235	0.454645279371055	-0.6234793187347921	-0.6234793187347921	2.100632048580992	-3.3307711730566347	62.70019036934436	0.0	0.0	0.0	0.0111489962515618	2.6321575525332155	0.0	0.0	0.0	0.0	0.0	0.0	0.0	0	0
2025-08-01 16:00:00	0.32675	0.32905	0.32103	0.32242	40436568.0	13168196.30274	TRXUSDT	0.0	2.498208890134887	3.4228485192570064	2.644918836877914	0.416198655608709	-1.3251721499617448	-1.3251721499617448	2.498208890134887	-13.58271835935817	56.74598966843553	0.0	0.0	0.0	0.0109254965193074	2.183627547301368	0.0	0.0	0.0	0.0	0.0	0.0	0.0	0	0
2025-08-02 16:00:00	0.32242	0.32757	0.31826	0.32553	45647796.0	14747204.15332	TRXUSDT	0.0	2.925281216615341	1.8055947100117564	2.6195368941434976	0.8047769692619733	0.9645803610197884	0.9645803610197884	2.925281216615341	12.887414184111767	59.70573931848161	0.0	0.0	0.0	0.0108101039107854	3.688485427615856	0.0	0.0	0.0	0.0	0.0	0.0	0.0	0	0
2025-08-03 16:00:00	0.32553	0.3326	0.32531	0.33219	32967152.0	10844476.05056	TRXUSDT	0.0	2.240939411638136	0.3274851185029968	2.6063784618134678	0.7693682158533452	2.0458943876140445	2.0458943876140445	2.240939411638136	-27.77931271862501	65.19778354165314	0.0	0.0	0.0	0.0105586679171579	6.205639746786874	0.3359310331774091	0.3058879668225909	0.8754776515410808	0.0	0.0	0.0	0.0	0	0
2025-08-04 16:00:00	0.33219	0.33514	0.32955	0.33004	54736788.0	18214954.8505	TRXUSDT	0.0	1.6962524654832298	0.4576327298580099	2.62573604434972	1.2407438792602763	-0.6472199644781557	-0.6472199644781557	1.6962524654832298	66.03432410540043	62.24816210253383	0.0	0.0	0.0	0.0102037630659323	5.168567968899373	0.3352228713525812	0.3093441286474188	0.7997247620709443	0.0	0.0	0.0	0.0	0	0
2025-08-05 16:00:00	0.33004	0.33602	0.33002	0.33431	53069976.0	17673737.30906	TRXUSDT	0.0	1.818071632022304	0.5024633584935767	2.610221747775423	1.169672449248932	1.2937825718094764	1.2937825718094764	1.818071632022304	-3.045140317696391	65.57884290174971	0.0	0.0	0.0	0.0099034942755086	6.130158730158728	0.3368556231852099	0.3094333768147901	0.9071694145394358	0.7184	0.9823755621910096	1.3674473757567285	0.9031828935337066	0	0
2025-08-06 16:00:00	0.33431	0.34118	0.33376	0.34036	75297138.0	25447751.94842	TRXUSDT	0.0	2.223154362416102	0.4811499472028863	2.6371043463995303	1.438511937523797	1.8096975860728064	1.8096975860728064	2.223154362416102	41.88274364397678	69.66281177212235	0.0	0.0	0.0	0.009726101827258	6.4323462272116	0.3394647766396498	0.3082542233603502	1.0286833543878235	0.0	0.0	0.0	0.0	0	0
2025-08-07 16:00:00	0.34036	0.34154	0.33454	0.33949	96106318.0	32499567.0749	TRXUSDT	0.0	2.0924254199796755	0.2453308323535248	1.3744017623118476	1.5392902660478545	-0.2556117052532559	-0.2556117052532559	2.0924254199796755	27.63608359191554	68.40591623774719	0.0	0.0	0.0	0.0095313802681681	5.648223065911495	0.341734193258369	0.3079308067416308	0.9336104015123512	0.0	0.0	0.0	0.0	0	0
2025-08-08 16:00:00	0.33949	0.33984	0.335	0.33523	51022346.0	17218566.83438	TRXUSDT	0.0	1.4447761194029718	0.3109487740879388	0.4158564517191784	0.7725214175273071	-1.2548234115879824	-1.2548234115879824	1.4447761194029718	-46.91051841149507	62.4630444443528	0.0	0.0	0.0	0.0091962816775847	3.357587716593684	0.3428828664167413	0.3084681335832586	0.7776281904098996	0.0	0.0	0.0	0.0	0	0
2025-08-09 16:00:00	0.33523	0.34228	0.33458	0.34028	61979084.0	20969422.5913	TRXUSDT	0.0	2.3013927909617986	0.3491635719690272	0.4183942713185709	0.9182770478471964	1.506428422277259	1.506428422277259	2.3013927909617986	21.47439084827656	66.21061211475276	0.0071002018526656	0.0	0.0	0.0090894044149	1.2436774769413916	0.3445776506900079	0.309248349309992	0.8783544954999053	0.0	0.0	0.0	0.0	0	0
2025-08-10 16:00:00	0.34028	0.34484	0.3375	0.34451	53108538.0	18074451.63348	TRXUSDT	0.0	2.174814814814802	0.3452605033189339	0.4183923181714757	0.7867618622481813	1.2430939226519206	1.2430939226519206	2.174814814814802	-14.312160534673277	69.00222168324845	0.0075276154777134	0.0	0.0	0.0089644469566929	5.762264382636461	0.3466350582608717	0.3102469417391282	0.941600212816677	0.0	0.0	0.0	0.0	0	0
2025-08-11 16:00:00	0.34451	0.34937	0.34258	0.3493	63210904.0	21864044.81726	TRXUSDT	0.0	1.982018798528816	0.3311091182045096	0.4009779332521986	0.9711988724728255	1.390380540477785	1.390380540477785	1.982018798528816	19.022112790979108	71.83945611522041	0.0081588071728054	0.0	0.0	0.0088091293169291	6.234793187347938	0.34912576040465	0.3114082395953499	1.004619593006415	0.0	0.0	0.0	0.0	0	0
2025-08-12 16:00:00	0.3493	0.35971	0.3482	0.35936	47294426.0	16771844.58392	TRXUSDT	0.0	3.305571510626067	0.6786717625588551	0.4958240546697299	0.854877267127865	2.880045805897513	2.880045805897513	3.305571510626067	-25.179956293616684	76.66935970857207	0.009362859843629	0.0	0.0	0.0090020486514342	9.98010711553176	0.3537594117565508	0.3113285882434491	1.1319933901758903	-0.5994	0.9825568795204164	1.6392312984469766	0.5079698156642913	0	0
2025-08-13 16:00:00	0.35936	0.37057	0.35265	0.36316	163340082.0	59150148.150805	TRXUSDT	0.0	5.081525591946686	1.2871097586694362	1.060218509591463	2.099848402180206	1.057435440783607	1.057435440783607	5.081525591946686	245.3685683805529	78.19097208290523	0.0105026405989052	0.0	0.0	0.0096390451763317	12.635692574902302	0.3584638979242425	0.3114401020757575	1.0998665035653177	0.0	0.0	0.0	0.0	0	0
2025-08-14 16:00:00	0.36316	0.36316	0.34945	0.35081	61067705.4	21808296.268452	TRXUSDT	0.0	3.923308055515811	1.2811400096529992	1.1250850771001497	0.7869110467178322	-3.4007049234497115	-3.4007049234497115	3.923308055515811	-62.61315370222478	63.65952644333375	0.0102907578219974	0.0	0.0	0.0099298276637366	7.765797315147613	0.3599018231327987	0.3131041768672012	0.805720503950165	0.0	0.0	0.0	0.0	0	0
2025-08-15 16:00:00	0.35081	0.35487	0.34487	0.34586	55865383.0	19554428.603759	TRXUSDT	0.0	2.8996433438687066	1.158009701861578	1.089274398668415	0.7147960154258272	-1.411020210370289	-1.411020210370289	2.8996433438687066	-8.518941993848026	58.93207711616702	0.0096126074090696	0.0	0.0	0.0099348399734697	4.115114843914633	0.3603789447239943	0.3150790552760057	0.6794927117721925	0.0	0.0	0.0	0.0	0	0
2025-08-16 16:00:00	0.34586	0.35324	0.34586	0.35188	32293558.7	11285212.468163	TRXUSDT	0.0	2.1338113687619265	1.1113324084199612	1.094365217287162	0.448694701308149	1.7405886774995736	1.7405886774995736	2.1338113687619265	-42.19397242832829	62.57233528257142	0.0094519755196354	0.0	0.0	0.0097523514039361	6.6173797115501225	0.3616810432114757	0.3165309567885243	0.7829230464884892	0.0	0.0	0.0	0.0	0	0
2025-08-17 16:00:00	0.35188	0.35542	0.34412	0.34963	54802450.2	19189635.439144	TRXUSDT	0.0	3.2837382308497127	1.1121765422429466	1.081539967198576	0.7458770807124157	-0.639422530408102	-0.639422530408102	3.2837382308497127	69.70087040918165	60.41678686788293	0.0090389223239859	0.0090129723456923	2.5949978293582365e-05	0.0098628977322264	4.582573060931471	0.3627639202128588	0.3168010797871411	0.7142491610350963	0.0	0.0	0.0	0.0	0	0
2025-08-18 16:00:00	0.34963	0.35292	0.34545	0.34909	56730508.0	19824093.4786	TRXUSDT	0.0	2.162396873643084	0.762173234823483	0.9983214983804204	1.0877932556833794	-0.1544489889311515	-0.1544489889311515	2.162396873643084	3.518196345169977	59.88360024401218	0.0085692205630185	0.0089242219891576	-0.000355001426139	0.0096919764656388	2.5649312492654883	0.3633236675580915	0.3185763324419084	0.6819102741842649	0.0	0.0	0.0	0.0	0	0
2025-08-19 16:00:00	0.34909	0.35151	0.34581	0.34825	54370510.0	18962101.47388	TRXUSDT	0.0	1.648303981955404	0.6556912199290506	1.0629097526136968	1.070022716493173	-0.2406256266292381	-0.2406256266292381	1.648303981955404	-4.1600156303906175	59.01117921786749	0.008036557125645	0.0087466890164551	-0.00071013189081	0.0094068352895217	2.5803410998851186	0.363784143922633	0.320060856077367	0.6447169303093723	0.4019	0.9998229146003724	2.4877343291018743	0.8204460402202606	0	0
2025-08-20 16:00:00	0.34825	0.35741	0.34811	0.35122	34744050.0	12266819.50146	TRXUSDT	0.0	2.671569331533145	0.6215091479753484	1.0386866032084334	0.7457690687786118	0.8528356066044429	0.8528356066044429	2.671569331533145	-36.09761983104444	61.16544085366195	0.0077645666020544	0.0085502645335749	-0.0007856979315205	0.009399204197413	4.769859499448142	0.3641981119130598	0.3220938880869401	0.691762233483834	0.5859	0.9458396434783936	1.6143335537546335	0.8378577504348754	0	0
2025-08-21 16:00:00	0.35122	0.36066	0.35102	0.35923	42739814.0	15240502.87952	TRXUSDT	0.0	2.746282263118905	0.621222256735809	0.989854834501914	0.8780205118662294	2.280621832469682	2.280621832469682	2.746282263118905	23.013333218205705	66.3084239874854	0.0081019578829785	0.0084606032034556	-0.0003586453204771	0.0094164038975978	5.56894322322792	0.3648728584147524	0.3251001415852475	0.8581223797473563	0.0	0.0	0.0	0.0	0	0
2025-08-22 16:00:00	0.35923	0.36743	0.35923	0.36369	70749298.0	25747965.33744	TRXUSDT	0.0	2.282660134175872	0.4419133041009799	1.0058413868586986	1.364056562077548	1.2415444144420065	1.2415444144420065	2.282660134175872	65.53487574840639	68.78708997385507	0.0086297492525574	0.008494432413276	0.0001353168392814	0.0093295179049123	5.567327508635462	0.3662635087252806	0.3275254912747194	0.9335663285152638	0.0	0.0	0.0	0.0	0	0
2025-08-23 16:00:00	0.36369	0.36641	0.36089	0.3655	32616638.0	11866046.58884	TRXUSDT	0.0	1.5295519410346712	0.5653637885677407	0.7336672225477294	0.6933210401771854	0.4976765927025703	0.4976765927025703	1.5295519410346712	-53.89828744307823	69.75942325199935	0.0090893037529107	0.0086134066812029	0.0004758970717077	0.0090574094831328	4.63784712281706	0.3683097189853423	0.3288102810146576	0.9288668616645214	0.0	0.0	0.0	0.0	0	0
2025-08-24 16:00:00	0.3655	0.36874	0.35013	0.35242	88713698.0	31827784.71154	TRXUSDT	0.0	5.31516865164368	1.428957358398617	1.078669601626394	1.6455065069677943	-3.5786593707250294	-3.5786593707250294	5.31516865164368	171.98909341913168	56.14735686667152	0.0083023529625561	0.0085511959374736	-0.0002488429749175	0.0097397373771948	-1.9312110418521824	0.367551453552884	0.331806546447116	0.5766822527161554	0.0	0.0	0.0	0.0	0	0
2025-08-25 16:00:00	0.35242	0.35263	0.33843	0.34989	58365198.0	20144874.00586	TRXUSDT	0.0	4.1958455219690896	1.5249958503031489	1.182566618482425	0.995365869193573	-0.7178934226207457	-0.7178934226207457	4.1958455219690896	-34.20948589021732	53.95432519936951	0.0073893590047277	0.0083188285509244	-0.0009294695461966	0.010058327564538	-3.6540367881925335	0.3668825214237735	0.3340334785762265	0.4827087808117846	0.0	0.0	0.0	0.0	0	0
2025-08-26 16:00:00	0.34989	0.35291	0.34789	0.35055	45607728.0	15979674.19208	TRXUSDT	0.0	1.442984851533538	1.7233841053155687	1.2441818013148376	0.7702640368993938	0.1886307125096441	0.1886307125096441	1.442984851533538	-21.85800860300345	54.45409842650538	0.0066424907015319	0.0079835609810459	-0.001341070279514	0.0096984470242138	-0.074114192867945	0.3667261266850888	0.3352088733149111	0.4867532873154784	0.0	0.0	0.0	0.0	0	0
2025-08-27 16:00:00	0.35055	0.3506	0.34268	0.34372	41819216.0	14521095.15708	TRXUSDT	0.0	2.311194116960441	1.7206534872663242	1.233869330977628	0.7827723131559149	-1.9483668520895585	-1.9483668520895585	2.311194116960441	-8.306732578303397	48.57804628172266	0.0054367962679565	0.007474208038428	-0.0020374117704715	0.0095714150939128	-0.6187474700745895	0.3664208514623386	0.3359371485376614	0.2553118786641318	0.9666	1.6481986676808447e-05	1.705148937028665e-05	0.2899915373906738	0	0
2025-08-28 16:00:00	0.34372	0.34581	0.33332	0.33395	48555774.0	16469604.6819	TRXUSDT	0.0	3.74714988599544	1.5359956196734228	1.268342769128482	0.8576891319499083	-2.8424298847899454	-2.8424298847899454	3.74714988599544	16.108762058093102	41.65385832764543	0.003650832865378	0.006709533003818	-0.00305870013844	0.0097798854443476	-5.095487097874275	0.3666324488882674	0.3355975511117324	-0.0530870481222629	0.0	0.0	0.0	0.0	0	0
2025-08-29 16:00:00	0.33395	0.34069	0.33304	0.33762	27523296.0	9308236.61186	TRXUSDT	0.0	2.2970213788133527	1.1378576017810074	1.2191490814836698	0.620253879534403	1.098966911214239	1.098966911214239	2.2970213788133527	-43.31612137415418	44.8347617671515	0.0025027323891085	0.0058681728808761	-0.0033654404917676	0.0096277507697514	-3.435059920487378	0.3669088334580354	0.3350551665419646	0.0805192527690216	0.0	0.0	0.0	0.0	0	0
2025-08-30 16:00:00	0.33762	0.34384	0.33741	0.34318	19655164.0	6696274.80104	TRXUSDT	0.0	1.905693370083872	0.8625547660374239	1.2553963808829394	0.5365537668686537	1.6468218707422575	1.6468218707422575	1.905693370083872	-28.58717211775799	49.34075435271595	0.0020182350656596	0.0050981853178328	-0.0030799502521731	0.0093993400004834	-1.692973158784275	0.3669605372078096	0.3348704627921904	0.258944155136176	-0.128	0.9999932646751404	7.812386346006206	0.6615952852725983	0	0
2025-08-31 16:00:00	0.34318	0.3432	0.33637	0.33724	23171254.0	7864285.51536	TRXUSDT	0.0	2.030502125635462	0.7411427108027204	1.2775745484435048	0.7208367296168733	-1.7308700973250193	-1.7308700973250193	2.030502125635462	17.88888660506725	45.10218856916065	0.0011417971619243	0.0043069076866511	-0.0031651105247268	0.0092158157147346	-3.1615218951902424	0.3674259647281021	0.3331990352718978	0.1180638985823375	0.0	0.0	0.0	0.0	0	0
2025-09-01 16:00:00	0.33724	0.34054	0.33365	0.336	25903550.0	8745005.23356	TRXUSDT	0.0	2.06503821369699	0.7612608309975614	1.287398453715479	0.89440377333354	-0.3676906654014836	-0.3676906654014836	2.06503821369699	11.791748517365528	44.24766620042762	0.0003431999762408	0.0035141661445691	-0.0031709661683282	0.009049686020825	-4.33346620351915	0.3668083574212994	0.3314806425787006	0.1279266842317779	0.0	0.0	0.0	0.0	0	0
2025-09-02 16:00:00	0.336	0.34139	0.33593	0.34074	25112668.0	8494342.68346	TRXUSDT	0.0	1.625338612210883	0.2457027471382221	1.2781777931219636	1.034584730087188	1.4107142857142756	1.4107142857142756	1.625338612210883	-3.0531799695408544	48.28145760014133	9.172696778525502e-05	0.0028296783092123	-0.002737951341427	0.0087932798764803	-5.147120229379508	0.3648111612724939	0.331235838727506	0.2830698427322402	0.0	0.0	0.0	0.0	0	0
2025-09-03 16:00:00	0.34074	0.34176	0.33452	0.33476	28122666.0	9510871.04994	TRXUSDT	0.0	2.164295109410506	0.2077684056536398	0.8893410437825214	1.1528961737002874	-1.7550038152256813	-1.7550038152256813	2.164295109410506	11.985974568691786	43.96013284230186	-0.0005833784031447	0.0021470669667409	-0.0027304453698856	0.0086823313138746	-7.954576699936762	0.3649094345265485	0.3295325654734514	0.147764193566784	0.8814	0.9990587830543518	1.133489504838719	0.9637611481380464	0	0
2025-09-04 16:00:00	0.33476	0.33909	0.33051	0.33233	69204414.0	23213601.12986	TRXUSDT	0.0	2.59598801851683	0.3469231601727342	0.6330674473515603	2.017450216119272	-0.7258931772015735	-0.7258931772015735	2.59598801851683	146.08056007207853	42.30321975112319	-0.0012995050794785	0.001457752557497	-0.0027572576369755	0.0086750219343121	-9.07523939808481	0.3653866872138028	0.3277023127861972	0.1228012215697759	0.0	0.0	0.0	0.0	0	0
2025-09-05 16:00:00	0.33233	0.33287	0.32731	0.32755	43424764.0	14358801.57094	TRXUSDT	0.0	1.6986954263542235	0.3915095037525686	0.6026970195605238	1.1322209638850085	-1.43832937140794	-1.43832937140794	1.6986954263542235	-37.251453353827976	39.17527486788276	-0.0022270743549027	0.000720787175017	-0.0029478615299198	0.0084525203675755	-7.0569207195959365	0.3657136131622277	0.3249423868377722	0.0639571922972473	0.0	0.0	0.0	0.0	0	0
2025-09-06 16:00:00	0.32755	0.331	0.29727	0.32969	347961800.0	110597853.94208	TRXUSDT	0.0	11.346587277559134	4.188784197510527	2.943095208683477	3.38598658606646	0.6533353686460006	0.6533353686460006	11.346587277559134	701.298079593478	41.269018424831	-0.0027577104042532	2.5087659163001985e-05	-0.0027827980634162	0.0102580546270344	-5.773243019234616	0.3657040006316379	0.3229579993683621	0.1574884300913898	0.0	0.0	0.0	0.0	0	0
2025-09-07 16:00:00	0.32969	0.33566	0.32776	0.33412	55122313.5387	18261847.33925404	TRXUSDT	0.0	2.410300219672937	4.096560606719125	2.9431993475121456	0.5067917335603672	1.343686493372559	1.343686493372559	2.410300219672937	-84.1585158087181	45.45478161135894	-0.0027886336861745	-0.0005376566099045	-0.00225097707627	0.0100896221536748	-4.686920553416061	0.3652824408985369	0.3218825591014631	0.2819694522615486	0.0	0.0	0.0	0.0	0	0
2025-09-08 16:00:00	0.33412	0.33846	0.32944	0.33421	78292269.615	26215207.547195874	TRXUSDT	0.0	2.737979601748413	4.038401907826311	2.934555308725134	0.659019668628504	0.0269364300251509	0.0269364300251509	2.737979601748413	42.033714822279634	45.53970178558158	-0.002773902540259	-0.0009849057959754	-0.0017889967442836	0.0100132205712695	-2.7667869195857144	0.3648379101159493	0.3209230898840507	0.3025609588240557	0.0	0.0	0.0	0.0	0	0
2025-09-09 16:00:00	0.33421	0.33984	0.33371	0.33845	38728050.0859	13013184.328334693	TRXUSDT	0.0	1.836924275568598	4.125133299218047	2.937634761449037	0.3436206169583233	1.2686634152179666	1.2686634152179666	1.836924275568598	-50.53400511143171	49.52651181082409	-0.0023925160009776	-0.0012664278369758	-0.0011260881640017	0.0097358476733216	1.3475071118430748	0.3639333241642827	0.3205506758357174	0.4125917815970854	0.0	0.0	0.0	0.0	0	0
2025-09-10 16:00:00	0.33845	0.34798	0.33771	0.34471	52047630.8674	17869972.37418623	TRXUSDT	0.0	3.0410707411684585	3.978494606609449	2.9159238377807224	0.4548408904950345	1.8496085093810144	1.8496085093810144	3.0410707411684585	34.39259335793245	54.788909538263965	-0.0015670705243214	-0.0013265563744449	-0.0002405141498764	0.0097740014109415	2.0999940761803333	0.3618114432324104	0.3212205567675897	0.5786876138506645	0.0	0.0	0.0	0.0	0	0
2025-09-11 16:00:00	0.34471	0.34972	0.34452	0.34844	27058363.4311	9401292.13784242	TRXUSDT	0.0	1.5093463369325388	0.6309708157435375	2.9441033097107643	0.5384778356052273	1.0820689855240668	1.0820689855240668	1.5093463369325388	-48.01230530543132	57.62395453883968	-0.0006049457716783	-0.0011822342538916	0.0005772884822132	0.0094472870244457	1.5327233521767127	0.358665241707606	0.3228417582923941	0.7145659569425352	0.0	0.0	0.0	0.0	0	0
2025-09-12 16:00:00	0.34844	0.35475	0.34794	0.34974	39216224.565	13785469.63905494	TRXUSDT	0.0	1.9572340058630744	0.644829584291424	2.9274978534254994	0.8331733141874971	0.3730914935139386	0.3730914935139386	1.9572340058630744	44.931989936709	58.598386335778514	0.0002594533453117	-0.0008938967340509	0.0011533500793627	0.0092589093798424	3.7065591270311975	0.3545264168323973	0.3254045831676028	0.8356416396202552	-0.3818	0.2964962124824524	0.7765726451278347	0.0930073487377166	0	0
2025-09-13 16:00:00	0.34974	0.35199	0.34631	0.34702	41542214.6045	14511532.656462654	TRXUSDT	0.0	1.640148999451364	0.6087770529730239	2.9513014975688017	1.045916085570908	-0.7777205924400984	-0.7777205924400984	1.640148999451364	5.931193186750372	55.71177538507538	0.0007167523304715	-0.0005717669211464	0.0012885192516179	0.009003272995568	3.279761904761897	0.353503431742299	0.3258875682577009	0.765227991298734	0.0	0.0	0.0	0.0	0	0
2025-09-14 16:00:00	0.34702	0.35166	0.34279	0.34345	56469317.6102	19613136.641703296	TRXUSDT	0.0	2.587590069721984	0.6505753862194857	2.951454903885345	1.3051434953806067	-1.0287591493285742	-1.0287591493285742	2.587590069721984	35.93237180013759	52.08516705311827	0.0007820805686397	-0.0003009974231892	0.0010830779918289	0.0089937534958845	0.7953278159300317	0.3524989687916276	0.3262480312083725	0.6552896915423025	0.0	0.0	0.0	0.0	0	0
2025-09-15 16:00:00	0.34345	0.34719	0.33937	0.3408	34641200.5006	11910873.58741012	TRXUSDT	0.0	2.304269676164656	0.4499734485685437	2.9261463175907823	0.8706999213762298	-0.7715824719755382	-0.7715824719755382	2.304269676164656	-38.65482714042432	49.50885266103438	0.0006129550507528	-0.0001182069284008	0.0007311619791536	0.0089099139604642	1.8042776914804608	0.3510001015349876	0.3267718984650124	0.5789988425667397	0.0	0.0	0.0	0.0	0	0
2025-09-16 16:00:00	0.3408	0.34351	0.3391	0.33995	27944013.7798	9530979.32010428	TRXUSDT	0.0	1.3005013270421617	0.5122549857401667	0.5722204360279952	0.6992542483989933	-0.2494131455399112	-0.2494131455399112	1.3005013270421617	-19.333009895785807	48.67715078115941	0.0004056577925707	-1.3433984206489546e-05	0.0004190917767772	0.0085884915347168	2.2929016339180817	0.3506206805739906	0.3267743194260093	0.552523736943656	0.0	0.0	0.0	0.0	0	0
2025-09-17 16:00:00	0.33995	0.34844	0.3383	0.34732	41325050.439	14175360.860799856	TRXUSDT	0.0	2.9973396393733487	0.6916627627284759	0.6309777487540378	1.0232934499014736	2.167965877334915	2.167965877334915	2.9973396393733487	47.88516340080252	55.63615702484291	0.0008265427578973	0.0001545613642142	0.0006719813936831	0.0086993135679513	6.035719737444667	0.3516434759621019	0.3270885240378981	0.8239265148859761	0.0	0.0	0.0	0.0	0	0
2025-09-18 16:00:00	0.34732	0.35273	0.34423	0.34493	37971975.1278	13241641.755014932	TRXUSDT	0.0	2.4692792609592447	0.6307945366825781	0.6104968993582514	0.9571887313250677	-0.6881262236554195	-0.6881262236554195	2.4692792609592447	-8.11390494525707	53.12070856404304	0.0009562213745162	0.0003148933662746	0.0006413280082415	0.0086850768845262	4.622524189390043	0.3522128449195184	0.3272501550804815	0.7082507948270294	0.1531	0.9993707537651062	6.527525971516228	0.7454895276355743	0	0
2025-09-19 16:00:00	0.34493	0.34799	0.34253	0.34731	27141721.9526	9376544.301654913	TRXUSDT	0.0	1.594020961667597	0.684297535066644	0.6295091128707252	0.8028956860195934	0.6899950714637733	0.6899950714637733	1.594020961667597	-28.521700909023743	55.28861322441972	0.0012367818704482	0.0004992710671094	0.0007375108033388	0.0084547142499172	3.947683467017848	0.3527723953499956	0.3271036046500043	0.7871970123626645	0.5423	0.995758891105652	1.8361738058857568	0.8597212237739562	0	0
2025-09-20 16:00:00	0.34731	0.34808	0.34143	0.34368	46426277.0937	15938703.841733912	TRXUSDT	0.0	1.947690595436836	0.6805673393668947	0.5448972466215761	1.2838483492405726	-1.0451757795629328	-1.0451757795629328	1.947690595436836	71.05133261175666	51.38547553952554	0.0011529271949483	0.0006300022926771	0.0005229249022711	0.0083258060892088	2.83354776936656	0.3531305726368329	0.3273894273631671	0.6328612213497267	0.0	0.0	0.0	0.0	0	0
2025-09-21 16:00:00	0.34368	0.34447	0.33338	0.34174	59924744.86	20230517.503527407	TRXUSDT	0.0	3.326534285200069	0.7162121143439587	0.645430413860675	1.4080739174722268	-0.5644785847299806	-0.5644785847299806	3.326534285200069	29.075059667301492	49.37914924025098	0.0009193324811526	0.0006878683303722	0.0002314641507803	0.0085232485114082	0.9720785935884224	0.3532800563495176	0.3278139436504823	0.5468465687755003	0.0	0.0	0.0	0.0	0	0
2025-09-22 16:00:00	0.34174	0.3424	0.33416	0.33543	51809925.0652	17546767.586609967	TRXUSDT	0.0	2.4658846061766724	0.6546110750285948	0.6431203494154907	1.1602285891934478	-1.8464329607303749	-1.8464329607303749	2.4658846061766724	-13.541684347189722	43.43832662355368	0.000222478132952	0.0005947902908882	-0.0003723121579361	0.008503016474879	-2.6921180122421773	0.3532073675144065	0.3273556324855934	0.3123336791672683	0.0	0.0	0.0	0.0	0	0
2025-09-23 16:00:00	0.33543	0.33883	0.33431	0.33754	41631984.7277	14022761.94837294	TRXUSDT	0.0	1.3520385271155586	0.7858093641563126	0.6795610136073196	0.9172681221018554	0.6290433175327195	0.6290433175327195	1.3520385271155586	-19.64476946201256	45.78711184759979	-0.0001577066484923	0.0004442909030121	-0.0006019975515044	0.0082185152981019	-3.128228676386184	0.3531643824147114	0.3276766175852886	0.3869849898852336	-0.00885	0.999780684709549	112.95680541289644	0.6971914792966842	0	0
2025-09-24 16:00:00	0.33754	0.33936	0.32957	0.33571	55506391.6696	18588131.82171756	TRXUSDT	0.0	2.970537366871991	0.7890406524211319	0.7116983348050608	1.0870845822632886	-0.5421579664632334	-0.5421579664632334	2.970537366871991	33.32631637104875	44.07752345842962	-0.0005997578972194	0.0002354811429658	-0.0008352390401853	0.0083307642053804	-4.011551438211239	0.3529846127062238	0.3281943872937761	0.3031683892010968	0.0	0.0	0.0	0.0	0	0
2025-09-25 16:00:00	0.33571	0.33641	0.33101	0.33519	66489496.42	22195903.91061119	TRXUSDT	0.0	1.6313706534545662	0.846236916128599	0.7396549936936069	1.207308295416497	-0.1548955944118496	-0.1548955944118496	1.6313706534545662	19.78709914306189	43.579593312970246	-0.0009807409793024	-7.763281487848886e-06	-0.0009729776978146	0.008121423904996	-3.409025416402515	0.3521464868456295	0.3297965131543705	0.2413196060154123	0.0	0.0	0.0	0.0	0	0
2025-09-26 16:00:00	0.33519	0.33986	0.3348	0.33759	32613440.2993	11000462.690496145	TRXUSDT	0.0	1.5113500597371592	0.6986709653485238	0.7135337018521942	0.6573932171908204	0.7160118141949382	0.7160118141949382	1.5113500597371592	-50.94948517388696	46.57913388826863	-0.0010766024711987	-0.00022153111943	-0.0008550713517687	0.0079027507689249	-1.7062163342553431	0.3514207871950225	0.3313122128049775	0.31219454314625	0.0	0.0	0.0	0.0	0	0
2025-09-27 16:00:00	0.33759	0.33793	0.33535	0.33599	21023378.6698	7071364.460546961	TRXUSDT	0.0	0.7693454599672065	0.8105054103422679	0.789890918449794	0.4838194944825357	-0.4739476880239315	-0.4739476880239315	0.7693454599672065	-35.537684841389655	44.86661542573947	-0.0012670739822719	-0.0004306396919984	-0.0008364342902735	0.0075225542854303	-1.411384976525816	0.3512749233313355	0.3316450766686645	0.2213427035881039	0.0	0.0	0.0	0.0	0	0
2025-09-28 16:00:00	0.33599	0.33618	0.33211	0.33547	49750613.1922	16621915.472385712	TRXUSDT	0.0	1.2254975761042914	0.8238806746001072	0.8062082912484657	1.1036888873767785	-0.1547665109080688	-0.1547665109080688	1.2254975761042914	136.6442329446625	44.29660559511781	-0.0014433456905796	-0.0006331808917146	-0.000810164798865	0.0072759432650424	-1.317840858949841	0.3511656326280737	0.3318803673719261	0.1861334329808894	0.0	0.0	0.0	0.0	0	0
2025-09-29 16:00:00	0.33547	0.33779	0.33239	0.33307	28827191.6559	9687948.562976072	TRXUSDT	0.0	1.6245976112397968	0.3651157704002922	0.8050627440591449	0.7253798165203617	-0.71541419500999	-0.71541419500999	1.6245976112397968	-42.056610348634685	41.66555733897052	-0.0017564549128654	-0.0008578356959448	-0.0008986192169206	0.0071419473175393	-4.102844638949684	0.3515054826244789	0.3310025173755211	0.1008382250749784	0.5267	0.9999597668647766	1.898534019993842	0.8579818368053436	0	0
2025-09-30 16:00:00	0.33307	0.34035	0.33104	0.3397	54925161.7944	18425060.652999848	TRXUSDT	0.0	2.812348960850648	0.7595798621887128	0.8575654537704501	1.4674902403809162	1.9905725523163376	1.9905725523163376	2.812348960850648	90.53247520612568	50.425541395295085	-0.0014528629370167	-0.0009768411441592	-0.0004760217928575	0.0072968082234294	-1.5162496738468711	0.3511492425060954	0.3308577574939045	0.4357612319050661	0.0	0.0	0.0	0.0	0	0
2025-10-01 16:00:00	0.3397	0.34274	0.33956	0.34203	36862391.5497	12582736.450600583	TRXUSDT	0.0	0.9365060666745249	0.8156359795289905	0.765248754331138	0.9630240565378584	0.6858993229319985	0.6858993229319985	0.9365060666745249	-32.88614845107588	53.09152022997459	-0.0010125801874258	-0.0009839889528125	-2.8591234613294624e-05	0.0070027504931844	-1.5202556793642583	0.3502577398920279	0.331108260107972	0.5703413364326259	0.0	0.0	0.0	0.0	0	0
2025-10-02 16:00:00	0.34203	0.34454	0.34154	0.34355	24680734.1524	8465659.364907784	TRXUSDT	0.0	0.8783744217368397	0.7932491535642641	0.7602635455593341	0.6326897877245092	0.4444054615092305	0.4444054615092305	0.8783744217368397	-33.04630243774604	54.79924075133773	-0.0005348363786303	-0.0008941584379761	0.0003593220593457	0.0067168397436712	-0.037825884543751	0.3491216752954539	0.3316253247045461	0.681552146174456	0.0	0.0	0.0	0.0	0	0
2025-10-03 16:00:00	0.34355	0.34585	0.33941	0.34027	58837262.2443	20099571.256938968	TRXUSDT	0.0	1.89741021183819	0.7929945147244483	0.7623536569062561	1.441152013188296	-0.9547373017028103	-0.9547373017028103	1.89741021183819	138.39348489793025	50.52474846107648	-0.0004160930939201	-0.0007985453691649	0.0003824522752447	0.0066970654762662	-0.4301515772224414	0.3482361156089405	0.3318358843910595	0.5142680915220808	0.0	0.0	0.0	0.0	0	0
2025-10-04 16:00:00	0.34027	0.34418	0.33906	0.34225	25996083.411	8878569.820656622	TRXUSDT	0.0	1.5100572170117426	0.7948363733005327	0.5983525724691245	0.6456997641791749	0.5818908513827201	0.5818908513827201	1.5100572170117426	-55.81697308916097	52.91251321905095	-0.0001603700863104	-0.000670910312594	0.0005105402262835	0.0065844179422471	2.033211102167365	0.3480924509485358	0.331859549051464	0.640085858611038	0.0	0.0	0.0	0.0	0	0
2025-10-05 16:00:00	0.34225	0.34643	0.34026	0.34536	47967334.1769	16475900.39747211	TRXUSDT	0.0	1.813319226473876	0.4788078252101019	0.6061925473634988	1.234084462970809	0.9086924762600442	0.9086924762600442	1.813319226473876	84.51754219484874	56.46643331646826	0.0002899014448515	-0.0004787479611049	0.0007686494059564	0.0065548166606581	2.3167624577827794	0.3486497407016786	0.3317582592983214	0.8052426176768157	0.0	0.0	0.0	0.0	0	0
2025-10-06 16:00:00	0.34536	0.34715	0.33905	0.33965	44524825.8484	15294717.868092	TRXUSDT	0.0	2.389028166937029	0.5562577654589141	0.6686765678535046	1.102065606617127	-1.6533472318739844	-1.6533472318739844	2.389028166937029	-7.176776419978408	49.13405068277916	0.0001838759898378	-0.0003462231709163	0.0005300991607541	0.0066651868991825	1.1736320038128143	0.3486375570365589	0.331740442963441	0.4681010616565898	0.0	0.0	0.0	0.0	0	0
2025-10-07 16:00:00	0.33965	0.33965	0.336	0.33642	38451816.5923	12976179.516622908	TRXUSDT	0.0	1.0863095238095195	0.4825901892939721	0.6322005057216024	0.8910068997813599	-0.9509789489180068	-0.9509789489180068	1.0863095238095195	-13.63960249227619	45.53220929183982	-0.0001589516571368	-0.0003087688681604	0.0001498172110236	0.0064498164063837	0.3669560547749064	0.3475724838399273	0.3317155161600727	0.2966824385915899	0.0	0.0	0.0	0.0	0	0
2025-10-08 16:00:00	0.33642	0.34245	0.33444	0.3352	50428087.5929	17092896.378914263	TRXUSDT	0.0	2.395048439181904	0.567257955971675	0.6592580734299626	1.2159072685778192	-0.3626419356756432	-0.3626419356756432	2.395048439181904	31.146177377217228	44.21382477948877	-0.0005230593388733	-0.000351626962303	-0.0001714323765703	0.006561258091642	-0.7079593589857529	0.3469212358919522	0.3313937641080478	0.2451291456151724	0.0	0.0	0.0	0.0	0	0
2025-10-09 16:00:00	0.3352	0.33712	0.32741	0.33011	37463855.5882	12513128.7025887	TRXUSDT	0.0	2.965700497846736	0.7115683453279091	0.7627470663162311	0.855980490375204	-1.5184964200477278	-1.5184964200477278	2.965700497846736	-25.708355449365268	39.12393339314086	-0.0012084079859446	-0.0005229831670313	-0.0006854248189133	0.0067861682279533	-1.7500520848834775	0.3460689860226333	0.3305260139773667	-0.0267654072950242	0.0	0.0	0.0	0.0	0	0
2025-10-10 16:00:00	0.33011	0.33206	0.29757	0.31938	158499426.3239	50221559.10823934	TRXUSDT	0.0	11.590550122660222	4.251779474289118	3.182580176639208	2.4061144460809145	-3.250431674290393	-3.250431674290393	11.590550122660222	323.0729161091007	31.01758842729423	-0.0025875454389385	-0.0009358956214128	-0.0016516498175257	0.0087650133545281	-4.796255999046113	0.3480493224659644	0.3261156775340356	-0.3070933971503543	0.0	0.0	0.0	0.0	0	0
2025-10-11 16:00:00	0.31938	0.32287	0.31062	0.32272	69779012.2417	22084953.96442941	TRXUSDT	0.0	3.9437254523211593	4.152400457590893	3.134288944431053	0.9838500320698336	1.045776191370784	1.045776191370784	3.9437254523211593	-55.97522725470076	35.4977035650639	-0.003372139791695	-0.0014231444554692	-0.0019489953362258	0.0090139409720618	-3.107454889362588	0.3485238932716799	0.3237391067283201	-0.0411182370498628	0.0	0.0	0.0	0.0	0	0
2025-10-12 16:00:00	0.32272	0.32423	0.31957	0.32071	34247984.5563	11031549.945385814	TRXUSDT	0.0	1.4582094689739329	4.081005391806741	3.094828258617537	0.4886727958586284	-0.6228309370352044	-0.6228309370352044	1.4582094689739329	-50.91936177360594	34.06393234684751	-0.0041087634037784	-0.0019602682451311	-0.0021484951586473	0.0087029451883431	-5.590226670591701	0.3494976537007641	0.3212933462992359	-0.0206828797790046	0.0	0.0	0.0	0.0	0	0
2025-10-13 16:00:00	0.32071	0.32392	0.30709	0.31385	72297055.5405	22783060.19782731	TRXUSDT	0.0	5.480478035754994	3.918740086605824	3.146477795945084	0.9709846251690404	-2.139004084687093	-2.139004084687093	5.480478035754994	111.09871566792908	29.66068115201226	-0.0051863031180457	-0.002605475219714	-0.0025808278983317	0.0092834491034614	-8.239043358769694	0.3510982885923102	0.3173237114076898	-0.1028498858387352	0.0	0.0	0.0	0.0	0	0
2025-10-14 16:00:00	0.31385	0.32117	0.31135	0.31178	39887212.4224	12622503.557462549	TRXUSDT	0.0	3.154006744820939	3.894074954782963	3.075229698784069	0.5322401171277658	-0.6595507407997503	-0.6595507407997503	3.154006744820939	-44.82871795511005	28.464985737520408	-0.0061365544255994	-0.0033116910608911	-0.0028248633647083	0.0093217741674999	-9.247562218017762	0.3524987146108065	0.3135302853891935	-0.0449154719385704	0.0	0.0	0.0	0.0	0	0
2025-10-15 16:00:00	0.31178	0.32349	0.31117	0.31754	44531810.1103	14197619.804183206	TRXUSDT	0.0	3.959250570427739	1.463692139337433	3.0087105637679583	0.8539404187876802	1.8474565398678515	1.8474565398678515	3.959250570427739	11.644327607340315	36.175188600466846	-0.0063516338896302	-0.0039196796266389	-0.0024319542629913	0.0095359331555356	-6.679989420166346	0.3527102619285488	0.3115537380714511	0.1454511063503357	0.0	0.0	0.0	0.0	0	0
2025-10-16 16:00:00	0.31754	0.3206	0.30407	0.30879	61957822.0995	19286736.37191393	TRXUSDT	0.0	5.436248232314924	1.6867349477814455	2.9994738904134413	1.224841064384096	-2.755558354852926	-2.755558354852926	5.436248232314924	39.131604904534186	30.752678838111336	-0.0071457658470376	-0.0045648968707186	-0.0025808689763189	0.0100355093587116	-9.776479181884584	0.3534556179901165	0.3079283820098834	0.0189253305535762	0.0	0.0	0.0	0.0	2025-10-22 17:57:42.013012+00:00	2025-10-22 17:57:42.017146+00:00
2025-10-17 16:00:00	0.30879	0.31419	0.3073	0.31358	10258460.5	3190080.225275	TRXUSDT	0.0	2.242108688577939	1.4183938385448227	2.8886540394762235	0.2240500309754442	1.5512160367887613	1.5512160367887613	2.242108688577939	-83.44283231336695	36.375164478782814	-0.0073044075134162	-0.0051127989992582	-0.002191608514158	0.0098108301188037	-9.20199212416029	0.3533645782161526	0.3057784217838474	0.1639463827521119	0.0	0.0	0.0	0.0	2025-10-22 17:57:42.013012+00:00	2025-10-22 17:57:42.017146+00:00
2025-10-18 16:00:00	0.31358	0.32009	0.31211	0.3197	8295857.0	2616032.10348	TRXUSDT	0.0	2.5567908750120107	1.279357010274804	2.877466885797764	0.2514945293767616	1.9516550800433567	1.9516550800433567	2.5567908750120107	-19.1315597501204	42.76894496429949	-0.0068572531778049	-0.0054616898349675	-0.0013955633428373	0.0096800565388891	-5.873693508022972	0.3527862182008986	0.3047797817991013	0.3107962039927637	0.0	0.0	0.0	0.0	2025-10-22 17:57:42.013012+00:00	2025-10-22 17:57:42.017146+00:00
2025-10-19 16:00:00	0.3197	0.32418	0.31773	0.32176	10368066.0	3331858.94028	TRXUSDT	0.0	2.0300254933434085	1.4376463804305402	2.939451470685822	0.3828340470988811	0.6443540819518317	0.6443540819518317	2.0300254933434085	24.978841848406983	44.78046461200296	-0.0062644427646871	-0.0056222404209114	-0.0006422023437757	0.0094493382146827	-4.357648177872899	0.3523227723485952	0.3041122276514048	0.3660562737766303	0.0	0.0	0.0	0.0	2025-10-22 17:57:42.013012+00:00	2025-10-22 17:57:42.017146+00:00
2025-10-20 16:00:00	0.32176	0.3249	0.31708	0.3247	12839402.0	4124329.94814	TRXUSDT	0.0	2.466254572978444	1.4068979657078704	1.3965256137944553	0.6189476752350292	0.9137245151665832	0.9137245151665832	2.466254572978444	23.836036537576053	47.6105600179763	-0.0054940705861512	-0.0055966064539594	0.0001025358678081	0.009332956913634	-3.132458233890217	0.3510242220767225	0.3039107779232775	0.4412588052152058	0.0	0.0	0.0	0.0	2025-10-22 17:57:42.013012+00:00	2025-10-22 17:57:42.017146+00:00
2025-10-21 16:00:00	0.3247	0.32531	0.31705	0.32154	20638076.0	6641617.03127	TRXUSDT	0.0	2.605267307995581	0.2402791886656635	1.3891893959319948	1.653695657641804	-0.9732060363412368	-0.9732060363412368	2.605267307995581	60.74016531299511	44.94427169327075	-0.0050799719210742	-0.0054932795473824	0.0004133076263081	0.0092563171340887	-2.596104328860084	0.3491439806836608	0.3037420193163391	0.3920090707021976	0.0	0.0	0.0	0.0	2025-10-22 17:57:42.013012+00:00	2025-10-22 17:57:42.017146+00:00
2025-10-22 16:00:00	0.32154	0.32346	0.3153	0.31587	23393390.0	7479425.26439	TRXUSDT	0.0	2.588011417697431	0.240416051736823	1.2788805118618634	1.548517556631619	-1.763388691920137	-1.763388691920137	2.588011417697431	13.350634041661635	40.555579772976245	-0.0051499519194206	-0.00542461402179	0.0002746621023694	0.0091780087673681	-1.099004320871693	0.3467730617112491	0.3033449382887508	0.2884090014527417	0.005535	0.0	5535000.000000009	0.0027675	2025-10-23 19:17:45.164234+00:00	2025-10-23 19:17:45.168276+00:00
2025-10-23 16:00:00	0.31587	0.31765	0.30681	0.30715	38153951.0	11882764.20136	TRXUSDT	0.0	3.5331312538704607	0.548576798126147	1.0248531565657264	1.8100819139736049	-2.7606293728432605	-2.7606293728432605	3.5331312538704607	63.0971441078014	34.90977443559083	-0.0058417031783025	-0.0055080318530925	-0.00033367132521	0.0092967224268418	-4.824615765989101	0.3452754183390847	0.3015305816609152	0.1284590083265545	0.00967	0.0	9670000.000000002	0.004835	2025-10-24 23:31:47.615801+00:00	2025-10-24 23:31:47.619817+00:00
2025-10-24 16:00:00	0.30715	0.30715	0.2932	0.29778	67806555.0	20287084.78899	TRXUSDT	0.0	4.757844474761242	0.9751904070560192	1.1584854439336754	2.0821096492129336	-3.050626729610936	-3.050626729610936	4.757844474761242	77.71830497973853	30.06624189192649	-0.0070645658092977	-0.0058193386443335	-0.0012452271649641	0.0096290993963531	-7.149761466745661	0.343958714626495	0.298400285373505	-0.0136151615337856	0.0154759999999999	0.0	15475999.999999998	0.0077379999999999	2025-10-25 23:30:40.981643+00:00	2025-10-25 23:30:40.985721+00:00
2025-10-25 16:00:00	0.29778	0.30112	0.29388	0.30004	26269696.0	7804542.2769	TRXUSDT	0.0	2.4635905811896097	0.9756853544695576	1.148586680389049	0.7451902701839858	0.7589495600779046	0.7589495600779046	2.4635905811896097	-61.25788133610386	32.498891808180005	-0.0077618562944444	-0.0062078421743557	-0.0015540141200887	0.0094584494394707	-4.400191174127782	0.3406111950619164	0.2972158049380834	0.0650805316845265	0.044737	0.0	44736999.99999999	0.0223685	2025-10-26 23:32:14.141771+00:00	2025-10-26 23:32:14.145689+00:00
2025-10-26 16:00:00	0.30004	0.30214	0.29714	0.29858	22367914.0	6700210.2428	TRXUSDT	0.0	1.6827084875816127	1.179708103514702	0.8675792146250739	0.6283421749350219	-0.4866017864284633	-0.4866017864284633	1.6827084875816127	-14.852787028825915	31.73099038175475	-0.0083361795372865	-0.0066335096469419	-0.0017026698903446	0.0091399887652228	-4.2337545705305	0.3380876301079492	0.2956323698920509	0.0694290905993628	0.025616	0.0	25616000.0	0.012808	2025-10-27 23:31:40.693452+00:00	2025-10-27 23:31:40.697067+00:00
2025-10-27 16:00:00	0.29858	0.30036	0.295	0.2988	20876517.0	6219228.20638	TRXUSDT	0.0	1.8169491525423835	1.2928274294045694	0.9018478853144148	0.5948585457363516	0.0736820952508533	0.0736820952508533	1.8169491525423835	-6.667573024467101	31.991757592600703	-0.0086735988353846	-0.0070415274846304	-0.0016320713507541	0.0088699895677069	-5.9016186937078725	0.3355987389896163	0.2943592610103837	0.1076817459195918	0.0123617647058823	0.0	12361764.70588235	0.0061808823529411	2025-10-28 23:33:33.279894+00:00	2025-10-28 23:33:33.283819+00:00
2025-10-28 16:00:00	0.2988	0.29962	0.29263	0.29508	18433215.0	5461735.0566	TRXUSDT	0.0	2.388681953319891	1.2421491332947383	0.9053396465062956	0.5917416949124554	-1.2449799196787152	-1.2449799196787152	2.388681953319891	-11.703590210953292	29.911251884071064	-0.0091358663899014	-0.0074603952656846	-0.0016754711242168	0.0087357045985849	-4.439910618867192	0.3331346905045162	0.2928113094954839	0.0562624077581176	0.0059274509803921	0.0	5927450.980392159	0.002963725490196	2025-10-29 23:33:52.472435+00:00	2025-10-29 23:33:52.476486+00:00
2025-10-29 16:00:00	0.29508	0.29823	0.28961	0.29146	30510841.0	8980744.06378	TRXUSDT	0.0	2.976416560201657	0.5245616488694607	0.8845013309270967	1.287831715264449	-1.2267859563508243	-1.2267859563508243	2.976416560201657	65.52099565919455	28.00279436790518	-0.0096827043156352	-0.0079048570756747	-0.0017778472399604	0.0087274399844003	-7.054021302378986	0.3316652913686391	0.2904157086313608	0.0253164104783876	-0.025216	0.0	-25215999.999999996	-0.012608	2025-10-30 23:36:47.458487+00:00	2025-10-30 23:36:47.462631+00:00
