timestamp	close	high	low	open	volume	symbol	gap_apertura_pct	volatilidad_diaria	vol_5d	vol_10d	vol_rel_5d	return_pct	close_open_pct	range_pct	volume_change_pct	rsi_14	macd	macd_signal	macd_diff	atr_14	momentum_12	bb_upper	bb_lower	bb_pctb	vader	finbert	sentiment_ratio	sentiment_combined	download_date	added_date	target_category	target	target_num
2025-06-05	284.70001220703125	324.54998779296875	273.2099914550781	322.489990234375	287499800	TSLA	0.0	18.79140512558161	0.0	0.0	0.0	0.0	-11.718186353591705	18.79140512558161	0.0	0.0	0.0	0.0	0.0	0.0	0.0	0.0	0.0	0.0	0.0	0.0	0.0	0.0	0	0	High	3.6670186138995935	3.0
2025-06-06	295.1400146484375	305.5	291.1400146484375	298.8299865722656	164747700	TSLA	4.963109855773096	4.9323296795539155	0.0	0.0	0.0	3.6670186138995935	-1.2348064416673874	4.9323296795539155	-42.69641231054769	0.0	0.0	0.0	0.0	0.0	0.0	0.0	0.0	0.0	0.0	0.0	0.0	0.0	0	0	High	4.553761352840429	3.0
2025-06-09	308.5799865722656	309.8299865722656	281.8500061035156	285.9599914550781	140908900	TSLA	-3.110395994353514	9.927259131750288	0.0	0.0	0.0	4.553761352840429	7.910195759234701	9.927259131750288	-14.469883342832707	0.0	0.0	0.0	0.0	0.0	0.0	0.0	0.0	0.0	0.0	0.0	0.0	0.0	0	0	Very High	5.674382827003063	4.0
2025-06-10	326.0899963378906	327.8299865722656	310.6700134277344	314.94000244140625	151256500	TSLA	2.06105909193537	5.5235370015918415	0.0	0.0	0.0	5.674382827003063	3.5403549279386324	5.5235370015918415	7.343468013730857	0.0	0.0	0.0	0.0	0.0	0.0	0.0	0.0	0.0	0.0	0.0	0.0	0.0	0	0	Low	0.1042645716547295	1.0
2025-06-11	326.42999267578125	335.5	322.5	334.3999938964844	122611400	TSLA	2.548375495083581	4.0310077519379846	6.111669704933351	0.0	0.7070816815630196	0.10426457165472958	-2.3833736142860964	4.0310077519379846	-18.938095222354082	0.0	0.0	0.0	0.0	0.0	0.0	0.0	0.0	0.0	0.0	0.0	0.0	0.0	0	0	Negative	-2.242443246166161	0.0
2025-06-12	319.1099853515625	332.5599975585937	316.8599853515625	323.0799865722656	105127500	TSLA	-1.0262556072299822	4.954873740087981	2.3280834502744505	0.0	0.7677440509923289	-2.242443246166161	-1.2287982498770862	4.954873740087981	-14.259603919374545	0.0	0.0	0.0	0.0	0.0	0.0	0.0	0.0	0.0	0.0	0.0	0.0	0.0	0	0	Medium	1.942907615441948	2.0
2025-06-13	325.3099975585937	332.989990234375	313.29998779296875	313.9700012207031	128964300	TSLA	-1.610724943375454	6.284712163607733	2.2691728129118194	0.0	0.9937628358037359	1.942907615441948	3.611808865114853	6.284712163607733	22.67418135121638	0.0	0.0	0.0	0.0	0.0	0.0	0.0	0.0	0.0	0.0	0.0	0.0	0.0	0	0	Medium	1.174266807933181	2.0
2025-06-16	329.1300048828125	332.04998779296875	326.4100036621094	331.2900085449219	83925900	TSLA	1.8382499865381738	1.7278833576123271	1.7567173295918799	0.0	0.7089706186465763	1.174266807933181	-0.6519978286083703	1.7278833576123271	-34.923153151686165	0.0	0.0	0.0	0.0	0.0	0.0	0.0	0.0	0.0	0.0	0.0	0.0	0.0	0	0	Negative	-3.88296374979462	0.0
2025-06-17	316.3500061035156	327.260009765625	314.739990234375	326.0899963378906	88282700	TSLA	-0.9236497735915258	3.97789283844319	1.6662081319928597	0.0	0.8345692041659876	-3.8829637497946203	-2.986902494329368	3.97789283844319	5.191246087322269	0.0	0.0	0.0	0.0	0.0	0.0	0.0	0.0	0.0	0.0	0.0	0.0	0.0	0	0	Medium	1.8017959789727285	2.0
2025-06-18	322.04998779296875	329.32000732421875	315.45001220703125	317.3099975585937	95137700	TSLA	0.30345864914064236	4.396891608957859	1.6652244772707308	4.810893190189881	0.9486484971923753	1.8017959789727285	1.4938042516292862	4.396891608957859	7.764828216626814	0.0	0.0	0.0	0.0	0.0	0.0	0.0	0.0	0.0	0.0	0.0	0.0	0.0	0	0	Low	0.0341611157617398	1.0
2025-06-20	322.1600036621094	332.3599853515625	317.7799987792969	327.95001220703125	108688000	TSLA	1.8320213127458203	4.588075595780857	1.6352343545906367	2.0928722120988494	1.076121795189135	0.034161115761739816	-1.765515575363573	4.588075595780857	14.242829078272862	0.0	0.0	0.0	0.0	0.0	0.0	0.0	0.0	0.0	0.0	0.0	0.0	0.0	0	0	Very High	8.231930938729066	4.0
2025-06-23	348.67999267578125	357.5400085449219	327.4800109863281	327.5400085449219	190716800	TSLA	1.6699791475217398	9.179185461749821	2.7154673071955613	2.4672495592340704	1.682544594972996	8.231930938729066	6.454168522731794	9.179185461749821	75.47180921536875	0.0	0.0	0.0	0.0	0.0	0.0	0.0	0.0	0.0	0.0	0.0	0.0	0.0	0	0	Negative	-2.354592069385568	0.0
2025-06-24	340.4700012207031	356.260009765625	340.44000244140625	356.1700134277344	114736200	TSLA	2.1481074077335123	4.646929623654188	2.1522248899718077	1.905932455578116	0.9600369100146027	-2.354592069385568	-4.408010673311981	4.646929623654188	-39.839489756539535	0.0	0.0	0.0	0.0	0.0	19.589036397060795	0.0	0.0	0.0	0.0	0.0	0.0	0.0	0	0	Negative	-3.794758240494506	0.0
2025-06-25	327.54998779296875	343.0	320.3999938964844	342.70001220703125	119845100	TSLA	0.6549801681007905	7.0536849357173494	2.098100393410824	2.016968572110026	0.9524762852716747	-3.794758240494506	-4.420783155651041	7.0536849357173494	4.452735928155194	60.92219904594447	0.0	0.0	0.0	20.79571315220424	10.981219602884787	0.0	0.0	0.0	0.0	0.0	0.0	0.0	0	0	Negative	-0.5403721812350102	0.0
2025-06-26	325.7799987792969	331.04998779296875	323.6099853515625	324.6099853515625	80440900	TSLA	-0.8975736684394285	2.2990645462696713	2.6335059377301757	2.184820458905353	0.654600953408623	-0.5403721812350102	0.36043667186245515	2.2990645462696713	-32.87927499747591	59.59365254494486	0.0	0.0	0.0	19.84173381571867	5.573923441403488	0.0	0.0	0.0	0.0	0.0	0.0	0.0	0	0	Negative	-0.659952699533562	0.0
2025-06-27	323.6300048828125	329.3399963378906	317.5	324.510009765625	89067000	TSLA	-0.38983025920269665	3.729132704847441	2.738153434272735	2.216238244506874	0.7487063008779333	-0.659952699533562	-0.2711795803920123	3.729132704847441	10.723524972992594	57.94078925113208	0.0	0.0	0.0	19.27018113873095	-0.7543903470528763	0.0	0.0	0.0	0.0	0.0	0.0	0.0	0	0	Negative	-1.8446995428822743	0.0
2025-06-30	317.6600036621094	325.5799865722656	316.6000061035156	319.8999938964844	76695100	TSLA	-1.1525541297318134	2.8363803839643333	1.8708408738731164	2.225792281706839	0.7976040398989734	-1.8446995428822746	-0.70021577902869	2.8363803839643333	-13.890554301817733	53.50328054216992	0.0	0.0	0.0	18.535166805160884	-2.68663701572988	0.0	0.0	0.0	0.0	0.0	0.0	0.0	0	0	Negative	-5.335897504131728	0.0
2025-07-01	300.7099914550781	305.8900146484375	293.2099914550781	298.4599914550781	145085700	TSLA	-6.044201972450407	4.324553583741721	1.8533143215958063	2.0152916397146194	1.4192536279150392	-5.335897504131728	0.7538698868919095	4.324553583741721	89.17205923194572	43.35155684453833	0.0	0.0	0.0	18.957655762437337	-5.766035141837746	0.0	0.0	0.0	0.0	0.0	0.0	0.0	0	0	High	4.968242780731839	3.0
2025-07-02	315.6499938964844	316.8299865722656	303.82000732421875	312.6300048828125	119483700	TSLA	3.9639565582958216	4.282133807653883	0.8981363372339761	2.0053978890588207	1.1696373962257944	4.968242780731839	0.9659946155212772	4.282133807653883	-17.646122257396833	51.99709841704074	0.0	0.0	0.0	18.754965716348064	-2.9694764177573094	0.0	0.0	0.0	0.0	0.0	0.0	0.0	0	0	Negative	-0.095038111442869	0.0
2025-07-03	315.3500061035156	318.45001220703125	312.760009765625	317.989990234375	58042300	TSLA	0.7413262737644828	1.8192870775487584	1.0674260681266974	2.208821848483995	0.5942405182259982	-0.095038111442869	-0.8302098216719246	1.8192870775487584	-51.42241159254358	51.826061433758646	0.0	0.0	0.0	17.82175405385222	-4.18679505814223	347.691316143577	291.3616806825949	0.4258562162635817	0.0	0.0	0.0	0.0	0	0	Negative	-6.789282780315345	0.0
2025-07-07	293.94000244140625	296.1499938964844	288.7699890136719	291.3699951171875	131177900	TSLA	-7.604252583542534	2.555668928069631	1.1048485417875855	2.289382481595426	1.2363966387720513	-6.789282780315345	0.8820425463456202	2.555668928069631	126.00396607301916	41.367575267253414	0.0	0.0	0.0	18.447344270708758	-7.083927052233532	346.0798779290536	293.89711792055573	0.0008218139639133148	0.0	0.0	0.0	0.0	0	0	Medium	1.316593551420033	2.0
2025-07-08	297.8099975585937	304.04998779296875	294.3500061035156	297.0	103246700	TSLA	1.041027942157593	3.29539034765363	1.089829668358907	1.5125375078767136	0.92675019563357	1.3165935514200333	0.27272645070494717	3.29539034765363	-21.292611026704954	43.58374605099063	0.0	0.0	0.0	17.851818633626884	-7.5267788086232885	345.7262266800926	294.51776746053235	0.06429074704133637	0.0	0.0	0.0	0.0	0	0	Negative	-0.6480617479611207	0.0
2025-07-09	295.8800048828125	300.1499938964844	293.54998779296875	297.54998779296875	75586800	TSLA	-0.08730726562454863	2.248341467542623	0.969521660466298	1.5329548331495935	0.7751897598009917	-0.6480617479611207	-0.56124448955387	2.248341467542623	-26.79010564018027	42.71660053813314	0.0	0.0	0.0	17.048117738618938	-8.157436826596292	346.779028220646	292.19496775103363	0.06751123130222926	0.0	0.0	0.0	0.0	0	0	High	4.728264838279942	3.0
2025-07-10	309.8699951171875	310.4800109863281	300.0	300.04998779296875	104365300	TSLA	1.4093493447817913	3.4933369954427085	0.7040609824200149	0.8728717671718721	1.1045840662632112	4.728264838279942	3.2727904428359613	3.4933369954427085	38.07344668645848	50.41751268602104	0.0	0.0	0.0	16.873252621825845	-11.130549034593184	346.0986429709937	291.25335287861566	0.3394392154224203	0.0	0.0	0.0	0.0	0	0	Medium	1.1746909045068752	2.0
2025-07-11	313.510009765625	314.0899963378906	305.6499938964844	307.8900146484375	79236400	TSLA	-0.6389713428049739	2.761329170601802	0.5163756754375032	0.8379716094424885	0.8026164621643955	1.1746909045068752	1.825325554518116	2.761329170601802	-24.077830466639774	52.21743295312892	0.0	0.0	0.0	16.27087760893873	-7.918463112291009	345.2998502926038	290.76014726598993	0.41712479601390123	0.0	0.0	0.0	0.0	0	0	Medium	1.0813001260768906	2.0
2025-07-14	316.8999938964844	322.6000061035156	312.6700134277344	317.7300109863281	78043400	TSLA	1.346049915234901	3.175869846590297	0.4958298439948204	0.8122220925605913	0.8858932079787758	1.0813001260768906	-0.2612334564390474	3.175869846590297	-1.5056211539141102	53.89601524738259	1.0561409458431967	0.0	0.0	15.817957256570338	-3.251410255956355	345.1888605658281	290.65013784725784	0.4813067622555182	0.0	0.0	0.0	0.0	0	0	Negative	-1.9312070795389795	0.0
2025-07-15	310.7799987792969	321.20001220703125	310.5	319.67999267578125	77556300	TSLA	0.8772479750204614	3.446058681813607	0.5225209199018657	0.8148455992178665	0.9348903850205961	-1.9312070795389793	-2.7840321885613686	3.446058681813607	-0.6241399016444696	50.45033251267032	0.9442649271283585	0.0	0.0	15.452389753031833	-4.604334230525279	344.41022653983725	289.97577199531895	0.38218857813599544	0.0	0.0	0.0	0.0	0	0	High	3.504091219258656	3.0
2025-07-16	321.6700134277344	323.5	312.6199951171875	312.79998779296875	97284800	TSLA	0.6499739434989791	3.4802651950442467	0.31332276172785395	0.7162730477827933	1.1144086571350937	3.504091219258656	2.8356860552809167	3.4802651950442467	25.437649810524743	55.85825212301794	1.71457103909745	0.0	0.0	15.257219143579784	-0.6056272365066535	343.57315383057295	290.0668455590755	0.5906437743434026	0.0	0.0	0.0	0.0	0	0	Negative	-0.702586399503704	0.0
2025-07-17	319.4100036621094	324.3399963378906	317.0599975585937	323.1499938964844	73922900	TSLA	0.4600927680448799	2.296095008942768	0.5019720197335636	0.605173920082035	0.9102823389988962	-0.702586399503704	-1.1573542642779817	2.296095008942768	-24.013926122066344	54.52817453155631	2.118262273278674	0.0	0.0	14.687417688988152	0.5509034753589725	343.7486427148986	290.1973564306092	0.5455078534700001	0.0	0.0	0.0	0.0	0	0	High	3.205907804067233	3.0
2025-07-18	329.6499938964844	330.8999938964844	321.4200134277344	321.6600036621094	94255000	TSLA	0.7044237732704771	2.949405784553427	0.4833262158680018	0.4830139012009894	1.1192521583499262	3.205907804067233	2.4839862411890525	2.949405784553427	27.504467492482032	59.2615215887463	3.2272701560969494	0.0	0.0	14.459030013658642	9.623891212051557	344.61732711860964	290.0886726372497	0.7255143490246638	0.0	0.0	0.0	0.0	0	0	Negative	-0.3518894838728968	0.0
2025-07-21	328.489990234375	338.0	326.8800048828125	334.3999938964844	75768800	TSLA	1.4409222168806044	3.4018584652108204	0.5057995586987385	0.47640454123893344	0.904620430681123	-0.35188948387289687	-1.767345624993897	3.4018584652108204	-19.612964829452018	58.518394887841986	3.966837063822311	0.0	0.0	14.22052752105356	4.067795528645386	345.2942690037833	290.04472940930265	0.6958476234779877	0.0	0.0	0.0	0.0	0	0	Medium	1.1020107841352067	2.0
2025-07-22	332.1099853515625	335.4100036621094	321.54998779296875	329.739990234375	77370400	TSLA	0.38052909895614623	4.3103767362182115	0.7405579992572383	0.6198773198308398	0.9241525181801612	1.1020107841352067	0.718746645046886	4.3103767362182115	2.113798819566893	60.19585304787025	4.789838245162514	0.0	0.0	14.194776688774065	5.314722981976193	341.53427002709543	292.1477276535686	0.8091730211794554	0.0	0.0	0.0	0.0	0	0	Low	0.1355009565746187	1.0
2025-07-23	332.5599975585937	336.20001220703125	328.6700134277344	330.8999938964844	92553800	TSLA	-0.3643345603707944	2.2910513498830394	0.8465885346304137	0.6130357680670646	1.1181481954880133	0.1355009565746187	0.5016632495401672	2.2910513498830394	19.624300766184483	60.41018190258384	5.4159530989653035	0.0	0.0	13.718721123811408	13.138734026133758	339.83103679014795	293.05996052430515	0.844539835041933	0.0	0.0	0.0	0.0	0	0	Negative	-8.197020076301271	0.0
2025-07-24	305.29998779296875	310.1499938964844	300.4100036621094	310.0	156966000	TSLA	-6.783737588468935	3.2422323210415454	0.7343113934569997	0.602950387870139	1.579408106835388	-8.197020076301271	-1.5161329700100807	3.2422323210415454	69.59433324185501	44.70628860837831	3.6701909877470484	3.3297838030814493	0.34040718466559916	15.035240607573758	2.515023100559749	338.61636859068363	292.04962872376944	0.2845455599225602	0.0	0.0	0.0	0.0	0	0	High	3.524405566934239	3.0
2025-07-25	316.0599975585937	323.6300048828125	308.010009765625	308.739990234375	148227000	TSLA	1.1267614081069004	5.071262173938202	1.064164201864818	0.8396921525693425	1.3453509437524278	3.524405566934239	2.3709294408741246	5.071262173938202	-5.567447727533351	50.20834566778966	3.1189514689478983	3.2876173362547396	-0.1686658673068413	15.270581784878758	6.820329979301497	337.6384065033682	292.0555906890146	0.5266108826480251	0.0	0.0	0.0	0.0	0	0	High	3.015249906002478	3.0
2025-07-28	325.5899963378906	330.489990234375	315.69000244140625	318.45001220703125	112673800	TSLA	0.7561901749348957	4.688139528813779	1.1380551152187983	0.9325949488329942	0.9584512182051104	3.015249906002478	2.2421051521949753	4.688139528813779	-23.985643641171986	54.52445215604271	3.4117528714401146	3.312444443291815	0.09930842814829965	15.236967928313756	5.073095642822111	337.902873047421	291.9871232904696	0.7318376205396436	0.0	0.0	0.0	0.0	0	0	Negative	-1.3483166498468029	0.0
2025-07-29	321.20001220703125	326.25	318.25	325.54998779296875	87358900	TSLA	-0.012288014180986982	2.513747054202671	1.261195472620793	0.9856425477254869	0.7306950137968934	-1.3483166498468029	-1.3361928272299113	2.513747054202671	-22.467423660158794	52.27645124954767	3.252077140772087	3.30037098278787	-0.04829384201578257	14.720041647719915	2.452873019000309	338.2150601404846	292.02893705189825	0.6315982638157791	0.0	0.0	0.0	0.0	0	0	Negative	-0.6724793213012498	0.0
2025-07-30	319.0400085449219	324.45001220703125	311.6199951171875	322.17999267578125	83931900	TSLA	0.3050997607429567	4.11719956706209	1.047739790290807	1.0099311104359203	0.7123043138202749	-0.6724793213012498	-0.9746055628039041	4.11719956706209	-3.9228973808049323	51.15881150215389	2.917606379986182	3.2238180622275325	-0.3062116822413503	14.585039893585902	0.6752965256088133	338.207364253554	293.86963464781326	0.567696499593647	0.0	0.0	0.0	0.0	0	0	Negative	-3.375758288237867	0.0
2025-07-31	308.2699890136719	321.3699951171875	306.1000061035156	319.6099853515625	85270900	TSLA	0.17865370842991637	4.988562139560342	1.0536601093684355	1.015711150919285	0.8239331352513467	-3.375758288237867	-3.548073232260541	4.988562139560342	1.5953409847745612	45.89056778131767	1.7631607058805798	2.931686590958142	-1.1685258850775622	14.6339648307349	-0.807648425086553	338.09612814394916	293.2428702691368	0.3350284785661835	0.0	0.0	0.0	0.0	0	0	Negative	-1.829559909125387	0.0
2025-08-01	302.6300048828125	309.3099975585937	297.82000732421875	306.2099914550781	89121400	TSLA	-0.6682446011643347	3.858031680815346	0.9602264974250946	0.9752358246273002	0.9721834666392063	-1.829559909125387	-1.1691279423162844	3.858031680815346	4.515608490117965	43.37174078350088	0.3886742133830694	2.4230841154431273	-2.034409902060058	14.40939521670919	-5.919112055870684	338.1705034559344	291.89649483508117	0.23195548359936782	0.0	0.0	0.0	0.0	0	0	High	2.1907956170373253	3.0
2025-08-04	309.260009765625	312.1199951171875	303.0	309.0799865722656	78683900	TSLA	2.1313093828719176	3.009899378609736	0.9673191363039637	1.0026611445026	0.9270737357051797	2.1907956170373253	0.05824485608267748	3.009899378609736	-11.711553005226579	47.050944028798384	-0.1637427255673174	1.9057187472410384	-2.0694614728083556	14.058009146542462	-3.1777319996594824	337.0280995008677	294.5708995225698	0.34597454025615393	0.0	0.0	0.0	0.0	0	0	Negative	-0.174613117722891	0.0
2025-08-05	308.7200012207031	312.45001220703125	305.5	308.95001220703125	57961300	TSLA	-0.10023848826386701	2.274963079224632	1.0432828229678885	1.09218274979385	0.7337441837266381	-0.174613117722891	-0.07444925626803076	2.274963079224632	-26.33651865248164	46.78432423012766	-0.6377596103733367	1.3970230757181636	-2.0347826860915004	13.550295079434518	-6.349156093827692	336.2136332363243	296.4763661533241	0.3081146733570141	0.0	0.0	0.0	0.0	0	0	High	3.624644466558727	3.0
2025-08-06	319.9100036621094	320.4700012207031	306.92999267578125	307.8900146484375	78523600	TSLA	-0.26884768365632056	4.411432205396937	1.0837554372800733	1.0114830126899998	1.0078470360618654	3.6246444665587267	3.903987931338674	4.411432205396937	35.47591237601641	52.75830424763174	-0.10922267738408209	1.0957739250977145	-1.2049966024817966	13.54956032696933	-2.611947647520058	335.08978434673014	300.00321492084794	0.5673620723540118	0.0	0.0	0.0	0.0	0	0	Medium	0.7377028928595584	2.0
2025-08-07	322.2699890136719	322.3999938964844	316.1600036621094	319.7900085449219	66658700	TSLA	-0.03750902310458521	1.9736810988412952	1.0309834970581848	1.1602592145662756	0.8984889832534886	0.7377028928595584	0.7755027994883804	1.9736810988412952	-15.109979674900284	53.93287478989019	0.49437885288745065	0.9754949106556619	-0.4811160577682112	13.027448177498306	-2.9628727746545396	335.4553907360655	300.87760792116103	0.618674170262005	0.0	0.0	0.0	0.0	0	0	High	2.290006868278204	3.0
2025-08-08	329.6499938964844	335.1499938964844	320.9800109863281	321.42999267578125	91200300	TSLA	-0.2606498794571248	4.4145997959853664	1.155106017435845	1.0898909565223684	1.222433019737403	2.290006868278204	2.557322405502602	4.4145997959853664	36.8167996075531	57.49209873687344	1.5503704259127744	1.0904700137070844	0.45990041220569	13.109057801259587	-0.8750311773732212	336.8155366953344	301.1314603749781	0.7991949480625236	0.0	0.0	0.0	0.0	0	0	High	2.8454436694932808	3.0
2025-08-11	339.0299987792969	346.6400146484375	334.1499938964844	335.0	105320200	TSLA	1.6229352957899998	3.737848565043632	1.1682908233456228	1.0264812109875452	1.3176089621259452	2.8454436694932808	1.2029847102378732	3.737848565043632	15.482295562624246	61.55752969300331	3.1083087096650956	1.4940377528986866	1.614270956766409	13.38626944059484	11.048153401565562	339.9050766015766	300.2549209570172	0.9779300280653557	0.0	0.0	0.0	0.0	0	0	Medium	0.5338753399730947	2.0
2025-08-12	340.8399963378906	345.260009765625	332.94000244140625	345.0	80522100	TSLA	1.760906480900972	3.7003686051173545	0.998080926191042	0.9625446505949526	0.953545136726896	0.5338753399730947	-1.2057981629302537	3.7003686051173545	-23.54543572837879	62.306666408766326	4.437880575288602	2.08280631737667	2.3550742579119324	13.310107860853691	7.840283164813674	342.86433263453597	300.3016646799171	0.9524386887869968	0.0	0.0	0.0	0.0	0	0	Negative	-0.4283509772223935	0.0
2025-08-13	339.3800048828125	348.9800109863281	338.20001220703125	341.5	67838900	TSLA	0.19364032073720672	3.1874625636316747	0.9101228608937892	0.9571462164858325	0.8242074528806663	-0.42835097722239357	-0.620789199762079	3.1874625636316747	-15.751203706808441	61.269493666320486	5.312527241964176	2.7287505022941714	2.5837767396700047	13.129385783599632	4.235390736824385	345.1202952819816	299.8167011779793	0.8732928255980911	0.0	0.0	0.0	0.0	0	0	Negative	-1.1196942235471463	0.0
2025-08-14	335.5799865722656	340.4700012207031	330.3999938964844	335.760009765625	75000700	TSLA	-1.0666494976442351	3.0478230963205535	0.5399497583605379	0.8214688460820002	0.893115973956505	-1.1196942235471465	-0.05361662738961646	3.0478230963205535	10.55706976380808	58.53815430931339	5.634114739606957	3.309823349756729	2.324291389850228	12.910858750786712	4.476953243689693	346.5793700812352	299.9746246697414	0.7639857612813636	0.0	0.0	0.0	0.0	0	0	Negative	-1.4959143019665448	0.0
2025-08-15	330.5599975585937	339.29998779296875	327.0199890136719	337.6600036621094	74319800	TSLA	0.6198275144742065	3.75512176375967	0.3401952908943007	0.8151794465651394	0.9220779961970383	-1.4959143019665448	-2.1027086496808005	3.75512176375967	-0.907858193323529	55.04701706547878	5.421409356445963	3.732140551094576	1.6892688053513871	12.865797324251725	3.6108289572245815	346.67796146006623	299.96703365712125	0.654942330208728	0.0	0.0	0.0	0.0	0	0	Medium	1.3915797850586271	2.0
2025-08-18	335.1600036621094	336.2699890136719	329.5899963378906	329.6199951171875	56956600	TSLA	-0.2843666651587424	2.026758320945222	0.6968469307657601	0.9142025527916812	0.8030242661462488	1.3915797850586273	1.680725874336681	2.026758320945222	-23.362818522116584	57.545584567527065	5.559929450757693	4.0976983310272	1.4622311197304931	12.423954135075263	8.722877868998438	347.482821713211	299.8291747467499	0.7414087098144972	0.0	0.0	0.0	0.0	0	0	Negative	-1.7454368181154902	0.0
2025-08-19	329.3099975585937	340.54998779296875	327.8500061035156	335.7900085449219	75956000	TSLA	0.1879713796183263	3.8737170819033695	0.7347592466814427	0.8624905740932425	1.0848625425626728	-1.7454368181154902	-1.9297807622114784	3.8737170819033695	33.35767935586043	53.474920062863305	5.138428417237037	4.305844348269167	0.8325840689678703	12.443670388959395	8.816043434329156	347.17479593603906	299.857201744625	0.6224491400560894	0.0	0.0	0.0	0.0	0	0	Negative	-1.6428300696053797	0.0
2025-08-20	323.8999938964844	331.3699951171875	314.6000061035156	329.2200012207031	77481800	TSLA	-0.02732875969687353	5.3305749168211705	1.2117787467676413	1.016036551218461	1.0769890265874447	-1.6428300696053795	-1.615942927067883	5.3305749168211705	2.0087945652746324	49.95556486231522	4.318067732262136	4.3082890250677615	0.009778707194374903	12.75269314786743	4.7338755961219805	346.37805030471173	299.78794700974134	0.5175358108584841	0.0	0.0	0.0	0.0	0	0	Negative	-1.1701168929731838	0.0
2025-08-21	320.1099853515625	324.8999938964844	318.67999267578125	322.0799865722656	55744400	TSLA	-0.5619040933975468	1.951801607774992	1.419501733882488	1.0197169167570288	0.8186663517972523	-1.1701168929731838	-0.6116496841883445	1.951801607774992	-28.054846428451587	47.59248368725253	3.3237893888007193	4.111389097814353	-0.7875997090136337	12.286072295927122	3.6894221578849717	345.7092641723374	301.93773289797514	0.41516145139366345	0.0	0.0	0.0	0.0	0	0	Very High	6.216620950517114	4.0
2025-08-22	340.010009765625	340.25	319.69000244140625	321.6600036621094	94016300	TSLA	0.48421429554737544	6.4312294415156295	1.984708185217939	1.3620580750079254	1.305219612328133	6.216620950517114	5.704783278803775	6.4312294415156295	68.65604437396402	58.65222591048837	4.0943847779365115	4.1079882338387845	-0.013603455902273076	12.877066957546166	6.283018934520521	347.68367653275953	302.35832175825607	0.8306981422360284	0.0	0.0	0.0	0.0	0	0	Medium	1.938177156147029	2.0
2025-08-25	346.6000061035156	349.5299987792969	335.0299987792969	338.8999938964844	86670000	TSLA	-0.32646564432199476	4.327970645265102	1.6782628663095278	1.376382927232985	1.1115286308075671	1.9381771561470287	2.2720602967562127	4.327970645265102	-7.8138578097627756	61.546276218480536	5.1771656621573925	4.321823719502506	0.8553419426548867	12.99299074629287	7.5495757964641195	350.61225548915945	301.5307437784187	0.9182533453881819	0.0	0.0	0.0	0.0	0	0	Medium	1.4627833914995778	2.0
2025-08-26	351.6700134277344	351.8999938964844	343.7200012207031	344.92999267578125	76651600	TSLA	-0.4818272932273431	2.379841919798221	1.9087549013554803	1.4447391565111405	0.981293467576769	1.4627833914995778	1.9540257139333321	2.379841919798221	-11.55924772124149	63.65402277513583	6.370944253582536	4.731647826318512	1.639296427264024	12.649205169827754	6.679817970257465	354.41430229483507	300.7756970948133	0.9488374304874807	0.0	0.0	0.0	0.0	0	0	Negative	-0.5886220733017151	0.0
2025-08-27	349.6000061035156	355.3900146484375	349.1600036621094	351.94000244140625	65519000	TSLA	0.076773396469118	1.7842854052542223	1.9871397558271173	1.5564498649504304	0.8652770077651609	-0.5886220733017151	-0.6648850149622324	1.7842854052542223	-14.523636819061833	62.156024901608106	7.068508728082406	5.199020006671291	1.8694887214111153	12.19069129957778	3.1177203676007608	357.26802300741224	300.9779761380955	0.8637766829063276	0.0	0.0	0.0	0.0	0	0	Negative	-1.0354676927882058	0.0
2025-08-28	345.9800109863281	353.54998779296875	340.260009765625	350.9100036621094	67903200	TSLA	0.3747132539253627	3.9058301433947644	1.8225969293468045	1.552955483306787	0.8688604593969548	-1.0354676927882058	-1.4049165382382007	3.9058301433947644	3.6389444283337657	59.51814211602139	7.245706255985226	5.608357256534078	1.6373489994511479	12.269211780132492	1.5080432765120566	358.3541409719854	303.6628603707881	0.7737458357231013	0.0	0.0	0.0	0.0	0	0	Negative	-3.500206799409336	0.0
2025-08-29	333.8699951171875	348.75	331.70001220703125	347.2300109863281	81145700	TSLA	0.36129254879103273	5.1401830465797405	1.390914638300399	1.6304670658967493	1.0736696838626105	-3.500206799409336	-3.847598262371009	5.1401830465797405	19.502026414071796	51.62493985970884	6.335922924969225	5.753870390221108	0.5820525347481169	12.610695781049369	-1.6235516784577808	356.6244915150972	308.51650885111377	0.5270120437840538	0.0	0.0	0.0	0.0	0	0	Negative	-1.3508281162079263	0.0
2025-09-02	329.3599853515625	333.3299865722656	325.6000061035156	328.2300109863281	58392000	TSLA	-1.6892755303991167	2.3740725810344316	1.377224916939704	1.593790625937646	0.8350983877818664	-1.3508281162079265	0.3442629642057448	2.3740725810344316	-28.040549283572634	49.0177384125274	5.191152608254811	5.641326833827849	-0.4501742255730381	12.30064529766526	-1.8535077983155221	355.20742206715664	311.943575857648	0.40256267114056715	0.0	0.0	0.0	0.0	0	0	Medium	1.436121932443997	2.0
2025-09-03	334.0899963378906	343.3299865722656	328.510009765625	335.20001220703125	88733300	TSLA	1.773144011175201	4.511271001213606	1.4212368190357727	1.6119401713652532	1.226637658656563	1.436121932443997	-0.3311503068964808	4.511271001213606	51.96139882175641	51.76887272134539	4.6124171669092675	5.435544900444133	-0.8231277335348652	12.480597548306358	1.0678844401525684	353.228707543802	316.4592898927215	0.47949376333544	0.0	0.0	0.0	0.0	0	0	Medium	1.3289839534482013	2.0
2025-09-04	338.5299987792969	338.8900146484375	331.4800109863281	336.1499938964844	60711000	TSLA	0.6165995932755549	2.235430015843399	1.2899124430490785	1.5852525932189903	0.850567633513522	1.3289839534482013	0.7080187196271108	2.235430015843399	-31.580364981354236	54.263803408163426	4.460617033922631	5.240559327139833	-0.7799422932172018	12.118412270720858	1.0054884474177745	352.88180863969	318.6681883085522	0.580523495570226	0.0	0.0	0.0	0.0	0	0	High	3.636309220152509	3.0
2025-09-05	350.8399963378906	355.8699951171875	344.67999267578125	348.0	108989800	TSLA	2.7973890806873665	3.2464902748016415	1.2887954988321106	1.494661073404794	1.36931561482497	3.6363092201525093	0.8160909016927084	3.2464902748016415	79.52232709064255	60.3827277503668	5.27284617048565	5.2470166958089965	0.02582947467665342	12.491382561232983	6.537912282929136	354.3322546876627	320.07474299300134	0.8980586103013335	0.0	0.0	0.0	0.0	0	0	Negative	-1.265534855703888	0.0
2025-09-08	346.3999938964844	358.44000244140625	344.8399963378906	354.6400146484375	75208300	TSLA	1.0831200405346926	3.943859832949799	0.9833758435891177	1.1429608793008421	0.9592053656515857	-1.2655348557038881	-2.323488724226915	3.943859832949799	-30.995102293976135	57.399848265410434	5.494930385623832	5.296599433771964	0.1983309518518679	12.570569957110314	6.946588584126618	355.2483422946159	320.8336553860481	0.7428903415091461	0.0	0.0	0.0	0.0	0	0	Low	0.1645517708609102	1.0
2025-09-09	346.9700012207031	350.7699890136719	343.82000732421875	348.44000244140625	53816000	TSLA	0.5889170268090409	2.0214011812580073	1.071688576855769	1.1640477753197362	0.6944745552038619	0.16455177086091025	-0.4218807285051379	2.0214011812580073	-28.444068008451197	57.688823081124575	5.651778370520276	5.367635221121626	0.28414314939865015	12.16909936656337	8.390870981310211	356.0792014410281	320.7967964837766	0.7418203143645747	0.0	0.0	0.0	0.0	0	0	Low	0.2363337814029501	1.0
2025-09-10	347.7900085449219	356.3299865722656	346.07000732421875	350.54998779296875	72121700	TSLA	1.0317856182582315	2.9647120614051716	0.7787687565356344	1.135148306929241	0.9723921036934928	0.23633378140295014	-0.7873282967212342	2.9647120614051716	34.01534859521332	58.12885648902712	5.775670927336705	5.449242362364642	0.32642856497206285	12.032733643812193	2.2881675703194055	356.8704960218282	320.7005031236796	0.7489497025206457	0.0	0.0	0.0	0.0	0	0	Very High	6.04387374485396	4.0
2025-09-11	368.80999755859375	368.989990234375	347.6000061035156	350.1700134277344	103756000	TSLA	0.6843223854445748	6.1536201827595525	1.5522530975976578	1.345615172891147	1.2534193719228068	6.0438737448539595	5.3231240300666585	6.1536201827595525	43.8623881577944	67.4685629862037	7.483726374054584	5.856139164702631	1.6275872093519528	12.701108678601278	6.407960491623559	362.5870072768879	317.926991136198	1.139341424823984	0.0	0.0	0.0	0.0	0	0	Very High	7.356092584909482	4.0
2025-09-12	395.9400024414063	396.6900024414063	370.239990234375	370.9400024414063	168156400	TSLA	0.5775344749091726	7.14401817866501	2.15176124234107	1.7445877078901348	1.7773323547367512	7.356092584909482	6.739634397869774	7.14401817866501	62.06908516134006	75.16763741892126	10.900878736077232	6.865087078977551	4.035791657099681	13.785315550330655	12.588502665374138	376.1070030713779	310.44299692862205	1.3020376083498586	0.0	0.0	0.0	0.0	0	0	High	3.561147147692453	3.0
2025-09-15	410.0400085449219	425.7000122070313	402.4299926757813	423.1300048828125	163823700	TSLA	6.867202675594755	5.782377048123634	2.201124263819711	1.8031427647287264	1.4583526951052372	3.5611471476924526	-3.093610991145842	5.782377048123634	-2.5765894131891502	78.07222188583958	14.578695133542624	8.407808689890565	6.1708864436520585	14.926365137137394	17.288329915964056	390.5381299006768	303.95987119795603	1.2252514538460249	0.0	0.0	0.0	0.0	0	0	High	2.82411138692506	3.0
2025-09-16	421.6199951171875	423.25	411.4299926757813	414.5	104285700	TSLA	1.08769665450573	2.8729085226251847	1.9497003424979302	1.7583479797133184	0.8518076235392519	2.8241113869250594	1.717731029478287	2.8729085226251847	-36.34272696807605	80.1280203701597	18.21779585374844	10.36980612266214	7.847989731086301	14.803767016990303	21.862530125721165	405.20198815329945	297.9420120908412	1.1530674121568676	0.0	0.0	0.0	0.0	0	0	Medium	1.0056425889375842	2.0
2025-09-17	425.8599853515625	428.30999755859375	409.6700134277344	415.75	106133500	TSLA	-1.3922478025635288	4.549999638708597	1.644310641898849	1.7594271224774798	0.8212692830964939	1.0056425889375842	2.4317463262928443	4.549999638708597	1.7718632564196244	80.8364604523359	21.199565771708876	12.53575805247149	8.663807719237386	15.077782525123808	27.55263772717484	417.9428030716168	294.8561959518207	1.064322044982848	0.0	0.0	0.0	0.0	0	0	Negative	-2.1157139806429144	0.0
2025-09-18	416.8500061035156	432.2200012207031	416.55999755859375	428.8699951171875	90454500	TSLA	0.7068073707700268	3.7593632979380414	1.681980282684302	1.6429442313806781	0.7146555807992304	-2.1157139806429144	-2.802711579388399	3.7593632979380414	-14.772903937022713	74.73894937761156	22.575375017882607	14.543681445553714	8.031693572328892	15.119369749194206	26.563646053896107	426.01461006554086	296.07939017859974	0.9294678996964832	0.0	0.0	0.0	0.0	0	0	High	2.211827056664021	3.0
2025-09-19	426.0700073242188	429.4700012207031	421.7200012207031	421.8200073242188	93131000	TSLA	1.1922756742071368	1.8377122208021883	1.5162642612687278	1.791640131834791	0.8347638807920141	2.211827056664021	1.0075387431145175	1.8377122208021883	2.958946210525734	76.67764480210785	24.131517686845314	16.461248693812035	7.670268993033279	14.940842989765157	27.531507077303147	434.30782588728437	298.3821765541219	0.9393946719881092	0.0	0.0	0.0	0.0	0	0	Medium	1.910480435358404	2.0
2025-09-22	434.2099914550781	444.9800109863281	429.1300048828125	431.1099853515625	97108800	TSLA	1.182899040229441	3.6935208265951878	1.0295567276250628	1.7958547486196177	0.988659444303608	1.9104804353584037	0.7190754584326376	3.6935208265951878	4.271187896618741	78.26370939801856	25.72505819647904	18.314010594345437	7.411047602133603	15.224354466361168	28.263371937728742	443.94281956238837	298.1671810479632	0.9332341932678475	0.0	0.0	0.0	0.0	0	0	Negative	-1.925332331378974	0.0
2025-09-23	425.8500061035156	440.9700012207031	423.7200012207031	439.8800048828125	83422700	TSLA	1.305822882779282	4.0710846668328475	1.0323106409691094	1.6457462936097336	0.8870027783064558	-1.925332331378974	-3.1895059160587618	4.0710846668328475	-14.093573393966356	72.78876798924115	26.013502121036367	19.853908899683624	6.159593221352743	15.369043433049656	21.380119298993375	450.7190046157208	299.3159959946307	0.8357430361609012	0.0	0.0	0.0	0.0	0	0	High	3.977927016229389	3.0
2025-09-24	442.7900085449219	444.2099914550781	429.0299987792969	429.8299865722656	93133600	TSLA	0.9345967856538075	3.5382124138107636	0.8836702717555233	1.6041730767448295	1.0184087237939108	3.977927016229389	3.01515072878177	3.5382124138107636	11.640596624180228	76.39256618982687	27.294380010291377	21.342003121805178	5.952376888486199	15.58268214151486	27.82621719018909	459.93076958720025	299.21623053487	0.8933465438575089	0.0	0.0	0.0	0.0	0	0	Negative	-4.381307961359794	0.0
2025-09-25	423.3900146484375	435.3500061035156	419.0799865722656	435.239990234375	96746400	TSLA	-1.7051013267795794	3.88231842430023	0.8984544414181637	1.4744488266236124	1.0435547981037336	-4.381307961359794	-2.722630238907122	3.88231842430023	3.8791585421373167	65.66674491802775	26.439291891779646	22.36146087580007	4.0778310159795765	16.163206415167817	22.024962722677742	464.54729438447913	301.97870659208337	0.7468312895194702	0.0	0.0	0.0	0.0	0	0	High	4.017567410551979	3.0
2025-09-26	440.3999938964844	440.4700012207031	421.0199890136719	428.2999877929688	101628200	TSLA	1.159680902868791	4.619736049254337	0.41908741772963176	1.0540540391038085	1.0764793723917714	4.017567410551979	2.825124083207879	4.619736049254337	5.0459758709367994	69.6857059032861	26.824970007983268	23.25416270223671	3.570807305746559	16.397978257443775	26.62813280318852	471.00753873193395	304.96046053564413	0.8156694765850239	0.0	0.0	0.0	0.0	0	0	Medium	0.6380557669249736	2.0
2025-09-29	443.2099914550781	450.9800109863281	439.5	444.3500061035156	79491500	TSLA	0.8969146825101221	2.612061657867605	0.7444226965839541	0.8730904322992467	0.8746432834296901	0.6380557669249736	-0.25655781090997054	2.612061657867605	-21.782044747422468	70.30412344691496	27.04560115774018	24.012450393337406	3.033150764402773	16.046694880935515	20.172987280439507	475.89899902589445	311.0029998754727	0.8017598502132444	0.0	0.0	0.0	0.0	0	0	Low	0.3406984938826787	1.0
2025-09-30	444.7200012207031	445.0	433.1199951171875	441.5199890136719	74358000	TSLA	-0.3813096441842154	2.7428899650772705	0.8307964038230911	0.8850753270213573	0.8348121072117985	0.3406984938826787	0.7247717626963793	2.7428899650772705	-6.457923174175856	70.65061436301127	27.03070496112963	24.616101306895853	2.414603654233776	15.74907416678387	12.320048107924025	479.02353515406156	319.41446533421964	0.785077790553642	0.0	0.0	0.0	0.0	0	0	High	3.3144428390707623	3.0
2025-10-01	459.4599914550781	462.2900085449219	440.75	443.7999877929688	98122300	TSLA	-0.20687475832186353	4.8871261588024675	1.045965136687901	0.9333206279708052	1.0894091748041064	3.3144428390707623	3.5286174161443773	4.8871261588024675	31.95930498399634	73.85724659504896	27.886831606856333	25.27024736688795	2.6165842399683825	16.162712336650873	12.052478265603698	483.5197075164041	327.45529248359594	0.8458347083397065	0.0	0.0	0.0	0.0	0	0	Negative	-5.105992228133281	0.0
2025-10-02	436.0	470.75	435.5700073242188	470.5400085449219	137009000	TSLA	2.4115303390735066	8.076771146823887	2.211943191123865	1.7094263495828506	1.3963155995915282	-5.105992228133281	-7.340504084175954	8.076771146823887	39.63084844118004	62.20768649293123	26.368335140774377	25.489864921665237	0.8784702191091398	17.52108950373161	3.410655341148049	483.04911831848784	337.67288180358247	0.6763630738668633	0.0	0.0	0.0	0.0	0	0	Negative	-1.4151406944344898	0.0
2025-10-03	429.8299865722656	446.7699890136719	416.5799865722656	443.2900085449219	133188200	TSLA	1.67202030846832	7.247108217996229	2.5130405027856946	1.8037934439892152	1.2753361459604076	-1.4151406944344898	-3.0363919134649855	7.247108217996229	-2.7887219087797153	59.547436643873844	24.38594128119547	25.269080193571284	-0.8831389123758129	18.426011856422658	0.9322315684169642	482.04842588106317	346.5725732644446	0.6145553742586891	0.0	0.0	0.0	0.0	0	0	Very High	5.4486690457546425	4.0
2025-10-06	453.25	453.5499877929688	436.6900024414063	440.75	85324900	TSLA	2.54054248630195	3.860859020656128	2.2506819873132113	1.7958569181976558	0.807997274254814	5.4486690457546425	2.836074872376631	3.860859020656128	-35.936591980370636	65.56669282978547	24.423144413581724	25.099893037573374	-0.6767486239916494	18.804153953871264	8.732156258490068	481.74283000308066	357.5631697527787	0.7705515545327691	0.0	0.0	0.0	0.0	0	0	Negative	-4.447877255843215	0.0
2025-10-07	433.0899963378906	452.6799926757813	432.4500122070313	447.8200073242188	102296100	TSLA	-1.1980127249379355	4.677992807886682	1.8109252681720605	1.7879682537864823	0.9200274130055285	-4.447877255843215	-3.289270408962266	4.677992807886682	19.890090700369996	57.618846026026034	22.56576031447304	24.59306649295331	-2.02730617848027	18.946713513806795	1.6476139819740807	476.499720844979	371.41827842259914	0.5868944743582705	0.0	0.0	0.0	0.0	0	0	Medium	1.293035200736116	2.0
2025-10-08	438.6900024414063	441.3299865722656	425.2300109863281	437.5700073242188	71192100	TSLA	1.0344295698838866	3.7861804599805495	1.9992097265042346	1.7730400761166438	0.6728800932609441	1.293035200736116	0.2559579263753414	3.7861804599805495	-30.405851249461126	59.10188339646773	21.300109324118694	23.934475059186386	-2.634365735067693	18.74337509038756	1.0317613768663516	468.01294444908694	388.99505420813966	0.6289075560196947	0.0	0.0	0.0	0.0	0	0	Negative	-0.7180455170972722	0.0
2025-10-09	435.5400085449219	436.3500061035156	426.1799926757813	431.80999755859375	69339900	TSLA	-1.5683067415541307	2.3863188330080076	1.7961987185818011	1.9024006674685066	0.751503442571355	-0.7180455170972722	0.8638083896661024	2.3863188330080076	-2.601693165393351	57.87507489073466	19.81448456985811	23.11047696132073	-3.2959923914626224	18.298134710047375	2.275449642485341	460.36512286483037	403.315876891029	0.5648476347731416	0.0	0.0	0.0	0.0	0	0	Negative	-5.062684914805621	0.0
2025-10-10	413.489990234375	443.1300048828125	411.4500122070313	436.5400085449219	110712100	TSLA	0.22960003223144984	7.699596970686348	1.9782064963569588	2.15793374053319	1.261345456724629	-5.062684914805621	-5.280161694085579	7.699596970686348	59.66579126880771	50.044155584691396	16.66575163995384	21.821531897047354	-5.1557802570935145	19.25398170759979	-6.617136282462963	457.62087447160155	407.8151240635547	0.11393997930615306	0.0	0.0	0.0	0.0	0	0	Very High	5.419720958518707	4.0
2025-10-13	435.8999938964844	436.8900146484375	419.7000122070313	423.7000122070313	78973590	TSLA	2.46923074652159	4.095783164506233	1.962487205954493	2.0386722178652	0.912960370581479	5.419720958518707	2.879391394374524	4.095783164506233	-28.667607244375276	56.4880366909139	15.79656514495548	20.61653854662898	-4.819973401673501	19.55012761520427	2.9547175925805793	456.6523891798061	411.3696078905064	0.5417155330910401	0.1006799999999999	-0.0374518053681285	-0.3719848369417124	0.00398773624231	0	0	Negative	-1.5278742269702723	0.0
2025-10-14	429.239990234375	434.2000122070313	417.8599853515625	426.7900085449219	72669400	TSLA	-2.089925551530496	3.9104071766338864	1.977897407889647	1.9289594888248516	0.9018581359854445	-1.5278742269702723	0.5740485110712829	3.9104071766338864	-7.982655973978137	54.24846042842676	14.404278394974142	19.374086516298014	-4.969808121323872	19.44226196732696	-2.5340608121653436	456.4350706260641	412.34892595596716	0.3831377047098617	0.0	0.0	0.0	0.0	0	0	Medium	1.3768529951932893	2.0
2025-10-15	435.1499938964844	440.510009765625	426.3299865722656	434.8999938964844	71375300	TSLA	1.318610518795996	3.3260675157682744	2.022382730209281	2.006370281140936	0.8853951999290248	1.3768529951932893	0.05748447999737278	3.3260675157682744	-1.7808045752407478	55.91863688025809	13.620757405556162	18.223420694149645	-4.602663288593483	19.066387769186417	-1.818550509687839	456.54958189904346	413.16341553748	0.5067647179466557	0.0	0.0	0.0	0.0	0	0	Negative	-1.7177998870186724	0.0
2025-10-16	427.6749877929688	439.3500061035156	421.3100891113281	434.75	64232355	TSLA	-0.09192092430076594	4.281862091230524	1.7350580899689565	1.6710175861642265	0.8070146742002194	-1.7177998870186724	-1.6273748607317295	4.281862091230524	-10.007586658129632	53.26985240862012	12.255368594699746	17.029810274259667	-4.774441679559921	18.99306842797221	-3.8327517046563675	455.76650132816116	415.0289942773076	0.3104262982974121	0.0	0.0	0.0	0.0	0	0	High	2.720526123275949	3.0
2025-10-17	439.30999755859375	441.4599914550781	423.6000061035156	425.5	89331600	TSLA	-0.5085609060733023	4.216238218655274	0.3846543309484495	1.370765561546822	1.1860835340232252	2.720526123275949	3.2455928457329613	4.216238218655274	39.07570413695714	56.707362446255964	11.974106133369787	16.01866944608169	-4.0445633127119045	18.91213392251438	-4.385581828935906	456.02954796215766	416.08994666674863	0.581379135963338	0.0	0.0	0.0	0.0	2025-10-22 17:57:45.935038+00:00	2025-10-22 17:57:45.937816+00:00	Medium	1.848351997977132	2.0
2025-10-20	447.4299926757813	449.7999877929688	440.6099853515625	443.8699951171875	63719000	TSLA	1.0379908456295834	2.0857453863814746	0.9086510822547953	1.5288560122037744	0.8817343361110845	1.848351997977132	0.8020360911428404	2.0857453863814746	-28.67137720582638	58.975472429331745	12.265035654401231	15.2679426877456	-3.0029070333443695	18.31055223050443	2.6215579531608504	457.2686774452984	416.1728173056781	0.7605918275930749	0.0	0.0	0.0	0.0	2025-10-22 17:57:45.935038+00:00	2025-10-22 17:57:45.937816+00:00	Negative	-1.0794954856246324	0.0
2025-10-21	442.6000061035156	449.2999877929688	442.0499877929688	445.760009765625	54112500	TSLA	-0.37323892843420026	1.640086008416652	1.209695579972315	1.6834649562822377	0.7893395106008971	-1.0794954856246324	-0.7089024571250493	1.640086008416652	-15.076350852963794	57.06050874330231	11.967901328596724	14.607934415915826	-2.640033087319102	17.5205127854684	2.9709466370846203	457.6253931274779	417.4911016234987	0.625622218285016	0.0	0.0	0.0	0.0	2025-10-22 17:57:45.935038+00:00	2025-10-22 17:57:45.937816+00:00	Negative	-2.7140303701611046	0.0
2025-10-22	430.5877075195313	445.53900146484375	429.0	443.4500122070313	48512616	TSLA	0.19204837139493436	3.855245096700175	1.2556027487007086	1.6838042056357196	0.7582274471593434	-2.7140303701611046	-2.9005083624837154	3.855245096700175	-10.34859598059598	52.49516678798932	10.640471399074784	13.814441812547617	-3.1739704134728335	17.45040483399521	-4.99995421521648	457.08379216735153	416.812472481086	0.34206068104451354	0.0	0.0	0.0	0.0	2025-10-22 17:57:45.935038+00:00	2025-10-22 17:57:45.937816+00:00	High	3.342478945742776	3.0
2025-10-23	444.9800109863281	449.39990234375	413.8999938964844	420.1000061035156	109046800	TSLA	-2.4356713470599862	8.576928961285292	2.7487062763324133	2.1890459965136992	1.4949282703456672	3.342478945742776	5.922400504960215	8.576928961285292	124.78029220275401	56.9404184292994	10.627307241967856	13.177014898431665	-2.5497076564638093	18.739655092085957	2.7453912002070533	457.44209123443216	418.61317304779436	0.6790515721245973	-0.0143617647058823	0.0	-14361764.705882352	-0.0071808823529411	2025-10-23 19:17:48.692202+00:00	2025-10-23 19:17:48.694978+00:00	Negative	-2.530452938923353	0.0
2025-10-24	433.7200012207031	451.6799926757813	430.1700134277344	446.9800109863281	93304824	TSLA	0.44945839152793976	5.000343719137565	2.78096792806533	1.8768567782909875	1.265336344813748	-2.530452938923353	-2.9665777975987804	5.000343719137565	-14.435981615233093	52.77925341121568	9.597650131968578	12.461141945139047	-2.8634918131704694	18.93753538894031	-1.132918733740006	457.16310901888687	418.2241559957615	0.3979522822747396	0.0427163461538461	0.0	42716346.15384616	0.021358173076923	2025-10-24 23:31:50.874200+00:00	2025-10-24 23:31:50.877256+00:00	High	4.311540199760247	3.0
2025-10-27	452.4200134277344	460.1600036621094	438.6900024414063	439.8900146484375	104897278	TSLA	1.422579869586115	4.894116825370488	2.509560953592124	1.8936148689009342	1.279628293003925	4.311540199760247	2.8484390102173425	4.894116825370488	12.42428151410478	58.23767148328706	10.173302656239741	12.003574087359187	-1.8302714311194457	19.473425892687878	3.8756496651607804	458.5379381179081	417.770329094006	0.8499317267640895	-0.0280372549019607	0.0	-28037254.901960783	-0.0140186274509803	2025-10-27 23:31:44.412553+00:00	2025-10-27 23:31:44.415247+00:00	Medium	1.7969970655449448	2.0
2025-10-28	460.5499877929688	467.0	451.6000061035156	454.6000061035156	79752079	TSLA	0.48185151210810945	3.4100960337353032	2.0331832285479976	1.9080455224574944	0.9156095188458605	1.7969970655449448	1.3088388934377466	3.4100960337353032	-23.97125976900945	60.38184610351797	11.156922359305838	11.834243741748518	-0.6773213824426794	19.18246646438763	11.381169718744385	461.41085795189343	416.4804079172472	0.9808399391000802	0.0039475247524752	0.0	3947524.752475247	0.0019737623762376	2025-10-28 23:33:36.741812+00:00	2025-10-28 23:33:36.744511+00:00	Low	0.2084511992404507	1.0
2025-10-29	461.510009765625	465.7000122070313	452.6499938964844	462.4249877929688	66925771	TSLA	0.4071219302350453	2.883026286648159	2.225079411383931	1.933723266634918	0.7371868997049109	0.20845119924045077	-0.19786517846078194	2.883026286648159	-16.082725567567962	60.63883835729469	11.877003111842384	11.842795615767292	0.034207496075092436	18.74443445339901	5.875204456924672	461.90216519210395	416.19410250809136	0.9914204321196025	-0.0404529999999999	0.0	-40452999.99999999	-0.0202264999999999	2025-10-29 23:33:55.542665+00:00	2025-10-29 23:33:55.545562+00:00	Negative	-4.639120107705208	0.0
2025-10-30	440.1000061035156	455.0606994628906	439.6099853515625	451.0499877929688	70914144	TSLA	-2.2664778122511904	3.5146413016464955	0.9504720401241353	1.9402260518908787	0.8527555427338247	-4.6391201077052076	-2.427664779026489	3.5146413016464955	5.959397912651615	52.46516801003356	10.597897960734372	11.593816084760707	-0.9959181240263355	18.969833736303542	2.530056871730615	462.06764074942964	416.4386275611172	0.5185599444096488	-0.0556941176470588	0.0	-55694117.64705881	-0.0278470588235294	2025-10-30 23:36:52.165240+00:00	2025-10-30 23:36:52.168140+00:00	High	3.740057084027075	3.0
2025-10-31	456.55999755859375	457.7278137207031	443.68548583984375	446.7300109863281	82860666	TSLA	1.5064768895397518	3.1649283848622907	0.7774764658814473	1.9560854579283795	1.022088055678943	3.740057084027075	2.200431206885374	3.1649283848622907	16.846458726202773	57.23746274726388	10.788024035790102	11.432657674966588	-0.6446336391764866	18.873974727795254	4.920143390189842	464.158748781269	417.0205206279107	0.8387985395218147	-0.0450121212121212	0.0	-45012121.21212121	-0.0225060606060606	2025-10-31 23:31:11.177380+00:00	2025-10-31 23:31:11.180255+00:00	High	2.586735066967422	3.0
2025-11-03	468.3699951171875	474.0700073242188	453.7999877929688	455.989990234375	84122035	TSLA	-0.12484828440222617	4.466729853791341	0.598969804982051	1.8525420050948875	1.0937021610327222	2.586735066967422	2.714972948517857	4.466729853791341	1.5222771682766827	60.31594216503465	11.756150833903519	11.497356306753975	0.25879452714954354	18.973692213756305	9.515405035545017	467.33620411338677	415.35506480751167	1.0198878096479869	-0.0879929999999999	0.0	-87992999.99999999	-0.0439964999999999	2025-11-03 23:20:56.123732+00:00	2025-11-03 23:20:56.126569+00:00	Negative	-5.147636612701912	0.0
2025-11-04	444.260009765625	460.2200012207031	443.7999877929688	454.3699951171875	86362980	TSLA	-2.98908985331077	3.6998679313606018	0.603562706431619	1.6466988057221439	1.1038619632610398	-5.147636612701912	-2.225055672735391	3.6998679313606018	2.6639215278137294	52.07406575261426	10.457377831914357	11.289360611786053	-0.8319827798716961	19.373429007360762	1.1267697604289175	467.6399005839494	416.16836967972245	0.5457704403269579	-0.0736778846153846	0.0	-73677884.61538461	-0.0368389423076923	2025-11-04 23:21:27.522956+00:00	2025-11-04 23:21:27.525842+00:00	High	4.008913061517667	3.0
2025-11-05	462.0700073242188	466.3298950195313	440.7099914550781	451.9200134277344	84761112	TSLA	1.724216335868382	5.81332487604031	1.053802016302547	1.6974172144099995	1.0361463721354685	4.008913061517667	2.245971321229724	5.81332487604031	-1.8548086228613232	56.77301275263529	10.74138878566356	11.179766246561556	-0.43837746089799623	19.81960576143879	3.2720235317452246	470.20484611430936	415.94142463764376	0.8500861433223722	0.0116745098039215	0.0	11674509.803921573	0.0058372549019607	2025-11-05 23:21:34.411414+00:00	2025-11-05 23:21:34.414240+00:00	Negative	-3.4973063401560505	0.0
2025-11-06	445.9100036621094	467.4500122070313	435.0899963378906	461.9599914550781	104867157	TSLA	-0.02380935083360376	7.4375453679725405	1.7255763168672724	1.4105023145469313	1.1836718276548768	-3.4973063401560505	-3.474324203361122	7.4375453679725405	23.72083674409557	51.80936966550778	9.552378399906615	10.854288677230567	-1.3019102773239517	20.715349340560355	0.7478530304899285	470.5232953845066	416.65997487916525	0.5430416934664019	0.0872356435643564	0.0	87235643.56435642	0.0436178217821782	2025-11-06 23:21:18.764336+00:00	2025-11-06 23:21:18.766932+00:00	Negative	-3.675632866235744	0.0
2025-11-07	429.5199890136719	437.9425048828125	421.8800048828125	437.8900146484375	101473925	TSLA	-1.798566739433158	3.807362239047511	1.580357579679448	1.4072055399024237	1.0991847588220323	-3.675632866235744	-1.9114447360681537	3.807362239047511	-3.2357432937749993	47.293108625096316	7.204492987259698	10.124329539236394	-2.9198365519766956	20.95211001475582	-0.24796771649850236	468.4996726725602	420.28659746904134	0.19151218846037488	0.0669300970873786	0.0	66930097.08737864	0.0334650485436893	2025-11-07 23:20:43.468747+00:00	2025-11-07 23:20:43.471749+00:00	High	3.657576451501584	3.0
2025-11-10	445.2300109863281	449.6715087890625	433.3599853515625	439.6300048828125	75981546	TSLA	2.353794032346843	3.763966214893446	1.673166792061275	1.4003727066276528	0.8378222032348145	3.6575764515015834	1.2737997955822782	3.763966214893446	-25.122098115353282	51.64422969613841	6.536100265913433	9.406683684571803	-2.87058341865837	20.894924997658308	0.05618229894099247	468.6497188552514	421.06955299533456	0.5077842322392396	0.0207555555555555	0.0	20755555.555555545	0.0103777777777777	2025-11-10 23:22:15.270657+00:00	2025-11-10 23:22:15.273439+00:00	Negative	-1.2600264426723236	0.0
2025-11-11	439.6199951171875	442.489990234375	432.3599853515625	439.3999938964844	59428663	TSLA	-1.3094393787445688	2.3429561536726267	1.9962364451192307	1.503771511990792	0.6966815335496821	-1.2600264426723236	0.05006855342718867	2.3429561536726267	-21.785399049395494	50.05511866908274	5.490422648335596	8.623431477324562	-3.1330088289889666	20.321717900308833	1.360323222327508	468.2169089074989	422.5403634313683	0.3739256440648424	0.0037923809523809	0.0	3792380.952380952	0.0018961904761904	2025-11-11 23:21:06.996848+00:00	2025-11-11 23:21:06.999521+00:00	Negative	-2.051769508633805	0.0
2025-11-12	430.6000061035156	442.3290100097656	426.55999755859375	442.1099853515625	57091097	TSLA	0.5663960379489232	3.6967865110243463	1.905738231819618	1.4523731289275597	0.7157099987075597	-2.051769508633805	-2.603419879533874	3.6967865110243463	-3.933398266085845	47.523117167680994	3.8890473554293976	7.67655465294553	-3.7875072975161324	19.996524653941908	-4.822953599886246	468.4778646802978	421.8244088792725	0.18810176167164622	0.0549304761904761	0.0	54930476.190476194	0.027465238095238	2025-11-12 23:22:12.833502+00:00	2025-11-12 23:22:12.836431+00:00	Negative	-6.644220962287403	0.0
2025-11-13	401.989990234375	424.5	396.4201049804688	423.1749877929688	117922393	TSLA	-1.7243423607295199	7.083368039800772	1.7565067109973485	1.691919979936541	1.4314526975761337	-6.644220962287403	-5.006202674945951	7.083368039800772	106.55128241799244	40.52150839066329	0.30780849700533963	6.202805421757493	-5.894996924752153	21.009622973163687	-12.715231594994266	473.005054330328	414.72871947338297	-0.21859180523755675	-0.0036207920792079	0.0	-3620792.079207916	-0.0018103960396039	2025-11-13 23:21:55.120167+00:00	2025-11-13 23:21:55.123064+00:00	Medium	0.587083242486871	2.0
2025-11-14	404.3500061035156	412.1900024414063	382.7799987792969	386.239990234375	104137362	TSLA	-3.9180080058255102	7.6832655195933155	2.333958120395113	1.8803781470017382	1.2559954587727187	0.587083242486871	4.688798759069783	7.6832655195933155	-11.6899179615529	41.28990809505031	-2.3132498383755546	4.499594369730884	-6.812844208106439	21.60965016523124	-12.385430966305092	475.95635940626767	408.2814152519354	-0.058092536278334224	0.0170130841121495	0.0	17013084.112149525	0.0085065420560747	2025-11-14 23:20:50.344989+00:00	2025-11-14 23:20:50.347540+00:00	Medium	1.1302107716671594	2.0
2025-11-17	408.9200134277344	423.9599914550781	398.8309020996094	398.8900146484375	99486157	TSLA	-1.3503131872539997	6.3006876405962835	2.296868974793815	1.9139429306596025	1.1355164688640564	1.1302107716671594	2.5144772771855	6.3006876405962835	-4.46641331283195	42.83012243082246	-3.975864760877357	2.804502543609236	-6.780367304486593	21.861038678819632	-7.084751702649926	476.86675485000984	403.52002188338855	0.07362279580745959	0.0205611650485436	0.0	20561165.048543688	0.0102805825242718	2025-11-17 23:21:23.568325+00:00	2025-11-17 23:21:23.571128+00:00	Negative	-1.8756757252943408	0.0
2025-11-18	401.25	408.8999938964844	393.7099914550781	405.3800048828125	79779824	TSLA	-0.8656970626720075	3.8581704226674196	1.844592433457238	1.9011091561716014	0.8701668247858604	-1.8756757252943415	-1.0187983701875982	3.8581704226674196	-19.80811561552227	40.89119261165741	-5.845027212789148	1.0745965923295595	-6.919623805118707	21.38596605695082	-12.114508028377017	478.49910587830493	397.7526702447419	0.043312497051007676	-0.044813	0.0	-44812999.99999999	-0.0224065	2025-11-19 01:45:54.428635+00:00	2025-11-19 01:45:54.431430+00:00	Medium	0.6828636098130841	2.0
2025-11-19	403.989990234375	411.7799987792969	398.5	406.2099914550781	69087163	TSLA	1.2361349420755452	3.3324965569126412	1.948946490866097	1.9697271821988838	0.7343247086428215	0.6828636098130841	-0.546515661210325	3.3324965569126412	-13.402713197261503	41.90301421717815	-7.024286012966002	-0.5451799287295528	-6.479106084236449	20.80696839426125	-13.745544239379475	479.74491839022494	393.84708600430633	0.1180810265909738	0.0057339999999999	0.0	5733999.999999997	0.0028669999999999	2025-11-20 01:44:30.784948+00:00	2025-11-20 01:44:30.787797+00:00	Negative	-2.168365419886955	0.0
2025-11-20	395.2300109863281	428.9400024414063	394.739990234375	414.6300048828125	110597526	TSLA	2.6337322472432274	8.663933995318086	2.3301360368994835	2.1710438599275834	1.1941306874456215	-2.168365419886955	-4.678868790976047	8.663933995318086	60.08404629381003	39.57081577367331	-8.566959645279667	-2.149535872039576	-6.417423773240091	21.76361438088768	-11.036329559611561	480.6982586338702	387.91874576066107	0.0788025825880171	-0.0242166666666666	0.0	-24216666.666666668	-0.0121083333333333	2025-11-21 01:45:23.136346+00:00	2025-11-21 01:45:23.139019+00:00	Negative	-1.0474950113494068	0.0
2025-11-21	391.0899963378906	402.7999877929688	384.239990234375	402.2950134277344	99125790	TSLA	1.787567301322835	4.830313874220317	2.147138392644785	2.129517505366875	1.0819786504637239	-1.0474950113494068	-2.7852736712722255	4.830313874220317	-10.372506885913523	38.480763314757525	-10.008235487050001	-3.7212757950416613	-6.28695969200834	21.53478460786669	-15.361311026734509	482.25029735244823	382.10370655380177	0.08973135992374	-0.051035294117647	0.0	-51035294.11764706	-0.0255176470588235	2025-11-22 01:41:34.651448+00:00	2025-11-22 01:41:34.654537+00:00	Very High	6.824516784199933	4.0
2025-11-24	417.7799987792969	421.7099914550781	401.0899963378906	402.1600036621094	96252383	TSLA	2.830552411945249	5.140989629623317	2.0869237320617073	2.0733110379420445	1.0580843219275158	6.824516784199933	3.8840250086906343	5.140989629623317	-2.8987481461686206	48.35745412591248	-8.894269236848515	-4.755874483403032	-4.138394753445484	22.18372821567532	-6.3084489362853935	479.9912870892186	380.8987153521877	0.3721901932768855	-0.0683910891089109	0.0	-68391089.10891089	-0.0341955445544554	2025-11-25 01:47:31.065399+00:00	2025-11-25 01:47:31.068072+00:00	Low	0.3877627272538014	1.0
2025-11-25	419.3999938964844	420.4800109863281	405.9500122070313	414.4200134277344	71726100	TSLA	-0.8042475373114977	3.5792581210433947	2.1337946779127233	1.908115482869299	0.8026843331013177	0.38776272725380145	1.2016747037769202	3.5792581210433947	-25.48122159219684	48.89377426411208	-7.790914082905317	-5.362882403303489	-2.428031679601828	21.637033255934	-2.3561173812717184	476.1477110882646	380.62729196349324	0.4059100900964974	-0.0610858490566037	0.0	-61085849.05660377	-0.0305429245283018	2025-11-26 01:46:46.351552+00:00	2025-11-26 01:46:46.354267+00:00	Medium	1.711967758767637	2.0
2025-11-26	426.5799865722656	426.9400024414063	416.8900146484375	423.9825134277344	62435860	TSLA	1.092637004754237	2.41070484776277	2.3541423976242912	2.0731412040123325	0.709276503876711	1.711967758767637	0.6126368570089568	2.41070484776277	-12.952384139106965	51.30742370357473	-6.264913745048148	-5.543288671652421	-0.7216250733957263	20.809387151436486	-4.188851594425694	471.9186975678488	381.3633031645731	0.4993262268432776	0.0203679999999999	0.0	20368000.0	0.0101839999999999	2025-11-27 01:45:03.342167+00:00	2025-11-27 01:45:03.344865+00:00	Medium	0.8415835173881451	2.0
2025-11-28	430.1700134277344	432.9299926757813	426.2000122070313	426.4700012207031	36002475	TSLA	-0.02578305476688549	1.5790662308758543	1.5284869108762364	2.2653881145692334	0.49245251048818917	0.8415835173881451	0.8675902634278023	1.5790662308758543	-42.33686378308876	52.51500169836505	-4.711550497629162	-5.37694103684777	0.6653905392186079	19.803715245530306	-2.149579590194501	471.03710185875576	381.251899606088	0.5448349237325786	0.0471953271028037	0.0	47195327.10280374	0.0235976635514018	2025-11-29 01:44:31.059671+00:00	2025-11-29 01:44:31.063076+00:00	Negative	-0.0069737030384417	0.0
2025-12-01	430.1400146484375	433.6600036621094	425.2900085449219	425.3200073242188	57307600	TSLA	-1.1274626199230264	1.9680676594835653	1.4430745659269146	2.1581413024298435	0.8851294004025362	-0.006973703038441704	1.133266068187672	1.9680676594835653	59.17683437041481	52.50328434634468	-3.4432281921864956	-4.990198467915516	1.54697027572902	18.987020950648677	-0.10682569636739478	467.56151531909893	382.0854878547292	0.56219887867086	-0.0080571428571428	0.0	-8057142.857142859	-0.0040285714285714	2025-12-02 01:49:16.859845+00:00	2025-12-02 01:49:16.862542+00:00	Negative	-0.209239871533019	0.0
2025-12-02	429.239990234375	436.7999877929688	422.1199951171875	430.80999755859375	69147100	TSLA	0.1557592614822969	3.4776823760044575	0.8953638972798904	2.0286887305358	1.1655873111490263	-0.20923987153301907	-0.364431497206658	3.4776823760044575	20.659563478491506	52.1274916701211	-2.4820861318681295	-4.488576000706039	2.0064898688379094	18.67937607387244	6.778775756110804	460.7598489474248	384.9741537381221	0.5840922402836157	-0.0013643564356435	0.0	-1364356.4356435635	-0.0006821782178217	2025-12-03 01:48:44.947545+00:00	2025-12-03 01:48:44.950789+00:00	High	4.076973347810532	3.0
2025-12-03	446.739990234375	447.9142150878906	431.1174011230469	431.8450012207031	87062787	TSLA	0.6068891635436224	3.8961113425458107	0.9881436948579544	2.028670392884425	1.39543455932039	4.076973347810532	3.4491516566286453	3.8961113425458107	25.909527659149838	58.3672201533169	-0.3047573252725897	-3.6518122656193492	3.3470549403467595	18.679008129561243	10.48348794138693	461.17814682160537	384.8038539108165	0.810955283028345	-0.0763627450980392	0.0	-76362745.0980392	-0.0381813725490196	2025-12-04 01:49:33.133083+00:00	2025-12-04 01:49:33.135829+00:00	Medium	1.743745515335435	2.0
2025-12-04	454.5299987792969	454.6300048828125	445.3900146484375	449.6900024414063	70859932	TSLA	0.6603420941750995	2.0745840567773977	1.0207758193791676	2.104514854905875	1.105873578945625	1.743745515335435	1.0762961843967633	2.0745840567773977	-18.61054023000665	60.815591948435745	2.0260252683817725	-2.5162447588191252	4.542270027200898	18.00479256561937	11.153766960252446	459.37263925453925	385.8553606233905	0.9341292201587209	-0.0555584905660377	0.0	-55558490.56603774	-0.0277792452830188	2025-12-05 01:49:58.140909+00:00	2025-12-05 01:49:58.143524+00:00	Low	0.1034037845610582	1.0
2025-12-05	455.0	458.8699951171875	451.6600036621094	452.9700012207031	56190168	TSLA	-0.34321113299085626	1.5963316203823044	1.016482774992316	1.3135158032792373	0.8249488522229803	0.10340378456105828	0.4481530286390394	1.5963316203823044	-20.702481057983515	60.96474930088604	3.86654135488061	-1.2396875360791784	5.106228890959788	17.23373534343785	13.395638629283487	461.1683833002376	384.9686162114811	0.9190498404929143	0.0021893203883495	0.0	2189320.388349514	0.0010946601941747	2025-12-06 01:43:51.439955+00:00	2025-12-06 01:43:51.442905+00:00	Negative	-3.389013940161401	0.0
2025-12-08	439.5799865722656	449.7463073730469	435.25	447.364990234375	67133994	TSLA	-1.6780241243131866	3.3305703326931364	0.9860397101285616	1.1656244508853455	0.9579786988407201	-3.3890139401614015	-1.740190634504234	3.3305703326931364	19.47640733161716	53.73740835999573	4.034391447162932	-0.1848717394307563	4.219263186593688	17.41346853319229	8.809623307063392	462.25987756871075	384.8831216988674	0.7068901281594783	0.042366	0.0	42366000.0	0.021183	2025-12-09 01:56:11.095435+00:00	2025-12-09 01:56:11.098248+00:00	Medium	1.2716745589485037	2.0
2025-12-09	445.1700134277344	452.3900146484375	435.7000122070313	437.6050109863281	60868108	TSLA	-0.4492869662556441	3.830617850310184	1.0504908958495804	0.9377524433302068	0.8895855188619053	1.2716745589485035	1.7287284769329572	3.830617850310184	-9.333402687169185	55.783828098396135	4.565850027055035	0.765272613866402	3.8005774131886327	17.361792383778997	12.635680756321358	462.2501683865958	384.8868311251229	0.7792215852693393	0.0637971153846153	0.0	63797115.38461538	0.0318985576923076	2025-12-10 01:51:43.923439+00:00	2025-12-10 01:51:43.926258+00:00	Medium	1.4106967203253415	2.0
2025-12-10	451.4500122070313	456.8800048828125	443.6099853515625	446.010009765625	60840302	TSLA	0.18869113205150415	2.99137079178537	0.9150292932923932	0.8993217908567576	0.9629905937875627	1.4106967203253415	1.2197041147719956	2.99137079178537	-0.04568237935044736	58.02995623487475	5.431171038970831	1.6984522988872879	3.732718740083543	17.06952289431264	15.433791821407608	464.14521839968796	384.1747828210152	0.8412512561574402	0.042201	0.0	42201000.0	0.0211005	2025-12-11 01:53:03.369576+00:00	2025-12-11 01:53:03.372483+00:00	Negative	-1.0100780674035357	0.0
2025-12-11	446.8900146484375	449.2698974609375	440.3299865722656	448.8250122070313	55139329	TSLA	-0.5814597251126435	2.030275284739138	0.9235584679537564	0.9214231421122553	0.9184625345728146	-1.0100780674035355	-0.4311251614696649	2.030275284739138	-9.370389055596732	55.81289507980568	5.683474920681135	2.4954568232460574	3.188018097435078	16.644558804345	6.96778590506884	466.0987028093117	383.85029926588356	0.7664551853491991	0.0114574257425742	0.0	11457425.742574256	0.0057287128712871	2025-12-12 01:52:45.525757+00:00	2025-12-12 01:52:45.528687+00:00	High	2.7008830833098645	3.0
2025-12-12	458.9599914550781	463.010009765625	441.6700134277344	448.0899963378906	93562326	TSLA	0.268518349061152	4.8316606717929815	1.0347688263161203	1.0550044559726117	1.3859276071572038	2.7008830833098645	2.42585087951635	4.8316606717929815	69.68346858192635	60.152525455465	6.7792271097795265	3.352210880552751	3.4270162292267754	16.97994719959826	9.432522206559184	470.06148266912044	385.58451952814517	0.8685855788220497	-0.0029729999999999	0.0	-2972999.999999999	-0.0014864999999999	2025-12-13 01:46:21.064232+00:00	2025-12-13 01:46:21.067021+00:00	High	3.562403348422566	3.0
2025-12-15	475.30999755859375	481.7694091796875	467.66009521484375	469.2000122070313	113688935	TSLA	2.231135816324297	3.017001901426272	1.0496435334679244	0.9909012014802402	1.4799431266418293	3.562403348422566	1.3022133829072566	3.017001901426272	21.5114457500768	65.14603163761191	8.86474025639319	4.454716755720839	4.410023500672351	17.39633795138477	11.423417066021432	476.9181497507406	385.8238515920328	0.9823462914292936	-0.0163226804123711	0.0	-16322680.412371142	-0.0081613402061855	2025-12-16 01:52:45.245678+00:00	2025-12-16 01:52:45.248291+00:00	High	3.065369421862968	3.0
2025-12-16	489.8800048828125	491.5	465.8299865722656	472.2850036621094	104578096	TSLA	-0.6364254722227822	5.510597034901726	1.4415879430190042	1.2499352185242603	1.2222522075669902	3.0653694218629677	3.725504956598465	5.510597034901726	-8.013830897439579	68.88768577562374	11.559946408448184	5.875762686266309	5.684183722181875	17.987314771124026	13.880556429140544	486.33902514802725	384.49897534025405	1.0347700118123369	-0.0284226804123711	0.0	-28422680.41237114	-0.0142113402061855	2025-12-17 01:48:26.185691+00:00	2025-12-17 01:48:26.188437+00:00	Negative	-4.617456293730253	0.0
2025-12-17	467.260009765625	495.239990234375	466.2000122070313	488.2149963378906	104916333	TSLA	-0.339880894979613	6.229081352843798	1.7510342342451957	1.552418229551602	1.1116726403217305	-4.617456293730253	-4.2921636429543035	6.229081352843798	0.32343006130079094	58.404871304852065	11.73539382411792	7.047688913836632	4.687704910281289	18.776790717996864	8.62974702493709	488.9045740536047	388.53442741123905	0.7843525688459676	-0.104167	0.0	-104167000.0	-0.0520835	2025-12-18 01:48:45.069240+00:00	2025-12-18 01:48:45.071908+00:00	High	3.447756070467742	3.0
2025-12-18	483.3699951171875	490.8599853515625	473.1199951171875	477.8999938964844	94595726	TSLA	2.2771013800638173	3.7495752488712646	1.2983669979494548	1.4640825419717993	0.9249761806894202	3.447756070467742	1.1445911886510622	3.7495752488712646	-9.836987916838458	62.75221591340946	13.024242980404097	8.242999727150126	4.781243253253971	19.121303922849766	12.610662127090317	493.8063577623723	391.5706441907528	0.8979186207970882	-0.0674	0.0	-67400000.00000001	-0.0337	2025-12-19 01:52:10.366693+00:00	2025-12-19 01:52:10.369721+00:00	Negative	-0.4489279293453259	0.0
2025-12-19	481.2000122070313	490.489990234375	474.75	488.5400085449219	85986084	TSLA	1.069576821060431	3.3154271162453925	1.4216750148866855	1.2770856957176624	0.8534341836023782	-0.44892792934532594	-1.5024350533239175	3.3154271162453925	-9.101512683564582	61.81503897320738	13.712496611665415	9.336899104053185	4.37559750761223	18.87978151653014	7.713664038578101	495.8264575896106	398.1475444855848	0.850259949483647	-0.067548	0.0	-67548000.0	-0.033774	2025-12-20 01:46:38.301351+00:00	2025-12-20 01:46:38.304214+00:00	Medium	1.5648376118613052	2.0
2025-12-22	488.7300109863281	498.8200073242188	485.3299865722656	489.8800048828125	86555000	TSLA	1.80382220606568	2.7795564101095405	1.4806738961530594	1.3149253987904155	0.9079870654470468	1.5648376118613052	-0.23475011942148422	2.7795564101095405	0.6616372947045711	63.83350843918039	14.696142560299393	10.408747795302427	4.287394764996966	18.789796773719953	7.524258530543662	496.7416832223981	406.99632031764094	0.9107288446248483	-0.0078676470588235	0.0	-7867647.058823529	-0.0039338235294117	2025-12-23 01:53:08.494646+00:00	2025-12-23 01:53:08.497492+00:00	Negative	-0.6486226252684641	0.0
2025-12-23	485.55999755859375	491.9400024414063	482.84478759765625	489.2999877929688	57943920	TSLA	0.11662406519509327	1.8836725749908885	1.6304881411774363	1.4516126130509297	0.6737711136413042	-0.6486226252684641	-0.7643552682771597	1.8836725749908885	-33.055375194962735	62.33953031714151	15.046449368437777	11.336288109929496	3.710161258508281	18.09732663586496	6.7164829799107135	499.554964052313	410.9610393656557	0.842032435709139	-0.0006923076923076	0.0	-692307.692307694	-0.0003461538461538	2025-12-24 01:51:39.032343+00:00	2025-12-24 01:51:39.035093+00:00	Negative	-0.0329523978321684	0.0
2025-12-24	485.3999938964844	490.8999938964844	476.7999877929688	488.5050048828125	41007937	TSLA	0.6065176989509661	2.957216120911045	0.6960929207297887	1.4533313417735019	0.56008203335068	-0.032952397832168405	-0.6356149794356736	2.957216120911045	-29.228231365775738	62.26032389379219	15.136672936031005	12.0963650751498	3.040307860881205	17.811803740697147	10.423588135008526	501.49061712659295	415.6253862913758	0.8126060679789253	-0.0574466019417475	0.0	-57446601.941747576	-0.0287233009708737	2025-12-25 01:53:11.693477+00:00	2025-12-25 01:53:11.696256+00:00	Negative	-2.103418125970441	0.0
2025-12-26	475.1900024414063	489.0899963378906	473.8200073242188	485.2300109863281	58216274	TSLA	-0.03501914138723707	3.2227404452389634	0.5709933886240691	1.352903158113805	0.8828426891253252	-2.103418125970441	-2.0691235738930223	3.2227404452389634	41.963430152558026	57.260738813912894	14.220390966235698	12.521170253366979	1.6992207128687191	17.630245545909624	6.743488579233596	501.8588600910914	420.1181449137914	0.6737383861660751	-0.0141715686274509	0.0	-14171568.62745098	-0.0070857843137254	2025-12-27 01:50:37.439130+00:00	2025-12-27 01:50:37.441907+00:00	Negative	-3.2723726747357675	0.0
2025-12-29	459.6400146484375	469.3999938964844	459.2999877929688	469.0	63214631	TSLA	-1.302637347082985	2.1989998632589085	0.5525440460347181	1.3749269177093206	1.029763014301251	-3.2723726747357675	-1.9957324843416846	2.1989998632589085	8.585841477934503	50.596745837501864	12.099995627883118	12.436935328270208	-0.33693970038708976	17.50594333894733	1.8141548831435903	500.83007718070945	424.0939279462437	0.4632247911422223	-0.027563725490196	0.0	-27563725.490196075	-0.013781862745098	2025-12-30 01:53:48.260226+00:00	2025-12-30 01:53:48.263086+00:00	Negative	-1.133500523587172	0.0
2025-12-30	454.4299926757813	463.1199951171875	453.8299865722656	461.0899963378906	58670435	TSLA	0.3154602826653735	2.0470239560608188	0.5915661008780382	1.4441904216848132	1.0512410470610019	-1.133500523587172	-1.444404284414102	2.0470239560608188	-7.188519379319006	48.55768698666276	9.885211252404815	11.92659051309713	-2.041379260692315	16.919090853659796	1.6872111213483723	499.3159399497453	428.03706297994216	0.37027701358174236	-0.026552	0.0	-26552000.000000007	-0.013276	2025-12-31 01:54:13.648484+00:00	2025-12-31 01:54:13.651179+00:00	Negative	-1.0364613980130892	0.0
2025-12-31	449.7200012207031	456.5499877929688	449.2999877929688	456.1000061035156	47771559	TSLA	0.3674963040843587	1.613621232355942	0.6652936751492821	1.3294259186951998	0.888340718339629	-1.0364613980130892	-1.3988171009505546	1.613621232355942	-18.576436326064396	46.724458085061094	7.661603534432345	11.073593117364174	-3.411989582931829	16.22844150696981	-2.0132452515263277	497.3770591413543	432.02394488696604	0.2707760224685673	0.0223292452830188	0.0	22329245.28301886	0.0111646226415094	2026-01-01 02:04:24.683165+00:00	2026-01-01 02:04:24.685872+00:00	Negative	-2.5904993918131303	0.0
2026-01-02	438.0700073242188	458.3299865722656	435.2999877929688	457.7799987792969	84769853	TSLA	1.792225726388863	5.290604048959914	1.4739116696647516	1.0871781440735913	1.355698356314366	-2.5904993918131303	-4.30555976836825	5.290604048959914	77.44837048336647	42.45495482683575	4.902804771806359	9.839435448252612	-4.936630676446253	16.714267026421737	-7.83488469118182	498.09489598155545	430.43910975574926	0.11279002128511025	-0.09686	0.0	-96860000.0	-0.04843	2026-01-03 01:49:30.171983+00:00	2026-01-03 01:49:30.174669+00:00	High	3.104528015187788	3.0
2026-01-05	451.6700134277344	457.5498962402344	444.5700073242188	447.7200012207031	67251801	TSLA	2.2028428641868394	2.919650156819849	1.4622000696646904	1.0465306164885655	1.0453270455354557	3.104528015187788	0.8822505575497164	2.919650156819849	-20.66542689415776	48.384376578672686	3.770381102544434	8.625624579110976	-4.855243476566542	16.91181144710701	-7.799867533727692	498.13899347559243	430.109013726556	0.3169337956694566	-0.0566633663366336	0.0	-56663366.33663366	-0.0283316831683168	2026-01-06 01:55:38.684635+00:00	2026-01-06 01:55:38.687315+00:00	0	0.0	0.0
2026-01-06	432.9599914550781	448.2200012207031	428.7799987792969	446.364990234375	88186450	TSLA	-1.1745351773741695	4.533794136095531	1.5844103085390315	1.1734701566684445	1.2719807452643501	-4.1424095947095205	-3.0031474404518708	4.533794136095531	31.128755942164283	41.97629044393181	1.347649909690972	7.170029645226975	-5.822379735536003	17.33882596148776	-7.34067063170066	499.48776188884256	426.5562444588137	0.08780493292777354	0.0	0.0	0.0	0.0	2026-01-07 01:55:12.114543+00:00	2026-01-07 01:55:12.117237+00:00	0	0.0	0.0
