timestamp	close	high	low	open	volume	symbol	gap_apertura_pct	volatilidad_diaria	vol_5d	vol_10d	vol_rel_5d	return_pct	close_open_pct	range_pct	volume_change_pct	rsi_14	macd	macd_signal	macd_diff	atr_14	momentum_12	bb_upper	bb_lower	bb_pctb	vader	finbert	sentiment_ratio	sentiment_combined
2025-06-05 00:00:00+00:00	120.80000305175781	123.45999908447266	118.97000122070312	119.83000183105469	2099900	TWLO	0.0	3.7740588532398727	0.0	0.0	0.0	0.0	0.8094811031303374	3.7740588532398727	0.0	0.0	0.0	0.0	0.0	0.0	0.0	0.0	0.0	0.0	0.0	0.0	0.0	0.0
2025-06-06 00:00:00+00:00	121.7300033569336	122.5	120.61000061035156	121.86000061035156	1696900	TWLO	0.8774814005092242	1.5670337286162197	0.0	0.0	0.0	0.7698677828487426	-0.10667754207029437	1.5670337286162197	-19.191390066193627	0.0	0.0	0.0	0.0	0.0	0.0	0.0	0.0	0.0	0.0	0.0	0.0	0.0
2025-06-09 00:00:00+00:00	121.41999816894531	122.25	120.11000061035156	121.48999786376953	1573700	TWLO	-0.19716215110938967	1.781699591019737	0.0	0.0	0.0	-0.2546662116481604	-0.0576176607581404	1.781699591019737	-7.260298190818551	0.0	0.0	0.0	0.0	0.0	0.0	0.0	0.0	0.0	0.0	0.0	0.0	0.0
2025-06-10 00:00:00+00:00	119.12999725341797	121.5999984741211	117.12000274658203	121.25	1987300	TWLO	-0.14000837712810282	3.8251328743840936	0.0	0.0	0.0	-1.8860162659045734	-1.7484558734697164	3.8251328743840936	26.282010548389145	0.0	0.0	0.0	0.0	0.0	0.0	0.0	0.0	0.0	0.0	0.0	0.0	0.0
2025-06-11 00:00:00+00:00	118.19000244140625	120.0	117.73999786376953	118.56999969482422	1557800	TWLO	-0.4700726697764472	1.919485457138697	1.1264528037270685	0.0	0.8736372201534389	-0.7890496379447782	-0.3204834733878778	1.919485457138697	-21.61223770945504	0.0	0.0	0.0	0.0	0.0	0.0	0.0	0.0	0.0	0.0	0.0	0.0	0.0
2025-06-12 00:00:00+00:00	115.80000305175781	119.27999877929688	114.91000366210938	117.61000061035156	2136700	TWLO	-0.49073679589966046	3.8029718718288317	1.134204241101482	0.0	1.1933671417720388	-2.022167137895865	-1.5389826963698199	3.8029718718288317	37.161381435357555	0.0	0.0	0.0	0.0	0.0	0.0	0.0	0.0	0.0	0.0	0.0	0.0	0.0
2025-06-13 00:00:00+00:00	113.38999938964844	115.01000213623047	112.31999969482422	113.22000122070312	1976300	TWLO	-2.2279807971175387	2.3949452000668114	1.0022414494812186	0.0	1.0703763079789423	-2.081177546284004	0.1501485312775523	2.3949452000668114	-7.50690316843731	0.0	0.0	0.0	0.0	0.0	0.0	0.0	0.0	0.0	0.0	0.0	0.0	0.0
2025-06-16 00:00:00+00:00	116.66999816894531	117.04000091552734	114.19499969482422	114.19499969482422	1440500	TWLO	0.7099394210326374	2.4913535866772913	0.8737613968174756	0.0	0.7916053019145802	2.892670250420966	2.167343999943345	2.4913535866772913	-27.11126853210545	0.0	0.0	0.0	0.0	0.0	0.0	0.0	0.0	0.0	0.0	0.0	0.0	0.0
2025-06-17 00:00:00+00:00	116.31999969482422	116.98999786376953	115.21299743652344	115.80999755859375	1273500	TWLO	-0.7371223312322581	1.5423610762536855	0.8571132612188008	0.0	0.7594098845530006	-0.29999012566561845	0.44037833259812875	1.5423610762536855	-11.593196806664352	0.0	0.0	0.0	0.0	0.0	0.0	0.0	0.0	0.0	0.0	0.0	0.0	0.0
2025-06-18 00:00:00+00:00	116.68000030517578	117.2750015258789	115.30999755859375	116.2699966430664	1971800	TWLO	-0.04298749302699443	1.7041054625698497	0.8938244921591477	0.9636777978332431	1.1204937036868663	0.3094915846768018	0.3526306647862323	1.7041054625698497	54.83313702394974	0.0	0.0	0.0	0.0	0.0	0.0	0.0	0.0	0.0	0.0	0.0	0.0	0.0
2025-06-20 00:00:00+00:00	116.5	117.41999816894531	115.52999877929688	117.06999969482422	2885200	TWLO	0.3342469905968432	1.6359382061961276	0.4517295646925055	0.8781366713134859	1.511003110827145	-0.154268344793445	-0.48688792714622253	1.6359382061961276	46.32315650674511	0.0	0.0	0.0	0.0	0.0	0.0	0.0	0.0	0.0	0.0	0.0	0.0	0.0
2025-06-23 00:00:00+00:00	117.76000213623047	117.91999816894531	113.72000122070312	115.94999694824219	1401700	TWLO	-0.4721056238264485	3.693279021419465	0.9097302348013864	0.944837318341957	0.7810915332062813	1.0815468980519045	1.5610221954522623	3.693279021419465	-51.41757937058089	0.0	0.0	0.0	0.0	0.0	0.0	0.0	0.0	0.0	0.0	0.0	0.0	0.0
2025-06-24 00:00:00+00:00	121.62000274658203	121.84500122070312	118.66999816894531	119.55999755859375	1637000	TWLO	1.5285286937078681	2.675489256549662	0.9273511666190263	0.9132800928472737	0.8926623914845352	3.2778537197087747	1.7229886500948761	2.675489256549662	16.786758935578227	0.0	0.0	0.0	0.0	0.0	0.678807677242262	0.0	0.0	0.0	0.0	0.0	0.0	0.0
2025-06-25 00:00:00+00:00	119.81999969482422	122.66999816894531	119.16000366210938	122.11000061035156	1354600	TWLO	0.40289249523413784	2.9456146349146595	0.8701386512178659	0.8159840476229336	0.7321924694334238	-1.4800222094291962	-1.8753590238973554	2.9456146349146595	-17.251069028711058	52.73784225408903	0.0	0.0	0.0	3.1562134878976003	-1.5690492150147333	0.0	0.0	0.0	0.0	0.0	0.0	0.0
2025-06-26 00:00:00+00:00	121.43000030517578	121.66999816894531	117.44000244140625	120.08000183105469	1715000	TWLO	0.21699393831804514	3.601835524185648	0.8324149555875825	0.859710067144728	0.9534663923945071	1.343682702764277	1.1242492118050265	3.601835524185648	26.605640041340617	57.92114502669503	0.0	0.0	0.0	3.232912219300562	0.008237634970601508	0.0	0.0	0.0	0.0	0.0	0.0	0.0
2025-06-27 00:00:00+00:00	122.73999786376953	123.9800033569336	121.30000305175781	121.79000091552734	2919900	TWLO	0.29646760227852686	2.2093983823168126	0.6270968408234555	0.7644091535778748	1.6170997541038081	1.0788088242621154	0.7800286896303568	2.2093983823168126	70.25655976676384	61.61037734859687	0.0	0.0	0.0	3.193418511148792	3.0303036125084675	0.0	0.0	0.0	0.0	0.0	0.0	0.0
2025-06-30 00:00:00+00:00	124.36000061035156	125.52100372314453	123.0199966430664	124.1500015258789	2076500	TWLO	1.1487727608357574	2.033008574479656	0.624412117980275	0.7778308147941202	1.0700298876636092	1.319865386000813	0.16914948199084975	2.033008574479656	-28.884550840782218	65.62417247259137	0.0	0.0	0.0	3.1639604645935213	5.220406160837626	0.0	0.0	0.0	0.0	0.0	0.0	0.0
2025-07-01 00:00:00+00:00	117.2300033569336	125.19000244140625	117.19999694824219	124.55999755859375	3035100	TWLO	0.1608209611294743	6.817411007862573	1.9454012754529877	1.5852886077255275	1.3670266910486348	-5.733352539742974	-5.88470965424681	6.817411007862573	46.164218637129785	43.87921702061494	0.0	0.0	0.0	3.508677966634274	1.234887968471495	0.0	0.0	0.0	0.0	0.0	0.0	0.0
2025-07-02 00:00:00+00:00	116.51000213623047	117.18000030517578	114.52999877929688	116.48999786376953	1992800	TWLO	-0.6312424055051388	2.313805600387325	2.0115498482171166	1.5304693706318575	0.8487729251318221	-0.614178282082716	0.017172523673948135	2.313805600387325	-34.341537346380676	42.35303011548014	0.0	0.0	0.0	3.4509155817058774	2.751567830828352	0.0	0.0	0.0	0.0	0.0	0.0	0.0
2025-07-03 00:00:00+00:00	120.2699966430664	121.2300033569336	116.06999969482422	116.38999938964844	1607200	TWLO	-0.10299780652455645	4.445596343306848	2.0678347069685232	1.5254431185843242	0.6908825173021537	3.2271860251444564	3.333617384452921	4.445596343306848	-19.34965877157768	51.784405676699535	0.0	0.0	0.0	3.5729933017346984	3.085624865535761	124.42645182825476	113.41054920934289	0.6226859178972193	0.0	0.0	0.0	0.0
2025-07-07 00:00:00+00:00	121.48999786376953	121.97000122070312	118.9010009765625	119.79000091552734	1521300	TWLO	-0.3990984792022395	2.581139114838553	2.012915127409608	1.4422183648075968	0.7433376657643483	1.0143853452692837	1.4191476210447476	2.581139114838553	-5.344698855151816	54.39175746201094	0.0	0.0	0.0	3.5369937976208363	4.444633925816075	124.51602785789858	113.38997266090026	0.7280231006812339	0.0	0.0	0.0	0.0
2025-07-08 00:00:00+00:00	122.12000274658203	122.30999755859375	119.33999633789062	122.0	1485700	TWLO	0.4197894025830421	2.488688882052651	1.9307073706201312	1.4588681733347	0.7704234554713185	0.5185652266772972	0.09836290703445184	2.488688882052651	-2.3401038585420366	55.7233019028395	0.0	0.0	0.0	3.496494327841	4.662326385994137	124.57690802778846	113.36809242997522	0.7808059861663033	0.0	0.0	0.0	0.0
2025-07-09 00:00:00+00:00	121.48999786376953	122.94999694824219	121.05999755859375	122.5	1615100	TWLO	0.311167085548239	1.5612088450056896	1.06647521881672	1.544380027578877	0.9821700052298075	-0.5158900005266606	-0.8244915397799745	1.5612088450056896	8.70969913172242	54.02470845876682	0.0	0.0	0.0	3.381744689398674	4.283259968900885	124.58660155500195	113.36539887224416	0.7240399466279512	0.0	0.0	0.0	0.0
2025-07-10 00:00:00+00:00	117.31999969482422	121.88999938964844	114.91000366210938	121.88999938964844	2881100	TWLO	0.3292464671268167	6.0743151206083015	1.8112737240594319	1.8046625054697532	1.581214875307341	-3.4323798191364356	-3.7492819080384114	6.0743151206083015	78.38523930406785	44.381323896070406	0.0	0.0	0.0	3.6387626206944157	-0.3736433707747677	124.54145392693337	113.22954674445336	0.3616059506487281	0.0	0.0	0.0	0.0
2025-07-11 00:00:00+00:00	113.16000366210938	117.08000183105469	112.11000061035156	117.01000213623047	2771700	TWLO	-0.2642324918173573	4.433147082013507	1.809536672393506	1.8332664068319937	1.3487722508248254	-3.5458541114353324	-3.2903157027881096	4.433147082013507	-3.7971608066363545	37.23986573463236	0.0	0.0	0.0	3.750993796678576	-6.956091838034769	124.81431763103907	112.45368316241795	0.05714273822144843	0.0	0.0	0.0	0.0
2025-07-14 00:00:00+00:00	118.4800033569336	118.58999633789062	113.44000244140625	114.0	2936900	TWLO	0.7423085106985466	4.539839373808579	1.7923852778588503	1.7993831050643734	1.2561053847140842	4.701307460814067	3.9298275060820993	4.539839373808579	5.960241007324025	48.625079307431676	-0.42331458172978387	0.0	0.0	3.8709222880430523	-1.1183411294471135	124.81142096062958	112.72457986334503	0.4761726779780029	0.0	0.0	0.0	0.0
2025-07-15 00:00:00+00:00	126.16000366210938	128.10000610351562	118.47000122070312	118.4800033569336	5998400	TWLO	0.0	8.128644199869914	2.412835707695455	2.157855522223539	1.8509923965636417	6.482106758588591	6.482106758588591	8.128644199869914	104.24256869488235	59.92682202318393	0.1964014502784721	0.0	0.0	4.282285330526585	3.8952510459081204	125.73389860955862	113.07910264166208	1.0336714280998067	0.0	0.0	0.0	0.0
2025-07-16 00:00:00+00:00	122.16000366210938	128.1300048828125	119.26000213623047	127.7699966430664	4488400	TWLO	1.2761516599738125	7.437533613700463	1.6669566195466008	2.244196659567273	1.17642125127775	-3.1705769529882724	-4.390696664592473	7.437533613700463	-25.17337956788477	53.34465902493197	0.3606074417347571	0.0	0.0	4.609979431673403	-0.472538872213358	125.98601718093414	113.37598461960297	0.6965897193194182	0.0	0.0	0.0	0.0
2025-07-17 00:00:00+00:00	126.41000366210938	127.26000213623047	122.61000061035156	122.94000244140625	2585400	TWLO	0.638505857820966	3.792514071226847	1.968569330436495	2.1376202567844618	0.6883093371954336	3.479043772588091	2.8225159848658232	3.792514071226847	-42.39818198021567	58.553582796961635	0.8241807120582365	0.0	0.0	4.644980791848239	1.6484424587459938	126.9332250343042	113.43777716296142	0.9612297882083727	0.0	0.0	0.0	0.0
2025-07-18 00:00:00+00:00	131.0	131.4199981689453	126.55999755859375	126.6500015258789	3349600	TWLO	0.1898567018564759	3.8400764096898135	2.0763659998040986	2.149395398687856	0.865140737756151	3.6310388457543	3.434661209405703	3.8400764096898135	29.55828885278874	63.31700923767347	1.544140324456123	0.0	0.0	4.671053200061645	11.746136866635155	128.9273421317866	112.87566003496147	1.1291240292270281	0.0	0.0	0.0	0.0
2025-07-21 00:00:00+00:00	131.10000610351562	133.8000030517578	129.44000244140625	132.1999969482422	3465600	TWLO	0.9160282047650287	3.368356403056473	2.275110684931569	2.085267715058142	0.871305449681708	0.07634053703482824	-0.8320657111340338	3.368356403056473	3.4631000716503464	63.4156659125227	2.098591899983276	0.0	0.0	4.648835157939496	12.522533430413683	130.53148910336938	112.73151367373023	1.0319392013990982	0.0	0.0	0.0	0.0
2025-07-22 00:00:00+00:00	131.0	131.47000122070312	127.02999877929688	130.5399932861328	2113100	TWLO	-0.4271646005421468	3.495239301009797	1.7169133536333399	1.9962240785300454	0.6602570912567726	-0.07628230271527286	0.3523875727945619	3.495239301009797	-39.026431209602954	63.232524339284325	2.5010980104436555	0.0	0.0	4.633918535329978	8.921596122412614	131.88583456639952	112.70116799707704	0.9538259076227037	0.0	0.0	0.0	0.0
2025-07-23 00:00:00+00:00	132.6999969482422	134.02999877929688	129.8000030517578	130.9499969482422	2372000	TWLO	-0.03817026851741412	3.2588564160914157	0.2567635242553172	1.7610800720276003	0.8541161050577213	1.2977075940780058	1.3363879654702742	3.2588564160914157	12.252141403625005	65.0787568636452	2.923561551428307	0.0	0.0	4.6050669062020555	9.227096289064695	133.44719464234504	112.24780734129756	0.9647538071033811	0.0	0.0	0.0	0.0
2025-07-24 00:00:00+00:00	131.6699981689453	135.39999389648438	130.66000366210938	133.41000366210938	1818500	TWLO	0.5350465186100312	3.6277285332340528	0.2268480791597062	1.7398823122769818	0.6930893069488063	-0.7761859856700765	-1.3042541379213324	3.6277285332340528	-23.334738617200674	63.01416587540876	3.1390694196469866	1.7672530581679051	1.3718163614790815	4.614704286785837	7.820172950848195	134.60617390872403	112.27382792233067	0.8685236319745507	0.0	0.0	0.0	0.0
2025-07-25 00:00:00+00:00	131.05999755859375	133.1199951171875	130.2100067138672	132.0	2017400	TWLO	0.250627960540611	2.234842372533572	0.5552950303835528	1.8942388837437498	0.8558023518232569	-0.46327988063679687	-0.7121230616714015	2.234842372533572	10.937585922463569	61.76444911573634	3.2234807273156605	2.0584985919974566	1.164982135318204	4.4929388665383	7.877191425713377	135.52153957642355	112.32146197997292	0.8076927976089024	0.0	0.0	0.0	0.0
2025-07-28 00:00:00+00:00	131.50999450683594	132.91000366210938	130.72000122070312	131.9600067138672	1113700	TWLO	0.6867153761933081	1.6753384493232413	0.858232890304782	2.0741430753293852	0.5902148451991054	0.3433518667974984	-0.34102166121211624	1.6753384493232413	-44.795281054823036	62.35753211229507	3.288777312074643	2.304554336012894	0.9842229760617491	4.328443407600297	12.095120055338473	136.4028254158402	112.31717580486291	0.7968570087155008	0.0	0.0	0.0	0.0
2025-07-29 00:00:00+00:00	129.85000610351562	132.52999877929688	128.55999755859375	132.52999877929688	2071900	TWLO	0.7756096989327433	3.0880532794765485	0.8000424745554384	1.5213268340886625	1.1028370681854474	-1.2622526596136583	-2.0221781486954216	3.0880532794765485	86.03753254916046	58.73803916392629	3.1700359339192232	2.47765065559416	0.6923852783250632	4.302840394250499	14.749029605232108	136.91278495712413	112.35621681289541	0.7123873819775424	0.0	0.0	0.0	0.0
2025-07-30 00:00:00+00:00	130.9199981689453	131.63999938964844	128.1300048828125	129.64999389648438	1531400	TWLO	-0.1540332673313866	2.739400899926737	0.7542372846559736	0.704440975097756	0.8952519028633563	0.8240215749983842	0.9795636962967689	2.739400899926737	-26.087166369033255	60.336174665670086	3.1262346664081804	2.6073674577569643	0.518867208651216	4.246208545149458	10.499657713998296	137.3945245756766	113.24347667554412	0.7319153010045676	0.0	0.0	0.0	0.0
2025-07-31 00:00:00+00:00	129.0	132.22999572753906	128.10000610351562	132.22999572753906	2431800	TWLO	1.0006092093763	3.224035462329375	0.639353993941816	0.6652748565861007	1.3265038947437324	-1.466543076534157	-2.442710301673528	3.224035462329375	58.79587305733316	56.1347149922888	2.903128581047369	2.6665196824150454	0.2366088986323236	4.237907193640457	2.251106733871777	137.40860141691243	114.47839962068521	0.6332957951422858	0.0	0.0	0.0	0.0
2025-08-01 00:00:00+00:00	121.16000366210938	126.16500091552734	120.16000366210938	126.08000183105469	2802900	TWLO	-2.26356447205063	4.997500890815596	1.2005899276211427	0.8822868718882081	1.4082518564667343	-6.0775165410004846	-3.9022827549907846	4.997500890815596	15.260301011596347	42.975195844843824	2.069833466348385	2.5471824392017135	-0.47734897285332867	4.566627846801183	-0.8185985347266096	137.371289351951	114.60471238755096	0.2879348654305338	0.0	0.0	0.0	0.0
2025-08-04 00:00:00+00:00	125.31999969482422	125.95999908447266	122.0999984741211	122.69999694824219	2452800	TWLO	1.2710409702755876	3.161343700728779	0.8894918877344227	0.8795644476815924	1.086194069507918	3.4334730166534393	2.1352916151148817	3.161343700728779	-12.490634699775233	49.711735713873075	1.7252306130959454	2.3827920739805597	-0.6575614608846143	4.583296959341333	-0.8622766677538498	137.38108149417076	114.97792042843668	0.46163482180226273	0.0	0.0	0.0	0.0
2025-08-05 00:00:00+00:00	124.6500015258789	126.27999877929688	123.1500015258789	125.8499984741211	2095000	TWLO	0.4229163585920151	2.5416136537848333	0.973467303929654	0.8896411453041058	0.9258522702162826	-0.5346298839585648	-0.9535136772281696	2.5416136537848333	-14.587410306588389	48.71360203761332	1.3821347275481628	2.1826606046940804	-0.8005258771459176	4.479489837489664	-4.847327079481751	137.37773816456456	115.23426363597255	0.42521501662932804	0.0	0.0	0.0	0.0
2025-08-06 00:00:00+00:00	130.22000122070312	130.66000366210938	125.80999755859375	125.94000244140625	3190800	TWLO	1.03489843540798	3.8550243999939844	0.9303593488248175	0.9241359722956419	1.229756499888232	4.468511533606213	3.3984426681968265	3.8550243999939844	52.305489260143204	56.52815430101507	1.5419070466913212	2.054509893093529	-0.5126028464022077	4.588812144542579	-0.6712470189495297	137.7081902446166	115.77681189161389	0.6585627723262442	0.0	0.0	0.0	0.0
2025-08-07 00:00:00+00:00	122.38999938964844	132.39300537109375	119.13899993896484	131.33999633789062	6509600	TWLO	0.8600791788423333	11.124825152904558	3.4697339666698217	2.707349726641907	1.9088504553958396	-6.012902593806633	-6.814372771274534	11.124825152904558	104.01153315782877	45.93278584347995	1.0248976686516187	1.848587448205147	-0.8236897795535283	5.207754522227317	-6.572519549886689	137.29267225732153	116.69932984839136	0.27633540142514007	0.0	0.0	0.0	0.0
2025-08-08 00:00:00+00:00	98.66999816894531	105.75	97.61000061035156	103.44999694824219	17652200	TWLO	-15.475122588331484	8.339308819536253	3.747141347094069	2.9742048616093	2.7667678148236385	-19.380669449295976	-4.620588613152295	8.339308819536253	171.17180779156936	28.50331610877504	-1.2840402339557926	1.222061911772959	-2.5061021457287516	6.605771969160856	-25.64431014461124	141.30836742046975	111.23463413592674	-0.41779435390016145	0.0	0.0	0.0	0.0
2025-08-11 00:00:00+00:00	92.44000244140625	99.01000213623047	91.83999633789062	99.0	7871200	TWLO	0.33445002247760247	7.807062373957978	3.4954408745987022	2.965020930767345	1.0545891079027192	-6.313971666313304	-6.626260160195708	7.807062373957978	-55.40952402533396	25.74059127225304	-3.575383945215947	0.26257274037517786	-3.8379566855911245	6.646074385530784	-29.794179595266034	145.85248690466287	104.08651456018089	-0.27885169349620914	0.0	0.0	0.0	0.0
2025-08-12 00:00:00+00:00	95.2300033569336	97.87000274658203	92.55000305175781	92.77999877929688	6241200	TWLO	0.36780217320540864	5.748243673043483	2.748377811834771	2.883893779165653	0.7525865187507537	3.0181748613602704	2.640660282249775	5.748243673043483	-20.708405325744486	29.056890742939288	-5.107286962825384	-0.8113992002649346	-4.295887762560449	6.559211951219711	-27.3386196162879	147.98183911936448	98.8641623149617	-0.07398882020621857	0.0	0.0	0.0	0.0
2025-08-13 00:00:00+00:00	101.70999908447266	103.8499984741211	95.20999908447266	95.20999908447266	6462600	TWLO	-0.021006270876583993	9.07467647592646	1.9535326298430573	2.9410391680270305	0.7222912680388405	6.804573662831086	6.827014034768595	9.07467647592646	3.5473947317823495	36.185084709447224	-5.732370443224809	-1.7955934488569096	-3.9367769943678996	6.707839625393191	-22.659871239530975	148.72399517385097	96.07700580271154	0.10699554426656482	0.0	0.0	0.0	0.0
2025-08-14 00:00:00+00:00	100.83999633789062	101.79000091552734	99.44000244140625	100.08999633789062	3668900	TWLO	-1.5927664547873797	2.3632325185287484	2.70461603161069	3.0417766697689412	0.43785698430164144	-0.8553758277585595	0.7493256343701911	2.3632325185287484	-43.22873147030607	35.66692275871003	-6.226183982373641	-2.681711555560256	-3.544472426813385	6.396565257445184	-22.341169350811118	148.98136056733586	93.2626396768048	0.13599301168404135	0.0	0.0	0.0	0.0
2025-08-15 00:00:00+00:00	105.66999816894531	107.44000244140625	104.2300033569336	104.6500015258789	10053800	TWLO	3.7782678761925657	3.079726548103503	2.906624116902704	3.1631247083041565	1.46566679398327	4.789767955633904	0.9746742744329261	3.079726548103503	174.02763771157566	40.74040300893151	-6.156821976866254	-3.376733639821456	-2.7800883370447984	6.411096746450215	-19.28658749858537	148.10378796175002	91.60721209928514	0.24891395372163064	0.0	0.0	0.0	0.0
2025-08-18 00:00:00+00:00	105.05000305175781	107.83000183105469	104.70700073242188	104.81999969482422	24831700	TWLO	-0.8043895986087889	2.982609640986302	2.7954943866274933	3.179585214905236	2.422217323277056	-0.5867276690932189	0.21942697729749258	2.982609640986302	146.9882034653564	40.30104993782665	-6.081773611792897	-3.9177416342157447	-2.1640319775771526	6.176232771606115	-18.565889107164487	147.0087990979186	90.09720065794079	0.26273734710837715	0.0	0.0	0.0	0.0
2025-08-19 00:00:00+00:00	103.33000183105469	105.8489990234375	103.01000213623047	105.0	5323900	TWLO	-0.04759928634478587	2.756040023620682	2.821685466789039	3.156621715861065	0.5287847456044688	-1.6373166784732847	-1.5904744466145833	2.756040023620682	-78.56006636678117	39.04311557354861	-6.090875148366521	-4.352368337045901	-1.7385068113206206	5.9378587798633236	-14.716078979973407	145.76038300517922	88.57861693378561	0.2579735798794919	0.0	0.0	0.0	0.0
2025-08-20 00:00:00+00:00	101.94000244140625	102.43000030517578	98.93000030517578	101.9800033569336	4402700	TWLO	-1.306492258006877	3.5378550381111125	0.43162366978465055	3.1788802378568297	0.4559454029535428	-1.3452040695025793	-0.03922427359346042	3.5378550381111125	-17.303104866733037	38.010553076384454	-6.13947744145608	-4.709790157927937	-1.4296872835281427	5.828011833150151	-18.656237879310794	144.0238420258671	87.23915846241414	0.25888748613990126	0.0	0.0	0.0	0.0
2025-08-21 00:00:00+00:00	100.97000122070312	101.3499984741211	99.44999694824219	100.43000030517578	2605800	TWLO	-1.48126554842727	1.910509385804953	0.5989405644093145	2.7293694776228903	0.27593349132426476	-0.9515412963234611	0.537688851823606	1.910509385804953	-40.81359165966339	37.269803622326926	-6.18496962098169	-5.004826050538688	-1.1801435704430014	5.58958280886543	-18.99719215026204	142.172208781562	86.02079201189503	0.26623031205302855	0.0	0.0	0.0	0.0
2025-08-22 00:00:00+00:00	106.37999725341797	106.68000030517578	100.13999938964844	101.06999969482422	3688800	TWLO	0.09903780619207306	6.530857754532191	1.7695824187352687	2.517544873706386	0.45147345720866816	5.358023142823896	5.253782106091838	6.530857754532191	41.5611328574718	43.84305138121391	-5.718561022604504	-5.1475730449518515	-0.5709879776526527	5.657469816484138	-18.307482524808126	140.00124047970561	85.72376028323383	0.3805673530792769	0.0	0.0	0.0	0.0
2025-08-25 00:00:00+00:00	104.58999633789062	106.19999694824219	104.31999969482422	105.88999938964844	1600100	TWLO	-0.46061090094057855	1.802144611692559	1.934223641564804	2.3741174281444177	0.4540243909359695	-1.6826480181826018	-1.2276920004259606	1.802144611692559	-56.62274994578183	42.26498571412213	-5.430764489814237	-5.204211333924329	-0.2265531558899081	5.40050751234911	-14.543674434615047	137.4665565096581	85.56644443638683	0.36654163433494763	0.0	0.0	0.0	0.0
2025-08-26 00:00:00+00:00	102.44000244140625	105.0	102.04000091552734	105.0	4303200	TWLO	0.39201039914449237	2.900822283334805	1.9249659775030228	2.308126413575794	1.2960977314072986	-2.0556400915614907	-2.4380929129464284	2.900822283334805	168.93319167552028	40.38475803695549	-5.314903306409633	-5.22634972842139	-0.08855357798824315	5.226185481786507	3.820821265250091	134.94812525653794	85.34387532329605	0.3446504511431665	0.0	0.0	0.0	0.0
2025-08-27 00:00:00+00:00	103.1500015258789	105.13999938964844	102.55999755859375	102.8499984741211	1901100	TWLO	0.40023040115540187	2.5156024692577645	1.952317709909294	1.3366551382526215	0.6741967515426626	0.693087727012465	0.2916898942232835	2.5156024692577645	-55.8212493028444	41.31324341338908	-5.1069220727140845	-5.202464197279929	0.09554212456584477	5.045743443676199	11.58589225618126	131.79899949515342	85.71600142037391	0.37831740194539	0.0	0.0	0.0	0.0
2025-08-28 00:00:00+00:00	106.38999938964844	107.04000091552734	103.69999694824219	104.12000274658203	2640800	TWLO	0.9403792596743347	3.22083323585071	1.8315753701615973	1.315906718734439	0.93420121692373	3.1410545960648	2.1801734375587345	3.22083323585071	38.90905265372679	45.48577129517631	-4.627313902507012	-5.087434138325346	0.4601202358183336	4.96319029695993	11.718991535562406	128.72126057857753	86.53274027591465	0.47067920304567845	0.0	0.0	0.0	0.0
2025-08-29 00:00:00+00:00	105.61000061035156	107.41200256347656	104.77999877929688	106.55000305175781	2224200	TWLO	0.15039351727352587	2.5119333983994436	0.530779192801495	1.3301871358965127	0.8777842676054115	-0.7331504688144284	-0.882217188627985	2.5119333983994436	-15.77552256891851	44.66251288466409	-4.261041718470949	-4.922155654354467	0.6611139358835176	4.796676974618484	3.8344327607749356	127.01717261740164	86.68182793191475	0.46927013580839383	0.0	0.0	0.0	0.0
2025-09-02 00:00:00+00:00	104.19000244140625	105.0250015258789	101.80999755859375	102.72000122070312	1835100	TWLO	-2.736482693822813	3.1578470134378063	0.3392381305368028	1.3301072949694488	0.7110365456743436	-1.344567901466453	1.4310759377277418	3.1578470134378063	-17.493930401942272	43.131993996327914	-4.038793659344648	-4.745483255352504	0.7066895960078554	4.725485980128435	3.3221005803000616	124.10837526111087	87.47762556286375	0.45623900728797356	0.0	0.0	0.0	0.0
2025-09-03 00:00:00+00:00	105.23999786376953	105.71299743652344	103.0	103.68000030517578	1678400	TWLO	-0.48949239301273717	2.6339780937120754	0.35222846929455376	1.3340102166033252	0.8163741779835791	1.0077698414046699	1.504627270449452	2.6339780937120754	-8.539044193776906	44.642614632707534	-3.7348812299335776	-4.543362850268719	0.808481620335141	4.581736798442364	-0.40692752212250094	120.96651886130674	88.67848159645693	0.5129304123215381	0.0	0.0	0.0	0.0
2025-09-04 00:00:00+00:00	106.02999877929688	106.43000030517578	102.5	104.37999725341797	1792300	TWLO	-0.8171803761007399	3.834146639195884	0.5281869961782925	1.348710322428259	0.8811007983639438	0.7506660315120679	1.580764101643887	3.834146639195884	6.786224976167779	45.808993131487256	-3.3911904360801657	-4.312928367431009	0.9217379313508429	4.535184191780465	0.932885006253852	114.84076812395848	92.38523208966457	0.6076348686931422	0.0	0.0	0.0	0.0
2025-09-05 00:00:00+00:00	108.66999816894531	111.25	106.9749984741211	107.16500091552734	2500500	TWLO	1.070453786001633	3.99626229199068	0.6760489513241108	1.3045538710148135	1.246448332585614	2.4898608130173026	1.4043738539266943	3.99626229199068	39.51347430675668	49.628519942543655	-2.8726727353275834	-4.024877241010324	1.1522045056827404	4.584099693846369	5.167905006545493	110.59380484167801	95.26019524987473	0.8745366078864377	0.0	0.0	0.0	0.0
2025-09-08 00:00:00+00:00	109.08000183105469	110.18499755859375	106.58999633789062	109.20999908447266	1938500	TWLO	0.49691812333319807	3.3727379155797697	0.545476356038121	0.662669953043104	0.9946330350545932	0.3772924165066766	-0.11903420429242692	3.3727379155797697	-22.475504899020198	50.21539546600238	-2.400982817414956	-3.7000983562912504	1.2991155388762943	4.513449802907566	7.004119304148941	111.29884961698501	95.59615084077866	0.858696405149639	0.0	0.0	0.0	0.0
2025-09-09 00:00:00+00:00	107.0	110.07499694824219	107.0	109.30000305175781	2188200	TWLO	0.20168795105437143	2.873828923590829	0.5898498273385538	0.5196047929585875	1.0834926073738105	-1.906858999027371	-2.104302824830363	2.873828923590829	12.88109362909466	47.21029715776982	-2.1699896338647875	-3.394076611805958	1.2240869779411705	4.410703170431467	5.972069630975175	110.32487416776347	98.02612604585958	0.7296575119022141	0.0	0.0	0.0	0.0
2025-09-10 00:00:00+00:00	104.25	109.19000244140625	104.12999725341797	107.51000213623047	2419800	TWLO	0.4766375104957652	4.859315587682099	0.741850454586374	0.7523891349757458	1.1162159918075891	-2.570093457943925	-3.032277994097314	4.859315587682099	10.584041678091582	43.50349343993472	-2.183656061181722	-3.1519925016811112	0.9683364404993893	4.457081885971239	-2.0022535330057387	109.20884928984383	100.04415058808586	0.4589184597096879	0.0	0.0	0.0	0.0
2025-09-11 00:00:00+00:00	102.55999755859375	105.0999984741211	102.47000122070312	104.76000213623047	3571100	TWLO	0.4892106822354616	2.5666021490069055	0.917583433752275	0.746650101336516	1.4150704147217092	-1.621105459382494	-2.1000425093308235	2.5666021490069055	47.578312257211344	41.35454768665677	-2.3042934162438513	-2.9824526845936594	0.6781592683498081	4.326575840788863	-1.9409110339183095	109.15716113096397	100.18083859437783	0.265048292830257	0.0	0.0	0.0	0.0
2025-09-12 00:00:00+00:00	102.33000183105469	103.47000122070312	100.88999938964844	102.79000091552734	2937000	TWLO	0.2242622488384812	2.557242389397221	0.9609018506079087	0.7833270472585747	1.1248908430744717	-0.22425480988107785	-0.4475134549815626	2.557242389397221	-17.756433591890453	41.057306562871794	-2.390897346010817	-2.864141616877091	0.47324427086627363	4.201820554379279	-0.10738052296951162	109.01939994512799	100.46760032953023	0.21777889862241356	0.0	0.0	0.0	0.0
2025-09-15 00:00:00+00:00	104.4800033569336	104.83999633789062	102.66000366210938	103.44000244140625	3389300	TWLO	1.084726463881196	2.123507303736694	1.0752912352322168	0.8313973496307471	1.16828905097412	2.10104709020579	1.0054146277852747	2.123507303736694	15.40006809669731	45.034523666559366	-2.259992641102727	-2.7433118217222185	0.48331918061949164	4.080975836697612	1.2893861477268214	108.93974529979148	100.42825549366556	0.476032745801081	0.0	0.0	0.0	0.0
2025-09-16 00:00:00+00:00	102.11000061035156	104.07499694824219	100.69999694824219	103.70999908447266	2673200	TWLO	-0.736987220253413	3.3515393269919196	1.0829070957631206	0.8326250269102109	0.8916373145479773	-2.268379278746215	-1.5427620173999632	3.3515393269919196	-21.128256572153543	41.694690024956316	-2.3207371211316854	-2.658796881604112	0.3380597604724267	4.059478020411455	-4.022933362017963	108.93282009896261	100.14118045035379	0.22394231778020152	0.0	0.0	0.0	0.0
2025-09-17 00:00:00+00:00	103.52999877929688	104.77999877929688	102.2699966430664	103.0	2187600	TWLO	0.8716084461155241	2.454289839267966	0.45151580435596145	0.8483928081846676	0.7411472943854942	1.390655332932549	0.5145619216474514	2.454289839267966	-18.165494538380965	44.35732059916414	-2.2286055963253233	-2.5727586245483547	0.3441530282230314	3.960229459592445	-1.9695121854310569	108.93268972505344	100.1613105190872	0.38405456896884793	0.0	0.0	0.0	0.0
2025-09-18 00:00:00+00:00	108.37999725341797	108.51000213623047	104.68000030517578	104.70999908447266	2183600	TWLO	1.1397665595372812	3.6587713220185365	0.6468283424776257	0.8355183002926949	0.8165615861548011	4.684631055062814	3.5049166278615056	3.6587713220185365	-0.18284878405558602	52.35964725646074	-1.7441310977998512	-2.407033119198654	0.6629020213988026	4.03307045225967	4.021494110596708	109.38548344863833	100.35251627670348	0.8886870530932104	0.0	0.0	0.0	0.0
2025-09-19 00:00:00+00:00	106.5	108.5999984741211	105.72100067138672	108.5999984741211	6576300	TWLO	0.20299061291606263	2.7232033223779095	0.6335133194685068	0.79349563518139	1.9330687830687832	-1.734634896716312	-1.93370027958289	2.7232033223779095	201.1677962996886	49.3942367887376	-1.4946522134978437	-2.224556938058492	0.7299047245606483	3.950636691579292	1.1972654521159427	109.33887664195228	100.95212296131919	0.6615047072971882	0.0	0.0	0.0	0.0
2025-09-22 00:00:00+00:00	105.19000244140625	106.13899993896484	103.76000213623047	105.7750015258789	2203100	TWLO	-0.6807497409587735	2.2927888914370858	0.5869766386441377	0.8184104936864568	0.6961349359825073	-1.2300446559565728	-0.5530598686207822	2.2927888914370858	-66.49939935830179	47.38057563601252	-1.3866597052459326	-2.05697749149598	0.6703177862500476	3.864162489592881	-0.7922251698211283	109.24121939985169	100.93078072221861	0.5125146679261365	0.0	0.0	0.0	0.0
2025-09-23 00:00:00+00:00	103.43000030517578	105.55999755859375	102.98999786376953	105.43000030517578	2198200	TWLO	0.2281565340805242	2.495387657181717	0.5442298018413315	0.8307804292291837	0.7160820389867611	-1.6731648401765546	-1.8969932601829043	2.495387657181717	-0.2224138713630793	44.74152176316786	-1.4266468312408023	-1.9309113594449447	0.5042645282041425	3.7717222899665477	-4.821936092814777	109.24127154728517	100.81472897151367	0.31036113686551525	0.0	0.0	0.0	0.0
2025-09-24 00:00:00+00:00	103.23999786376953	106.18000030517578	102.37000274658203	104.55000305175781	1847000	TWLO	1.0828606238783745	3.7217910094477937	0.6678368415739738	0.5713137440307254	0.6153302861102597	-0.18370148007893025	-1.252993926111852	3.7217910094477937	-15.976708215812938	44.4536585937674	-1.456874582474427	-1.8361040040508412	0.37922942157641426	3.7744562377256337	-5.353872267375162	109.19657108970168	100.93942897133348	0.27861563473860784	0.0	0.0	0.0	0.0
2025-09-25 00:00:00+00:00	101.33000183105469	102.30999755859375	100.7699966430664	102.0	2263900	TWLO	-1.2010828064969277	1.528233568352813	0.7931289699053169	0.6977179029779754	0.7502071113762137	-1.850054312510914	-0.6568609499463849	1.528233568352813	22.571737953438006	41.55899340391217	-1.6163190900965532	-1.7921470212599837	0.17582793116343054	3.681280879366883	-5.299063709294685	109.34400788374955	100.60999220780317	0.08243740908714323	0.0	0.0	0.0	0.0
2025-09-26 00:00:00+00:00	102.33999633789062	102.61000061035156	101.06999969482422	101.7699966430664	2571400	TWLO	0.43421968228650837	1.52369735844197	0.9023886278973796	0.7901128208857772	1.160002165361435	0.9967378748496218	0.5600861880966298	1.52369735844197	13.582755422059279	43.648610384708235	-1.6422510474876901	-1.7621678265055252	0.11991677901783504	3.5283323105212014	-1.8321378053806954	109.23523710710849	100.31376267926846	0.2271186982612617	0.0	0.0	0.0	0.0
2025-09-29 00:00:00+00:00	104.29000091552734	104.58999633789062	102.58999633789062	103.36000061035156	1707200	TWLO	0.9966819513000984	1.9495078188840127	0.9171892885775013	0.8032682781886745	0.8062185366037949	1.9054178692741892	0.8997680917995672	1.9495078188840127	-33.60815120168002	47.5481314251243	-1.4882970757463312	-1.7073936763536863	0.21909660060735514	3.4370228597696872	1.686820785994288	109.15688029482413	100.2601195220704	0.4529605208446683	0.0	0.0	0.0	0.0
2025-09-30 00:00:00+00:00	100.08999633789062	104.3499984741211	98.44000244140625	104.05000305175781	4315500	TWLO	-0.23012547862946547	6.00365287092776	1.935012529141776	1.3450888449532552	1.6983471074380165	-4.02723611157951	-3.805868906988261	6.00365287092776	152.7823336457357	40.97171119216828	-1.6857603168915603	-1.7030670044612612	0.017306687569700996	3.613663800694341	-2.189001713165488	109.3853368274113	99.62166237913166	0.04796697813306161	0.0	0.0	0.0	0.0
2025-10-01 00:00:00+00:00	102.69999694824219	104.0	100.70999908447266	101.30999755859375	3222300	TWLO	1.2189042515143689	3.266806618444893	1.8997493022787835	1.3440675944494056	1.1442582899512084	2.6076538174110273	1.3720258840639257	3.266806618444893	-25.331942996176572	45.9725841985829	-1.6130518637790914	-1.6850639763248274	0.07201211254573603	3.634830933652558	-1.703681423717412	109.30700227672006	99.44599683827019	0.3299866459138188	0.0	0.0	0.0	0.0
2025-10-02 00:00:00+00:00	105.41999816894531	105.76000213623047	102.19999694824219	102.19999694824219	2888900	TWLO	-0.48685493170168787	3.483371129444552	1.7541838510054175	1.3344128233336503	0.9822648976899485	2.6484920170678548	3.150686220014127	3.483371129444552	-10.346646805077118	50.66359375330839	-1.3207240397314166	-1.6121959890061455	0.29147194927472886	3.6294862375336807	3.241599783379292	109.24264143669058	99.4493576172645	0.6096668555482258	0.1901	0.7108598947525024	3.739380091385645	0.5546319263267516
2025-10-03 00:00:00+00:00	102.94000244140625	105.16000366210938	99.2249984741211	105.16000366210938	5511600	TWLO	-0.24662731109070238	5.981360825655433	1.7927387596800197	1.6477398456094527	1.5617579552860503	-2.3524907708351877	-2.111069934759828	5.981360825655433	90.7854200560767	46.68359503306687	-1.274475699557783	-1.544651931116473	0.27017623155868997	3.812737198768719	-0.5698795951387646	108.5655785449893	99.55342093621188	0.37577921428005223	0.0	0.0	0.0	0.0
2025-10-06 00:00:00+00:00	109.69999694824219	110.48999786376953	102.87999725341797	103.75	4357000	TWLO	0.7868637452722064	7.3969681313329705	1.7863097257985219	2.0647821649025215	1.0734012308268417	6.5669267014868655	5.734936817582832	7.3969681313329705	-20.948544887147108	56.67460821969484	-0.6844584843515662	-1.3726132417634918	0.6881547574119256	4.083970299596065	1.2179366380105625	108.74053774939289	99.44046124352703	1.103166807094989	0.0	0.0	0.0	0.0
2025-10-07 00:00:00+00:00	107.55000305175781	110.79499816894531	104.9800033569336	110.0	2671600	TWLO	0.2734758979978437	5.539145195338438	1.7474390870148904	2.0859666193690347	0.7161928863248871	-1.9598851014542586	-2.2272699529474433	5.539145195338438	-38.68257975671334	53.25641824429985	-0.3859036723357434	-1.175271327877942	0.7893676555421987	4.2076149076257545	0.9859183584580399	108.84244935816464	99.39354993993105	0.8632172648686693	0.3404	-0.37129636108875275	-1.0907616637106026	-0.1577874527621269
2025-10-08 00:00:00+00:00	114.05000305175781	114.22000122070312	108.2300033569336	108.80000305175781	3625300	TWLO	1.1622500832458784	5.534507694705519	1.4019455251375512	2.133515466572741	0.9513025862792845	6.043700432878568	4.82536751171091	5.534507694705519	35.69770923790987	60.92872658946471	0.37092307408502734	-0.8660324474853482	1.2369555215703756	4.383499426291437	8.422854268196096	111.01779527072736	98.19820433254412	1.2365292149844656	0.775	0.04770470214816669	0.06155437495973126	0.26589329150371666
2025-10-09 00:00:00+00:00	113.95999908447266	115.33000183105469	112.4800033569336	113.7699966430664	1965600	TWLO	-0.24551196948616882	2.5337823515857956	1.7733075670170606	2.012796466094286	0.5420520542052054	-0.07891623399984561	0.16700575460360578	2.5337823515857956	-45.781038810581194	60.77996271857605	0.9524716549550902	-0.5023316269972605	1.4548032819523509	4.2739636439935556	10.180797397493519	112.69058885160732	97.66541090425207	1.0844855373635547	0.7785	-0.480500766803857	-0.6172127804638106	-0.1028005367626999
2025-10-10 00:00:00+00:00	107.12000274658203	115.74700164794922	107.04000091552734	114.91000366210938	2433200	TWLO	0.8336298572032539	8.134342916619714	2.1680822792498655	2.0764570047288924	0.8082270954712444	-6.002102836821269	-6.77921909952565	8.134342916619714	23.78917378917379	50.65727008069616	0.8516057736403013	-0.23154414686974814	1.0831499205100494	4.590609150309864	3.7582380502684294	112.85669399652639	97.97830585088573	0.6144279075267169	0.1261	-0.49994636286756533	-3.964650263420317	-0.3121324540072957
2025-10-13 00:00:00+00:00	110.52999877929688	110.80000305175781	107.66010284423828	109.0	1159750	TWLO	1.755038466406271	2.91649378420371	2.2803702311175598	1.9373864923130384	0.48912103716012467	3.183341995221942	1.4036686048595184	2.91649378420371	-52.33642939339141	54.707199745163024	1.0348973646941033	0.021744155443022162	1.013153209251081	4.525565661371715	9.079242852063835	113.46773052095133	97.97226886869711	0.8104134095787272	0.0	0.0	0.0	0.0
