timestamp	close	high	low	open	volume	symbol	gap_apertura_pct	volatilidad_diaria	vol_5d	vol_10d	vol_rel_5d	return_pct	close_open_pct	range_pct	volume_change_pct	rsi_14	macd	macd_signal	macd_diff	atr_14	momentum_12	bb_upper	bb_lower	bb_pctb	vader	finbert	sentiment_ratio	sentiment_combined	download_date	added_date	target_category	target	target_num
2025-06-05	84.66999816894531	85.75	83.08000183105469	83.4000015258789	33304500	UBER	0.0	3.2137675855795265	0.0	0.0	0.0	0.0	1.522777721619499	3.2137675855795265	0.0	0.0	0.0	0.0	0.0	0.0	0.0	0.0	0.0	0.0	0.0	0.0	0.0	0.0	0	0	Medium	1.0983823376494184	2.0
2025-06-06	85.5999984741211	86.69000244140625	85.02999877929688	85.4000015258789	28172700	UBER	0.8621747640492325	1.9522564811720933	0.0	0.0	0.0	1.0983823376494184	0.23418845979947917	1.9522564811720933	-15.408728550195919	0.0	0.0	0.0	0.0	0.0	0.0	0.0	0.0	0.0	0.0	0.0	0.0	0.0	0	0	Medium	1.775705957425304	2.0
2025-06-09	87.12000274658203	87.86000061035156	86.19999694824219	86.31999969482422	22780800	UBER	0.8411229363757506	1.9257583768896251	0.0	0.0	0.0	1.775705957425304	0.9267875979913621	1.9257583768896251	-19.13874069577996	0.0	0.0	0.0	0.0	0.0	0.0	0.0	0.0	0.0	0.0	0.0	0.0	0.0	0	0	Negative	-0.8379285283737368	0.0
2025-06-10	86.38999938964844	88.37999725341797	85.5999984741211	88.29000091552734	24494800	UBER	1.3429730625108538	3.2476621832386297	0.0	0.0	0.0	-0.8379285283737368	-2.152000799837751	3.2476621832386297	7.523879758393033	0.0	0.0	0.0	0.0	0.0	0.0	0.0	0.0	0.0	0.0	0.0	0.0	0.0	0	0	Low	0.2199356901824643	1.0
2025-06-11	86.58000183105469	87.5999984741211	85.94000244140625	87.58999633789062	15364200	UBER	1.389046135803047	1.931575500997485	0.7090238651305039	0.0	0.6189401935270753	0.2199356901824643	-1.1530934456712874	1.931575500997485	-37.27566667211	0.0	0.0	0.0	0.0	0.0	0.0	0.0	0.0	0.0	0.0	0.0	0.0	0.0	0	0	Negative	-1.108800027916287	0.0
2025-06-12	85.62000274658203	86.79000091552734	84.87000274658203	86.11000061035156	18776100	UBER	-0.5428519412834478	2.2622812617060233	0.5678229622866593	0.0	0.8566630105686175	-1.108800027916287	-0.5690371156618329	2.2622812617060233	22.206818448080604	0.0	0.0	0.0	0.0	0.0	0.0	0.0	0.0	0.0	0.0	0.0	0.0	0.0	0	0	Negative	-1.973840676469396	0.0
2025-06-13	83.93000030517578	85.56999969482422	83.375	84.80999755859375	18003000	UBER	-0.9460466736794362	2.632683292142991	0.5558699871054716	0.0	0.9054113453276993	-1.9738406764693956	-1.037610280332804	2.632683292142991	-4.117468483870453	0.0	0.0	0.0	0.0	0.0	0.0	0.0	0.0	0.0	0.0	0.0	0.0	0.0	0	0	Medium	1.4178511105436813	2.0
2025-06-16	85.12000274658203	86.0199966430664	84.70999908447266	84.8499984741211	12254200	UBER	1.0961493692364233	1.5464497376365485	0.6539930655508446	0.0	0.6892722991755191	1.4178511105436813	0.31821364445078654	1.5464497376365485	-31.93245570182747	0.0	0.0	0.0	0.0	0.0	0.0	0.0	0.0	0.0	0.0	0.0	0.0	0.0	0	0	Negative	-0.4229330342285712	0.0
2025-06-17	84.76000213623047	85.4800033569336	84.23999786376953	84.56999969482422	13677800	UBER	-0.6461501809337027	1.47199136349619	0.4882254378806476	0.0	0.8759364357229495	-0.4229330342285712	0.22466884485264857	1.47199136349619	11.61724143558943	0.0	0.0	0.0	0.0	0.0	0.0	0.0	0.0	0.0	0.0	0.0	0.0	0.0	0	0	Negative	-1.557337967857351	0.0
2025-06-18	83.44000244140625	86.4800033569336	82.30999755859375	85.16999816894531	25976700	UBER	0.4837140424511527	5.066220291613246	1.464552260034441	1.0873374655254817	1.4645024456576892	-1.557337967857351	-2.0312266816155145	5.066220291613246	89.91870037579143	0.0	0.0	0.0	0.0	0.0	0.0	0.0	0.0	0.0	0.0	0.0	0.0	0.0	0	0	Low	0.4074740267767601	1.0
2025-06-20	83.77999877929688	85.37000274658203	83.62000274658203	84.47000122070312	27472100	UBER	1.2344184433841154	2.092800696627018	1.476120298435531	1.0660210804312829	1.4105066756483111	0.4074740267767601	-0.816860934574172	2.092800696627018	5.756697348008022	0.0	0.0	0.0	0.0	0.0	0.0	0.0	0.0	0.0	0.0	0.0	0.0	0.0	0	0	Medium	1.742658278521533	2.0
2025-06-23	85.23999786376953	85.24500274658203	82.47000122070312	83.02999877929688	18407500	UBER	-0.8952017318306941	3.3648617494894313	1.5205308091298726	1.0914775901273186	0.9411913286149775	1.742658278521533	2.661687482794121	3.3648617494894313	-32.99565741242934	0.0	0.0	0.0	0.0	0.0	0.0	0.0	0.0	0.0	0.0	0.0	0.0	0.0	0	0	Very High	7.519948173102768	4.0
2025-06-24	91.6500015258789	92.4800033569336	87.91000366210938	87.98999786376953	38925100	UBER	3.2261849705757233	5.198497900636491	1.6904548708540723	1.3436275068184131	1.5637694923316234	7.519948173102768	4.159567849718526	5.198497900636491	111.46326225723212	0.0	0.0	0.0	0.0	0.0	8.243774073321845	0.0	0.0	0.0	0.0	0.0	0.0	0.0	0	0	Negative	-0.8183305919402796	0.0
2025-06-25	90.9000015258789	92.88999938964844	90.5999984741211	91.56500244140624	17400800	UBER	-0.09274313481453632	2.5275948720699564	1.429116197695797	1.341116522764447	0.6787525881128581	-0.8183305919402796	-0.726261014357394	2.5275948720699564	-55.29671086265674	70.86278335405007	0.0	0.0	0.0	2.6635725838797435	6.191592460553757	0.0	0.0	0.0	0.0	0.0	0.0	0.0	0	0	High	2.442245526333806	3.0
2025-06-26	93.12000274658205	94.37999725341795	90.87999725341795	91.3000030517578	23657800	UBER	0.44004567564832553	3.8512325107584298	1.2154275041874527	1.3388761987544266	0.9398212187349291	2.442245526333806	1.9934278576009385	3.8512325107584298	35.95811686818997	75.31287481450067	0.0	0.0	0.0	2.7233173993169046	6.887052124473689	0.0	0.0	0.0	0.0	0.0	0.0	0.0	0	0	Negative	-1.7074784368426486	0.0
2025-06-27	91.52999877929688	92.51000213623048	89.97000122070312	92.0999984741211	24731200	UBER	-1.0953653805582504	2.823164255935205	1.0507280616073578	1.3160230046139083	1.0043338986244583	-1.7074784368426486	-0.6188921870442607	2.823164255935205	4.53719280744617	67.37589788868344	0.0	0.0	0.0	2.7537948369284773	5.949762039544974	0.0	0.0	0.0	0.0	0.0	0.0	0.0	0	0	Medium	1.9337968928950533	2.0
2025-06-30	93.3000030517578	93.38500213623048	91.5199966430664	91.68499755859376	16155300	UBER	0.16934205327657922	2.037812020948506	1.2574270081280736	1.3503586019797633	0.6682912744415084	1.9337968928950535	1.7614719268895889	2.037812020948506	-34.676441094649675	71.03534176300604	0.0	0.0	0.0	2.6903098838024486	7.761609007373302	0.0	0.0	0.0	0.0	0.0	0.0	0.0	0	0	Negative	-1.2540254663129944	0.0
2025-07-01	92.12999725341795	93.23999786376952	90.30999755859376	92.8499984741211	17124000	UBER	-0.4823200031269735	3.244380892906954	0.6912577097840374	1.2506181213003844	0.8642452591171212	-1.2540254663129944	-0.7754455923914916	3.244380892906954	5.996174629997586	65.78260123359296	0.0	0.0	0.0	2.711716713042562	7.6033570404151885	0.0	0.0	0.0	0.0	0.0	0.0	0.0	0	0	Negative	-0.0868275307119783	0.0
2025-07-02	92.0500030517578	94.0999984741211	91.5500030517578	91.87999725341795	13604000	UBER	-0.2713557011321035	2.785358096516562	0.6659858017215857	1.1142644128778705	0.7139535835704607	-0.08682753071197831	0.18503026058103142	2.785358096516562	-20.555944872693296	65.42638021174322	0.0	0.0	0.0	2.700165192279757	9.674732178073487	0.0	0.0	0.0	0.0	0.0	0.0	0.0	0	0	Medium	1.716452090470609	2.0
2025-07-03	93.62999725341795	94.11000061035156	92.61000061035156	92.62999725341795	8112600	UBER	0.6300860211096763	1.619695486571821	0.6573620351209245	1.0373435697023372	0.508773052073887	1.716452090470609	1.0795638882123588	1.619695486571821	-40.366068803293146	68.99737073279664	0.0	0.0	0.0	2.654438932730758	9.997643599908884	95.28211848235894	80.77388279937934	0.8861252832500386	0.0	0.0	0.0	0.0	0	0	High	3.257506292030236	3.0
2025-07-07	96.68000030517578	97.12000274658205	93.54000091552734	93.54000091552734	29817200	UBER	-0.09611912905116045	3.8272416036083583	0.8916023461205568	1.0221394010616205	1.7578180729156228	3.257506292030236	3.356851997985396	3.8272416036083583	267.5418484826073	74.47755941331152	0.0	0.0	0.0	2.7205505683253253	14.063234861399486	96.62199858423764	80.63500291112368	1.0036280563355429	0.0	0.0	0.0	0.0	0	0	Medium	0.8274752267610245	2.0
2025-07-08	97.4800033569336	97.5999984741211	95.11000061035156	96.88999938964844	20586800	UBER	0.2172104714623319	2.6180189757022516	0.8181314812464106	1.0301616027785414	1.1533919139085167	0.8274752267610245	0.6089420693589057	2.6180189757022516	-30.956629059737335	75.6913236817806	0.0	0.0	0.0	2.7040825179999115	16.826462733371322	97.95863955453972	80.48636242910287	0.9726059634831854	0.0	0.0	0.0	0.0	0	0	Negative	-0.8617192638057168	0.0
2025-07-09	96.63999938964844	97.71499633789062	96.0999984741211	97.5	14858900	UBER	0.02051358471253471	1.6805389067768157	0.9087340278534889	0.788535168473787	0.8541610379457228	-0.8617192638057168	-0.8820519080528846	1.6805389067768157	-27.82316824372899	71.82868201184934	0.0	0.0	0.0	2.6262907569834555	15.34972642364067	98.94693692681291	80.45006472113631	0.8752795871911531	0.0	0.0	0.0	0.0	0	0	Negative	-0.2483421619260053	0.0
2025-07-10	96.4000015258789	97.4499969482422	95.12000274658205	96.06999969482422	15644400	UBER	-0.5898175687336294	2.449531259863089	0.895250881960521	0.7908311980574779	0.8787024024965204	-0.2483421619260053	0.343501438641585	2.449531259863089	5.2863940130157685	70.71827875986658	0.0	0.0	0.0	2.6051267173175057	13.092449485915381	99.75537863909938	80.64262322247288	0.8244430465373103	0.0	0.0	0.0	0.0	0	0	Negative	-1.0477200417464	0.0
2025-07-11	95.38999938964844	96.83499908447266	95.2699966430664	96.125	12453500	UBER	-0.2852712878900538	1.6427023161023155	0.8900309795183421	0.7382914533112623	0.6669555102355592	-1.0477200417464	-0.7646300237727568	1.6427023161023155	-20.396435785328936	66.08802094055616	0.0	0.0	0.0	2.530832126180987	4.080739554285202	100.29962795266859	80.97937366476306	0.745881783445595	0.0	0.0	0.0	0.0	0	0	Negative	-1.5724918855202104	0.0
2025-07-14	93.88999938964844	95.4800033569336	93.55999755859376	95.19000244140624	14300200	UBER	-0.20966238549311184	2.052165293332109	0.4408009511002952	0.7379002771412021	0.9185188801163355	-1.5724918855202104	-1.365692844222805	2.052165293332109	14.828762998353875	59.823355128566305	2.6852711595170575	0.0	0.0	2.4872016741923333	3.28932652758899	100.52444213825198	81.5815591434863	0.6497659437353447	0.0	0.0	0.0	0.0	0	0	Negative	-1.789328273614841	0.0
2025-07-15	92.20999908447266	95.16000366210938	91.8499984741211	95.0	18488400	UBER	1.1822351875251393	3.603707395728353	0.805944880583549	0.8155657397519213	1.2204305475976098	-1.789328273614841	-2.936843068976151	3.603707395728353	29.287702269898325	53.68526770379111	2.3570661140515483	0.0	0.0	2.545973353749187	-0.9772375808298509	100.36323138640239	82.57076977326557	0.5417591742387178	0.0	0.0	0.0	0.0	0	0	Negative	-1.5833413935241076	0.0
2025-07-16	90.75	92.75	89.80999755859375	92.6500015258789	17636000	UBER	0.47717432575090707	3.273580360012967	0.8216184544662498	0.818366220001063	1.1229902257314783	-1.5833413935241076	-2.050730161454126	3.273580360012967	-4.610458449622466	48.98173296427543	1.9565970931841576	0.0	0.0	2.574118288581834	-0.8521782909422506	100.1670451825557	83.32995570245406	0.440696374888016	0.0	0.0	0.0	0.0	0	0	Negative	-0.2754820936639118	0.0
2025-07-17	90.5	91.4000015258789	89.9000015258789	91.20500183105467	16903600	UBER	0.5013794281594196	1.6685205501005527	0.9260156736683027	0.8586892509630504	1.0593657442746895	-0.27548209366391185	-0.7729859293907991	1.6685205501005527	-4.152869131322295	48.20295261818276	1.6005988905879462	0.0	0.0	2.4973955536831314	-3.001074984107458	99.8512759684187	84.21972470296801	0.4017691648373272	0.0	0.0	0.0	0.0	0	0	Low	0.0994434672824585	1.0
2025-07-18	90.58999633789062	91.16999816894533	89.40499877929688	90.8000030517578	14223500	UBER	0.3314950848152467	1.974161863147595	0.8637093883460171	0.8276563336088323	0.8720541693183588	0.09944346728245855	-0.2312849193930812	1.974161863147595	-15.855202442083344	48.52026473307103	1.3106216717407477	0.0	0.0	2.4450815419663683	-1.6715521127079993	99.1912721760925	85.59472788494267	0.36739250400555395	0.0	0.0	0.0	0.0	0	0	Medium	0.6292166323670949	2.0
2025-07-21	91.16000366210938	91.93000030517578	90.52999877929688	90.8499984741211	12150600	UBER	0.28700976569277	1.5464503973892352	0.9560490351106516	0.7224114263154403	0.7651308970417658	0.6292166323670949	0.3412275103962574	1.5464503973892352	-14.573768762962702	50.58507463942652	1.1139663532455302	0.0	0.0	2.3704329693886925	-0.9668651386659869	98.34224734291531	87.1817532064011	0.3564582721021718	0.0	0.0	0.0	0.0	0	0	Medium	0.6910895437796333	2.0
2025-07-22	91.79000091552734	92.26000213623048	89.87999725341797	91.4800033569336	11561800	UBER	0.35103080514379853	2.6479805913901573	0.7265347773286548	0.7241630450791138	0.7976350628833192	0.6910895437796333	0.33886920334295567	2.6479805913901573	-4.845851233683933	52.836673907436264	0.9974530914123108	0.0	0.0	2.3711166774903942	-1.9651782461452993	97.51476702260041	88.66423383189178	0.3531727429616358	0.0	0.0	0.0	0.0	0	0	Negative	-2.015468412320437	0.0
2025-07-23	89.94000244140625	92.6999969482422	89.86499786376953	92.6999969482422	18617900	UBER	0.9913890659531757	3.154731154359315	0.6842487190177124	0.7442400045351628	1.2672583020907355	-2.015468412320437	-2.97734045059026	3.154731154359315	61.02942448407688	46.182049413509134	0.7472225596596473	0.0	0.0	2.4042511351319855	-6.971449981893209	97.59999650940284	88.40800443664207	0.1666665933387874	0.0	0.0	0.0	0.0	0	0	Medium	1.0340229930299016	2.0
2025-07-24	90.87000274658205	93.61000061035156	90.87000274658205	91.0500030517578	23446200	UBER	1.234156749189202	3.0152941355254645	0.6885951197911773	0.7693888148316326	1.4653875	1.0340229930299016	-0.19769390350644012	3.0152941355254645	25.93364450340801	49.61735555902925	0.616845699472492	1.3488901745570578	-0.7320444750845658	2.4946616375472233	-6.780878521462823	97.6012609662318	88.40374010188343	0.26814428377742483	0.0	0.0	0.0	0.0	0	0	Low	0.4621967164638343	1.0
2025-07-25	91.29000091552734	91.37999725341795	89.5	90.48999786376952	13864100	UBER	-0.41818517808597927	2.1005555904111226	0.6679571530333435	0.727994979351189	0.870416596560046	0.4621967164638343	0.8840789818143346	2.1005555904111226	-40.86845629568971	51.13437361595111	0.5411731336067049	1.1873467663669872	-0.6461736327602823	2.4507570386808473	-5.536008389807748	97.56920589956857	88.2527949854412	0.3260060079016627	0.0	0.0	0.0	0.0	0	0	Negative	-0.7558357262420498	0.0
2025-07-28	90.5999984741211	92.3499984741211	90.23999786376952	91.30999755859376	11606100	UBER	0.02190452718356723	2.3382099515748345	0.4436469442958453	0.7137617865245313	0.7336708130995081	-0.7558357262420498	-0.7775699304088394	2.3382099515748345	-16.28666844584214	48.54812559081548	0.42067536578080933	1.0340124862497517	-0.6133371204689424	2.426417293800185	-6.016600580862836	97.59492767807237	88.13407317641983	0.2606450926045355	0.0	0.0	0.0	0.0	0	0	Negative	-3.8520948372492647	0.0
2025-07-29	87.11000061035156	89.16000366210938	86.36000061035156	88.88500213623047	24966200	UBER	-1.8929319721572568	3.24224528944965	0.516188225409238	0.6606528666136003	1.3495170296376777	-3.8520948372492647	-1.996964035798112	3.24224528944965	115.11274243716667	38.06213253042396	0.04306987347085567	0.8358239636939726	-0.7927540902231169	2.5559587630837095	-8.68015392837439	97.90090544784807	87.20909516250349	-0.009268266973251046	0.0	0.0	0.0	0.0	0	0	Medium	0.6084247222860122	2.0
2025-07-30	87.63999938964844	87.80500030517578	86.4749984741211	87.23999786376953	16862800	UBER	0.14923344335566535	1.5380189124290184	0.6916427590472816	0.6617014725764618	0.9291269860510836	0.6084247222860122	0.4585070330968285	1.5380189124290184	-32.45748251636213	40.17538508461457	-0.21098660532916824	0.6264618498893445	-0.8374484552185127	2.4683904107959225	-6.656725999179286	98.09005093849628	86.57094988547833	0.09280667816435416	0.0	0.0	0.0	0.0	0	0	Low	0.1255141614760841	1.0
2025-07-31	87.75	88.83999633789062	86.61000061035156	87.5250015258789	16922400	UBER	-0.13121618504154642	2.5747554691421337	0.6260806764644542	0.6230966842937407	1.0046353904461562	0.12551416147608413	0.2570676608952328	2.5747554691421337	0.35344070972792185	40.62815815145197	-0.39885432088144057	0.42139861573518755	-0.8202529366166281	2.4513622191347184	-4.836784653242319	98.21205527481447	86.01894524398435	0.14196991183042734	0.0	0.0	0.0	0.0	0	0	Negative	-0.9572607839209402	0.0
2025-08-01	86.91000366210938	87.05500030517578	85.41999816894531	86.50499725341797	15732500	UBER	-1.4188065488114316	1.9140741878696017	0.6503898527900822	0.6280712262318414	0.9137240097572308	-0.9572607839209402	0.4681884533270749	1.9140741878696017	-7.031508533068595	38.2476358718059	-0.6085070330019136	0.2154174859877674	-0.8239245189896809	2.4426936199861444	-4.231400923295454	98.23528083114456	85.3237203285234	0.12285759984348531	0.0	0.0	0.0	0.0	0	0	Medium	1.7489317443546346	2.0
2025-08-04	88.43000030517578	88.58999633789062	87.41000366210938	87.69999694824219	15138900	UBER	0.9089785442929743	1.3499515231032477	0.7810644282411083	0.6602437997407167	0.8445897695675654	1.7489317443546346	0.8323869809988923	1.3499515231032477	-3.7730812013348167	44.57601885227281	-0.6445770093416883	0.04341858692187625	-0.6879955962635645	2.3882149811143663	-2.28729248046875	97.56678481475569	85.16721634491228	0.26313689611044244	0.0	0.0	0.0	0.0	0	0	Medium	1.0856033938252376	2.0
2025-08-05	89.38999938964844	90.95500183105467	89.05000305175781	89.37000274658203	25856000	UBER	1.0629904310327498	2.1392461695814133	0.4863804821717939	0.6575441462059616	1.4283094287425175	1.0856033938252376	0.022375117435219083	2.1392461695814133	70.79180125372385	48.18750959513128	-0.5889102318227231	-0.08304717682704361	-0.5058630549956794	2.3979854485975465	-1.3246462046055638	96.53841188258866	85.38658888035079	0.3589915755024334	0.0	0.0	0.0	0.0	0	0	Negative	-0.190175825154999	0.0
2025-08-06	89.22000122070312	90.95999908447266	86.30000305175781	90.9499969482422	40169800	UBER	1.745158931922328	5.399763462256246	1.5855737966102514	1.1595213353959057	1.7646257762283473	-0.190175825154999	-1.9021394014159037	5.399763462256246	55.35968440594059	47.59605978434643	-0.5521465394735969	-0.17686704935635428	-0.37527949011724265	2.5595576331773535	-2.1281289638787184	95.56147904516132	85.62152190088361	0.36202161313050624	0.0	0.0	0.0	0.0	0	0	High	3.866842525262872	3.0
2025-08-07	92.66999816894533	92.73999786376952	89.16000366210938	90.72000122070312	28522200	UBER	1.6812373677169725	4.01524680867812	1.6901019558120083	1.243134242818695	1.1370728930293081	3.8668425252628715	2.149467506617708	4.01524680867812	-28.995912352065485	58.6801751613635	-0.241837376782172	-0.18986111484151783	-0.05197626194065416	2.6324459594975527	0.958707097331689	94.72678829109971	86.08321231925184	0.7620440742519822	0.0	0.0	0.0	0.0	0	0	Negative	-3.3559951136308213	0.0
2025-08-08	89.55999755859375	94.30999755859376	88.91000366210938	92.95999908447266	26212500	UBER	0.31293937763830865	6.073550415098786	2.033183937833879	1.6213758080024194	0.96440823138292	-3.3559951136308213	-3.657488768679234	6.073550415098786	-8.097902686328544	48.683695639623245	-0.2440528977012093	-0.20069947141345615	-0.043353426287753155	2.8301279549966125	-0.4225093089807998	93.7891940169319	86.43780641031418	0.4247077307512628	0.0	0.0	0.0	0.0	0	0	Medium	1.1389060967689235	2.0
2025-08-11	90.58000183105467	91.43000030517578	88.91999816894531	89.80999755859375	16668900	UBER	0.2791424819283185	2.822764493833592	1.6633450397922867	1.6046115395161018	0.6064532043361901	1.1389060967689235	0.8573703300220645	2.822764493833592	-36.40858369098712	51.59616680735643	-0.1616396128949873	-0.1928874997097624	0.03124788681477511	2.807261825084745	-0.3191382268757334	93.20258166726481	86.69341900412192	0.5970941314679256	0.0	0.0	0.0	0.0	0	0	Medium	1.2695975961933037	2.0
2025-08-12	91.7300033569336	92.55500030517578	91.13999938964844	91.19000244140624	12509000	UBER	0.6734385052114542	1.5525575213993887	1.846031830618954	1.6761520041619467	0.5040602051539944	1.2695975961933035	0.592171182223987	1.5525575213993887	-24.95605588851094	54.71667736947561	-0.0034907396816095115	-0.15500814770413182	0.1515174080225223	2.747814442873057	0.48198317120556716	93.1180223041695	86.7299787944633	0.7827161093804532	0.0	0.0	0.0	0.0	0	0	Negative	-0.9811419306035511	0.0
2025-08-13	90.83000183105467	92.1999969482422	89.91000366210938	92.0500030517578	16867300	UBER	0.34884954007800845	2.546983864819811	1.7320693454705762	1.6116427005834133	0.8368384965652873	-0.9811419306035511	-1.325367930750794	2.546983864819811	34.84131425373731	51.8968876243133	0.048659859656822846	-0.11427454623194089	0.16293440588876373	2.715112931677326	0.25386684415814587	93.12634765355264	86.72965362818564	0.6410105261574989	0.0	0.0	0.0	0.0	0	0	Medium	0.6275456163531098	2.0
2025-08-14	91.4000015258789	92.31999969482422	90.1050033569336	90.3499984741211	14525100	UBER	-0.5284634451801442	2.4582390049044713	1.7342651465311874	1.6157869329435048	0.8368651391750439	0.6275456163531098	1.1621506026461799	2.4582390049044713	-13.886039852258511	53.53025312049157	0.13443412414264344	-0.06453281215702403	0.19896693629966747	2.679390317835419	4.924808730879	93.22711261656058	86.7188888177656	0.7192611767560964	0.0	0.0	0.0	0.0	0	0	Medium	1.3129069236420323	2.0
2025-08-15	92.5999984741211	93.9000015258789	90.86000061035156	91.6500015258789	15841800	UBER	0.27352297136364406	3.345807720785994	0.6540105567032463	1.5689442432985827	1.0366028416965376	1.3129069236420325	1.036548753328651	3.345807720785994	9.064997831340232	56.851961197276864	0.29583042268340876	0.007539834811062532	0.28829058787234624	2.705148217670556	5.659515197416243	93.51630925485439	86.63069239309483	0.8669239373712201	0.0	0.0	0.0	0.0	0	0	Medium	1.4902860751106488	2.0
2025-08-18	93.9800033569336	94.4000015258789	91.88999938964844	92.22000122070312	16471300	UBER	-0.41036421131709466	2.7315291684649035	0.6455508955577678	1.4469102310789352	1.0805883394892049	1.4902860751106488	1.9084820135909446	2.7315291684649035	3.9736646088197047	60.36108045995913	0.5289950868621247	0.11183088522127498	0.4171642016408497	2.691209211853407	7.099718925280449	94.03411605550401	86.39488556192764	0.9929164725928975	0.0	0.0	0.0	0.0	0	0	Medium	1.425831336482671	2.0
2025-08-19	95.31999969482422	96.59500122070312	93.8499984741211	94.0	21177300	UBER	0.021277550917357946	2.924883101984236	0.3531985189650012	1.3968265467020016	1.2474435339079295	1.4258313364826707	1.4042549944938496	2.924883101984236	28.570908185753403	63.46792208423509	0.8125398155306129	0.2519726712831426	0.5605671442474703	2.6950516071911657	9.676672049642768	94.77068514014282	86.01131635521851	1.0627116597290462	0.0	0.0	0.0	0.0	0	0	Negative	-1.6680616271308697	0.0
2025-08-20	93.7300033569336	94.95999908447266	91.44000244140624	94.83000183105467	15194800	UBER	-0.5140556707284084	3.8495150361812343	0.5461836018845051	1.2239692711165808	0.9130360063597895	-1.6680616271308697	-1.1599688420135146	3.8495150361812343	-28.249588002247688	57.68995935876157	0.8985932162735537	0.3812967802812248	0.5172964359923289	2.7796905819216526	5.993444570244567	95.18778872657417	85.9732128603399	0.8417957168291968	0.0	0.0	0.0	0.0	0	0	Medium	0.5334471162835107	2.0
2025-08-21	94.2300033569336	95.0	92.80999755859376	93.62000274658205	12864100	UBER	-0.11735901676291907	2.3596622120624673	0.5744720698812856	1.2182257255281335	0.7887314789949147	0.5334471162835107	0.6515708101427274	2.3596622120624673	-15.338800115829098	58.95538097378343	0.9956596331943928	0.5041693508638585	0.49149028233053427	2.737570000456266	5.414480367303414	95.62304875928336	85.87395288866585	0.8571102981407511	0.0	0.0	0.0	0.0	0	0	High	2.716754183799338	3.0
2025-08-22	96.79000091552734	97.54000091552734	94.29000091552734	94.45999908447266	15584900	UBER	0.24407908239996792	3.44681299018293	0.589395919097944	0.6471505784817668	0.9585705428797772	2.716754183799338	2.4666545136963625	3.44681299018293	21.150333097535	64.7658344334203	1.2645786011746765	0.6562512009260222	0.6083274002486543	2.778457683180372	8.484644240363037	96.5642604988783	85.48274114907093	1.0203708904459	0.0	0.0	0.0	0.0	0	0	Negative	-1.6840554168818898	0.0
2025-08-25	95.16000366210938	97.5	95.125	95.66000366210938	10938100	UBER	-1.1674731302091466	2.4967148488830486	0.6302945013709267	0.6542676043525627	0.721899122482814	-1.6840554168818898	-0.5226844876214952	2.4967148488830486	-29.816039884760247	59.03527052102767	1.3308306772264586	0.7911670961861095	0.5396635810403492	2.7496392772389164	2.6869596874541375	97.07201150771029	85.43099065903776	0.8357525623864039	0.0	0.0	0.0	0.0	0	0	Medium	1.4396753514764753	2.0
2025-08-26	96.52999877929688	96.81999969482422	94.36000061035156	94.87999725341795	17163400	UBER	-0.2942480011724851	2.6070358929213353	0.6571761523796024	0.5036658947984463	1.1961341021641836	1.4396753514764753	1.739040444396177	2.6070358929213353	56.91390643713259	62.07279032357555	1.476858772629825	0.9283054314748527	0.5485533411549723	2.7289506920413262	7.782493759161918	97.6498174416442	85.79518454199838	0.9055374660837634	0.0	0.0	0.0	0.0	0	0	Negative	-1.2431337029080842	0.0
2025-08-27	95.33000183105467	96.9499969482422	95.33000183105467	96.5	11364300	UBER	-0.03107715702500241	1.6993549628358438	0.6257491286846713	0.6226044133100536	0.8366585781007969	-1.2431337029080842	-1.212433335694639	1.6993549628358438	-33.78759453255182	58.014951736641635	1.4787116974008399	1.0383866846600502	0.4403250127407896	2.6497395795517695	5.243983113247739	97.92173821160445	86.29226401617875	0.777140708427798	0.0	0.0	0.0	0.0	0	0	Medium	0.6608593740871568	2.0
2025-08-28	95.95999908447266	96.11000061035156	94.08000183105467	96.0250015258789	12024300	UBER	0.729046136027483	2.157736755726562	0.6450568606185079	0.6472645734093867	0.896332463660082	0.6608593740871568	-0.06769324693916483	2.157736755726562	5.807660832607376	59.51142575472313	1.5135681948883928	1.1334229867057188	0.38014520818267394	2.6054723795335635	4.611354597992969	98.20165039733043	86.83335173890005	0.8028155856729335	0.0	0.0	0.0	0.0	0	0	Negative	-2.303042002456894	0.0
2025-08-29	93.75	96.1500015258789	91.61000061035156	95.99500274658205	19310000	UBER	0.036477347273186016	4.955791818883955	1.2648307198964632	0.9418394586514393	1.3636986388437304	-2.303042002456894	-2.3386662663145557	4.955791818883955	60.591468942059	52.44905786747609	1.347332552906309	1.1762048999458368	0.17112765296047217	2.743652989247405	3.2147947925582696	97.9444495956204	87.77455217439913	0.5875622514276351	0.0	0.0	0.0	0.0	0	0	Negative	-1.0026692708333182	0.0
2025-09-02	92.80999755859376	93.53700256347656	91.91999816894533	92.26000213623048	12883300	UBER	-1.5893310546874848	1.7591431970649583	1.3469586422796171	1.0114189647764265	0.8855073798582176	-1.0026692708333182	0.5961363642189839	1.7591431970649583	-33.281719316416364	49.74497043390929	1.1267507861938526	1.1663140771954401	-0.03956329100158751	2.6783921922336384	1.5426652179164713	97.74125258202233	88.415748913339	0.4712076474766097	0.0	0.0	0.0	0.0	0	0	Low	0.1400763777958248	1.0
2025-09-03	92.94000244140624	94.76499938964844	92.18000030517578	92.75	12052200	UBER	-0.06464557717059084	2.8042949402415136	1.3487926396593495	1.0108232737998903	0.8909854644328822	0.14007637779582482	0.20485438426548333	2.8042949402415136	-6.450986936576809	50.1279325171811	0.9514606087808914	1.1233433835125304	-0.17188277473163893	2.671721255964997	0.36717491672547153	97.60319049292595	88.90881130761117	0.46365485653121025	0.0	0.0	0.0	0.0	0	0	Negative	-1.0329234551912894	0.0
2025-09-04	91.9800033569336	93.125	90.93000030517578	93.11000061035156	15960100	UBER	0.1829117328165572	2.4139444489799238	1.2540661558185207	0.9473008153591609	1.1048125499273846	-1.0329234551912894	-1.213615343153956	2.4139444489799238	32.424785516337266	47.26375267874339	0.7267010202084521	1.0440149108517147	-0.31731389064326265	2.6376697158835127	-2.1281122883173906	97.3801842065853	89.40781780757486	0.3226376486758066	0.0	0.0	0.0	0.0	0	0	Negative	-1.0763268721814507	0.0
2025-09-05	90.98999786376952	92.52999877929688	88.83999633789062	92.52999877929688	20384500	UBER	0.5979510788111118	4.153537363252286	1.3077718434797312	1.0466352294177748	1.264702488270892	-1.0763268721814507	-1.664326095151668	4.153537363252286	27.72163081684952	44.443547678727974	0.46335103517469634	0.9278821357163112	-0.46453110054161484	2.7128363391351367	-4.54259530520101	97.42247502705212	89.19752695659045	0.21793096951169624	0.0	0.0	0.0	0.0	0	0	High	3.7037068092117367	3.0
2025-09-08	94.36000061035156	94.55999755859376	91.37999725341795	91.37999725341795	18906600	UBER	0.42861786878195746	3.4799741746073054	0.9290089026579454	1.048788551831191	1.1789112159497772	3.7037068092117367	3.2611112349559024	3.4799741746073054	-7.250116510093453	54.41487477950212	0.5205744735772981	0.8464206032885087	-0.3258461297112105	2.77406229311293	0.672140436204695	97.30367096039166	89.7963313284267	0.6078943414912981	0.0	0.0	0.0	0.0	0	0	Medium	1.1551465990252054	2.0
2025-09-09	95.4499969482422	95.4800033569336	92.7699966430664	94.5	11850200	UBER	0.14836730472962625	2.9212103179155737	0.676294912141729	1.0413410463127808	0.7485572355521417	1.1551465990252054	1.0052877759176737	2.9212103179155737	-37.322416510636494	57.09703799530993	0.6464264539970799	0.8064217734302229	-0.15999531943314305	2.7694868945953774	1.2946975993276761	97.37270279310094	90.21429900743617	0.7314057850845046	0.0	0.0	0.0	0.0	0	0	Negative	-1.2991072848770595	0.0
2025-09-10	94.20999908447266	96.0999984741211	93.70999908447266	95.51000213623048	15944200	UBER	0.06286557350108568	2.550420886776479	0.7174474991520013	1.0432339889521107	0.9599665725818105	-1.2991072848770595	-1.361117184254242	2.550420886776479	34.547940119154106	53.25795815896858	0.6387445412161838	0.7728863269874152	-0.13414178577123137	2.742380644242025	-2.665566491012189	97.37181279280905	90.46318858048197	0.5423381542891332	0.0	0.0	0.0	0.0	0	0	Low	0.4988867692076953	1.0
2025-09-11	94.68000030517578	96.31999969482422	94.0	94.5500030517578	16190100	UBER	0.3609000855421728	2.4680847817278924	0.7047284388808854	0.971655092158788	0.9720794566475655	0.4988867692076953	0.13749048040413167	2.4680847817278924	1.5422536094630022	54.50656308732357	0.6629397833816597	0.7508970182662642	-0.0879572348846045	2.7122105764264672	-0.5044171274288428	97.2712975817349	90.94870363896823	0.5901528233481329	0.0	0.0	0.0	0.0	0	0	Medium	1.2779880445421907	2.0
2025-09-12	95.88999938964844	96.2699966430664	93.70999908447266	94.48999786376952	13659200	UBER	-0.20067853907249886	2.731829669837155	0.4029794682318284	0.9348282889968006	0.8921715525608652	1.2779880445421907	1.4816399169543486	2.731829669837155	-15.632392635005344	57.64351604477256	0.7708654438580425	0.7548907033846199	0.01597474047342251	2.7013382180098446	-0.6630056953711476	97.32733492201395	91.34166608506614	0.7598705221556443	0.0	0.0	0.0	0.0	0	0	High	3.0868694371815746	3.0
2025-09-15	98.8499984741211	98.86000061035156	95.5199966430664	95.8000030517578	18652400	UBER	-0.09385372662788288	3.4966541924890238	0.40971496404533114	0.6785027138297265	1.22236916434785	3.0868694371815746	3.1837111954114206	3.4966541924890238	36.55558158603725	64.15498840793072	1.0827630769657617	0.8204651781008483	0.2622978988649134	2.746957200100938	3.692433206184779	98.11725665876182	91.17674434831827	1.1055746006323917	0.0	0.0	0.0	0.0	0	0	Negative	-1.031863084280629	0.0
2025-09-16	97.83000183105467	99.6999969482422	97.0199966430664	99.41999816894533	17257900	UBER	0.5766309596590017	2.7623174581580687	0.40738015220920476	0.5582095603987061	1.0561259084644778	-1.031863084280629	-1.5992721456187897	2.7623174581580687	-7.47624970513178	60.69251623282764	1.2334208854868507	0.9030563195780488	0.3303645659088019	2.742174564749142	1.948731517739878	98.55860991095628	91.12039094353591	0.902045357485047	0.0	0.0	0.0	0.0	0	0	Negative	-4.988249812404058	0.0
2025-09-17	92.9499969482422	97.23999786376952	92.12000274658205	96.06999969482422	44094000	UBER	-1.7990412994879124	5.557962401794914	1.2636893975969525	0.9815461796725773	2.0069437870037943	-4.988249812404058	-3.2476348043020837	5.557962401794914	155.5003795363283	47.48744228926986	0.9481134127877056	0.9120677382199802	0.03604567456772534	2.9541620304436766	-0.8533365885416515	98.52145749818021	90.92054308165376	0.26700127844826893	0.0	0.0	0.0	0.0	0	0	Medium	1.882732713777776	2.0
2025-09-18	94.6999969482422	95.0500030517578	93.20999908447266	93.93000030517578	23075200	UBER	1.0543339312633646	1.9740413961570977	1.3699497548853363	1.0319231116191636	0.9883269215778486	1.8827327137777756	0.8197558187636795	1.9740413961570977	-47.66816346895269	51.55779525046882	0.8533783454275436	0.900329859661493	-0.04695151423394939	2.8931508928059566	2.0364178853201924	98.54279287621573	90.99620706274912	0.49079013702909235	0.0	0.0	0.0	0.0	0	0	High	4.023236864591052	3.0
2025-09-19	98.51000213623048	98.83000183105467	94.9000015258789	95.0	38735000	UBER	0.3167930954863319	4.141201519479501	1.36763752846334	1.0306759531291296	1.3656925067605923	4.023236864591052	3.6947390907689295	4.141201519479501	67.86420052697268	59.00759355487342	1.073362642743561	0.9349364162779067	0.13842622646565428	2.9814976063778507	5.993113351095334	99.08162331281116	90.88537650408338	0.9302581791495119	0.0	0.0	0.0	0.0	0	0	Medium	0.8933075163281363	2.0
2025-09-22	99.38999938964844	101.98999786376952	98.5	99.0	29820100	UBER	0.49740925098336103	3.5431450393599158	1.3670324381641916	1.0327171693681256	0.974626459810357	0.8933075163281363	0.3939387774226641	3.5431450393599158	-23.015102620369174	60.517887323260275	1.3036821706256916	1.0086855671474637	0.29499660347822787	3.0178190533343985	8.056094544767449	99.5809122682946	90.64608739601205	0.9786327229268471	0.0	0.0	0.0	0.0	0	0	Negative	-1.5997548522535143	0.0
2025-09-23	97.8000030517578	100.18000030517578	97.6449966430664	99.86000061035156	15101100	UBER	0.472885827134914	2.59614291490621	1.3941114564616826	1.0479845183284728	0.5006152809805245	-1.5997548522535143	-2.062885585823062	2.59614291490621	-49.35932475075536	56.46959225944306	1.342437851606178	1.0754360240392065	0.26700182756697144	2.9833322396754682	7.484344815772213	99.86406075666982	90.62693884660167	0.7765475301714633	0.0	0.0	0.0	0.0	0	0	Negative	-0.0204542656817061	0.0
2025-09-24	97.77999877929688	99.86000061035156	96.93000030517578	98.88999938964844	12523400	UBER	1.1145156481373426	3.022800264057492	0.8363875274494041	1.0267755368010079	0.525069011897215	-0.020454265681706177	-1.1224599223404936	3.022800264057492	-17.06961744508678	56.41845694570541	1.3559077696526174	1.1315303731618886	0.22437739649072874	2.9795228157826337	3.624415161958073	100.02713423330812	90.58886536996337	0.7619123287811383	0.0	0.0	0.0	0.0	0	0	Negative	-0.1840870397043746	0.0
2025-09-25	97.5999984741211	97.87000274658205	95.9000015258789	97.3000030517578	11255800	UBER	-0.4908935708032623	2.0542243893202947	0.8108477160668289	1.0683702909722015	0.5238403729124664	-0.1840870397043746	0.30832005442355	2.0542243893202947	-10.121851893255824	55.92769782535933	1.3366501851490256	1.172554335559316	0.16409584958970957	2.9074141304198124	2.2524898843577033	100.24532132428259	90.59767794329555	0.7258063191499463	0.0	0.0	0.0	0.0	0	0	Medium	0.8709000895594147	2.0
2025-09-26	98.4499969482422	98.52999877929688	97.02999877929688	97.79499816894533	10356100	UBER	0.19979477241071644	1.5459136544069012	0.7851686565236625	1.1841794132117007	0.6549809313592178	0.8709000895594147	0.6697671573809273	1.5459136544069012	-7.9932123882798205	57.79469560020221	1.374135999383526	1.212870668324158	0.16126533105936813	2.8068845496755404	4.500581578360684	100.5443610258202	90.54763802813488	0.7904949373846878	0.0	0.0	0.0	0.0	0	0	Medium	1.1376361414930591	2.0
2025-09-29	99.56999969482422	100.26000213623048	98.58499908447266	99.31999969482422	16320900	UBER	0.8837001254955861	1.699044547662468	0.6189960918807397	1.2469010827459863	1.2447812829387421	1.1376361414930591	0.2517116399196163	1.699044547662468	57.59697183302595	60.18789470797427	1.4771905059967594	1.2657346358586783	0.2114558701380811	2.7356788809835932	5.164764864688241	101.0560306783837	90.61796834505378	0.8576334442059786	0.0	0.0	0.0	0.0	0	0	Negative	-1.606908184217122	0.0
2025-09-30	97.97000122070312	99.75	96.6500015258789	99.58999633789062	16793400	UBER	0.020083000027814303	3.207447930863241	0.7641871593108179	1.2497912043173474	1.2485873521924293	-1.606908184217122	-1.6266645012127052	3.207447930863241	2.8950609341396616	55.35861688694688	1.413461930553055	1.2952800947975536	0.11818183575550134	2.7617017090648432	2.1691540768528035	101.1988630387973	90.99113635085115	0.6836845345881964	0.0	0.0	0.0	0.0	0	0	Negative	-1.3881806608206573	0.0
2025-10-01	96.61000061035156	99.08499908447266	96.56999969482422	97.4749984741211	16608500	UBER	-0.5052595084355544	2.6043278425973027	0.6848368103681824	0.8439357806499322	1.1641248929342942	-1.3881806608206573	-0.8874048497668682	2.6043278425973027	-1.1010277847249514	51.5708637916361	1.2389342295300594	1.284010921744055	-0.04507669221399557	2.7440801148208145	-2.2660575602901623	101.17512862976871	91.38187057677426	0.5338499205561847	0.0	0.0	0.0	0.0	0	0	Low	0.0	1.0
2025-10-02	96.61000061035156	97.20999908447266	94.76000213623048	97.08000183105467	16046400	UBER	0.4864933420285592	2.5854758263090445	0.6934195297889839	0.8119638247772424	1.0539465854321757	0.0	-0.4841380426846709	2.5854758263090445	-3.3844115964716863	51.5708637916361	1.0880770936342117	1.2448241561220865	-0.15674706248787484	2.723074174350912	-1.2470624531010075	100.9920940282036	92.02790490368118	0.511155626350588	0.0	0.0	0.0	0.0	0	0	Negative	-0.0103531064768433	0.0
2025-10-03	96.5999984741211	98.3000030517578	96.45999908447266	96.9499969482422	10556400	UBER	0.3519266491487935	1.9075305668143332	0.6045628731770539	0.6654540083161303	0.6915373085832276	-0.010353106476843394	-0.36100926780632947	1.9075305668143332	-34.21328148369728	51.54078430065237	0.9566865507272269	1.1871966350431147	-0.23051008431588782	2.659997730989071	3.9268441589205643	100.48941650326971	93.09158248965021	0.4742490812867456	0.0	0.0	0.0	0.0	0	0	High	3.623188463028435	3.0
2025-10-06	100.0999984741211	101.29499816894533	96.88999938964844	96.95999908447266	22760900	UBER	0.3726714451739932	4.546391585350254	0.9939577377838736	0.8838878276994911	1.3750217481659046	3.623188463028435	3.238448245974955	4.546391585350254	115.61232996097155	60.27279156366515	1.1220451105496636	1.1741663301444245	-0.052121219594760904	2.805355014120154	5.702219324072666	100.86716995554976	93.28782882374712	0.8987812438986763	0.0	0.0	0.0	0.0	0	0	Negative	-2.297697759663717	0.0
2025-10-07	97.8000030517578	100.69000244140624	97.0	100.12999725341795	12583600	UBER	0.029968810943205346	3.8041262282538515	1.0629802260336096	0.9655763058068435	0.800933858480214	-2.297697759663717	-2.326969205604988	3.8041262282538515	-44.71396122297448	53.45603116206624	1.0553372805861159	1.1504005202327627	-0.09506323964664687	2.8685441160691596	-0.7207380662633828	100.92072474911753	93.46927464053091	0.5811927004968347	0.0	0.0	0.0	0.0	0	0	Medium	1.5132880177476398	2.0
2025-10-08	99.27999877929688	99.61000061035156	97.1999969482422	97.94000244140624	10071200	UBER	0.1431486557054062	2.4794277137607916	1.078587223621476	0.960526267467339	0.699209230961489	1.5132880177476398	1.3681808295770748	2.4794277137607916	-19.965669601703805	56.8387717288284	1.1091090128048506	1.1421422187471804	-0.033033205942329724	2.8357912265006027	-0.11067573299836359	101.01380145063955	93.88319790849131	0.7568505020515655	0.0	0.0	0.0	0.0	0	0	Negative	-3.30378607939796	0.0
2025-10-09	96.0	100.16999816894533	95.83000183105467	99.96499633789062	13435700	UBER	0.6899653173007435	4.528849269503232	1.2054630699340871	1.1004521805132745	0.967881131515478	-3.30378607939796	-3.9663847177952003	4.528849269503232	33.407141154976564	48.43684270080834	0.8769461196100252	1.0891029989197494	-0.21215687930972416	2.943234448742749	-1.8404938605218646	100.91753731235315	94.11146201626013	0.27747826780934526	0.0	0.0	0.0	0.0	0	0	Negative	-2.70833174387614	0.0
2025-10-10	93.4000015258789	96.4499969482422	93.33000183105467	96.3000030517578	16981800	UBER	0.3125031789143732	3.3429712375183733	0.8693872030582952	0.9984187842945791	1.1196810895491685	-2.7083317438761396	-3.011424126664093	3.3429712375183733	26.393116845419296	43.00954918903343	0.47765114131257747	0.9668126273983151	-0.4891614860857376	2.9558602107745187	-4.479440895989613	101.18165944705933	93.59834009517701	-0.02615458483215141	0.0	0.0	0.0	0.0	0	0	Medium	0.7280517067094	2.0
2025-10-13	94.08000183105467	95.2499008178711	93.43009948730467	95.0	9809395	UBER	1.7130604368114195	1.9477677328318546	1.029129737226801	0.9629227785546629	0.7799881189589435	0.7280517067094	-0.968419125205607	1.9477677328318546	-42.23583483494094	44.75310578504051	0.2136149160928511	0.8161730851372224	-0.6025581690443713	2.876863002290066	-3.6065539939529376	101.14074202844756	93.16225784948213	0.11502736121130541	0.29095	0.4111610940892252	1.41316267718353	0.3750977658624576	0	0	Low	0.1806953291206382	1.0
2025-10-14	94.25	95.18000030517578	92.45999908447266	93.77999877929688	11178000	UBER	-0.3188807886042907	2.9418140251311233	0.9778782388204752	0.9631532159964709	0.9091338674000032	0.1806953291206382	0.5011742661771966	2.9418140251311233	13.951981748109848	45.204440915186204	0.017875677148879277	0.6565136035395538	-0.6386379263906745	2.8656585893195703	-4.266121968952678	101.14113940163668	92.80386029318754	0.17345463525947183	0.0	0.0	0.0	0.0	0	0	Low	0.2864685868078581	1.0
2025-10-15	94.5199966430664	96.98999786376952	93.79000091552734	95.86000061035156	14336700	UBER	1.708223459258952	3.411874311766213	0.9300420116786657	0.9536840480701927	1.0903827325759285	0.2864685868078581	-1.397876026239514	3.411874311766213	28.258185721953836	45.959548860992534	-0.11414679411129214	0.5023815240093846	-0.6165283181206768	2.889539900671185	-5.071811858226127	100.96504572116986	93.13695394313679	0.17667686316742814	0.0	0.0	0.0	0.0	0	0	Negative	-2.454506746953413	0.0
2025-10-16	92.1999969482422	95.45999908447266	91.18000030517578	94.44000244140624	12417245	UBER	-0.08463204031021145	4.69401049020826	0.9885894577127295	1.0439188372590442	0.9592585433895822	-2.454506746953413	-2.3718820788402764	4.69401049020826	-13.388401793997224	40.76163030751297	-0.40135358577849445	0.3216345020518088	-0.7229880878303032	2.988858392001591	-5.8895623155729835	101.2686094283798	92.58339023592684	-0.04414319076918528	0.0	0.0	0.0	0.0	0	0	Low	0.1084664933033961	1.0
2025-10-17	92.3000030517578	92.83000183105467	91.45999908447266	92.0	14282100	UBER	-0.216916436943564	1.497925607146223	1.2604351950578814	1.1130121802182809	1.151346974627657	0.10846649330339614	0.32609027364978077	1.497925607146223	15.018266934412585	41.07102004140024	-0.613821626994806	0.13454327624248585	-0.7483649032372919	2.873225845900193	-4.461233341646369	101.33257246604282	91.89842728981657	0.0425662054632347	0.0	0.0	0.0	0.0	2025-10-22 17:57:49.349734+00:00	2025-10-22 17:57:49.352659+00:00	Medium	1.516786403245673	2.0
2025-10-20	93.6999969482422	94.5	92.8499984741211	93.0	11274900	UBER	0.7583932016228365	1.7770614464132601	1.2944837679134642	1.1183414023451148	0.8879419873806377	1.516786403245673	0.7526848905830126	1.7770614464132601	-21.055727098956037	45.37232135210804	-0.6616096490031822	-0.024687308806647768	-0.6369223401965345	2.825138067496051	-3.0121143191438504	101.03073107607268	91.63126843564608	0.22009008299034338	0.0	0.0	0.0	0.0	2025-10-22 17:57:49.349734+00:00	2025-10-22 17:57:49.352659+00:00	Negative	-0.7150460947351138	0.0
2025-10-21	93.02999877929688	94.5500030517578	92.97000122070312	93.58999633789062	10489000	UBER	-0.11739659971636777	1.6994748954599657	1.3915342257198844	1.1564900049034113	0.8351121963562229	-0.7150460947351138	-0.5983519398504674	1.6994748954599657	-6.970350069623678	43.72735759501437	-0.7449578432674713	-0.16874141569881246	-0.5762164275686588	2.736199764893095	-3.695651916372041	100.95127227075349	91.23372681371916	0.18484832137084903	0.0	0.0	0.0	0.0	2025-10-22 17:57:49.349734+00:00	2025-10-22 17:57:49.352659+00:00	Negative	-1.440391653739165	0.0
2025-10-22	91.69000244140624	93.41500091552734	91.4209976196289	92.7699966430664	5604229	UBER	-0.2794820376675424	2.1811217858229837	1.3227238464884998	1.1703621936091608	0.5182625139839157	-1.440391653739165	-1.164163243225566	2.1811217858229837	-46.57041662694251	40.560129464926376	-0.908663881759054	-0.3167259089108608	-0.5919379728481933	2.6831857313934764	-8.40159456634667	100.9400534210028	90.63594602968078	0.10229478126491255	0.0	0.0	0.0	0.0	2025-10-22 17:57:49.349734+00:00	2025-10-22 17:57:49.352659+00:00	High	3.653613681886308	3.0
2025-10-23	95.04000091552734	95.63999938964844	92.4000015258789	92.5	11945545	UBER	0.8834088090589667	3.5064911366501326	0.807271275982613	1.0401972955184136	1.1144110914416498	3.653613681886308	2.7459469357052364	3.5064911366501326	113.15233549521264	50.259843681427284	-0.7593321090603524	-0.40524714894075914	-0.3540849601195933	2.773672246882671	-2.8220879857946466	100.75247998569006	90.56751970913416	0.4391260333816028	0.0141441176470588	0.0	14144117.647058822	0.0070720588235294	2025-10-23 19:17:52.697490+00:00	2025-10-23 19:17:52.700360+00:00	Negative	-1.0206241702010015	0.0
2025-10-24	94.06999969482422	95.26000213623048	93.9001007080078	95.1500015258789	10216259	UBER	0.11574138183072233	1.4482427792611645	0.8172773107798177	1.0818077735627194	1.031321706007557	-1.0206241702010015	-1.1350518273622399	1.4482427792611645	-14.476409406184482	47.82618761475497	-0.7110599388361578	-0.46640970691983885	-0.24465023191631896	2.6726886169783866	-5.247783187482383	100.40993483356682	90.4720651359156	0.3620428389958642	0.0298889999999999	0.0	29889000.0	0.0149444999999999	2025-10-24 23:31:54.150160+00:00	2025-10-24 23:31:54.153186+00:00	High	2.49813806925143	3.0
2025-10-27	96.41999816894533	96.65499877929688	94.52999877929688	94.91000366210938	11716017	UBER	0.8929562772512412	2.247963638464998	0.7943319049678891	1.0685385359628548	1.1722804503807704	2.49813806925143	1.5909750801524645	2.247963638464998	14.680109421658164	53.67817896808822	-0.4776723495416064	-0.4686622354441924	-0.009010114097414035	2.666425078942263	0.437498092651382	99.90659932372108	90.66040049317346	0.6229151872381644	0.089361	0.0	89360999.99999999	0.0446805	2025-10-27 23:31:47.275155+00:00	2025-10-27 23:31:47.277840+00:00	Negative	-1.026755737990048	0.0
2025-10-28	95.43000030517578	97.7300033569336	95.41000366210938	96.7699966430664	14716121	UBER	0.36299365356533064	2.4316105290598276	0.740839586128308	1.0593942004051269	1.3576215514726504	-1.026755737990048	-1.3847229351812074	2.4316105290598276	25.606859395987563	51.07895064473073	-0.36834945418939924	-0.4485996791932338	0.08025022500383455	2.641680408648117	2.17344619500291	99.61400665123489	90.69899307410691	0.5306786344337787	0.020501	0.0	20501000.000000004	0.0102505	2025-10-28 23:33:39.952659+00:00	2025-10-28 23:33:39.955480+00:00	Low	0.3458051241741467	1.0
2025-10-29	95.76000213623048	96.88999938964844	94.52999877929688	96.23999786376952	12749706	UBER	0.8487871277412167	2.496562615917889	0.7348771384206169	1.0092066618042148	1.0392034396128513	0.3458051241741467	-0.49874868889594304	2.496562615917889	-13.362318779520772	51.91479403592028	-0.25217496613200296	-0.40931473658098766	0.1571397704489847	2.621560423055506	1.785714575338435	99.5312900483159	90.69670982961378	0.573122002548362	-0.0146569999999999	0.0	-14656999.999999998	-0.0073284999999999	2025-10-29 23:33:58.753078+00:00	2025-10-29 23:33:58.756336+00:00	Medium	0.7623179942086098	2.0
2025-10-30	96.48999786376952	97.62000274658205	94.58000183105467	95.41000366210938	13445398	UBER	-0.365495474429075	3.2142110981956113	0.6318642148976329	0.6945962965518208	1.0697524633454143	0.7623179942086098	1.1319506972087512	3.2142110981956113	5.4565336643841045	53.7954216647635	-0.10004800188299612	-0.34746138964138934	0.24741338775839322	2.6514490296606392	2.3766555583761453	99.51746443576472	90.69853516750676	0.656708146771061	0.0605186274509803	0.0	60518627.45098038	0.0302593137254901	2025-10-30 23:36:57.932010+00:00	2025-10-30 23:36:57.934869+00:00	Low	0.010365982435407	1.0
2025-10-31	96.5	98.43000030517578	96.16000366210938	97.45999908447266	12064007	UBER	1.0052868091806224	2.3606453375800664	0.3824686125637811	0.6424137873918457	0.932429593375141	0.010365982435407024	-0.9850185650428592	2.3606453375800664	-10.274080395388816	53.82207078741603	0.021077829998660036	-0.2737535457133795	0.29483137571203955	2.624202430618194	2.0947983783903767	99.5059079243685	90.70009183149088	0.6586451621673363	0.055203	0.0	55203000.00000001	0.0276015	2025-10-31 23:31:15.528064+00:00	2025-10-31 23:31:15.530866+00:00	High	3.336788829744171	3.0
2025-11-03	99.72000122070312	100.34100341796876	96.77999877929688	97.66000366210938	27080729	UBER	1.2020763337920986	3.6794840706628085	0.5829276081932706	0.7336050394589302	1.6913624333358512	3.336788829744171	2.1093564216125444	3.6794840706628085	124.47540854377822	61.517149880956104	0.37260297708456847	-0.14448224115378994	0.5170852182383584	2.7111167868575206	8.156187116451193	99.40296940297574	90.76503062754185	1.03670225339279	0.060073	0.0	60073000.00000001	0.0300365	2025-11-03 23:20:59.029273+00:00	2025-11-03 23:20:59.032134+00:00	Negative	-5.064182701503371	0.0
2025-11-04	94.66999816894533	95.02999877929688	90.08000183105467	91.97000122070312	48651614	UBER	-7.771760835469187	5.495111953401085	1.2635738499216476	1.1319096074444868	2.134002694623055	-5.064182701503371	2.935736558014107	5.495111953401085	79.65400414442314	48.00594826164948	0.24091898304203596	-0.06740199631462476	0.3083209793566607	3.2060369727711584	2.5677086011129804	99.06446390841347	90.79053563382286	0.46887795088052314	0.0796806122448979	0.0	79680612.24489796	0.0398403061224489	2025-11-04 23:21:30.804325+00:00	2025-11-04 23:21:30.807227+00:00	Negative	-2.0280957072788297	0.0
2025-11-05	92.75	95.44000244140624	92.5199966430664	95.01000213623048	20025308	UBER	0.35914648131543747	3.156080743933597	1.1702435216888585	1.1041703742582547	0.8256697515605558	-2.0280957072788297	-2.378699174209016	3.156080743933597	-58.83937581186927	44.04509145542499	-0.018159999933274662	-0.05755359703835475	0.039393597105080086	3.185606174597492	-1.0138708422444869	98.32222475952548	90.87977490478116	0.25129159506887816	0.0844122448979591	0.0	84412244.89795917	0.0422061224489795	2025-11-05 23:21:37.311236+00:00	2025-11-05 23:21:37.313982+00:00	Negative	-0.6792423217444254	0.0
2025-11-06	92.12000274658205	92.7699966430664	90.83000183105467	92.0	15114222	UBER	-0.8086253369272237	2.135852441817799	1.3415900530952856	1.1197748754792078	0.6147197221836294	-0.6792423217444254	0.13043776802396245	2.135852441817799	-24.52439682825353	42.79732518728558	-0.2711913486916302	-0.10028114736900984	-0.17091020132262036	3.0966339344127953	-0.9781748303293993	98.21968933356996	90.5943106053949	0.2000808347459333	0.0271224489795918	0.0	27122448.97959184	0.0135612244897959	2025-11-06 23:21:21.772710+00:00	2025-11-06 23:21:21.775495+00:00	Negative	-0.1411255741819352	0.0
2025-11-07	91.98999786376952	93.16999816894533	90.29759979248048	91.61000061035156	16476057	UBER	-0.5536280080597432	3.1810351361122695	1.233820164222733	1.0039930626613194	0.6468914335710051	-0.14112557418193525	0.41479887663598203	3.1810351361122695	9.010288455469292	42.52957336070192	-0.47671554308631414	-0.17556802651247072	-0.3011475165738434	3.0806171088450847	0.32718444146076986	98.27125387608505	90.40174569666884	0.20182356138277738	-0.1020178217821782	0.0	-102017821.7821782	-0.0510089108910891	2025-11-07 23:20:50.391918+00:00	2025-11-07 23:20:50.394816+00:00	High	2.2937282958483527	3.0
2025-11-10	94.0999984741211	94.30999755859376	92.25	92.98999786376952	13289670	UBER	1.0870747072751616	2.2330596841124817	1.353617337837988	1.0053094157122509	0.5851548163915155	2.2937282958483527	1.1936774232189242	2.2330596841124817	-19.33949973588948	48.194558735475724	-0.4639869795431366	-0.23325181711860393	-0.23073516242453268	3.026287293557882	-0.9890597983492604	98.27200264708931	90.40299658997124	0.469818152040391	-0.1447841584158415	0.0	-144784158.41584158	-0.0723920792079207	2025-11-10 23:22:18.594776+00:00	2025-11-10 23:22:18.597623+00:00	Negative	-0.5313496366713624	0.0
2025-11-11	93.5999984741211	94.16000366210938	92.97000122070312	93.6500015258789	11714899	UBER	-0.4782114299034164	1.2799853993561667	0.7958816742205828	1.1395392739344476	0.7644789316273384	-0.5313496366713624	-0.053393540782799495	1.2799853993561667	-11.849586934814784	47.01196683638501	-0.488612897228208	-0.2843240331405248	-0.2042888640876832	2.8951240898327657	-0.49962923591779784	98.25257340637822	90.35742567809444	0.4107045121410935	-0.0288189999999999	0.0	-28819000.0	-0.0144094999999999	2025-11-11 23:21:09.832843+00:00	2025-11-11 23:21:09.835605+00:00	Negative	-0.0320499784037594	0.0
2025-11-12	93.56999969482422	95.18000030517578	92.76000213623048	94.11000061035156	13976624	UBER	0.5448740860519098	2.6088811052324115	0.6969104873436212	1.1354129223213192	0.9902460302939409	-0.03204997840375946	-0.5737975900809278	2.6088811052324115	19.30639777602863	46.93754925288991	-0.5047315342504106	-0.328405533362502	-0.17632600088790862	2.8611865240550896	-2.9558167685581096	98.21642817047335	90.29857121917509	0.413170949635902	0.0494158415841584	0.0	49415841.58415841	0.0247079207920792	2025-11-12 23:22:18.591668+00:00	2025-11-12 23:22:18.594735+00:00	Negative	-1.9130072901201007	0.0
2025-11-13	91.77999877929688	94.05999755859376	91.3499984741211	93.6999969482422	14970345	UBER	0.13893048396063393	2.966610979463122	0.7487428015164153	1.1313262833307987	1.0628181325799924	-1.9130072901201012	-2.0490909620903093	2.966610979463122	7.10987860873985	42.6039263197846	-0.6544002655292331	-0.3936044797958482	-0.2607957857333849	2.8503874212277736	-3.8247946287399763	98.24303062209201	90.2299689506619	0.19343790079158832	0.0118039603960396	0.0	11803960.396039609	0.0059019801980198	2025-11-13 23:21:58.289149+00:00	2025-11-13 23:21:58.292038+00:00	Negative	-0.1743255990878487	0.0
2025-11-14	91.62000274658205	92.62000274658205	89.62000274658203	90.05999755859375	12451381	UBER	-1.8740479882105987	3.3474669806506223	0.7916209397119518	1.1211075678465467	0.9375627749135546	-0.17432559908784873	1.7321843551831584	3.3474669806506223	-16.826359045165624	42.22862653837268	-0.7769677554311585	-0.4702771349229103	-0.3066906205082482	2.861074033997219	-4.323307536855289	98.28500791741723	90.11999162481911	0.18371195696483192	0.018931	0.0	18931000.000000007	0.0094655	2025-11-14 23:20:57.711488+00:00	2025-11-14 23:20:57.714019+00:00	Medium	0.5348153777345273	2.0
2025-11-17	92.11000061035156	92.58000183105467	90.73999786376952	91.30999755859376	16877316	UBER	-0.3383597235264722	2.0277760751632434	0.8131282125174912	1.1328554181474115	1.2056850805533574	0.5348153777345273	0.8761396048055253	2.0277760751632434	35.54573585050525	43.8596983579047	-0.8250539335387259	-0.5412324946460735	-0.28382143889265243	2.7881404578035003	-4.539327754574005	98.30233011720613	89.94366979124113	0.25917201257491335	0.0615159999999999	0.0	61515999.99999999	0.0307579999999999	2025-11-17 23:21:26.627244+00:00	2025-11-17 23:21:26.629962+00:00	Negative	-1.3570730558213913	0.0
2025-11-18	90.86000061035156	92.92340087890624	89.33000183105469	92.0999984741211	17085068	UBER	-0.010858903663219262	4.022611635727448	0.7526011489929223	0.7952470323528749	1.1335523881707414	-1.3570730558213913	-1.3463603521317697	4.022611635727448	1.2309540213621646	40.70263412827923	-0.9530410652920693	-0.6235942087752727	-0.3294468565167966	2.845658928521218	-5.8445589530035615	98.40883894038005	89.6201611511727	0.1410723534206034	0.004415	0.0	4415000.0	0.0022075	2025-11-19 01:45:57.563187+00:00	2025-11-19 01:45:57.565931+00:00	Negative	-1.4637924522566668	0.0
2025-11-19	89.52999877929688	91.0749969482422	88.89459991455078	90.5999984741211	14664526	UBER	-0.2861568726435239	2.4527890735627467	0.775493823189572	0.7810026271714646	0.9641544392722573	-1.4637924522566668	-1.1810151355905956	2.4527890735627467	-14.167587743870847	37.60130667512921	-1.1485520289403297	-0.7285857728082841	-0.41996625613204563	2.798140221747661	-10.21861443709116	98.61872339956832	89.19427632577347	0.03562250929891639	0.0036049999999999	0.0	3604999.999999995	0.0018024999999999	2025-11-20 01:44:35.224542+00:00	2025-11-20 01:44:35.227326+00:00	Negative	-6.891542782386452	0.0
2025-11-20	83.36000061035156	90.51499938964844	82.94000244140625	90.1999969482422	41641325	UBER	0.7483504725572034	9.133104322722458	2.8664022491569616	2.1782050843613834	2.0269412319454156	-6.891542782386452	-7.5831447553324285	9.133104322722458	183.95957018999457	27.234206185803686	-1.7808348084787298	-0.9390355799423733	-0.8417992285363565	3.1393442736401274	-11.946760090150494	99.86693190518993	86.77806778963428	-0.2611431480307343	0.050957	0.0	50957000.0	0.0254785	2025-11-21 01:45:26.621833+00:00	2025-11-21 01:45:26.624690+00:00	Medium	0.6118067808256916	2.0
2025-11-21	83.87000274658203	83.97000122070312	81.58000183105469	83.97000122070312	29996414	UBER	0.7317665617624927	2.9296388036346515	2.903205993216891	2.181503763581401	1.24710021811979	0.6118067808256916	-0.11908833234176343	2.9296388036346515	-27.964794588068465	28.977309523898626	-2.215234709688673	-1.1942754058916332	-1.0209593037970397	3.0858196390692925	-9.574121027943901	100.52919493146467	85.09580506853533	-0.07942534549053577	-0.000634	0.0	-634000.0000000001	-0.000317	2025-11-22 01:41:37.715262+00:00	2025-11-22 01:41:37.718359+00:00	Negative	-0.2146182178146128	0.0
2025-11-24	83.69000244140625	84.5199966430664	83.02999877929688	84.1500015258789	24666520	UBER	0.3338485395581865	1.7945295503738523	2.9466409521442616	2.20956621070781	0.963130722821749	-0.21461821781461288	-0.5466418017012054	1.7945295503738523	-17.768437253866413	28.71585059498166	-2.5446906713379747	-1.4643584589809016	-1.080332212357073	2.971832369405024	-9.151107309849246	100.65939791068888	83.6926025165572	-0.00015324491694234069	0.06988	0.0	69880000.0	0.03494	2025-11-25 01:47:35.917912+00:00	2025-11-25 01:47:35.920559+00:00	Low	0.0	1.0
2025-11-25	83.69000244140625	84.26499938964844	82.38999938964844	83.80000305175781	18475533	UBER	0.1314381731898945	2.2757616384150343	3.054726397882231	2.1316672178550697	0.7136478945333081	0.0	-0.13126564003061225	2.2757616384150343	-25.098745181728106	28.71585059498166	-2.773812115122041	-1.7262491902091295	-1.0475629249129117	2.893487200161808	-9.022715094150731	100.69254299936003	82.4854576415091	0.06615802453948225	0.007139603960396	0.0	7139603.960396039	0.003569801980198	2025-11-26 01:46:49.346687+00:00	2025-11-26 01:46:49.349410+00:00	High	2.3539265900755337	3.0
2025-11-26	85.66000366210938	86.3550033569336	83.6500015258789	84.11000061035156	20429608	UBER	0.5018498705856356	3.233714024760463	2.9932642538380487	2.1164402884151876	0.755480314238507	2.3539265900755337	1.84282848711221	3.233714024760463	10.57655549098367	36.04089734105653	-2.764561728798512	-1.9339116979270061	-0.8306500308715057	2.8800239595112993	-8.96917635374122	100.32551210535371	81.84248868810332	0.20654169438767975	-0.0251774509803921	0.0	-25177450.98039216	-0.012588725490196	2025-11-27 01:45:06.144902+00:00	2025-11-27 01:45:06.147636+00:00	High	2.1947200245679674	3.0
2025-11-28	87.54000091552734	87.62000274658203	86.23999786376953	86.51000213623047	8968000	UBER	0.9922932965003828	1.6001912302832475	0.7056553507868782	2.1916238477663126	0.43730950302125376	2.1947200245679674	1.1906123614179298	1.6001912302832475	-56.10292669345394	42.150238839944876	-2.5758380072889224	-2.0622969597993897	-0.5135410474895328	2.8143078970085393	-6.474356471564732	99.65157342471466	81.62142767391816	0.3282598667483165	0.005536	0.0	5536000.000000009	0.002768	2025-11-29 01:44:34.048312+00:00	2025-11-29 01:44:34.051100+00:00	Negative	-1.108066267487406	0.0
2025-12-01	86.56999969482422	87.61000061035156	85.4800033569336	86.98999786376953	16951782	UBER	-0.6282876924899097	2.4918076389443624	0.6427031212041128	2.205433315789441	0.9471174802712701	-1.108066267487406	-0.48281202351912866	2.4918076389443624	89.02522301516504	40.02585770363083	-2.4760022771903323	-2.1450380232775785	-0.33096425391275375	2.7654285653234987	-7.481030269135719	98.89880470851072	81.38119635960452	0.29620500880439476	-0.0001009999999999	0.0	-100999.9999999954	-5.04999999999977e-05	2025-12-02 01:49:20.866783+00:00	2025-12-02 01:49:20.869402+00:00	Medium	1.1551345772498451	2.0
2025-12-02	87.56999969482422	88.44000244140625	85.62999725341797	86.02999877929688	18930339	UBER	-0.6237737292722076	3.2815663647310442	0.7035346413785859	2.166931214409536	1.130098488617945	1.1551345772498451	1.7900743198638114	3.2815663647310442	11.671675579593934	43.20392523460737	-2.289794770392973	-2.1739893727006576	-0.11580539769231546	2.7686126097995545	-4.587055066972087	97.16179422764401	81.90320668788334	0.37138385136726504	-0.0660813725490196	0.0	-66081372.549019605	-0.0330406862745098	2025-12-03 01:48:48.168450+00:00	2025-12-03 01:48:48.171776+00:00	High	3.551445268002414	3.0
2025-12-03	90.68000030517578	91.37000274658205	88.9520034790039	89.84500122070312	21280670	UBER	2.5979234141910923	2.718319063098877	0.68378466730444	2.1592863050367	1.2292382108820916	3.551445268002414	0.9293773422313072	2.718319063098877	12.415683628275225	51.76463548626927	-1.8697199540377198	-2.1131354889680702	0.2434155349303504	2.842283355653717	-1.0259794948994714	96.6152733712674	82.050727757883	0.5924848447975422	-0.028309900990099	0.0	-28309900.990099005	-0.0141549504950495	2025-12-04 01:49:36.216198+00:00	2025-12-04 01:49:36.219004+00:00	Low	0.3418587974751494	1.0
2025-12-04	90.98999786376952	90.95999908447266	89.44999694824219	90.18000030517578	13123650	UBER	-0.5513894996882364	1.6880963529872344	0.7112900413686296	2.201468249020597	0.827944140064025	0.34185879747514947	0.8982008825156843	1.6880963529872344	-38.330654063053466	52.53264916093454	-1.494565008298494	-1.989421392834155	0.49485638453566105	2.747120411409199	-1.2159404398659581	96.40142918566016	82.08857172986717	0.6219181712244035	-0.097338	0.0	-97338000.0	-0.048669	2025-12-05 01:50:04.187057+00:00	2025-12-05 01:50:04.189750+00:00	Low	0.3626792381606398	1.0
2025-12-05	91.31999969482422	92.75	90.52999877929688	90.72000122070312	9748195	UBER	-0.29673222266762966	2.452227162970881	0.5737073319511677	0.6121063498473757	0.6089985215900776	0.3626792381606398	0.6613739705111122	2.452227162970881	-25.720397907594304	53.3835623011551	-1.1572831810021569	-1.8229937504677556	0.6657105694655987	2.7094690406444792	0.5062723766042426	96.30542767423269	82.10457293611888	0.6489346541917625	-0.038128	0.0	-38128000.00000001	-0.019064	2025-12-06 01:43:54.276982+00:00	2025-12-06 01:43:54.279751+00:00	Medium	1.3688129699707463	2.0
2025-12-08	92.56999969482422	92.77999877929688	90.93000030517578	90.7699966430664	10645437	UBER	-0.6022810486156684	2.0345303727176947	0.6155245818118491	0.5989244162761661	0.7219370512738456	1.3688129699707463	1.9830374775003454	2.0345303727176947	9.204186005716956	56.56012307625073	-0.7801275250748034	-1.6144205053891652	0.8342929803143617	2.648078285892809	3.3955109538439094	96.38425260907769	82.08374818437935	0.7332784354329563	-0.0023715686274509	0.0	-2371568.627450985	-0.0011857843137254	2025-12-09 01:56:15.791717+00:00	2025-12-09 01:56:15.794396+00:00	Negative	-3.780922557565583	0.0
2025-12-09	89.06999969482422	92.01000213623048	88.90499877929688	91.80999755859376	14600136	UBER	-0.8210026344776448	3.4924958096469414	0.6906932330942775	0.659360838622949	1.0519119777478596	-3.780922557565583	-2.9844221072120822	3.4924958096469414	37.14924056194217	46.919332928308094	-0.7549471390909872	-1.4425258321295296	0.6875786930385424	2.72071561658099	6.849806912985549	95.77535623506488	82.18964468046248	0.5064405339910886	0.0846838383838383	0.0	84683838.38383837	0.0423419191919191	2025-12-10 01:51:46.968535+00:00	2025-12-10 01:51:46.971365+00:00	Negative	-5.512513808844393	0.0
2025-12-10	84.16000366210938	88.74800109863281	82.72000122070312	88.63999938964844	47388550	UBER	-0.4827667078130328	7.287233787444629	2.2810153556802657	1.6329701442591504	2.480920878159153	-5.512513808844393	-5.054146839335657	7.287233787444629	224.57608614056744	37.31119510629356	-1.1182961254559558	-1.377679890794815	0.2593837653388591	2.9799501064052833	0.3457743007396792	95.26614961814309	81.75485181618308	0.17801042366021977	-0.002559405940594	0.0	-2559405.9405940627	-0.001279702970297	2025-12-11 01:53:06.652843+00:00	2025-12-11 01:53:06.655719+00:00	Medium	1.5209110308928822	2.0
2025-12-11	85.44000244140625	85.73999786376953	83.33999633789062	84.05500030517578	19858844	UBER	-0.12476634073730264	2.879771575881079	2.114815503449355	1.63185178310756	0.9711765599847154	1.5209110308928822	1.6477331880340087	2.879771575881079	-58.093581677430514	40.71930640516531	-1.2881189771033235	-1.3597677080565167	0.07164873095319324	2.9385252077962565	2.0910502436957445	94.56493805208208	81.64306365690229	0.2938380817198102	0.0210990196078431	0.0	21099019.60784313	0.0105495098039215	2025-12-12 01:52:48.567550+00:00	2025-12-12 01:52:48.570359+00:00	Negative	-0.3862380871079666	0.0
2025-12-12	85.11000061035156	86.44999694824219	84.51840209960938	85.5	13572443	UBER	0.07022185964343297	2.2854133545453528	2.1392012432828413	1.5804636172505124	0.639814761475961	-0.38623808710796664	-0.4561396370157164	2.2854133545453528	-31.655422641922158	40.11381329607012	-1.4328165826991608	-1.3743774829850457	-0.058439099714115095	2.8666016107131536	1.6967357241260612	94.12573784636677	81.41526404572306	0.2906844089825654	0.0447679999999999	0.0	44767999.99999999	0.0223839999999999	2025-12-13 01:46:24.423388+00:00	2025-12-13 01:46:24.426026+00:00	Negative	-3.818587682637987	0.0
2025-12-15	81.86000061035156	83.61000061035156	81.16500091552734	83.45999908447266	32032437	UBER	-1.9386693855554076	3.0123817744656436	2.001007816236303	1.5681524547462171	1.2566430481777473	-3.818587682637987	-1.9170842219896047	3.0123817744656436	136.01084196853876	34.6492618940225	-1.7891145177648724	-1.4573248899410112	-0.33178962782386123	2.9436300452925153	-4.436146263485039	93.87488505614603	80.69011662232076	0.08872996093200161	-0.1843808080808081	0.0	-184380808.08080807	-0.092190404040404	2025-12-16 01:52:48.160125+00:00	2025-12-16 01:52:48.162816+00:00	Negative	-1.1483049528433331	0.0
2025-12-16	80.91999816894531	82.05000305175781	80.26000213623047	81.74500274658203	24307717	UBER	-0.14048114208661422	2.23025276337404	2.1239976578638147	1.5906898972260288	0.8861081435912314	-1.1483049528433333	-1.0092416048896815	2.23025276337404	-24.11530536999105	33.23887835440908	-2.1228625018998883	-1.5904324123327866	-0.5324300895671017	2.861227964595003	-7.562260312254364	93.47893924225843	79.96706219206774	0.07052580284277532	-0.1509090909090909	0.0	-150909090.9090909	-0.0754545454545454	2025-12-17 01:48:28.969418+00:00	2025-12-17 01:48:28.972028+00:00	Negative	-2.1997019520200456	0.0
2025-12-17	79.13999938964844	81.29000091552734	78.77999877929688	80.80999755859375	27837112	UBER	-0.13593748497361863	3.1860906005625496	0.4350186769467247	1.588098156429692	1.1834646073742612	-2.1997019520200456	-2.0665737153802404	3.1860906005625496	14.519648225294048	30.691265423954476	-2.502148004605985	-1.7727755307874264	-0.7293724738185585	2.8361404054261077	-8.582650261485448	93.37209217400826	78.90190913824759	0.016453852091051473	-0.1097849999999999	0.0	-109784999.99999996	-0.0548924999999999	2025-12-18 01:48:48.366889+00:00	2025-12-18 01:48:48.369672+00:00	Medium	0.694974799089717	2.0
2025-12-18	79.69000244140625	80.70999908447266	79.55000305175781	80.80999755859375	18552346	UBER	2.1101821857781684	1.4581973453352512	0.6920885791846688	1.611572741364901	0.7975932153563409	0.694974799089717	-1.3859610828170281	1.4581973453352512	-33.353912575413716	32.414988727743136	-2.7269196165049294	-1.9636043479309273	-0.7633152685740021	2.7457017832402584	-8.998512368253111	93.22052484329848	78.06947683516833	0.10695798768298635	-0.237081	0.0	-237081000.0	-0.1185405	2025-12-19 01:52:13.626262+00:00	2025-12-19 01:52:13.629352+00:00	Negative	-0.4768538978172407	0.0
2025-12-19	79.30999755859375	79.98999786376953	78.30999755859375	79.7699966430664	24240980	UBER	0.1003817282085964	2.145320339103264	0.7023905687749022	1.6266891780001163	0.954590335374667	-0.4768538978172407	-0.5766567679962906	2.145320339103264	30.66261269599004	31.82604870647063	-2.9022605040403704	-2.151335579152816	-0.7509249248875545	2.6695802490927956	-12.53860025178348	93.45541194242006	77.42958943087095	0.11733613837091197	-0.0777401960784313	0.0	-77740196.07843138	-0.0388700980392156	2025-12-20 01:46:43.977132+00:00	2025-12-20 01:46:43.979678+00:00	High	2.458712189716141	3.0
2025-12-22	81.26000213623047	82.25	80.9000015258789	81.31999969482422	19733928	UBER	2.534361616573612	1.6687249056345765	0.6688438588859875	1.6547136252637766	0.8604504027366451	2.4587121897161412	-0.07377958536510996	1.6687249056345765	-18.5926971599333	38.04650367733942	-2.8510057287761583	-2.2912696090774847	-0.5597361196986737	2.688896119972328	-10.693478355837337	93.5060676946383	77.11793361761757	0.25274802482979836	-0.0050744897959183	0.0	-5074489.795918363	-0.0025372448979591	2025-12-23 01:53:11.707903+00:00	2025-12-23 01:53:11.710699+00:00	Negative	-0.356880270617227	0.0
2025-12-23	80.97000122070312	81.41999816894531	80.37000274658203	81.01000213623047	7958668	UBER	-0.30765443444227447	1.3064518930950706	0.7584797267680912	1.7203212075419927	0.40472042390392465	-0.35688027061722705	-0.049377749009407765	1.3064518930950706	-59.67012750831968	37.49852172752413	-2.8014927359613466	-2.393314234454257	-0.40817850150708956	2.5718317844288245	-11.333769720443511	93.56129526748978	76.79070592269576	0.24920384204057275	0.004409	0.0	4409000.000000003	0.0022045	2025-12-24 01:51:44.431324+00:00	2025-12-24 01:51:44.434069+00:00	Low	0.2223049307917723	1.0
2025-12-24	81.1500015258789	81.41000366210938	80.58000183105469	81.01000213623047	4184218	UBER	0.049402142675423304	1.0300345150089256	0.41911153752289176	0.748466741305015	0.2801801362633042	0.2223049307917723	0.1728174126116026	1.0300345150089256	-47.4256496187553	38.09451204924061	-2.7164156632751997	-2.4579345202184455	-0.2584811430567542	2.447415359187815	-12.336608195520853	93.59585647971157	76.50214461892124	0.27190448422258445	-0.0420892156862745	0.0	-42089215.6862745	-0.0210446078431372	2025-12-25 01:53:14.951481+00:00	2025-12-25 01:53:14.954213+00:00	Low	0.1355521975147259	1.0
2025-12-26	81.26000213623047	81.5	80.68009948730469	81.19999694824219	6682083	UBER	0.061608652400749	1.0162363679587763	0.4782921183504372	0.7700339621079777	0.5320140197089877	0.13555219751472594	0.07389801754121893	1.0162363679587763	59.69729588659099	38.480583477806924	-2.610028555777646	-2.4883533273302856	-0.12167522844736034	2.331164298724065	-8.768381705796259	93.5268038160947	76.13119712995022	0.2948333506738409	0.028666	0.0	28666000.0	0.014333	2025-12-27 01:50:40.490591+00:00	2025-12-27 01:50:40.493316+00:00	Low	0.2953456281814767	1.0
2025-12-29	81.5	82.19989776611328	80.78500366210938	80.91000366210938	11304314	UBER	-0.4307143304455366	1.7514316269908576	0.3457964485578877	0.7614168983004003	1.1335324955306227	0.2953456281814767	0.7292007306717299	1.7514316269908576	69.17350472898944	39.369027380282574	-2.477787789479976	-2.486240219760224	0.008452430280248002	2.2657164276726247	-3.1606506016669353	93.24672009213137	75.80728076236082	0.3264278816533536	0.105173	0.0	105173000.0	0.0525865	2025-12-30 01:53:54.082853+00:00	2025-12-30 01:53:54.085712+00:00	Medium	0.7607395663583205	2.0
2025-12-30	82.12000274658203	82.5	81.52999877929688	81.73999786376953	8214956	UBER	0.2944759064656825	1.1897476207854918	0.3003729409811788	0.6734347060309284	1.0712112450582212	0.7607395663583205	0.4648946571369236	1.1897476207854918	-27.32901793067673	41.710966381778434	-2.296484545052408	-2.448289084818661	0.15180453976625286	2.1753081114102946	-3.8857673220468776	93.03143845467146	75.57756270499651	0.3748416761650984	0.072027	0.0	72027000.0	0.0360135	2025-12-31 01:54:16.599426+00:00	2025-12-31 01:54:16.602255+00:00	Negative	-0.4992738046717125	0.0
2025-12-31	81.70999908447266	82.54499816894531	81.41999816894531	82.0	6445029	UBER	-0.1461309578280865	1.3817244231148733	0.30520693176417185	0.652072606345678	0.8749557433221289	-0.49927380467171256	-0.35365965308212655	1.3817244231148733	-21.545179304673088	40.59429633331336	-2.1609739243722714	-2.390826052729383	0.22985212835711177	2.1002861034524165	-3.994831983898939	92.67346564435262	75.3495354542802	0.3671489991247689	0.0555429999999999	0.0	55542999.99999999	0.0277714999999999	2026-01-01 02:04:27.558022+00:00	2026-01-01 02:04:27.560692+00:00	Medium	1.4074183560937537	2.0
2026-01-02	82.86000061035156	83.66000366210938	81.4697036743164	82.04000091552734	11823005	UBER	0.40386958114334104	2.6884840486825876	0.6641362179660094	0.5254070271052935	1.329342025785064	1.4074183560937537	0.999512049821322	2.6884840486825876	83.44378279756383	45.03882762193699	-1.9384401377365634	-2.3003488697308194	0.361908731994256	2.106715666619599	1.2215978408794996	91.73157496803512	75.50942616111527	0.4531196536737952	-0.221179797979798	0.0	-221179797.979798	-0.110589898989899	2026-01-03 01:49:33.003997+00:00	2026-01-03 01:49:33.006715+00:00	Negative	-2.5585357602775383	0.0
2026-01-05	80.73999786376953	82.83999633789062	79.57499694824219	81.61000061035156	23524732	UBER	-1.5085686589336562	4.103046829863009	1.1988518699100557	0.955826793234435	1.9184432237742033	-2.5585357602775383	-1.066049185241249	4.103046829863009	98.97422017498936	39.21425012073674	-1.9111168472195459	-2.2225024652285645	0.31138561800901865	2.1908790948688686	-0.22244230010976446	90.56027968252064	75.65572144662974	0.34112224842039296	-0.1322571428571428	0.0	-132257142.85714288	-0.0661285714285714	2026-01-06 01:55:41.603885+00:00	2026-01-06 01:55:41.606561+00:00	Very High	5.945012606833024	4.0
2026-01-06	85.54000091552734	85.62999725341797	81.08999633789062	81.61000061035156	27450423	UBER	1.077536251672887	5.598718856281357	1.868330181307512	1.5328493982990148	1.7719520006579037	5.945012606833024	4.815586663134141	5.598718856281357	16.687505728014244	53.786739181598	-1.485024375053527	-2.075006847193557	0.5899824721400302	2.3836734016388377	8.086936536817854	89.36865095148602	76.2693502997347	0.7077210350579441	-0.0834836734693877	0.0	-83483673.46938775	-0.0417418367346938	2026-01-07 01:55:15.319237+00:00	2026-01-07 01:55:15.321870+00:00	Medium	0.7598801951391108	2.0
2026-01-07	86.19000244140625	87.73999786376953	85.66000366210938	86.23999786376953	19649289	UBER	0.818327029167851	2.428197656708968	1.637435912973993	1.5238510866265929	1.1052278799112787	0.7598801951391108	-0.0579724299648724	2.428197656708968	-28.418993761954052	55.34784356397835	-1.0824159133142643	-1.8764886604176987	0.7940727471034343	2.3705536549676482	8.15660660166156	87.5741716134888	77.4258299123901	0.8636063691142076	-0.0840171717171717	0.0	-84017171.71717171	-0.0420085858585858	2026-01-08 01:55:18.610134+00:00	2026-01-08 01:55:18.612891+00:00	Medium	1.6243112389237022	2.0
2026-01-08	87.58999633789062	88.23999786376953	85.3499984741211	85.76000213623047	15483200	UBER	-0.4988981239072413	3.3860567560815036	1.2737074392377328	1.5227690532986045	0.7905186046505216	1.6243112389237022	2.1338551260215635	3.3860567560815036	-21.20223790285745	58.59230651152789	-0.642966284444995	-1.629784185223158	0.986817900778163	2.407656921730562	10.440044173724331	87.14552806283892	77.70647312734663	1.0470882178448222	-0.1287801980198019	0.0	-128780198.01980196	-0.0643900990099009	2026-01-09 01:56:36.477489+00:00	2026-01-09 01:56:36.480633+00:00	Negative	-2.454611241437292	0.0
2026-01-09	85.44000244140625	87.2699966430664	84.88379669189453	87.2699966430664	15365809	UBER	-0.36533817582292766	2.8111371594665377	1.2517711282099666	1.4391382393455563	0.7571344300267381	-2.4546112414372914	-2.096933965913644	2.8111371594665377	-0.7581830629327271	52.30661884915971	-0.46285037568355847	-1.3963974233152383	0.9335470476316798	2.428981402035243	5.143982519429559	87.33489925835434	77.64510180976089	0.8044441251738291	-0.060889	0.0	-60889000.0	-0.0304445	2026-01-10 01:52:27.054523+00:00	2026-01-10 01:52:27.057359+00:00	Negative	-0.901222203251922	0.0
2026-01-12	84.66999816894531	85.4800033569336	83.7699966430664	84.63999938964844	12053076	UBER	-0.9363331330736387	2.0413116657427057	1.4021261812099903	1.3443743610897585	0.6696019636141266	-0.9012222032519221	0.03544279243053005	2.0413116657427057	-21.559118690073525	50.22835010351078	-0.3778841170418872	-1.1926947620605681	0.814810645018681	2.3776260671660965	4.569589838781106	87.21354717760083	77.68945346326832	0.7329353233024355	-0.1181469999999999	0.0	-118147000.0	-0.0590734999999999	2026-01-13 01:53:12.497293+00:00	2026-01-13 01:53:12.500076+00:00	Medium	0.873987845951645	2.0
2026-01-13	85.41000366210938	85.94000244140625	83.69999694824219	84.20999908447266	11138399	UBER	-0.5432846278735028	2.676231272205686	0.4965891700109331	1.3000462001491293	0.7557628790632861	0.873987845951645	1.425014357775935	2.676231272205686	-7.5887433216218	52.19420776957118	-0.2479769620469483	-1.0037512020578443	0.755774240010896	2.367796026165951	5.249540426529684	87.2637094425983	77.66929150344663	0.8067933049982575	-0.11388	0.0	-113880000.0	-0.05694	2026-01-14 02:00:00.880871+00:00	2026-01-14 02:00:00.883586+00:00	Negative	-0.8898280103547521	0.0
2026-01-14	84.6500015258789	85.98999786376953	83.5	85.37000274658203	14817038	UBER	-0.04683399345771184	2.9820333697838697	0.49130390659505363	1.165278673395957	1.0759200715936306	-0.8898280103547521	-0.8433890096506431	2.9820333697838697	33.02664054322349	50.009530148621565	-0.2039988547610676	-0.843800732598489	0.6398018778374214	2.3765247288519213	4.171793379927783	87.48609680878876	77.72590422880889	0.7094222004668989	-0.253621	0.0	-253621000.00000003	-0.1268105	2026-01-15 01:55:37.352710+00:00	2026-01-15 01:55:37.355501+00:00	Negative	-0.3189654667382288	0.0
2026-01-15	84.37999725341797	86.3499984741211	82.7300033569336	85.80999755859375	15493114	UBER	1.370343782404084	4.375673842982032	0.8587488627767778	1.0821845670806525	1.124850502638141	-0.31896546673822884	-1.666472842164262	4.375673842982032	4.562828279174286	49.22129000617015	-0.18875710178741656	-0.7127920064362746	0.524034904648858	2.4653440423044626	3.5337389612490417	87.6530661230803	77.90493482296463	0.6642362757646185	-0.196319	0.0	-196319000.0	-0.0981595	2026-01-16 01:57:04.351316+00:00	2026-01-16 01:57:04.354072+00:00	Medium	0.5570054941949962	2.0
2026-01-16	84.8499984741211	84.91999816894531	83.0	84.1500015258789	20429907	UBER	-0.27257138542955583	2.3132508059582078	0.9101578260010482	1.112183750251874	1.381677472024319	0.5570054941949962	0.8318442490187185	2.3132508059582078	31.86443345088663	50.67860736400888	-0.13717150448088944	-0.5976679060451976	0.46049640156430816	2.4263907656359516	3.324397998333834	87.71636197213093	78.41263888236125	0.6919122086552995	-0.1944705882352941	0.0	-194470588.23529416	-0.097235294117647	2026-01-17 01:51:19.816850+00:00	2026-01-17 01:51:19.820945+00:00	Negative	-1.3317587197866754	0.0
2026-01-20	83.72000122070312	83.80999755859375	82.3499984741211	83.05999755859375	19401286	UBER	-2.109606302554368	1.772919382544334	0.9772585455135666	1.1616179013487404	1.193488380081512	-1.3317587197866754	0.7946107410414776	1.772919382544334	-5.034878523920838	47.173257081666655	-0.18533446122872022	-0.5152012170819021	0.3298667558531819	2.431648568090526	2.4599218685004605	87.65757136733619	78.87442936508567	0.5516900278255622	-0.103212	0.0	-103212000.0	-0.051606	2026-01-21 01:59:29.417513+00:00	2026-01-21 01:59:29.420051+00:00	Medium	0.6450082509002723	2.0
2026-01-21	84.26000213623047	85.61000061035156	82.94999694824219	84.38999938964844	17171788	UBER	0.8002844710657131	3.2067555876694263	0.9859626045986157	0.7487693441674124	0.9833450828067296	0.6450082509002723	-0.15404343448059635	3.2067555876694263	-11.491495976091482	48.98907275373125	-0.17787990175852997	-0.44773695401722774	0.26985705225869777	2.4479596462347297	1.6895987395201713	87.52703851888563	79.49996267129993	0.5929979428763232	-0.0892480769230769	0.0	-89248076.92307693	-0.0446240384615384	2026-01-22 02:00:20.461957+00:00	2026-01-22 02:00:20.464716+00:00	Negative	-2.017570062350786	0.0
2026-01-22	82.55999755859375	85.43000030517578	81.51000213623047	83.5	19432096	UBER	-0.901972604987248	4.809223489399111	1.2989491039979884	0.9649857001420903	1.0569171321994142	-2.017570062350786	-1.1257514268338324	4.809223489399111	13.162915824490728	43.87596563581491	-0.3056252143297371	-0.41931460607972965	0.11368939174999254	2.553105254999771	2.2541488023012537	87.48461983853196	79.67238089388991	0.36962728420951424	-0.087625	0.0	-87625000.0	-0.0438125	2026-01-23 01:56:23.736012+00:00	2026-01-23 01:56:23.739264+00:00	Negative	-0.3028100864738667	0.0
2026-01-23	82.30999755859375	83.55500030517578	81.4800033569336	82.6500015258789	12845922	UBER	0.10901643646643695	2.5466333612584644	1.169856763172196	0.9677983847197612	0.7194096248855817	-0.30281008647386676	-0.4113780532462496	2.5466333612584644	-33.8932763609237	43.162510012862285	-0.42217068469943797	-0.41988582180367134	-0.002284862895766626	2.5189546616599436	-3.7760151068075087	87.41389237956717	79.87710798664376	0.32280206585640475	-0.094259	0.0	-94259000.0	-0.0471295	2026-01-24 01:53:11.644549+00:00	2026-01-24 01:53:11.647332+00:00	Negative	-0.4009163059751573	0.0
2026-01-26	81.9800033569336	83.33000183105469	81.91000366210938	82.3499984741211	14934675	UBER	0.048597882048129606	1.733607746866928	1.27060563988306	1.0425131499841354	0.8912417666356148	-0.4009163059751573	-0.44929583976103277	1.733607746866928	16.26004735199233	42.1873552173961	-0.5349945002531484	-0.44290755749356675	-0.09208694275958168	2.4404577693231846	-4.884556172665967	87.36166542156774	80.01233512774867	0.26773435816863095	-0.061589108910891	0.0	-61589108.91089108	-0.0307945544554455	2026-01-27 02:03:04.534220+00:00	2026-01-27 02:03:04.536809+00:00	Negative	-0.9026658488194308	0.0
2026-01-27	81.23999786376953	82.08499908447266	79.86000061035156	81.94999694824219	19916616	UBER	-0.03660210717577192	2.7861237880239713	1.1368503731372748	1.004569660210222	1.1812785781423463	-0.9026658488194308	-0.8663808552928636	2.7861237880239713	33.35821502644015	40.00467108740953	-0.6763242013495869	-0.48959088626477076	-0.18673331508481616	2.425067819665892	-7.2496845982560485	87.36331703230582	80.0086830897645	0.16742026640955582	-0.031013725490196	0.0	-31013725.49019608	-0.015506862745098	2026-01-28 01:59:07.940841+00:00	2026-01-28 01:59:07.943607+00:00	Negative	-1.797143184224245	0.0
2026-01-28	79.77999877929688	81.8468017578125	79.73500061035156	81.16000366210938	16724290	UBER	-0.0984665235889071	2.64852465202938	1.1408948852318042	1.0053553444246657	0.9972314962891455	-1.797143184224245	-1.7003509370919034	2.64852465202938	-16.028455838080124	36.042560850665346	-0.8958123647722687	-0.5708351819662704	-0.3249771828059983	2.402691628794109	-6.6245359320898185	87.54825607254925	79.65174392745074	0.016241962209321316	-0.014656862745098	0.0	-14656862.745098036	-0.007328431372549	2026-01-29 02:13:05.789909+00:00	2026-01-29 02:13:05.792480+00:00	High	2.40661594174348	3.0
2026-01-29	81.69999694824219	82.06999969482422	79.95999908447266	80.44000244140625	26724780	UBER	0.8272796091852632	2.6388202032399737	0.42084707193940224	1.0087591513668899	1.4660378416089659	2.40661594174348	1.5663780067059758	2.6388202032399737	59.79620061599028	43.91001290801961	-0.9044050905605303	-0.6375491636851224	-0.26685592687540793	2.3946422921321973	-3.50773743348496	87.5628277574551	79.59517166271092	0.2641712017314228	-0.072004	0.0	-72004000.0	-0.036002	2026-01-30 02:13:57.230165+00:00	2026-01-30 02:13:57.232914+00:00	Negative	-2.0195764481235705	0.0
2026-01-30	80.05000305175781	82.0999984741211	79.41999816894531	80.91000366210938	24235569	UBER	-0.9669440827926611	3.3744653323647533	0.5878656994635205	0.8864337598181641	1.1818086108937618	-2.0195764481235705	-1.0629101117619968	3.3744653323647533	-9.314243185537917	39.42205750701772	-1.0324541171448232	-0.7165301543770626	-0.3159239627677606	2.415025007349596	-6.275612200599204	87.69545949962442	79.2965403172701	0.08970948739103209	-0.111187	0.0	-111187000.0	-0.0555935	2026-01-31 02:09:22.364537+00:00	2026-01-31 02:09:22.367434+00:00	Medium	0.9868747732864268	2.0
2026-02-02	80.83999633789062	81.88999938964844	79.19000244140625	79.80000305175781	18434500	UBER	-0.3123047975880249	3.4095174453870634	0.38845643372677124	0.8896623535446768	0.8692586760003737	0.9868747732864267	1.3032496821563766	3.4095174453870634	-23.93617826757028	42.454695730155926	-1.0579921622456396	-0.784822555950778	-0.27316960629486164	2.435380145984781	-4.500892048801085	87.74524436119053	79.04475502845791	0.20633797028849055	0.0	0.0	0.0	0.0	2026-02-07 02:12:10.330611+00:00	2026-02-07 02:12:10.333293+00:00	Negative	-3.599698372760682	0.0
2026-02-03	77.93000030517578	80.68000030517578	77.30000305175781	80.4800033569336	29490800	UBER	-0.4453154345187648	4.372570659738296	0.7121966633321457	0.9057835435050737	1.275443973722709	-3.599698372760682	-3.1684927253896813	4.372570659738296	59.9761317095663	35.420499937907366	-1.298080147059764	-0.8874740741725753	-0.41060607288718876	2.5142810845667833	-7.643988099301483	88.09279543783857	78.4162041959505	-0.0502453682935408	0.0	0.0	0.0	0.0	2026-02-07 02:12:10.330611+00:00	2026-02-07 02:12:10.333293+00:00	Negative	-5.1456462473081	0.0
2026-02-04	73.91999816894531	77.71299743652344	71.87999725341797	75.625	63045000	UBER	-2.9577830054527703	8.114914309944696	2.175675893292144	1.8134186533815362	1.9466666869222515	-5.1456462473081	-2.2545478757747937	8.114914309944696	113.77853432256839	28.430074497035378	-1.7912765432138826	-1.068234567980837	-0.7230419752330457	2.766832653651857	-12.8815562778229	88.87355943944543	76.47343991968542	-0.2059207370276641	0.0	0.0	0.0	0.0	2026-02-07 02:12:10.330611+00:00	2026-02-07 02:12:10.333293+00:00	Medium	1.7451311518961707	2.0
2026-02-05	75.20999908447266	77.22000122070312	73.22000122070312	73.26000213623047	33111500	UBER	-0.8928517979754443	5.46298816349786	1.9665078028336835	1.8709875091006214	0.9836031835787549	1.7451311518961707	2.6617484184836293	5.46298816349786	-47.47957807914982	33.010301889945936	-2.0543645122588003	-1.2654605568364297	-0.7889039554223707	2.8549160355338676	-10.164837568260845	88.8996560546101	75.3493429688274	-0.010283443893333142	0.0	0.0	0.0	0.0	2026-02-07 02:12:10.330611+00:00	2026-02-07 02:12:10.333293+00:00	Negative	-0.5850318398648803	0.0
2026-02-06	74.7699966430664	75.86000061035156	72.68000030517578	73.26000213623047	24436378	UBER	-2.592736300996407	4.375344375100839	1.8112428524557036	1.8337732639966868	0.7250368562612871	-0.5850318398648803	2.06114450287352	4.375344375100839	-26.199725171013093	32.25213520405896	-2.27217591339182	-1.4668036281475076	-0.8053722852443121	2.87813634050829	-11.26276436335801	88.4908266662336	74.47617238772148	0.020965501503339545	0.0345646464646464	0.0	34564646.464646466	0.0172823232323232	2026-02-07 02:12:10.330611+00:00	2026-02-07 02:12:10.333293+00:00	Negative	-1.1501845921732838	0.0
2026-02-09	73.91000366210938	74.81500244140625	73.51000213623047	74.76000213623047	17941800	UBER	-0.013367001851890967	1.7752690344877475	2.2879134677579236	1.8283649275229736	0.5339011742016886	-1.1501845921732838	-1.136969569064745	1.7752690344877475	-26.577498514714414	30.764849184597338	-2.4855355576220433	-1.6705500140424148	-0.8149855435796285	2.7657694808416826	-10.477221599171413	88.39792808711792	73.41607108890747	0.03296871497711546	0.0450039215686274	0.0	45003921.56862745	0.0225019607843137	2026-02-10 02:38:53.252627+00:00	2026-02-10 02:38:53.255316+00:00	Negative	-0.5547336514604545	0.0
2026-02-10	73.5	75.05000305175781	73.47000122070312	74.37999725341797	18932352	UBER	0.6358998349631259	2.1505400909255172	2.592175587135871	1.8815031623431746	0.601152888957136	-0.5547336514604545	-1.1831100913055363	2.1505400909255172	5.52091763368224	30.053298755312653	-2.6570793253482208	-1.867855876303576	-0.7892234490446448	2.6810717915711826	-10.70343557272275	88.28619569938806	72.41080365974281	0.06860909875719379	0.0438683168316831	0.0	43868316.83168316	0.0219341584158415	2026-02-11 02:36:29.109462+00:00	2026-02-11 02:36:29.112027+00:00	Negative	-3.3877521956048047	0.0
2026-02-11	71.01000213623047	74.08570098876953	70.6500015258789	73.76000213623047	27915310	UBER	0.3537444030346514	4.862985688163272	1.659739138176776	1.856852556503656	1.1409153574861117	-3.3877521956048047	-3.728307918051451	4.862985688163272	47.44765996322063	26.1045221550997	-2.959831915117036	-2.086251084066268	-0.8735808310507678	2.734973768094	-13.38131345633242	88.18718878000686	71.0698104265361	-0.0034940099512083445	-0.014034	0.0	-14033999.999999998	-0.007017	2026-02-12 02:30:45.844325+00:00	2026-02-12 02:30:45.847044+00:00	Low	0.2957316971625766	1.0
2026-02-12	71.22000122070312	72.62999725341797	69.44999694824219	72.19000244140625	33525700	UBER	1.6617381631843744	4.578834333924717	1.4638795206806137	1.792839689100605	1.365591828827565	0.2957316971625766	-1.3436780549916678	4.578834333924717	20.097896100741853	26.975965880792756	-3.146548895631909	-2.2983106463793965	-0.8482382492525127	2.7667613778855555	-12.333821893827261	87.93168532291048	69.9823138531149	0.06895435696291365	-0.0179909999999999	0.0	-17990999.999999996	-0.0089954999999999	2026-02-13 02:32:21.714396+00:00	2026-02-13 02:32:21.717129+00:00	Negative	-1.7270476493280946	0.0
2026-02-13	69.98999786376953	71.41000366210938	69.0199966430664	71.05999755859375	26498228	UBER	-0.22466113362388304	3.4627747541089797	1.3900599256619075	1.788271939741577	1.0615138327706666	-1.7270476493280946	-1.5057693942951969	3.4627747541089797	-20.96144748655509	25.108247210150935	-3.355098947065528	-2.509668306516623	-0.8454306405489049	2.739850352253942	-12.271247261623017	87.6541819676676	68.82081726939296	0.062080282153920224	0.012127	0.0	12127000.0	0.0060635	2026-02-14 02:13:32.214240+00:00	2026-02-14 02:13:32.216780+00:00	0	0.0	0.0
2026-02-17	70.52999877929688	70.9800033569336	69.69999694824219	70.66000366210938	17408031	UBER	0.957287925117474	1.8364511689174294	1.3727165106470043	1.9342895443908332	0.7003574222357823	0.7715401228878682	-0.18398652147567557	1.8364511689174294	-34.304924087754095	27.482093516603882	-3.4371811200604583	-2.6951708692253904	-0.7420102508350679	2.6355757848566177	-13.671968893734016	86.99564171454101	68.04735755303712	0.13102195455267626	0.0	0.0	0.0	0.0	2026-02-18 02:29:10.418551+00:00	2026-02-18 02:29:10.421162+00:00	0	0.0	0.0
2026-02-18	72.7699966430664	73.268798828125	70.11499786376953	70.26000213623047	16056375	UBER	-0.38281107009697	4.498040448468914	1.2431406173912183	1.936664813973118	0.66128060373542	3.175950521109398	3.572437276573362	4.498040448468914	-7.7645541876620054	36.47683202826777	-3.2836310713647947	-2.8128629096532713	-0.47076816171152336	2.672591869106536	-9.094323711623575	86.2147468808069	67.73325192900757	0.272529074471244	0.0	0.0	0.0	0.0	2026-02-19 02:28:10.035168+00:00	2026-02-19 02:28:10.037731+00:00	0	0.0	0.0
2026-02-19	72.94000244140625	74.1050033569336	71.7699966430664	71.87000274658203	15709877	UBER	-1.2367650652765658	3.2534580229672745	1.1164871856386915	1.3376856002431718	0.7193284970575206	0.23362073132106165	1.4887987392975373	3.2534580229672745	-2.158008890549704	37.114354678966244	-3.1123463134437372	-2.8727595904113645	-0.23958672303237272	2.6484786437322967	-9.772382798564722	85.1685615666595	67.64743727367254	0.3020676686742142	0.0	0.0	0.0	0.0	2026-02-20 02:24:04.401694+00:00	2026-02-20 02:24:04.404472+00:00	0	0.0	0.0
