timestamp	open	high	low	close	volume	quoteVolume	symbol	gap_apertura_pct	volatilidad_diaria	vol_5d	vol_10d	vol_rel_5d	return_pct	close_open_pct	range_pct	volume_change_pct	rsi_14	macd	macd_signal	macd_diff	atr_14	momentum_12	bb_upper	bb_lower	bb_pctb	vader	finbert	sentiment_ratio	sentiment_combined	download_date	added_date	target_category	target	target_num
2025-07-15 16:00:00	9.129	9.539	8.936	9.022	9139555.8289	84007586.2894134	UNIUSDT	0.0	6.747985675917634	0.0	0.0	0.0	0.0	-1.1720889473107605	6.747985675917634	0.0	0.0	0.0	0.0	0.0	0.0	0.0	0.0	0.0	0.0	0.0	0.9998321533203124	999832.1533203124	0.6998825073242188	0	0	Negative	-1.4741742407448557	0.0
2025-07-16 16:00:00	9.022	9.32	8.672	8.889	15755857.1896	141247553.1677378	UNIUSDT	0.0	7.472324723247229	0.0	0.0	0.0	-1.4741742407448557	-1.4741742407448557	7.472324723247229	72.39193550061515	0.0	0.0	0.0	0.0	0.0	0.0	0.0	0.0	0.0	0.0	0.0	0.0	0.0	0	0	Very High	15.828552143098213	4.0
2025-07-17 16:00:00	8.889	10.952	8.639	10.296	29442806.6428	299538636.0611978	UNIUSDT	0.0	26.773932168075014	0.0	0.0	0.0	15.828552143098213	15.828552143098213	26.773932168075014	86.86896110123651	0.0	0.0	0.0	0.0	0.0	0.0	0.0	0.0	0.0	0.0	0.0	0.0	0.0	0	0	Negative	-1.971639471639466	0.0
2025-07-18 16:00:00	10.296	10.392	9.791	10.093	8689058.8385	88061465.5069252	UNIUSDT	0.0	6.138290266571332	0.0	0.0	0.0	-1.971639471639466	-1.971639471639466	6.138290266571332	-70.4883473103783	0.0	0.0	0.0	0.0	0.0	0.0	0.0	0.0	0.0	0.0	0.0	0.0	0.0	0	0	Very High	6.985039136034876	4.0
2025-07-19 16:00:00	10.093	10.814	9.985	10.798	7524003.3044	78671788.7419467	UNIUSDT	0.0	8.302453680520788	8.806477583826675	0.0	0.5332293837893167	6.985039136034876	6.985039136034876	8.302453680520788	-13.40830526935556	0.0	0.0	0.0	0.0	0.0	0.0	0.0	0.0	0.0	0.0	0.0	0.0	0.0	0	0	High	2.889423967401365	3.0
2025-07-20 16:00:00	10.798	11.753	10.318	11.11	12686847.8575	137837607.9149216	UNIUSDT	0.0	13.907734056987794	8.501372305383617	0.0	0.856079085012303	2.889423967401365	2.889423967401365	13.907734056987794	68.6183185230766	0.0	0.0	0.0	0.0	0.0	0.0	0.0	0.0	0.0	0.0	0.0	0.0	0.0	0	0	Negative	-5.058505850585053	0.0
2025-07-21 16:00:00	11.11	11.247	10.127	10.548	12828624.0	136554354.282	UNIUSDT	0.0	11.059543793818497	8.11142955389187	0.0	0.9012492868662647	-5.058505850585053	-5.058505850585053	11.059543793818497	1.1175048687620794	0.0	0.0	0.0	0.0	0.0	0.0	0.0	0.0	0.0	0.0	0.0	0.0	0.0	0	0	Negative	-3.52673492605233	0.0
2025-07-22 16:00:00	10.548	10.863	9.771	10.176	8619850.0	89430140.594	UNIUSDT	0.0	11.175928768805637	2.97918163677673	0.0	0.8560205229160404	-3.5267349260523306	-3.5267349260523306	11.175928768805637	-32.80768069903678	0.0	0.0	0.0	0.0	0.0	0.0	0.0	0.0	0.0	0.0	0.0	0.0	0.0	0	0	Medium	1.926100628930815	2.0
2025-07-23 16:00:00	10.176	10.534	9.642	10.372	13893760.0	140284133.618	UNIUSDT	0.0	9.251192698610259	2.1497010514834014	0.0	1.2504940058242493	1.9261006289308147	1.9261006289308147	9.251192698610259	61.18331525490582	0.0	0.0	0.0	0.0	0.0	0.0	0.0	0.0	0.0	0.0	0.0	0.0	0.0	0	0	Negative	-2.747782491322793	0.0
2025-07-24 16:00:00	10.372	10.635	9.732	10.087	11081150.0	112643876.342	UNIUSDT	0.0	9.278668310727502	1.9032437145622043	6.00706610144937	0.9373292619384309	-2.7477824913227935	-2.7477824913227935	9.278668310727502	-20.24369213229536	0.0	0.0	0.0	0.0	0.0	0.0	0.0	0.0	0.0	0.0	0.0	0.0	0.0	0	0	High	3.5986913849509223	3.0
2025-07-25 16:00:00	10.087	10.607	9.998	10.45	4107614.0	42655741.838	UNIUSDT	0.0	6.09121824364873	2.054798945279305	6.062188455100294	0.406444970669291	3.5986913849509223	3.5986913849509223	6.09121824364873	-62.93151884055356	0.0	0.0	0.0	0.0	0.0	0.0	0.0	0.0	0.0	0.0	0.0	0.0	0.0	0	0	High	2.7846889952153147	3.0
2025-07-26 16:00:00	10.45	10.844	10.387	10.741	4711122.0	49947860.742	UNIUSDT	0.0	4.399730432271098	2.733342592517203	6.3297265788176755	0.5553800611013061	2.7846889952153147	2.7846889952153147	4.399730432271098	14.692422413595823	0.0	0.0	0.0	0.0	0.0	0.0	0.0	0.0	0.0	0.0	0.0	0.0	0.0	0	0	Negative	-1.46168885578624	0.0
2025-07-27 16:00:00	10.741	11.197	10.52	10.584	5515796.0	59876607.34	UNIUSDT	0.0	6.435361216730034	2.1286546525524392	2.9156997859744656	0.7015866569665374	-1.46168885578624	-1.46168885578624	6.435361216730034	17.08030486155952	0.0	0.0	0.0	0.0	0.0	17.31323431611615	0.0	0.0	0.0	0.0	0.0	0.0	0.0	0	0	Negative	-4.024943310657598	0.0
2025-07-28 16:00:00	10.584	10.701	10.05	10.158	6413562.0	66751151.91	UNIUSDT	0.0	6.477611940298505	1.7533713189097713	2.8856354336818484	1.0074951827319556	-4.024943310657598	-4.024943310657598	6.477611940298505	16.276272726547536	54.87378780682805	0.0	0.0	0.0	0.9164285714285713	14.276071549105641	0.0	0.0	0.0	0.0	0.0	0.0	0.0	0	0	Negative	-0.9844457570387836	0.0
2025-07-29 16:00:00	10.158	10.503	9.791	10.058	5615520.0	56842649.672	UNIUSDT	0.0	7.2719844755387575	1.062239456333094	2.91717390527346	1.0650133172181933	-0.9844457570387837	-0.9844457570387837	7.2719844755387575	-12.44303867336123	53.16070566279105	0.0	0.0	0.0	0.9018265306122447	-2.3115773115773073	0.0	0.0	0.0	0.0	0.0	0.0	0.0	0	0	Negative	-3.95704911513223	0.0
2025-07-30 16:00:00	10.058	10.244	9.506	9.66	7322894.0	72496156.486	UNIUSDT	0.0	7.763517778245315	1.2848774813039827	2.2246509258204874	1.2378579807615526	-3.95704911513223	-3.95704911513223	7.763517778245315	30.40455736957575	46.88688137262078	0.0	0.0	0.0	0.8901246355685128	-4.290102050926383	0.0	0.0	0.0	0.0	0.0	0.0	0.0	0	0	Negative	-6.12836438923396	0.0
2025-07-31 16:00:00	9.66	9.876	8.907	9.068	7144178.0	66433678.472	UNIUSDT	0.0	10.879083866621752	1.8279695588926392	2.1969171052737213	1.1158611081174374	-6.12836438923396	-6.12836438923396	10.879083866621752	-2.440510541324236	39.432389766308724	0.0	0.0	0.0	0.8957585901707619	-16.021485460270423	0.0	0.0	0.0	0.0	0.0	0.0	0.0	0	0	Negative	-1.4887516541685024	0.0
2025-08-01 16:00:00	9.068	9.213	8.842	8.933	4662972.0	42102864.774	UNIUSDT	0.0	4.195883284324798	2.4153563901253783	2.149640554183597	0.7482514111596069	-1.4887516541685024	-1.4887516541685024	4.195883284324798	-34.730461643032974	37.95061483083959	0.0	0.0	0.0	0.858275833729993	-19.594959495949592	0.0	0.0	0.0	0.0	0.0	0.0	0.0	0	0	High	2.3172506436807425	3.0
2025-08-02 16:00:00	8.933	9.201	8.67	9.14	4015160.0	35827685.748	UNIUSDT	0.0	6.12456747404845	2.4509496139838456	2.0436309666219628	0.6980283250171311	2.3172506436807425	2.3172506436807425	6.12456747404845	-13.89268475127022	41.575902069996246	0.0	0.0	0.0	0.834898988463565	-13.348502085703446	0.0	0.0	0.0	0.0	0.0	0.0	0.0	0	0	Very High	9.22319474835886	4.0
2025-08-03 16:00:00	9.14	10.015	9.113	9.983	5381902.0	51363552.548	UNIUSDT	0.0	9.897947986393078	2.7237998015040885	2.1314921376762057	0.9432961759247502	9.22319474835886	9.22319474835886	9.897947986393078	34.03954014285856	53.49288357156671	0.0	0.0	0.0	0.8396919178590248	-1.896619496855342	11.320961129157103	8.695638870842897	0.49036308783812105	0.0	0.0	0.0	0.0	0	0	Negative	-4.878293098267054	0.0
2025-08-04 16:00:00	9.983	10.092	9.445	9.496	5601210.0	55052323.414	UNIUSDT	0.0	6.850185283218637	2.754974686123871	2.110781323986868	1.0447904905209102	-4.878293098267054	-4.878293098267054	6.850185283218637	4.074916265662214	47.469075905649255	0.0	0.0	0.0	0.825928209440523	-8.445815657539523	11.288489235926834	8.775510764073166	0.28670728539722595	0.3612	0.9961701035499572	2.7579383876289305	0.8056790724849701	0	0	High	2.3588879528222426	3.0
2025-08-05 16:00:00	9.496	9.733	9.365	9.72	4504720.0	42979079.128	UNIUSDT	0.0	3.9295248264815843	2.412197695405602	2.1799773472932054	0.9320381342949944	2.3588879528222426	2.3588879528222426	3.9295248264815843	-19.575948768212584	50.24444291168083	0.0	0.0	0.0	0.7932190516233428	-3.638346386437981	11.226822990232582	8.92027700976742	0.34671885885027987	0.0	0.0	0.0	0.0	0	0	High	3.940329218106987	3.0
2025-08-06 16:00:00	9.72	10.189	9.597	10.103	3962530.0	39147301.142	UNIUSDT	0.0	6.168594352401798	2.149562041056273	2.189031035223319	0.8443302475862245	3.940329218106987	3.940329218106987	6.168594352401798	-12.036042195741356	54.65571066349075	0.0	0.0	0.0	0.7788462622216755	-3.3205741626794216	11.212787618524981	8.91501238147502	0.5170164598214569	0.0	0.0	0.0	0.0	0	0	High	4.929228941898457	3.0
2025-08-07 16:00:00	10.103	10.786	9.911	10.601	4929498.0	51468484.326	UNIUSDT	0.0	8.828574311371204	2.334106140704385	2.257141887017955	1.0109775035623667	4.929228941898457	4.929228941898457	8.828574311371204	24.402793164972884	59.66338961857534	0.0	0.0	0.0	0.7857143863486986	-1.3034168140768905	11.2618561990796	8.916743800920399	0.7181984967550641	0.0	0.0	0.0	0.0	0	0	High	2.443165739081205	3.0
2025-08-08 16:00:00	10.601	11.398	10.601	10.86	5891970.0	64719505.738	UNIUSDT	0.0	7.518158664276943	1.814682516120444	2.2594646939810286	1.1836052719798948	2.443165739081205	2.443165739081205	7.518158664276943	19.524746738917433	62.013041410564846	0.0	0.0	0.0	0.7865205016095057	2.6077097505668916	11.27273646050607	8.912063539493928	0.8251615220252072	0.0	0.0	0.0	0.0	0	0	Medium	1.8047882136279905	2.0
2025-08-09 16:00:00	10.86	11.412	10.451	11.056	7218646.0	78848393.656	UNIUSDT	0.0	9.195292316524736	2.1487541112148603	2.34190296415371	1.3616303001686627	1.8047882136279902	1.8047882136279902	9.195292316524736	22.516679480716974	63.73465964826253	0.2351466524283765	0.0	0.0	0.7989833229231124	8.840322898208305	11.260925016809324	8.918474983190677	0.9125168034031641	0.0	0.0	0.0	0.0	0	0	Negative	-1.356729377713446	0.0
2025-08-10 16:00:00	11.056	11.354	10.558	10.906	5349150.0	58658262.678	UNIUSDT	0.0	7.539306686872507	1.2042832990395789	1.9968094860330154	0.977842623412563	-1.356729377713446	-1.356729377713446	7.539306686872507	-25.898153199367307	61.439719179181374	0.27394791007775154	0.0	0.0	0.7987702284286042	8.431099622191299	11.316627609279458	8.898572390720542	0.8301826996638323	0.0	0.0	0.0	0.0	0	0	High	4.126169081239678	3.0
2025-08-11 16:00:00	10.906	11.995	10.794	11.356	16830920.0	190509541.332	UNIUSDT	0.0	11.126551788030376	1.482711826078418	2.105637029361905	2.092347464148846	4.126169081239678	4.126169081239678	11.126551788030376	214.64662609947376	65.45807365722064	0.33712327820671817	0.0	0.0	0.8275009263979897	17.556935817805382	11.49271785298291	8.840482147017092	0.948451846615524	0.0	0.0	0.0	0.0	0	0	Very High	5.591757661148289	4.0
2025-08-12 16:00:00	11.356	12.288	11.188	11.991	12307984.0	143569450.422	UNIUSDT	0.0	9.83196281730425	1.5470193300384207	2.1202636218917874	1.2928915870968665	5.591757661148289	5.591757661148289	9.83196281730425	-26.8727793846088	70.18039783484726	0.43343305918289765	0.0	0.0	0.8469651459409905	32.23423026025585	11.79339157985222	8.701708420147781	1.0639161291568673	0.6808	0.997485876083374	1.4651651159198855	0.9024801132583616	0	0	Negative	-8.26453173213243	0.0
2025-08-13 16:00:00	11.991	12.28	10.541	11.0	12213211.5	141824662.425	UNIUSDT	0.0	16.497486007020196	3.417053586297418	3.391816348167049	1.132532598834106	-8.26453173213243	-8.26453173213243	16.497486007020196	-0.7700083133029747	57.06789219138729	0.42489590115360265	0.0	0.0	0.9106819212309196	23.138923094145305	11.870974204377802	8.715425795622199	0.7239864227843449	0.0	0.0	0.0	0.0	0	0	Negative	-4.009090909090916	0.0
2025-08-14 16:00:00	11.0	11.147	10.467	10.559	2896576.5	31561561.7418	UNIUSDT	0.0	6.4966083882678864	3.9178527830947285	3.415564435406046	0.29200630341941086	-4.009090909090916	-4.009090909090916	6.4966083882678864	-76.28325277098493	52.37794516495179	0.37818563886679435	0.0	0.0	0.8942046411429968	15.525164113785541	11.879303443990807	8.71799655600919	0.5823551806975074	0.0	0.0	0.0	0.0	0	0	High	3.0968841746377493	3.0
2025-08-15 16:00:00	10.559	11.154	10.422	10.886	4396096.8	47638598.4393	UNIUSDT	0.0	7.0236039147956175	4.014248620452992	3.0552057706580396	0.451856910929789	3.0968841746377493	3.0968841746377493	7.0236039147956175	51.76871040692348	55.31068570592234	0.36336494176041256	0.0	0.0	0.8826185953470684	9.045377141139923	11.895905144645766	8.715894855354232	0.6824207934022877	0.0	0.0	0.0	0.0	0	0	High	4.271541429358825	3.0
2025-08-16 16:00:00	10.886	11.356	10.875	11.351	3224420.6	35740566.6835	UNIUSDT	0.0	4.422988505747125	4.68830449388235	3.2781253621195257	0.4601281419862923	4.271541429358825	4.271541429358825	4.422988505747125	-26.65264786708063	59.16208832225288	0.38470639056013667	0.0	0.0	0.8539315528222778	19.534540859309185	11.99507171962935	8.693428280370648	0.804923901845089	0.0	0.0	0.0	0.0	0	0	Negative	-7.70857193198837	0.0
2025-08-17 16:00:00	11.351	11.392	10.211	10.476	5930674.6	62819849.4975	UNIUSDT	0.0	11.565958280285958	4.840349076191444	3.388743682979043	1.034625229144293	-7.70857193198837	-7.70857193198837	11.565958280285958	83.92993147358008	50.36595011265353	0.3272422106674977	0.34406756665095745	-0.016825355983459744	0.8772935847635436	7.7777777777777795	12.009615037519744	8.710684962480258	0.5351174463734619	0.0	0.0	0.0	0.0	0	0	Negative	-2.481863306605589	0.0
2025-08-18 16:00:00	10.476	10.657	10.14	10.216	3499956.0	36338191.406	UNIUSDT	0.0	5.098619329388555	2.798544461820876	3.5960026243668257	0.8772820178060912	-2.4818633066055895	-2.4818633066055895	5.098619329388555	-40.985533079154266	48.07851103163932	0.25775042060155506	0.326804137441077	-0.06905371683952194	0.8515583287090047	1.1184796595070725	12.013158564806593	8.722941435193407	0.4537872444248454	0.0	0.0	0.0	0.0	0	0	Medium	1.135473766640578	2.0
2025-08-19 16:00:00	10.216	10.462	9.906	10.332	4697640.0	47543689.246	UNIUSDT	0.0	5.612759943468596	2.8593501399018066	3.736783320255412	1.079977422190147	1.1354737666405779	1.1354737666405779	5.612759943468596	34.21997305108979	49.187313008547854	0.2096215204575671	0.30336761404437507	-0.09374609358680797	0.8304470195155043	-2.5374964625978693	12.014677994177413	8.788622005822587	0.47841017011130105	0.0	0.0	0.0	0.0	0	0	Negative	-0.7259001161440288	0.0
2025-08-20 16:00:00	10.332	10.696	10.228	10.257	3219786.0	33848514.136	UNIUSDT	0.0	4.575674618693782	3.0055101917818536	3.9355780349188976	0.7825469846674565	-0.7259001161440288	-0.7259001161440288	4.575674618693782	-31.459498812169517	48.46664087163281	0.16354193749053536	0.2754024787336071	-0.11186054124307176	0.8045579466929682	-5.552486187845302	11.956487026826169	8.965712973173831	0.43175679729107147	0.0	0.0	0.0	0.0	0	0	Very High	7.292580676611106	4.0
2025-08-21 16:00:00	10.257	11.101	10.009	11.005	5350956.0	56430059.248	UNIUSDT	0.0	10.910180837246482	3.392177731917135	3.918412061071118	1.178675939410686	7.292580676611106	7.292580676611106	10.910180837246482	66.18980267632693	55.473567236868675	0.1852454900093523	0.25737108098875616	-0.07212559097940385	0.8250895219291847	-0.4612879884225614	11.900887876011456	9.22851212398854	0.6647597646650952	0.0	0.0	0.0	0.0	0	0	High	2.317128577919118	3.0
2025-08-22 16:00:00	11.005	11.632	11.005	11.26	5212524.0	58894269.676	UNIUSDT	0.0	5.697410268059962	2.572675904291221	3.945537797898075	1.1856959931780655	2.317128577919118	2.317128577919118	5.697410268059962	-2.5870517343069164	57.59058568262018	0.22048051844991434	0.24999296848098781	-0.029512450031073473	0.8109402703628144	3.245919677241878	11.867022882837245	9.474377117162755	0.7462963838835854	0.0	0.0	0.0	0.0	0	0	Negative	-1.9715808170515048	0.0
2025-08-23 16:00:00	11.26	11.423	10.849	11.038	2098962.0	23508609.612	UNIUSDT	0.0	5.290810212922849	2.550101341579905	2.5380435806717165	0.5099551658931923	-1.9715808170515055	-1.9715808170515055	5.290810212922849	-59.73232928999464	55.13296114139324	0.2278643097529205	0.24556723673537437	-0.017702926982453876	0.794015965336899	-2.8002817893624483	11.886400467560858	9.560499532439142	0.6352379180257477	0.0	0.0	0.0	0.0	0	0	Negative	-8.416379778945464	0.0
2025-08-24 16:00:00	11.038	11.445	10.092	10.109	5820432.0	62592669.648	UNIUSDT	0.0	13.406658739595716	3.9390956919559392	3.3092472589305046	1.3409489896630182	-8.416379778945464	-8.416379778945464	13.406658739595716	177.3004942442979	46.24029377942346	0.15694432505011413	0.22784265439832233	-0.0708983293482082	0.8339433963842634	-15.695104661829703	11.81375992658023	9.694440073419768	0.19560989152345934	0.0	0.0	0.0	0.0	0	0	Negative	-3.9865466416064943	0.0
2025-08-25 16:00:00	10.109	10.204	9.572	9.706	4960604.0	48424713.622	UNIUSDT	0.0	6.60259089009613	3.5905314996732653	3.3166789044879375	1.0579923337313688	-3.9865466416064943	-3.9865466416064943	6.60259089009613	-14.772580454509217	43.000146998159764	0.06744354700603417	0.1957628329198647	-0.12831928591383054	0.8195188680711019	-11.763636363636367	11.815806400583138	9.69099359941686	0.007062457725641915	0.0	0.0	0.0	0.0	0	0	High	4.100556356892641	3.0
2025-08-26 16:00:00	9.706	10.121	9.676	10.104	3183430.0	31627479.912	UNIUSDT	0.0	4.599007854485327	3.588693565718462	3.300030816393661	0.7481286853815048	4.100556356892641	4.100556356892641	4.599007854485327	-35.82575831491488	46.95348262245636	0.028302555125275575	0.1622707773609469	-0.1339682222356713	0.7927675203517375	-4.309120181835402	11.81573404393553	9.691165956064472	0.19431433913196508	0.0	0.0	0.0	0.0	0	0	Negative	-2.375296912113999	0.0
2025-08-27 16:00:00	10.104	10.125	9.769	9.864	4444198.0	44355405.602	UNIUSDT	0.0	3.6441805711945943	3.8963573416245962	3.1175638039139377	1.08354765198078	-2.375296912113999	-2.375296912113999	3.6441805711945943	39.60407485008309	44.92982280102826	-0.02183129954056362	0.12545036198064477	-0.1472816615212084	0.7615698403266133	-9.388205033988596	11.846463602387484	9.586736397612519	0.12269782025087096	0.6369	0.999159336090088	1.568782803120246	0.8904815352630614	0	0	Negative	-3.1731549067315545	0.0
2025-08-28 16:00:00	9.864	10.08	9.422	9.551	4698094.0	45643810.52	UNIUSDT	0.0	6.983655274888553	3.8150562468253435	3.077200501242606	1.0166060509224186	-3.1731549067315545	-3.1731549067315545	6.983655274888553	5.712976784562704	42.36534900039107	-0.08582983183385018	0.08319432321774578	-0.16902415505159596	0.7541719945889981	-15.857633688661796	11.886896296777786	9.415403703222212	0.054864132359269686	0.6908	0.9999642968177797	1.447543209719991	0.9072150077724456	0	0	Medium	1.9997905978431656	2.0
2025-08-29 16:00:00	9.551	9.822	9.402	9.742	2078746.0	20030325.648	UNIUSDT	0.0	4.467134652201659	1.4534402252482137	3.1441092801177892	0.5367256057710501	1.9997905978431656	1.9997905978431656	4.467134652201659	-55.753418301123816	44.44901931322423	-0.1197565470854709	0.04260414915710245	-0.16236069624257335	0.7303025664040697	-7.0064910271095835	11.866985403334615	9.303914596665384	0.17092208385140886	0.0	0.0	0.0	0.0	0	0	Medium	0.636419626360084	2.0
2025-08-30 16:00:00	9.742	9.912	9.629	9.804	1430314.0	13988859.626	UNIUSDT	0.0	2.9390383217364344	1.5284727491361128	3.300904492498633	0.4516367828745606	0.636419626360084	0.636419626360084	2.9390383217364344	-31.1934214184898	45.14232653994437	-0.1400266909767911	0.006077981130323741	-0.14610467210711484	0.6983523830894933	-4.032889584964752	11.846317822554948	9.214382177445053	0.22402440715085503	0.0	0.0	0.0	0.0	0	0	Negative	-4.508363933088537	0.0
2025-08-31 16:00:00	9.804	9.839	9.329	9.362	2263960.0	21680169.612	UNIUSDT	0.0	5.466823882516881	1.5869047790752475	2.910105316495186	0.7589381972029817	-4.508363933088537	-4.508363933088537	5.466823882516881	58.28412502429536	41.19507703151094	-0.18957137133635094	-0.0330518893630112	-0.15651948197333973	0.6848986414402437	-9.38830816879598	11.78293684457108	9.07836315542892	0.10487303256323689	0.0	0.0	0.0	0.0	0	0	Low	0.0213629566332051	1.0
2025-09-01 16:00:00	9.362	9.641	9.109	9.364	3029882.0	28436098.514	UNIUSDT	0.0	5.840377648479526	1.5242527508839334	2.909297402499619	1.1220957327888994	0.021362956633205168	0.021362956633205168	5.840377648479526	33.83107475397092	41.2201226480268	-0.2260685269304652	-0.071655216876502	-0.1544133100539632	0.6739773099087978	-8.706249390660027	11.524158538770905	9.074441461229092	0.11820080834047499	0.0	0.0	0.0	0.0	0	0	High	3.6416061512174207	3.0
2025-09-02 16:00:00	9.364	9.723	9.364	9.705	2748492.0	26216304.09	UNIUSDT	0.0	3.833831695856471	1.1845227601031159	2.9801524756110167	1.189679791027819	3.6416061512174207	3.6416061512174207	3.833831695856471	-9.287160358060149	45.483511837595614	-0.2248846057927434	-0.10230109465975029	-0.1225835111329931	0.6514789306295979	-11.81281235801909	11.441177776076781	9.02792222392322	0.28056613211666037	0.0	0.0	0.0	0.0	0	0	Negative	-4.94590417310665	0.0
2025-09-03 16:00:00	9.705	9.761	9.213	9.225	3723608.0	35278769.262	UNIUSDT	0.0	5.948116791490286	1.3455215115380887	1.3418983939651945	1.4108577463183496	-4.94590417310665	-4.94590417310665	5.948116791490286	35.47821860132757	40.97795823065026	-0.25968484301198913	-0.13377784433019807	-0.12590699868179106	0.6440875784417696	-18.072824156305508	11.44101130556972	8.894688694430279	0.1297209175792188	0.0	0.0	0.0	0.0	0	0	Medium	1.4959349593495923	2.0
2025-09-04 16:00:00	9.225	9.724	9.159	9.363	4761018.0	45031951.338	UNIUSDT	0.0	6.168795720056769	0.9393418888986477	1.2915694759550576	1.4403792348986142	1.4959349593495925	1.4959349593495925	6.168795720056769	27.86034405340197	42.73430882025562	-0.27298206769359723	-0.1616186890028779	-0.11136337869071933	0.6384384656959289	-15.174850516397903	11.366122708523351	8.817277291476648	0.21410584764127036	0.0	0.0	0.0	0.0	0	0	Negative	-1.0146320623731588	0.0
2025-09-05 16:00:00	9.363	9.492	9.241	9.268	1182628.0	11069407.846	UNIUSDT	0.0	2.716156260145019	1.5409882582508652	1.478472920757103	0.38283584196123327	-1.0146320623731588	-1.0146320623731588	2.716156260145019	-75.16018632989835	41.81189451403569	-0.28786756204307906	-0.18686846361091813	-0.10099909843216093	0.6107642895747912	-8.319319418340086	11.170467321709337	8.804632678290664	0.19585786479132897	0.0	0.0	0.0	0.0	0	0	Medium	1.078981441519202	2.0
2025-09-06 16:00:00	9.268	9.431	9.228	9.368	1023460.0	9560662.25	UNIUSDT	0.0	2.1998266146510557	1.8210629871455117	1.6630510723092455	0.3807739832249018	1.078981441519202	1.078981441519202	2.1998266146510557	-13.458839127773063	43.20167419725165	-0.28827223639617117	-0.20714921816796875	-0.08112301822820242	0.5816382688908774	-3.4823820317329406	11.122136768834	8.742163231166	0.2629595493096205	0.0	0.0	0.0	0.0	0	0	High	3.906917164816393	3.0
2025-09-07 16:00:00	9.368	9.783	9.261	9.734	2598474.2501	24775159.2473949	UNIUSDT	0.0	5.636540330417884	1.9131648986827694	1.500172967822684	0.9776647757550001	3.9069171648163925	3.9069171648163925	5.636540330417884	153.89113889160296	48.08864634297864	-0.2561075540643074	-0.2169408853472365	-0.03916666871707092	0.5773783925415291	-3.6619160728424314	11.093581016043016	8.722518983956983	0.42659407571598956	0.0	0.0	0.0	0.0	0	0	Negative	-2.84569550030819	0.0
2025-09-08 16:00:00	9.734	9.93	9.385	9.457	3275056.3686	31607366.076921	UNIUSDT	0.0	5.807139051678209	1.8879850170198618	1.5536545220944848	1.2752702478280904	-2.84569550030819	-2.84569550030819	5.807139051678209	26.037668777128065	44.937309934648525	-0.25008556586624486	-0.22356982145103818	-0.026515744415206682	0.5750656502171341	-4.126115166261152	11.048601498774694	8.679998501225306	0.3280420988990551	0.0	0.0	0.0	0.0	0	0	High	3.119382468013111	3.0
2025-09-09 16:00:00	9.457	9.815	9.407	9.752	2726161.2984	26180541.6495897	UNIUSDT	0.0	4.337195705325816	1.6469269497049368	1.440822046545036	1.261436619713995	3.119382468013111	3.119382468013111	4.337195705325816	-16.759866348029853	48.78645256715548	-0.21898474245333155	-0.22265280565149687	0.0036680631981653167	0.5631323894873387	2.104491676264271	11.010245709520824	8.667854290479177	0.4628371247894962	0.0	0.0	0.0	0.0	0	0	Low	0.020508613617708	1.0
2025-09-10 16:00:00	9.752	9.978	9.568	9.754	3096724.0188	30372265.4615467	UNIUSDT	0.0	4.28511705685619	1.4450645117642134	1.4280460242295883	1.2172776033372883	0.020508613617708074	0.020508613617708074	4.28511705685619	13.592839155096412	48.81257794020184	-0.1919629036830628	-0.21651482525781007	0.024551921574747282	0.5521943616668145	0.12317799219871359	10.81842523724113	8.734574762758871	0.489202680194417	0.0	0.0	0.0	0.0	0	0	High	2.768095140455193	3.0
2025-09-11 16:00:00	9.754	10.208	9.735	10.024	2956222.8372	29571741.237621	UNIUSDT	0.0	4.858757062146901	0.7116602468060401	1.3718469786795946	1.0087680734432531	2.7680951404551934	2.7680951404551934	4.858757062146901	-4.537090833636681	52.34675703924302	-0.14706587440512564	-0.2026250350872732	0.05555916068214756	0.5465376215477563	2.2439820481436032	10.516216088422421	8.913183911577576	0.6929468444038207	0.0	0.0	0.0	0.0	0	0	Medium	0.8679169992019306	2.0
2025-09-12 16:00:00	10.024	10.347	9.997	10.111	3179680.1209	32457866.8442264	UNIUSDT	0.0	3.501050315094525	0.8501713569520726	1.3957634640994414	1.0436236535250545	0.8679169992019306	0.8679169992019306	3.501050315094525	7.558878203905922	53.46175850190572	-0.10327400389500418	-0.1827548288488194	0.07948082495381523	0.5324992200086308	8.00042725913267	10.229617235815507	9.107082764184494	0.8943308746294816	0.0	0.0	0.0	0.0	0	0	Negative	-7.22974977747008	0.0
2025-09-13 16:00:00	10.111	10.16	8.985	9.38	5595200.0666	53907108.1543073	UNIUSDT	0.0	13.077351140790213	3.9793566818448207	3.0417590714864757	1.5937119125357666	-7.22974977747008	-7.22974977747008	13.077351140790213	75.96738834899823	44.120485469267074	-0.1261006124253079	-0.17142398556411712	0.045323373138809214	0.5783921328651572	0.1708671507902607	10.168091346442646	9.095708653557354	0.26510251268392687	0.0	0.0	0.0	0.0	0	0	Negative	-2.729211087420045	0.0
2025-09-14 16:00:00	9.38	9.541	9.022	9.124	3488481.9865	32352462.8108385	UNIUSDT	0.0	5.752604743959212	3.879531468855041	3.0307517911128325	0.9522884716528502	-2.729211087420045	-2.729211087420045	5.752604743959212	-37.65223861566358	41.392796388167035	-0.16296931583308982	-0.16973305161791166	0.006763735784821839	0.5741498376605032	-5.986604842864498	10.181253317044666	9.024346682955334	0.08613773498075668	0.0	0.0	0.0	0.0	0	0	Medium	1.271372205173166	2.0
2025-09-15 16:00:00	9.124	9.346	9.054	9.24	2132699.7732	19583267.5092497	UNIUSDT	0.0	3.2250938811574974	4.0423684651510445	2.9880595647710715	0.6145299595121138	1.271372205173166	1.271372205173166	3.2250938811574974	-38.86453243980367	43.109122932561256	-0.18074429068724385	-0.17193529943177813	-0.00880899125546572	0.5539962778276101	0.16260162601626632	10.110261202555597	9.008938797444403	0.20980341586010745	0.0	0.0	0.0	0.0	0	0	Negative	-0.3354978354978418	0.0
2025-09-16 16:00:00	9.24	9.403	9.18	9.209	1674317.1777	15538991.6840993	UNIUSDT	0.0	2.429193899782143	4.359868266800468	2.9626628389289653	0.5209326938360014	-0.3354978354978418	-0.3354978354978418	2.429193899782143	-21.49306720337022	42.74882523086197	-0.19508372351386427	-0.17656498424819536	-0.01851873926566891	0.5303536865542094	-1.6447719747944025	10.079108734652495	8.974591265347504	0.2122272767672886	0.0	0.0	0.0	0.0	0	0	High	3.63774568357043	3.0
2025-09-17 16:00:00	9.209	9.674	9.138	9.544	3594813.6118	33885466.7006836	UNIUSDT	0.0	5.865616108557667	4.201024946797239	2.966514525629974	1.0902947623098684	3.63774568357043	3.63774568357043	5.865616108557667	114.70326289897923	47.82378572977699	-0.1773714988223105	-0.17672628716301841	-0.0006452116592920998	0.5307569946574802	2.977988778593006	10.078705939844887	8.974294060155113	0.5158455376312284	0.0	0.0	0.0	0.0	0	0	Negative	-3.751047778709142	0.0
2025-09-18 16:00:00	9.544	9.741	9.129	9.186	3803526.4697	36007723.2240013	UNIUSDT	0.0	6.703910614525141	1.8553172744006463	2.9964845951884174	1.294258928795838	-3.751047778709142	-3.751047778709142	6.703910614525141	5.805943796777066	43.39660804980295	-0.19003147664149367	-0.1793873250587135	-0.010644151582780176	0.5365600664676602	-1.9427839453458624	10.060607501284665	8.936792498715338	0.2217513565087762	0.0	0.0	0.0	0.0	0	0	Medium	0.5987372087959908	2.0
2025-09-19 16:00:00	9.186	9.287	9.069	9.241	1739958.4025	15951506.7869329	UNIUSDT	0.0	2.4037931414709446	2.020437170344091	3.1322348349875657	0.6720417170404165	0.5987372087959908	0.5987372087959908	2.4037931414709446	-54.25407404520474	44.25047173512368	-0.1933971974212927	-0.18218929953122934	-0.01120789789006335	0.5138057760056844	-5.064721594411345	10.02481581168242	8.91628418831758	0.292924265612538	0.8816	0.9999598860740662	1.134254482553974	0.9644519202518462	0	0	Negative	-1.4608808570501004	0.0
2025-09-20 16:00:00	9.241	9.267	9.041	9.106	1281651.7667	11729457.9394198	UNIUSDT	0.0	2.4997234819157073	2.1246106899300403	3.239862330355562	0.529859197461766	-1.4608808570501004	-1.4608808570501004	2.4997234819157073	-26.340091529860583	42.55364080403766	-0.20459943224966715	-0.1866713260749169	-0.01792810617475024	0.4932482205767069	-3.7115364280427285	10.032882984621795	8.882617015378207	0.19420115920554365	0.0	0.0	0.0	0.0	0	0	Negative	-11.31122336920711	0.0
2025-09-21 16:00:00	9.106	9.179	7.389	8.076	7458319.4512	62526438.4865476	UNIUSDT	0.0	24.22519962105833	9.089641249492004	6.874466560190411	2.085861656513486	-11.31122336920711	-11.31122336920711	24.22519962105833	481.93025944978	32.35842930731893	-0.29320973666221484	-0.2079790081923765	-0.08523072846983834	0.5858733476783707	-17.186218211648892	10.226583046632195	8.560116953367805	-0.29050513258237526	0.0	0.0	0.0	0.0	0	0	Medium	0.7924715205547307	2.0
2025-09-22 16:00:00	8.076	8.262	8.009	8.14	1762082.6178	14347431.5645071	UNIUSDT	0.0	3.158946185541267	9.35066762946293	6.89446076938856	0.5490880206260825	0.7924715205547307	0.7924715205547307	3.158946185541267	-76.37426729534236	33.42574589272914	-0.35418692973002663	-0.23722059249990654	-0.1169663372301201	0.5620966799870585	-16.54705761738773	10.2972085276078	8.332991472392198	-0.09825363845596675	0.0	0.0	0.0	0.0	0	0	Negative	-0.5651105651105792	0.0
2025-09-23 16:00:00	8.14	8.214	7.831	8.094	2698212.8094	21778435.9540959	UNIUSDT	0.0	4.89081854169327	9.43846244326582	6.561982638249135	0.903002732824778	-0.5651105651105792	-0.5651105651105792	4.89081854169327	53.12635072518791	33.02242467138683	-0.40159428122497864	-0.270095330244921	-0.13149895098005765	0.5493040599879829	-19.253790901835593	10.37584091556316	8.141259084436843	-0.021148961196477307	0.0	0.0	0.0	0.0	0	0	Negative	-5.411415863602666	0.0
2025-09-24 16:00:00	8.094	8.114	7.502	7.656	3276007.9749	25500993.1925602	UNIUSDT	0.0	8.157824580111983	9.012740131121271	6.591218752405255	0.9941591926743448	-5.411415863602666	-5.411415863602666	8.157824580111983	21.41399534859089	29.38647083038265	-0.46910039101475576	-0.30989634239888797	-0.1592040486158678	0.5537823414174128	-24.28048659875384	10.488742412847248	7.857657587152752	-0.07664427432495378	0.0	0.0	0.0	0.0	0	0	Negative	-2.625391849529776	0.0
2025-09-25 16:00:00	7.656	7.682	7.267	7.455	6053148.0953	45055401.1246086	UNIUSDT	0.0	5.710747213430577	8.574335160408225	6.5063503413532455	1.4244195567485725	-2.625391849529776	-2.625391849529776	5.710747213430577	84.77208058337442	27.869937273566947	-0.5326781079040153	-0.35445269549991343	-0.17822541240410184	0.5438693170304547	-20.5223880597015	10.594643578453383	7.570456421546619	-0.038177670744661024	0.0	0.0	0.0	0.0	0	0	Medium	1.8511066398390328	2.0
2025-09-26 16:00:00	7.455	7.637	7.45	7.593	1334535.2293	10095224.7305422	UNIUSDT	0.0	2.5100671140939514	2.2367855682944233	6.500631473168712	0.44119822815765947	1.8511066398390328	1.8511066398390328	2.5100671140939514	-77.95303851336122	30.52103445514483	-0.5654107566588014	-0.396644307731691	-0.16876644892711035	0.5183786515282793	-16.779921087242442	10.631596153371948	7.3560038466280515	0.07235215227609768	0.0	0.0	0.0	0.0	0	0	Negative	-0.7506914263137151	0.0
2025-09-27 16:00:00	7.593	7.657	7.406	7.536	779984.3132	5863765.078239	UNIUSDT	0.0	3.3891439373481007	2.19432510690988	6.578952963136216	0.2757709189605444	-0.7506914263137151	-0.7506914263137151	3.3891439373481007	-41.55386114391877	30.030074355618012	-0.5891595754078942	-0.4351473612669317	-0.1540122141409625	0.49928017641911654	-18.44155844155845	10.60131700236138	7.166482997638621	0.10757928966969223	0.0	0.0	0.0	0.0	0	0	Medium	1.9639065817409844	2.0
2025-09-28 16:00:00	7.536	7.833	7.529	7.684	1250077.2432	9615008.7763657	UNIUSDT	0.0	4.037720812856957	2.2311576391405317	6.617604493052185	0.49239860638178784	1.9639065817409844	1.9639065817409844	4.037720812856957	60.26953645662113	33.04184549574401	-0.5892458627422776	-0.46596706156200096	-0.12327880118027668	0.4853315923891796	-16.559887066999668	10.567353030300422	7.023146969699576	0.18646010389937373	0.0	0.0	0.0	0.0	0	0	Negative	-2.6028110359187946	0.0
2025-09-29 16:00:00	7.684	7.825	7.416	7.484	1790721.3452	13634229.1987376	UNIUSDT	0.0	5.515102481121896	1.3735216925250102	6.496634207019839	0.7988253294702157	-2.6028110359187946	-2.6028110359187946	5.515102481121896	43.248855615996725	31.094060745396874	-0.5985528301667404	-0.49248421528294883	-0.1060686148837916	0.4798793357899525	-21.584241408214588	10.484545789643928	6.8791542103560746	0.16776146954983354	0.0	0.0	0.0	0.0	0	0	Very High	6.5606627471940095	4.0
2025-09-30 16:00:00	7.484	7.987	7.451	7.975	2531738.2534	19495203.9399779	UNIUSDT	0.0	7.193665279828218	1.8499700092149578	6.350689219010025	1.6467540543678119	6.5606627471940095	6.5606627471940095	7.193665279828218	41.38091670076328	40.38516237237191	-0.5598554077196187	-0.5059584537702828	-0.05389695394933591	0.48388795466209883	-13.183104724580888	10.350196207245647	6.835603792754354	0.32419014009923647	0.0	0.0	0.0	0.0	0	0	High	2.3824451410658245	3.0
2025-10-01 16:00:00	7.975	8.329	7.948	8.165	3151761.2027	25614370.5570849	UNIUSDT	0.0	4.793658782083546	1.4696864604858757	1.7850565110037768	1.6580742680411666	2.3824451410658245	2.3824451410658245	4.793658782083546	24.490009915809413	43.556768275812225	-0.5080001005861785	-0.506366783133462	-0.001633317452716554	0.4765388150433775	-11.643761497673417	10.137185899313211	6.862714100686792	0.3977086930049275	0.0	0.0	0.0	0.0	0	0	High	2.4372320881812817	3.0
2025-10-02 16:00:00	8.165	8.394	8.127	8.364	2509027.0397	20718895.2609411	UNIUSDT	0.0	3.2853451458102554	1.498332953135411	1.7714727870551659	1.1167784342095735	2.4372320881812817	2.4372320881812817	3.2853451458102554	-20.392857252300477	46.75206907386329	-0.44570890439233146	-0.4942352073852359	0.048526302992904446	0.46157175682599333	-8.148473533933661	9.87363434593439	6.951565654065609	0.4833679474629609	0.0	0.0	0.0	0.0	0	0	Negative	-5.164992826398857	0.0
2025-10-03 16:00:00	8.364	8.491	7.915	7.932	3436806.4178	28028645.9349231	UNIUSDT	0.0	7.277321541377127	1.6857750438611796	1.9175800133766152	1.280474114158803	-5.164992826398857	-5.164992826398857	7.277321541377127	36.977655617889745	41.28774560702551	-0.4262874953584923	-0.48064566497988725	0.05435816962139495	0.4697452027669938	-1.7830609212481439	9.7447202170136	6.9356797829864	0.3546834730268441	0.0	0.0	0.0	0.0	0	0	High	3.466969238527488	3.0
2025-10-04 16:00:00	7.932	8.429	7.904	8.207	2513683.7528	20622572.4421124	UNIUSDT	0.0	6.642206477732798	1.7437687151488974	1.7047748722011395	0.8886660505646705	3.4669692385274877	3.4669692385274877	6.642206477732798	-26.859897031701824	45.64310349209611	-0.38427599260709755	-0.46137173050532937	0.07709573789823182	0.47369197399792284	0.8230958230958251	9.65263866961332	6.9360613303866785	0.4678455684884474	0.0	0.0	0.0	0.0	0	0	Medium	1.9739246984281595	2.0
2025-10-05 16:00:00	8.207	8.415	7.99	8.369	2861428.2648	23413165.4675277	UNIUSDT	0.0	5.319148936170199	1.5726713415196167	1.69199020292564	0.9885601665613825	1.9739246984281593	1.9739246984281593	5.319148936170199	13.83405973852703	48.08622305751097	-0.3340587070599135	-0.43590912581624625	0.10185041875633277	0.470213975855214	3.3975784531751962	9.539064507001541	6.962535492998458	0.5458756720213898	0.0	0.0	0.0	0.0	0	0	Negative	-6.631616680606999	0.0
2025-10-06 16:00:00	8.369	8.444	7.778	7.814	5889146.2221	47636808.6982558	UNIUSDT	0.0	8.562612496785823	2.0129404168668845	1.7838447027911017	1.7109572469791476	-6.6316166806069985	-6.6316166806069985	8.562612496785823	105.81142272709126	41.24648236333678	-0.33518124736271915	-0.41576355012554084	0.08058230276282169	0.484198691865556	2.0637408568443103	9.403627028248087	6.958472971751911	0.3498867590674555	0.0	0.0	0.0	0.0	0	0	Medium	0.8574353724084997	2.0
2025-10-07 16:00:00	7.814	7.978	7.692	7.881	2877050.7208	22394010.7619066	UNIUSDT	0.0	3.7181487259490322	1.8587379603803358	1.7410253890223975	0.8183615418612193	0.8574353724084997	0.8574353724084997	3.7181487259490322	-51.14655652455379	42.31323001624313	-0.3268962718465378	-0.39799009446974026	0.07109382262320246	0.47004164244658764	5.714285714285716	9.153133794000135	7.042666205999863	0.39722656664653266	0.0	0.0	0.0	0.0	0	0	Negative	-1.8652455272173607	0.0
2025-10-08 16:00:00	7.881	8.125	7.682	7.734	2460665.6958	19360509.8063112	UNIUSDT	0.0	5.766727414735741	1.7821486913497295	1.6482105634027453	0.7410762113367773	-1.8652455272173611	-1.8652455272173611	5.766727414735741	-14.472634145435533	40.572671445541445	-0.3284063762501379	-0.38407335082581984	0.05566697457568193	0.46811009655754565	1.856973528249704	8.964516503262118	7.086083496737881	0.3449239344771697	0.0	0.0	0.0	0.0	0	0	Low	0.077579519006985	1.0
2025-10-09 16:00:00	7.734	8.594	7.636	7.74	7952142.8624	64893301.7249671	UNIUSDT	0.0	12.545835515976941	3.4694487065980466	2.6838493376695047	1.8039896462253864	0.07757951900698509	0.07757951900698509	12.545835515976941	223.17038742699413	40.67993019167639	-0.32536835119597907	-0.37233235089985167	0.046963999703872605	0.5031022325177209	2.70700636942676	8.712018698490507	7.188481301509493	0.3619987927985072	0.0	0.0	0.0	0.0	0	0	Negative	-21.56330749354006	0.0
2025-10-10 16:00:00	7.74	7.852	2.256	6.071	20583446.1178	118694620.0862387	UNIUSDT	0.0	248.04964539007096	107.56165880498743	76.45214554952837	2.58830193810487	-21.56330749354006	-21.56330749354006	248.04964539007096	158.84150315161475	26.403966160324387	-0.452419831837922	-0.3883498470874658	-0.06406998475045622	0.8668806444807409	-20.991671004685063	8.76148691579892	6.835513084201079	-0.3969488430519419	0.0	0.0	0.0	0.0	0	0	Very High	6.638115631691657	4.0
2025-10-11 16:00:00	6.071	6.495	5.648	6.474	4866821.6669	29423974.7257993	UNIUSDT	0.0	14.996458923512757	106.89274989616462	76.13697368799671	0.6281370294549543	6.638115631691657	6.638115631691657	14.996458923512757	-76.35565182308659	32.558379178026684	-0.514657660468071	-0.41361140976358685	-0.1010462507044842	0.8654605984464023	-13.49545697487974	8.830667306001537	6.606132693998463	-0.05939790430119862	0.0	0.0	0.0	0.0	0	0	High	4.232313870868088	3.0
2025-10-12 16:00:00	6.474	6.87	6.473	6.748	6665317.8538	44281726.8654618	UNIUSDT	0.0	6.133168546269122	106.59676134787752	76.02447309225762	0.7836314984022131	4.232313870868088	4.232313870868088	6.133168546269122	36.95422413218566	36.44955642582757	-0.5356968975946215	-0.4380285073297938	-0.09766839026482765	0.8319991271288022	-15.385579937304069	8.819503993330471	6.478096006669527	0.11527422596494184	0.0	0.0	0.0	0.0	0	0	Low	0.1333728512151667	1.0
2025-10-13 16:00:00	6.748	7.11	6.379	6.757	5835529.2524	39104416.9696126	UNIUSDT	0.0	11.459476406960352	105.9344296631951	75.8853410079612	0.6356334537041091	0.13337285121516676	0.13337285121516676	11.459476406960352	-12.449347797073546	36.57899471571301	-0.5453578737183324	-0.4594943806075016	-0.08586349311083086	0.8247849037624592	-17.244335578689522	8.795248392811889	6.368651607188109	0.1600382870003933	0.0	0.0	0.0	0.0	0	0	Negative	-3.2854817226579778	0.0
2025-10-14 16:00:00	6.757	6.982	6.502	6.535	4984620.0472	33667851.6395746	UNIUSDT	0.0	7.382343894186411	106.51962811445102	75.85787047960466	0.5804745224911457	-3.2854817226579778	-3.2854817226579778	7.382343894186411	-14.581525829041867	34.70146369079377	-0.5644215117216014	-0.4804798068303216	-0.08394170489127978	0.8001574106365693	-21.867527498804407	8.821141583643728	6.230658416356272	0.11748448609392427	0.0	0.0	0.0	0.0	0	0	Negative	-2.861514919663356	0.0
2025-10-15 16:00:00	6.535	6.685	6.324	6.348	4529913.0094	29649890.0847227	UNIUSDT	0.0	5.708412397216947	3.9869845953962804	75.84253204074437	0.8425487313310885	-2.8615149196633554	-2.8615149196633554	5.708412397216947	-9.122200558805313	33.15759046706209	-0.587842635379757	-0.5019523725402087	-0.08589026283954826	0.7687890241625287	-19.969742813918312	8.86406375665973	6.077036243340271	0.09722320836976606	0.0	0.0	0.0	0.0	0	0	Negative	-2.81978575929427	0.0
2025-10-16 16:00:00	6.348	6.478	5.84	6.169	6147877.1637	37755766.2612788	UNIUSDT	0.0	10.924657534246574	2.698256871510025	75.76356926860285	1.0914712549807233	-2.81978575929427	-2.81978575929427	10.924657534246574	35.71733388571858	31.703577687448657	-0.6137726594950665	-0.5243164299311803	-0.08945622956388621	0.7594469510080624	-24.83246009504083	8.901818139429224	5.896881860570778	0.09055704153986172	0.0	0.0	0.0	0.0	2025-10-22 17:57:40.954980+00:00	2025-10-22 17:57:40.959145+00:00	Negative	-3.550008105041327	0.0
2025-10-17 16:00:00	6.169	6.252	5.905	5.95	1369078.5	8346391.6845	UNIUSDT	0.0	5.876375952582549	2.7522293937530047	75.67495930075218	0.2993565889602412	-3.550008105041327	-3.550008105041327	5.876375952582549	-77.73087419371856	29.971868933268183	-0.6445637307022736	-0.5483658900853989	-0.09619784061687464	0.7299864545074864	-28.904289640339343	8.94751581838142	5.692584181618579	0.07908486171384892	0.0	0.0	0.0	0.0	2025-10-22 17:57:40.954980+00:00	2025-10-22 17:57:40.959145+00:00	Very High	5.529411764705878	4.0
2025-10-18 16:00:00	5.95	6.325	5.907	6.279	1530279.0	9305571.782	UNIUSDT	0.0	7.0763500931098715	2.1042200203540684	75.6239315326894	0.4122126251818185	5.529411764705878	5.529411764705878	7.0763500931098715	11.774379628341253	35.657768250942325	-0.6350973194748457	-0.5657121759632884	-0.06938514351155733	0.7077017077569516	-19.644228308164834	8.92883836763783	5.570761632362171	0.21090595107550184	0.0	0.0	0.0	0.0	2025-10-22 17:57:40.954980+00:00	2025-10-22 17:57:40.959145+00:00	Medium	1.385570950788338	2.0
2025-10-19 16:00:00	6.279	6.54	6.136	6.366	1066330.0	6794463.686	UNIUSDT	0.0	6.584093872229464	2.1353421908809773	75.82645851665586	0.36409725333171483	1.385570950788338	1.385570950788338	6.584093872229464	-30.31793548758102	37.11189798537001	-0.61350286829125	-0.5752703144288808	-0.038232553862369234	0.686008728631455	-19.223448800913594	8.91201558400473	5.475784415995274	0.25906743186908787	0.0	0.0	0.0	0.0	2025-10-22 17:57:40.954980+00:00	2025-10-22 17:57:40.959145+00:00	High	3.4401508011310136	3.0
2025-10-20 16:00:00	6.366	6.65	6.104	6.585	1835054.0	11589595.36	UNIUSDT	0.0	8.944954128440372	2.0459590484489993	3.0598396652201587	0.7678937840634708	3.4401508011310136	3.4401508011310136	8.944954128440372	72.09062860465335	40.74235239274321	-0.5721225675828352	-0.5746407650596717	0.002518197476836459	0.6760081051577796	-14.856477889837084	8.822848868821167	5.425951131178832	0.3412080546250481	0.0	0.0	0.0	0.0	2025-10-22 17:57:40.954980+00:00	2025-10-22 17:57:40.959145+00:00	Negative	-6.7577828397874	0.0
2025-10-21 16:00:00	6.585	6.638	6.045	6.14	2205564.0	13822010.263	UNIUSDT	0.0	9.809760132340777	1.6546976579497823	2.138909158058231	1.3773918569557464	-6.7577828397874	-6.7577828397874	9.809760132340777	20.190686486610204	36.17278556842538	-0.5686807642633323	-0.5734487649004038	0.004768000637071501	0.6700789547893669	-20.671834625323005	8.70272176387313	5.343578236126868	0.23709072187441535	0.0	0.0	0.0	0.0	2025-10-22 17:57:40.954980+00:00	2025-10-22 17:57:40.959145+00:00	Medium	1.905537459283388	2.0
2025-10-22 16:00:00	6.14	6.275	5.859	6.257	2250673.0	13704726.741	UNIUSDT	0.0	7.100187745349042	1.3954187133959204	2.0662607232824826	1.2661444210668442	1.9055374592833876	1.9055374592833876	7.100187745349042	2.0452365018652827	38.137357493098506	-0.550170168907445	-0.568793045701812	0.018622876794367027	0.6519304580186979	3.0637456761653756	8.509776205852306	5.325823794147697	0.29245920963805305	0.1833179999999999	0.0	183318000.0	0.0916589999999999	2025-10-23 19:17:43.975729+00:00	2025-10-23 19:17:43.979784+00:00	Negative	-1.0068723030206126	0.0
2025-10-23 16:00:00	6.257	6.473	6.177	6.194	1837278.0	11619790.747	UNIUSDT	0.0	4.791970212077064	1.9837192127098568	1.9281091197176379	0.9990745955991472	-1.0068723030206126	-1.0068723030206126	4.791970212077064	-18.367617152736095	37.46859966984686	-0.5344234612194141	-0.5619191288053325	0.02749566758591837	0.6265068538745052	-4.3249922767995095	8.381138291360362	5.280661708639637	0.2945799676251359	0.1271889999999999	0.0	127188999.99999996	0.0635944999999999	2025-10-24 23:31:46.493793+00:00	2025-10-24 23:31:46.497653+00:00	Negative	-0.193735873425889	0.0
2025-10-24 16:00:00	6.194	6.3	6.148	6.182	1195958.0	7421316.361	UNIUSDT	0.0	2.4723487312947325	3.0147633296564784	2.483827577161924	0.6412968722166822	-0.19373587342588905	-0.19373587342588905	2.4723487312947325	-34.905985920475835	37.33430717132098	-0.5169532661792822	-0.5529259562801224	0.035972690100840254	0.5926135071691834	-8.38767042086544	8.167605670387614	5.291694329612385	0.30957340644153	0.174972	0.0	174971999.99999997	0.087486	2025-10-25 23:30:39.836420+00:00	2025-10-25 23:30:39.840398+00:00	Very High	5.726302167583293	4.0
2025-10-25 16:00:00	6.182	6.54	6.143	6.536	1476655.0	9296092.986	UNIUSDT	0.0	6.462640403711546	2.7276936578207858	2.4539197718052765	0.823463037779519	5.726302167583293	5.726302167583293	6.462640403711546	23.470473043367743	43.74032588742973	-0.46913526988084	-0.536167819000266	0.06703254911942602	0.578641113799956	-3.270682255438805	7.864427331724097	5.411572668275903	0.4584157995498152	0.16535	0.0	165350000.0	0.082675	2025-10-26 23:32:13.056377+00:00	2025-10-26 23:32:13.060237+00:00	Low	0.4895960832313346	1.0
2025-10-26 16:00:00	6.536	6.879	6.468	6.568	1147228.0	7633846.391	UNIUSDT	0.0	6.354359925788492	1.861780000404234	2.0319740480394244	0.7253782092396971	0.48959608323133463	0.48959608323133463	6.354359925788492	-22.309002441328545	44.29467893443203	-0.4237720503321354	-0.5136886652666399	0.08991661493450454	0.5666667485285305	0.5049732211170539	7.677055364993464	5.474344635006535	0.49650430721784083	0.138601	0.0	138601000.0	0.0693005	2025-10-27 23:31:39.526834+00:00	2025-10-27 23:31:39.530583+00:00	Negative	-0.6699147381242326	0.0
2025-10-27 16:00:00	6.568	6.681	6.407	6.524	1144997.0	7482394.42	UNIUSDT	0.0	4.276572498829405	1.6467234013409882	2.1502043098441996	0.8416476578758733	-0.6699147381242326	-0.6699147381242326	4.276572498829405	-0.19446875424937327	43.65768208785192	-0.3869117267503066	-0.4883332775633733	0.1014215508130667	0.5457619807764926	2.772526780088219	7.432156285816495	5.583543714183504	0.5087362816026585	0.131836	0.0	131836000.0	0.065918	2025-10-28 23:33:31.991241+00:00	2025-10-28 23:33:31.995045+00:00	Negative	-4.598405885959531	0.0
2025-10-28 16:00:00	6.524	6.604	6.195	6.224	1566835.0	9998676.47	UNIUSDT	0.0	6.602098466505243	1.8152025634135955	2.138516791468506	1.1994132284332062	-4.598405885959531	-4.598405885959531	6.602098466505243	36.841843253737785	39.48798975351114	-0.3775549293371876	-0.4661776079181362	0.08862267858094863	0.535993267863886	0.8915545469281992	7.171921842351966	5.692778157648033	0.35914147343859776	0.1736919999999999	0.0	173691999.99999997	0.0868459999999999	2025-10-29 23:33:51.360140+00:00	2025-10-29 23:33:51.364270+00:00	Negative	-6.699871465295628	0.0
2025-10-29 16:00:00	6.224	6.449	5.785	5.807	4219417.0	25943072.369	UNIUSDT	0.0	11.477960242005182	2.6611598868029573	2.6895753442997608	2.2079323446290444	-6.699871465295628	-6.699871465295628	11.477960242005182	169.29555441383425	34.54860022247604	-0.3991864421407314	-0.4527793747626553	0.05359293262192388	0.5451366058736083	-2.4033613445378115	6.8315068575563265	5.839893142443674	-0.03317132663895892	0.157974	0.0	157974000.0	0.078987	2025-10-30 23:36:46.243334+00:00	2025-10-30 23:36:46.247506+00:00	Negative	-1.222662304115733	0.0
2025-10-30 16:00:00	5.807	5.949	5.66	5.736	1532210.0	8894692.325	UNIUSDT	0.0	5.106007067137804	2.799628216255133	2.627297327459433	0.7971386436786468	-1.222662304115733	-1.222662304115733	5.106007067137804	-63.68668941704506	33.77396493490073	-0.41724889300230306	-0.44567327841058485	0.028424385408281794	0.5268411340254934	-8.647873865265172	6.869056344264342	5.768843655735658	-0.02985209685190985	0.183388	0.0	183388000.0	0.091694	2025-10-31 23:31:06.475307+00:00	2025-10-31 23:31:06.479422+00:00	High	2.0048814504881487	3.0
2025-10-31 16:00:00	5.736	5.87	5.61	5.851	966723.0	5565909.612	UNIUSDT	0.0	4.634581105169336	2.9633047272115407	2.3899330884839247	0.5125685803306874	2.0048814504881487	2.0048814504881487	4.634581105169336	-36.90662507097591	36.26659659257662	-0.4174716235291491	-0.44003294743429777	0.022561323905148645	0.5077810530236724	-8.089852340559215	6.868939432494369	5.70666056750563	0.12418657590901656	0.1964189999999999	0.0	196419000.0	0.0982094999999999	2025-11-01 23:19:40.391361+00:00	2025-11-01 23:19:40.395225+00:00	Negative	-1.5894718851478375	0.0
2025-11-01 16:00:00	5.851	5.924	5.717	5.758	1057692.0	6156380.694	UNIUSDT	0.0	3.62078012943853	3.0935136950575597	2.452747822243514	0.5660419162106065	-1.5894718851478375	-1.5894718851478375	3.62078012943853	9.410037828829976	35.115535334368715	-0.4203074195427279	-0.4360878418559838	0.015780422313255937	0.4862966920934101	-12.558845861807136	6.822853539036311	5.6537464609636885	0.08917364456315054	0.201219	0.0	201219000.0	0.1006095	2025-11-02 23:19:57.621853+00:00	2025-11-02 23:19:57.625955+00:00	Negative	-10.88919763806877	0.0
2025-11-02 16:00:00	5.758	5.882	4.945	5.131	3507260.0	18715077.062	UNIUSDT	0.0	18.94843276036399	6.4802346855971065	4.855685510327487	1.5541815684805746	-10.88919763806877	-10.88919763806877	18.94843276036399	231.5955873732618	28.538969174622565	-0.4677564629204012	-0.4424215660688673	-0.025334896851533895	0.5184897855153093	-16.43322475570032	6.868812334818576	5.445187665181423	-0.22069557509248636	0.181356	0.0	181356000.0	0.090678	2025-11-03 23:20:51.617283+00:00	2025-11-03 23:20:51.621002+00:00	Low	0.3118300526213216	1.0
2025-11-03 16:00:00	5.131	5.321	5.02	5.147	1842168.0	9499958.973	UNIUSDT	0.0	5.996015936254984	6.367670039646032	4.612748436961853	1.0342224552223083	0.31183005262132163	0.31183005262132163	5.996015936254984	-47.47557922708896	28.904881306348273	-0.4983247280975478	-0.4536021984746034	-0.044722529622944374	0.5029548008356444	-17.740131053220384	6.901758805147909	5.273441194852091	-0.07765143240643328	0.188308	0.0	188308000.0	0.094154	2025-11-04 23:21:23.172114+00:00	2025-11-04 23:21:23.176180+00:00	High	4.235476976879736	3.0
2025-11-04 16:00:00	5.147	5.365	4.731	5.365	3102855.0	15728818.153	UNIUSDT	0.0	13.400972310293815	6.611432895086693	4.972573285793196	1.4808363283927823	4.235476976879736	4.235476976879736	13.400972310293815	68.434963586383	33.873165815232085	-0.4992049959360809	-0.46272275796689893	-0.036482237969181985	0.5123151722045269	-13.383919922505646	6.901039235963369	5.17586076403663	0.10963459087924585	0.1952389999999999	0.0	195239000.0	0.0976194999999999	2025-11-05 23:21:30.038838+00:00	2025-11-05 23:21:30.042849+00:00	Negative	-3.205964585274941	0.0
2025-11-05 16:00:00	5.365	5.487	5.175	5.193	1600476.0	8499977.66	UNIUSDT	0.0	6.028985507246382	6.390080141216959	4.985888227816272	0.7202569904678039	-3.205964585274941	-3.205964585274941	6.028985507246382	-48.41924614588822	31.974588552290314	-0.5079265163687081	-0.47176350964726077	-0.036163006721447344	0.49800694561848935	-15.99805888062117	6.924574012954993	5.054725987045007	0.07394933226602722	0.227271	0.0	227271000.0	0.1136355	2025-11-06 23:21:13.864186+00:00	2025-11-06 23:21:13.867913+00:00	Very High	7.240516079337576	4.0
2025-11-06 16:00:00	5.193	5.592	5.101	5.569	1494138.0	7985717.003	UNIUSDT	0.0	9.625563614977448	5.485940129234194	4.825283539127936	0.6469868051997001	7.240516079337576	7.240516079337576	9.625563614977448	-6.644148365861156	39.90434166348833	-0.47897697805958384	-0.4732062033297254	-0.00577077472985843	0.4975064495028829	-14.794981640146872	6.9233361439558525	5.017863856044146	0.28923860370589227	0.1707679999999999	0.0	170767999.99999997	0.0853839999999999	2025-11-07 23:20:38.138957+00:00	2025-11-07 23:20:38.143128+00:00	Very High	7.487879332016517	4.0
2025-11-07 16:00:00	5.569	6.133	5.549	5.986	2109196.0	12515367.793	UNIUSDT	0.0	10.524418814200748	3.157065175915114	4.809270821537338	1.03913228249987	7.487879332016517	7.487879332016517	10.524418814200748	41.16473846458627	47.24871025333667	-0.4175723314862294	-0.4620794289610263	0.044507097474796864	0.5036845602526769	-8.861144945188792	6.8982201258131175	5.013679874186882	0.5159455336515465	0.0	0.0	0.0	0.0	2025-11-09 23:19:58.684799+00:00	2025-11-09 23:19:58.688644+00:00	Very High	8.820581356498506	4.0
2025-11-08 16:00:00	5.986	6.651	5.79	6.514	2025248.0	12541979.604	UNIUSDT	0.0	14.87046632124352	3.4464113552545212	5.118210072224429	0.9800934250994955	8.820581356498506	8.820581356498506	14.87046632124352	-3.980094784932268	54.78379330971666	-0.32258496073518295	-0.43418053531585765	0.1115955745806747	0.5292070916632	-0.15328019619864786	6.920590675065508	5.006109324934492	0.787623590567919	0.1737779999999999	0.0	173777999.99999994	0.0868889999999999	2025-11-09 23:19:58.684799+00:00	2025-11-09 23:19:58.688644+00:00	Very High	6.908197727970528	4.0
2025-11-09 16:00:00	6.514	7.194	6.499	6.964	3277787.0	22406147.788	UNIUSDT	0.0	10.69395291583321	3.1535419320663647	4.91333927094569	1.5598340891104805	6.908197727970528	6.908197727970528	10.69395291583321	61.8462035266792	60.02473776855347	-0.20859103822954683	-0.3890626358985955	0.1804715976690487	0.5410494422586857	11.889460154241648	7.001046111648956	4.963553888351043	0.9818177899157855	0.1162731182795698	0.0	116273118.27956988	0.0581365591397849	2025-11-10 23:22:10.195347+00:00	2025-11-10 23:22:10.199281+00:00	Very High	28.9488799540494	4.0
2025-11-10 16:00:00	6.964	10.293	6.901	8.98	33757533.0	301710450.316	UNIUSDT	0.0	49.15229676858426	16.992030831404623	13.07220463301149	3.956217248952053	28.948879954049396	28.948879954049396	49.15229676858426	929.8879396373223	74.36191623680463	0.04391805818631678	-0.30246649708161305	0.34638455526792983	0.7446887678116366	54.640950576889956	7.782448015105971	4.4661519848940285	1.3611113042937528	0.067389	0.0	67389000.0	0.0336945	2025-11-11 23:21:02.551228+00:00	2025-11-11 23:21:02.555173+00:00	Negative	-12.98440979955457	0.0
2025-11-11 16:00:00	8.98	9.182	7.736	7.814	11334112.0	96472088.371	UNIUSDT	0.0	18.69183040330921	16.21091714239889	12.564888887084942	1.0793595505215654	-12.98440979955457	-12.98440979955457	18.69183040330921	-66.42493987934486	60.78345751870806	0.14823808462967136	-0.2123255807393562	0.36056366536902756	0.7947824272536627	36.22733612273362	8.016731965632822	4.387568034367179	0.944138107433984	0.075538	0.0	75537999.99999999	0.037769	2025-11-12 23:22:06.613937+00:00	2025-11-12 23:22:06.617925+00:00	Medium	1.3949321730227793	2.0
2025-11-12 16:00:00	7.814	8.193	7.469	7.923	7517602.0	58971817.872	UNIUSDT	0.0	9.693399384121024	16.34613062307203	12.647248868817927	0.6490507488549665	1.3949321730227793	1.3949321730227793	9.693399384121024	-33.67277471759587	61.49135564799489	0.2369761328729867	-0.12246523801688762	0.3594413708898743	0.7897265395926867	35.41274995727226	8.25203193413978	4.325168065860221	0.9162099972964086	0.089879	0.0	89879000.0	0.0449395	2025-11-13 23:21:50.829542+00:00	2025-11-13 23:21:50.833567+00:00	Negative	-8.203963145273258	0.0
2025-11-13 16:00:00	7.923	8.013	6.973	7.273	6740347.0	50367451.365	UNIUSDT	0.0	14.91467087336871	16.342254764050416	12.260667528560127	0.5381309973667908	-8.203963145273258	-8.203963145273258	14.91467087336871	-10.339134740040775	55.103538269978216	0.25194781018187484	-0.04758262837713513	0.29953043855900996	0.8076032153360663	26.311219173324062	8.351805796795428	4.334494203204571	0.7314607613418549	0.082701	0.0	82701000.0	0.0413505	2025-11-14 23:20:45.064471+00:00	2025-11-14 23:20:45.068169+00:00	0	0.0	0.0
2025-11-14 16:00:00	7.273	7.548	6.926	7.464	3108714.0	22588444.536	UNIUSDT	0.0	8.980652613341032	16.618285923476034	12.433616113986986	0.2488631296256056	2.626151519318036	2.626151519318036	8.980652613341032	-53.87902136195659	56.532459170425774	0.27604302391183744	0.017142502080659386	0.25890052183117807	0.7943458428120616	45.468719547846426	8.45592581044685	4.32317418955315	0.7599841700062422	0.0	0.0	0.0	0.0	2025-11-15 23:20:43.676341+00:00	2025-11-15 23:20:43.680471+00:00	0	0.0	0.0
