timestamp	open	high	low	close	volume	quoteVolume	symbol	gap_apertura_pct	volatilidad_diaria	vol_5d	vol_10d	vol_rel_5d	return_pct	close_open_pct	range_pct	volume_change_pct	rsi_14	macd	macd_signal	macd_diff	atr_14	momentum_12	bb_upper	bb_lower	bb_pctb	vader	finbert	sentiment_ratio	sentiment_combined	download_date	added_date	target_category	target	target_num
2025-07-15 16:00:00	0.024351	0.025378	0.024244	0.024965	339572459.6852	8479030.614291264	VETUSDT	0.0	4.677445966012208	0.0	0.0	0.0	0.0	2.5214570243521823	4.677445966012208	0.0	0.0	0.0	0.0	0.0	0.0	0.0	0.0	0.0	0.0	0.0	0.0	0.0	0.0	0	0	High	3.216503104346077	3.0
2025-07-16 16:00:00	0.024965	0.026314	0.024854	0.025768	521707402.1959	13373885.188253963	VETUSDT	0.0	5.874305946728894	0.0	0.0	0.0	3.2165031043460774	3.2165031043460774	5.874305946728894	53.63654716862136	0.0	0.0	0.0	0.0	0.0	0.0	0.0	0.0	0.0	0.0	0.0	0.0	0.0	0	0	Very High	5.728034771810004	4.0
2025-07-17 16:00:00	0.025768	0.029274	0.025103	0.027244	751884774.6777	20600905.788283184	VETUSDT	0.0	16.615543958889383	0.0	0.0	0.0	5.7280347718100035	5.7280347718100035	16.615543958889383	44.12001277209575	0.0	0.0	0.0	0.0	0.0	0.0	0.0	0.0	0.0	0.0	0.0	0.0	0.0	0	0	Negative	-1.890324475113792	0.0
2025-07-18 16:00:00	0.027244	0.028069	0.026368	0.026729	493202545.6828	13417807.226635072	VETUSDT	0.0	6.451001213592238	0.0	0.0	0.0	-1.8903244751137922	-1.8903244751137922	6.451001213592238	-34.404504214862676	0.0	0.0	0.0	0.0	0.0	0.0	0.0	0.0	0.0	0.0	0.0	0.0	0.0	0	0	Very High	8.848067641887086	4.0
2025-07-19 16:00:00	0.026729	0.029103	0.026639	0.029094	367715027.3873	10298531.063191269	VETUSDT	0.0	9.249596456323438	4.798475385350446	0.0	0.7431342134796229	8.848067641887086	8.848067641887086	9.249596456323438	-25.443404417504052	0.0	0.0	0.0	0.0	0.0	0.0	0.0	0.0	0.0	0.0	0.0	0.0	0.0	0	0	Negative	-0.6874269608854018	0.0
2025-07-20 16:00:00	0.029094	0.029605	0.027889	0.028894	597277884.6752	17277132.59410685	VETUSDT	0.0	6.15296353400982	4.537222750565927	0.0	1.0931997002734137	-0.6874269608854018	-0.6874269608854018	6.15296353400982	62.42955554984982	0.0	0.0	0.0	0.0	0.0	0.0	0.0	0.0	0.0	0.0	0.0	0.0	0.0	0	0	Negative	-4.312313975219771	0.0
2025-07-21 16:00:00	0.028894	0.029028	0.02687	0.027648	781710752.0	21721903.592108	VETUSDT	0.0	8.031261630070711	4.276390228899439	0.0	1.3064260773396934	-4.312313975219771	-4.312313975219771	8.031261630070711	30.878904452505335	0.0	0.0	0.0	0.0	0.0	0.0	0.0	0.0	0.0	0.0	0.0	0.0	0.0	0	0	Negative	-5.219184027777778	0.0
2025-07-22 16:00:00	0.027648	0.0282	0.025489	0.026205	569618202.0	15291796.498364	VETUSDT	0.0	10.635960610459406	1.8886142274727988	0.0	1.0137270913516434	-5.219184027777778	-5.219184027777778	10.635960610459406	-27.131845053603666	0.0	0.0	0.0	0.0	0.0	0.0	0.0	0.0	0.0	0.0	0.0	0.0	0.0	0	0	Negative	-2.3812249570692603	0.0
2025-07-23 16:00:00	0.026205	0.026205	0.023654	0.025581	929349406.0	23293229.093538	VETUSDT	0.0	10.78464530311997	1.934131379160345	0.0	1.4316751884263281	-2.3812249570692603	-2.3812249570692603	10.78464530311997	63.15303877877133	0.0	0.0	0.0	0.0	0.0	0.0	0.0	0.0	0.0	0.0	0.0	0.0	0.0	0	0	Negative	-2.818498104061606	0.0
2025-07-24 16:00:00	0.025581	0.025769	0.024083	0.02486	716996296.0	17878407.003362	VETUSDT	0.0	7.000788938255201	2.1068715203317154	3.4938672182398656	0.9972263720974387	-2.818498104061606	-2.818498104061606	7.000788938255201	-22.849652523477268	0.0	0.0	0.0	0.0	0.0	0.0	0.0	0.0	0.0	0.4019	0.9999150037765504	2.487963463083074	0.8205105026435852	0	0	High	4.167337087691065	3.0
2025-07-25 16:00:00	0.02486	0.026044	0.024713	0.025896	375854226.0	9637075.197372	VETUSDT	0.0	5.385829320600504	2.3377243299488097	3.4129304189888474	0.5570638923612453	4.167337087691065	4.167337087691065	5.385829320600504	-47.57933505419392	0.0	0.0	0.0	0.0	0.0	0.0	0.0	0.0	0.0	0.0	0.0	0.0	0.0	0	0	Negative	-0.3861600247142392	0.0
2025-07-26 16:00:00	0.025896	0.026332	0.025555	0.025796	237836838.0	6173581.963128	VETUSDT	0.0	3.0405008804539224	3.3594684452815002	3.7655089039973104	0.42025766513876966	-0.38616002471423927	-0.38616002471423927	3.0405008804539224	-36.72098873779858	0.0	0.0	0.0	0.0	0.0	0.0	0.0	0.0	0.0	0.0	0.0	0.0	0.0	0	0	Negative	-2.124360365948209	0.0
2025-07-27 16:00:00	0.025796	0.026742	0.025066	0.025248	426158038.0	11119308.118778	VETUSDT	0.0	6.6863480411712946	2.820527977069585	2.4013764186474735	0.7932374028968601	-2.124360365948209	-2.124360365948209	6.6863480411712946	79.18083741089762	0.0	0.0	0.0	0.0	0.0	1.1335870218305568	0.0	0.0	0.0	0.0	0.0	0.0	0.0	0	0	Negative	-1.9565906210392816	0.0
2025-07-28 16:00:00	0.025248	0.025629	0.024335	0.024754	436342810.0	10911182.010588	VETUSDT	0.0	5.317444010684199	1.5615962995918948	2.4737663806397765	0.9947682748073575	-1.9565906210392818	-1.9565906210392818	5.317444010684199	2.3899049394440848	42.59630807922634	0.0	0.0	0.0	0.001916428571428571	-3.9351133188450698	0.0	0.0	0.0	0.0	0.0	0.0	0.0	0	0	Negative	-0.4605316312515269	0.0
2025-07-29 16:00:00	0.024754	0.025459	0.023981	0.02464	379675664.0	9395130.481998	VETUSDT	0.0	6.163212543263417	1.3944857247641858	2.3845176534110384	1.0229061300222857	-0.46053163125152696	-0.46053163125152696	6.163212543263417	-12.986840782365592	41.87279457041284	0.0	0.0	0.0	0.0018851122448979589	-9.558067831449133	0.0	0.0	0.0	0.0	0.0	0.0	0.0	0	0	Negative	-3.271103896103887	0.0
2025-07-30 16:00:00	0.02464	0.025011	0.023309	0.023834	397550316.0	9644422.018622	VETUSDT	0.0	7.30190055343429	1.6562608987417617	2.371100485029661	1.0586866458886832	-3.271103896103887	-3.271103896103887	7.30190055343429	4.70787403429681	37.07764947337667	0.0	0.0	0.0	0.001872032798833819	-10.830932694825838	0.0	0.0	0.0	0.0	0.0	0.0	0.0	0	0	Negative	-2.420911303180336	0.0
2025-07-31 16:00:00	0.023834	0.024281	0.0221	0.023257	507754438.0	11679055.349878	VETUSDT	0.0	9.868778280542982	1.7268332435149218	2.523224297810688	1.182209237489106	-2.4209113031803353	-2.4209113031803353	9.868778280542982	27.72079849132858	34.06974433304049	0.0	0.0	0.0	0.0018941018846314033	-20.062555853440568	0.0	0.0	0.0	0.0	0.0	0.0	0.0	0	0	Negative	-4.802855054392226	0.0
2025-08-01 16:00:00	0.023257	0.023359	0.02203	0.02214	296057244.0	6710747.095794	VETUSDT	0.0	6.032682705401726	1.7866151311469647	2.233791810397417	0.7337665058948781	-4.802855054392226	-4.802855054392226	6.032682705401726	-41.692829871434824	29.141173316952447	0.0	0.0	0.0	0.001853737464300589	-23.375095175468953	0.0	0.0	0.0	0.0	0.0	0.0	0.0	0	0	Very High	5.180668473351394	4.0
2025-08-02 16:00:00	0.02214	0.023368	0.021691	0.023287	241247264.0	5405328.001984	VETUSDT	0.0	7.7313171361394195	1.550124511426618	1.7860859224302892	0.6619361784700403	5.180668473351394	5.180668473351394	7.7313171361394195	-18.513304812092354	38.91339017044242	0.0	0.0	0.0	0.0018411133597076898	-15.773292824074076	0.0	0.0	0.0	0.0	0.0	0.0	0.0	0	0	Negative	-0.0815905870227946	0.0
2025-08-03 16:00:00	0.023287	0.02356	0.022798	0.023268	274039552.0	6357195.42524	VETUSDT	0.0	3.3423984560049225	2.401306198145137	2.0206554822876006	0.7981817532074443	-0.08159058702279463	-0.08159058702279463	3.3423984560049225	13.592812393511746	38.81788960872458	0.0	0.0	0.0	0.0017640338340142833	-11.207784773898107	0.02907238368257309	0.02183841631742691	0.19762097482785673	0.0	0.0	0.0	0.0	0	0	Negative	-2.307890665291384	0.0
2025-08-04 16:00:00	0.023268	0.023991	0.022646	0.022731	407077176.0	9503605.01502	VETUSDT	0.0	5.9392387176543275	2.415250875477958	2.0068482334467457	1.1791302071147134	-2.307890665291384	-2.307890665291384	5.9392387176543275	48.54686961391617	36.11979310270897	0.0	0.0	0.0	0.001734102845870406	-11.141081271256004	0.029147518612920437	0.021539881387079556	0.15656879758600598	0.0	0.0	0.0	0.0	0	0	High	3.317056002815528	3.0
2025-08-05 16:00:00	0.022731	0.023506	0.022472	0.023485	309026400.0	7098965.66267	VETUSDT	0.0	4.601281594873622	1.6518232242370627	1.7875084587305603	1.011577721935078	3.317056002815528	3.317056002815528	4.601281594873622	-24.086532426961714	42.19514728240357	0.0	0.0	0.0	0.0016840954997368056	-5.530973451327439	0.02911179963004699	0.02134730036995301	0.2753171271499503	0.0	0.0	0.0	0.0	0	0	High	2.363210559931871	3.0
2025-08-06 16:00:00	0.023485	0.024235	0.023174	0.02404	258120380.0	6104721.673824	VETUSDT	0.0	4.578406835246394	1.6689924631122446	1.8595239359196059	0.8664602661900052	2.363210559931871	2.363210559931871	4.578406835246394	-16.47303272471219	46.24752634628044	0.0	0.0	0.0	0.0016395886783270338	-7.167130058696324	0.028869430276783636	0.021269269723216366	0.3645620717161221	0.0	0.0	0.0	0.0	0	0	Low	0.120632279534115	1.0
2025-08-07 16:00:00	0.02404	0.024732	0.023476	0.024069	391873380.0	9509523.941084	VETUSDT	0.0	5.350144828761288	0.975526819866118	1.8580471241399117	1.1946362003901225	0.12063227953411501	0.12063227953411501	5.350144828761288	51.818070312774225	46.458740997976086	0.0	0.0	0.0	0.00161218948701796	-6.69483640874554	0.028680559731038044	0.021192140268961955	0.3841744904391967	0.0	0.0	0.0	0.0	0	0	High	4.154721841372724	3.0
2025-08-08 16:00:00	0.024069	0.025444	0.024021	0.025069	325620334.0	8079352.035126	VETUSDT	0.0	5.923983181382959	0.6721443888556394	1.858553152766056	0.9623956165215204	4.154721841372724	4.154721841372724	5.923983181382959	-16.90674829711577	53.27658211727072	0.0	0.0	0.0	0.001598675952230963	-0.7089670468947981	0.027960531561822387	0.02150966843817762	0.5517605153915192	0.0	0.0	0.0	0.0	0	0	Medium	0.6222825002991739	2.0
2025-08-09 16:00:00	0.025069	0.025601	0.024574	0.025225	305115610.0	7661542.759572	VETUSDT	0.0	4.1792138032066415	0.6999678750030858	1.890082335318103	0.9596302515596442	0.6222825002991739	0.6222825002991739	4.1792138032066415	-6.297126395061064	54.2551915382224	-0.00032704288745047036	0.0	0.0	0.0015578419556430373	1.9027227922759924	0.027170333583405985	0.021932966416594018	0.6285665065200831	0.0	0.0	0.0	0.0	0	0	Negative	-1.91476709613479	0.0
2025-08-10 16:00:00	0.025225	0.025974	0.024093	0.024742	541834558.0	13508747.306642	VETUSDT	0.0	7.80724691819201	1.4227116004349705	1.453509255571756	1.4864621492287333	-1.91476709613479	-1.91476709613479	7.80724691819201	77.58336192632032	50.71353922440665	-0.0002668639949964767	0.0	0.0	0.001580924673097106	0.41396103896104464	0.02661153146872315	0.02220116853127685	0.576104847777981	0.0	0.0	0.0	0.0	0	0	Medium	1.8389782555977712	2.0
2025-08-11 16:00:00	0.024742	0.025208	0.023936	0.025197	516395220.0	12738649.96445	VETUSDT	0.0	5.314171122994662	1.3298114013021625	1.4446524001222543	1.2408340930917396	1.8389782555977712	1.8389782555977712	5.314171122994662	-4.695037927056694	53.77474740512772	-0.0001803778086579208	0.0	0.0	0.0015588586250187416	5.718721154653015	0.026436974216581827	0.022274925783418175	0.702075976170393	0.0	0.0	0.0	0.0	0	0	High	3.8814144541016775	3.0
2025-08-12 16:00:00	0.025197	0.026542	0.02511	0.026175	432430332.0	11172027.020328	VETUSDT	0.0	5.702907208283549	1.3148922026346321	1.2174552205724856	1.0192116912460327	3.8814144541016775	3.8814144541016775	5.702907208283549	-16.25981123527828	59.585291772085725	-3.2545294476337555e-05	0.0	0.0	0.00154979729466026	12.546760115234127	0.026551007363115844	0.02222029263688416	0.9131766031970843	0.0	0.0	0.0	0.0	0	0	Negative	-4.576886341929326	0.0
2025-08-13 16:00:00	0.026175	0.027005	0.024554	0.024977	597297636.5	15418237.087682	VETUSDT	0.0	9.982080312780003	2.3029442129328643	1.7437988796002533	1.2479718494162257	-4.576886341929326	-4.576886341929326	9.982080312780003	38.12574935192104	51.110143990873034	-1.1918164624945271e-05	0.0	0.0	0.0016141689164702415	12.813911472448055	0.026562576461113242	0.022220423538886758	0.6348409442244558	0.0	0.0	0.0	0.0	0	0	Negative	-3.907594987388388	0.0
2025-08-14 16:00:00	0.024977	0.025193	0.023845	0.024001	281976839.4	6935621.1128364	VETUSDT	0.0	5.653176766617733	1.9889973517951416	1.7461186975893406	0.5949042667203348	-3.907594987388388	-3.907594987388388	5.653176766617733	-52.79123469292348	45.43965028528008	-7.347903822143079e-05	0.0	0.0	0.0015951568510080814	3.0660883754884822	0.026359625844543242	0.022233874155456756	0.42831609309345475	0.0	0.0	0.0	0.0	0	0	High	3.1915336860964096	3.0
2025-08-15 16:00:00	0.024001	0.024896	0.02375	0.024767	191066534.0	4654371.6631848	VETUSDT	0.0	4.825263157894741	2.0904080038534985	1.7288274402292094	0.4731321764268169	3.1915336860964096	3.1915336860964096	4.825263157894741	-32.24034484301691	50.117296646528644	-5.976771083153823e-05	0.0	0.0	0.0015630742187932186	6.442324222107616	0.02620477575642058	0.022285824243579423	0.6331223410880576	0.0	0.0	0.0	0.0	0	0	High	3.5611902935357564	3.0
2025-08-16 16:00:00	0.024767	0.025666	0.024429	0.025649	169909871.1	4243360.0710072	VETUSDT	0.0	5.063653854025961	2.122564436574715	1.6930640700147683	0.507896752170911	3.5611902935357564	3.5611902935357564	5.063653854025961	-11.072929652871604	54.910742465009335	2.201487001047761e-05	0.0	0.0	0.0015397832031651317	12.837094716466503	0.026273067736635305	0.02225763226336469	0.8445828003489261	0.0	0.0	0.0	0.0	0	0	Negative	-7.072400483449659	0.0
2025-08-17 16:00:00	0.025649	0.025711	0.023332	0.023835	406801538.5	9858230.9095449	VETUSDT	0.0	10.196296931253226	2.7063883182736603	2.12990172594586	1.2349380435125854	-7.072400483449659	-7.072400483449659	10.196296931253226	139.4219569859941	45.274551850795085	-5.8867892805729294e-05	-0.00010205371523612138	4.318582243039209e-05	0.0015997272600819083	1.4903129657228003	0.0262223401788371	0.022216459821162896	0.4040410682102396	0.0	0.0	0.0	0.0	0	0	Negative	-2.2068386826096025	0.0
2025-08-18 16:00:00	0.023835	0.024217	0.023181	0.023309	340964400.0	8082667.564464	VETUSDT	0.0	4.46917734351408	2.3622418456838195	2.2187762205228045	1.225856392030511	-2.2068386826096025	-2.2068386826096025	4.46917734351408	-16.184092799344217	42.922400755123974	-0.00016352683355568692	-0.0001143483389000345	-4.9178494655652426e-05	0.0015594610272189147	-3.040765391014971	0.02618372136717223	0.02212197863282777	0.2922443504693824	0.0	0.0	0.0	0.0	0	0	Medium	1.6088206272255363	2.0
2025-08-19 16:00:00	0.023309	0.023866	0.022836	0.023684	409328598.0	9512340.092436	VETUSDT	0.0	4.510422140479943	2.4623669562286485	2.185502716655427	1.3481866584198636	1.6088206272255365	1.6088206272255365	4.510422140479943	20.050245128230397	45.11177715581558	-0.00021374649558422026	-0.00013422797023687164	-7.951852534734862e-05	0.0015216423824175635	-1.599567908928497	0.026181975765819536	0.02210872423418047	0.3867366779545881	0.0	0.0	0.0	0.0	0	0	Negative	-0.1224455328491861	0.0
2025-08-20 16:00:00	0.023684	0.024427	0.023566	0.023655	383499238.0	9199474.921924	VETUSDT	0.0	3.65356870067046	2.6299174204250053	2.2713171519484288	1.121012629778636	-0.12244553284918615	-0.12244553284918615	3.65356870067046	-6.310177233206657	44.968125402324326	-0.00025296991745176606	-0.0001579763596798505	-9.499355777191555e-05	0.001474453640816309	-5.640432406557908	0.026174358247457064	0.022156141752542935	0.37301580175039706	0.0	0.0	0.0	0.0	0	0	High	3.263580638342853	3.0
2025-08-21 16:00:00	0.023655	0.024649	0.022943	0.024427	473648092.0	11281596.73172	VETUSDT	0.0	7.435819204114541	2.726004842976008	2.305501490598148	1.1757478083379913	3.263580638342853	3.263580638342853	7.435819204114541	23.50691867606788	49.571740057988265	-0.00021923362498386945	-0.0001702278127406543	-4.900581224321515e-05	0.0014909926664722869	-3.163528245787909	0.02606217885099089	0.022497021149009113	0.5413445946354808	0.0	0.0	0.0	0.0	0	0	High	3.4470053629180786	3.0
2025-08-22 16:00:00	0.024427	0.0265	0.024427	0.025269	750351702.0	19172818.649394	VETUSDT	0.0	8.486510828181922	2.1151238647527055	2.4112428860710065	1.591216893713904	3.4470053629180786	3.4470053629180786	8.486510828181922	58.419661067694115	54.08337631348748	-0.0001231355767542172	-0.0001608093655433669	3.7673788789149696e-05	0.0015325646188671233	2.12998140813192	0.026149867874595743	0.022607532125404256	0.7513313426608996	0.0	0.0	0.0	0.0	0	0	Negative	-0.2057857453797141	0.0
2025-08-23 16:00:00	0.025269	0.02572	0.024816	0.025217	442254386.0	11166847.48601	VETUSDT	0.0	3.6428110896195944	2.2635075744628486	2.196686313871208	0.8992265876503405	-0.2057857453797141	-0.2057857453797141	3.6428110896195944	-41.06038743948901	53.763469626045975	-5.0589976839203465e-05	-0.00013876548780253424	8.817551096333077e-05	0.0014876671460909	0.07937452871373253	0.026206140783212442	0.022746159216787555	0.7141196378585054	0.0	0.0	0.0	0.0	0	0	High	2.10572233017409	3.0
2025-08-24 16:00:00	0.025217	0.027216	0.025074	0.025748	1627350144.0	42502358.379282	VETUSDT	0.0	8.542713567839202	2.5075516995303166	2.360118564375071	2.2128152179576825	2.10572233017409	2.10572233017409	8.542713567839202	267.9669881216283	56.58738287979994	4.9183242203491156e-05	-0.00010117574180132916	0.00015035898400482032	0.0015344052070844073	-1.6313276026743084	0.026244484466695122	0.023009515533304877	0.8465257389118706	0.0	0.0	0.0	0.0	0	0	Negative	-4.198384340531298	0.0
2025-08-25 16:00:00	0.025748	0.025854	0.023685	0.024667	1154422106.0	28314067.419628	VETUSDT	0.0	9.157694743508538	2.2180756926109115	2.4973218309176786	1.2976790090700967	-4.198384340531298	-4.198384340531298	9.157694743508538	-29.06123428591407	49.90507225410738	4.055903214060519e-05	-7.28287870129423e-05	0.00011338781915354749	0.001579733406578378	-1.2411418505024534	0.02621638492771771	0.023155815072282288	0.4937593321171621	0.0	0.0	0.0	0.0	0	0	Medium	1.5445737219767277	2.0
2025-08-26 16:00:00	0.024667	0.025438	0.024545	0.025048	555707568.0	13843849.252372	VETUSDT	0.0	3.6382155225096677	2.799473183027736	2.626749449842762	0.6133521301041747	1.5445737219767275	1.5445737219767275	3.6382155225096677	-51.862705581280686	52.05410222072176	6.3733123605407e-05	-4.551640488927244e-05	0.00010924952849467945	0.001530681020394208	4.3623182367401325	0.02624458375098998	0.023228416249010023	0.6032767576056421	0.0	0.0	0.0	0.0	0	0	Medium	1.6288725646758169	2.0
2025-08-27 16:00:00	0.025048	0.025885	0.024595	0.025456	825760998.0	20875495.136626	VETUSDT	0.0	5.2449684895303905	2.6519150975902006	2.268254419634197	0.8964953406545749	1.6288725646758169	1.6288725646758169	5.2449684895303905	48.59632035819242	54.3143120374536	0.00011371016821622518	-1.367109026817292e-05	0.0001273812584843981	0.0015134895189374785	2.7819275649049082	0.026312337208707726	0.023299362791292275	0.7157834451703382	0.0	0.0	0.0	0.0	0	0	Negative	-4.945788812067881	0.0
2025-08-28 16:00:00	0.025456	0.025734	0.024054	0.024197	1009436348.0	25071731.141668	VETUSDT	0.0	6.984285357944629	2.291691205051713	2.2338396349510754	0.9757387867015163	-4.945788812067881	-4.945788812067881	6.984285357944629	22.243161210672728	46.95804392000546	5.113708159261085e-05	-7.094558960161655e-07	5.1846537488627016e-05	0.0015253831247276587	-5.661039416741401	0.026286123337912307	0.023238376662087692	0.3145351106495547	0.0	0.0	0.0	0.0	0	0	High	2.0333099144522024	3.0
2025-08-29 16:00:00	0.024197	0.024765	0.023938	0.024689	551883232.0	13420021.460236	VETUSDT	0.0	3.4547581251566455	2.4033352440050764	2.3412287434993506	0.6734865897235874	2.0333099144522024	2.0333099144522024	3.4547581251566455	-45.32758473642758	49.81834844614318	4.077768800895068e-05	7.587972884977204e-06	3.3189715123973476e-05	0.00147549861581854	3.5829662261380353	0.026244609564128326	0.023226290435871672	0.48461063988723124	0.0	0.0	0.0	0.0	0	0	Negative	-0.3442828790149389	0.0
2025-08-30 16:00:00	0.024689	0.024943	0.024361	0.024604	391446060.0	9648166.038716	VETUSDT	0.0	2.389064488321494	1.7953754147848784	2.511449849392673	0.5870104435009206	-0.3442828790149389	-0.3442828790149389	2.389064488321494	-29.070854611505936	49.323485420330904	2.5416024226777162e-05	1.1153583153337197e-05	1.4262441073439965e-05	0.0014116772861172157	5.555793899352186	0.02623878818982305	0.023218311810176948	0.45876478265504905	0.0	0.0	0.0	0.0	0	0	Negative	-3.629491139652095	0.0
2025-08-31 16:00:00	0.024604	0.024723	0.023603	0.023711	659337284.0	15931736.846752	VETUSDT	0.0	4.7451595136211475	1.7546423753502398	2.4721765422638753	0.9589345287646321	-3.6294911396520946	-3.6294911396520946	4.7451595136211475	68.43630614138765	44.34025382134282	-5.814557587864588e-05	-2.7062486530594183e-06	-5.5439327225586467e-05	0.0013908431942517003	0.11400101334233764	0.0262105051044093	0.0230979948955907	0.1969487851549813	0.0	0.0	0.0	0.0	0	0	Negative	-1.0374931466407984	0.0
2025-09-01 16:00:00	0.023711	0.023961	0.023033	0.023465	801416228.0	18913336.0718	VETUSDT	0.0	4.029001866886634	1.7205385360627654	2.2951445121763294	1.1738856475002428	-1.0374931466407984	-1.0374931466407984	4.029001866886634	21.54875015379837	43.04993178942843	-0.00014257536996832576	-3.068007291611269e-05	-0.00011189529705221308	0.0013577829660908643	-0.8032128514056192	0.025991440038670734	0.023046059961329263	0.14223632525173993	0.0	0.0	0.0	0.0	0	0	High	2.5442147879821024	3.0
2025-09-02 16:00:00	0.023465	0.024209	0.023427	0.024062	574178058.0	13673884.324784	VETUSDT	0.0	3.3380287702223987	0.873374902165427	2.3197596095579613	0.9639485669741176	2.5442147879821024	2.5442147879821024	3.3380287702223987	-28.35457557018673	47.07509877111847	-0.00015947534687655793	-5.643912770820174e-05	-0.00010303621916835619	0.0013166556113700884	-1.4942481680108108	0.02594275140755164	0.023003248592448365	0.3601804366751178	0.0	0.0	0.0	0.0	0	0	Negative	-3.6156595461723846	0.0
2025-09-03 16:00:00	0.024062	0.024104	0.023083	0.023192	373812206.0	8824437.339816	VETUSDT	0.0	4.423168565611061	0.940361830261466	1.993655460215164	0.6674765424725296	-3.6156595461723846	-3.6156595461723846	4.423168565611061	-34.89611788683155	42.37478582684148	-0.00024030039605677303	-9.321138137791601e-05	-0.00014708901467885702	0.001295537353415082	-8.219557560647429	0.025993722568936572	0.02287137743106343	0.10268645994560696	0.0	0.0	0.0	0.0	0	0	Medium	1.2030010348395912	2.0
2025-09-04 16:00:00	0.023192	0.024019	0.022914	0.023471	656759860.0	15417137.20533	VETUSDT	0.0	4.822379331413103	0.6084814287365327	1.264339535755533	1.0712103751685127	1.2030010348395912	1.2030010348395912	4.822379331413103	75.69245986579689	44.29563983547969	-0.00027862998847937373	-0.00013029510279820755	-0.00014833488568116618	0.0012819275424568615	-6.923900543284296	0.025974923901604934	0.022760576098395068	0.22101650011100166	0.0	0.0	0.0	0.0	0	0	Negative	-0.9330663371820564	0.0
2025-09-05 16:00:00	0.023471	0.023793	0.023226	0.023252	362111160.0	8499089.985994	VETUSDT	0.0	2.4412296564195364	0.9414265256733767	1.3855326584456937	0.6540369569710972	-0.9330663371820563	-0.9330663371820563	2.4412296564195364	-44.863993362809964	43.08169437295338	-0.00032295511087908346	-0.00016882710441438274	-0.00015412800646470072	0.0012308612894242287	-9.693956812179593	0.02581193681542348	0.02268386318457652	0.18162514137164024	0.0	0.0	0.0	0.0	0	0	Medium	1.6686736624806595	2.0
2025-09-06 16:00:00	0.023252	0.023739	0.023121	0.02364	283775954.0	6647631.798986	VETUSDT	0.0	2.6728947709874165	1.0517179436161217	1.4059405422696913	0.6304346813620081	1.6686736624806595	1.6686736624806595	2.6728947709874165	-21.632916809302426	45.91000702331559	-0.00032305080380331044	-0.0001996718442921683	-0.00012337895951114214	0.0011870854830367838	-4.163457250577695	0.025814741928813546	0.022661558071186454	0.31030284721483614	0.0	0.0	0.0	0.0	0	0	High	3.0752961082910253	3.0
2025-09-07 16:00:00	0.02364	0.024441	0.023304	0.024367	718225852.5133	17115515.825333063	VETUSDT	0.0	4.878990731204954	1.1940530337393624	0.99547334611725	1.4996248833599184	3.0752961082910253	3.0752961082910253	4.878990731204954	153.09609302319532	50.83926129494554	-0.00026144998425615615	-0.0002120274722849659	-4.9422511971190244e-05	0.0011835079485341565	-2.7187799425103845	0.02580930722129026	0.022772792778709743	0.5250122307784757	0.0	0.0	0.0	0.0	0	0	Negative	-1.7810973858086772	0.0
2025-09-08 16:00:00	0.024367	0.024875	0.023845	0.023933	461951364.2167	11276097.0062075	VETUSDT	0.0	4.319563849863702	1.182412997035993	1.0074147433190235	0.9302941503902398	-1.7810973858086772	-1.7810973858086772	4.319563849863702	-35.68160174126484	48.02556767706472	-0.00024482882951971235	-0.0002185877437319152	-2.624108578779715e-05	0.001172543095067431	-5.982872407291012	0.025805639474216695	0.022801360525783302	0.37667589915603555	0.0	0.0	0.0	0.0	0	0	High	2.4401454059248784	3.0
2025-09-09 16:00:00	0.023933	0.02472	0.023847	0.024517	319961094.2467	7767499.79721206	VETUSDT	0.0	3.6608378412378864	1.0439615906295898	0.8810169073315006	0.7454736801409841	2.4401454059248784	2.4401454059248784	3.6608378412378864	-30.737060428593693	51.88452645461621	-0.0001824295905721307	-0.00021135611309995833	2.892652252782762e-05	0.0011511471597054714	1.3224779931396489	0.025821048561327258	0.022872151438672748	0.55778431491927	0.0	0.0	0.0	0.0	0	0	Negative	-0.5261655178039754	0.0
2025-09-10 16:00:00	0.024517	0.024781	0.024083	0.024388	428536002.863	10484772.652500449	VETUSDT	0.0	2.8983100112112306	0.9316787030662095	0.88544249008728	0.9684647132914651	-0.5261655178039754	-0.5261655178039754	2.8983100112112306	33.93378462838527	50.98404205146913	-0.0001417529265468516	-0.000197435475789337	5.568254924248541e-05	0.001118779505440795	-1.2191664303940994	0.02581877119922346	0.022870528800776536	0.5147036756620952	0.0	0.0	0.0	0.0	0	0	Medium	1.513039199606369	2.0
2025-09-11 16:00:00	0.024388	0.0252	0.024388	0.024757	311078977.7101	7714243.823397422	VETUSDT	0.0	3.3295063145809425	0.7884195851979312	0.8884404221186829	0.6944492031415846	1.513039199606369	1.513039199606369	3.3295063145809425	-27.40890482204133	53.47162494997935	-7.883242992821893e-05	-0.00017371486661711338	9.488243668889445e-05	0.0010968666836235954	0.6218501056738756	0.0257450702628294	0.022893029737170605	0.653556724057712	0.0	0.0	0.0	0.0	0	0	High	2.9163468917881827	3.0
2025-09-12 16:00:00	0.024757	0.025987	0.024731	0.025479	321913612.4988	8196578.3497253405	VETUSDT	0.0	5.078646233472161	0.8576420895633625	0.9801067254929597	0.8731323744545451	2.9163468917881827	2.9163468917881827	5.078646233472161	3.4829209188146986	57.96662634635391	2.8958072322025907e-05	-0.00013318027882928553	0.00016213835115131144	0.001108233349079053	7.456454810003805	0.025795256732265293	0.022869043267734708	0.8919228770905734	0.0	0.0	0.0	0.0	0	0	Negative	-3.438125515130114	0.0
2025-09-13 16:00:00	0.025479	0.025749	0.024458	0.024603	307859504.5528	7768684.074193679	VETUSDT	0.0	5.278436503393574	1.068189338147257	1.0687415506108748	0.911177825265848	-3.438125515130114	-3.438125515130114	5.278436503393574	-4.365801072190561	51.46960395034698	4.319897212125626e-05	-9.790442863917719e-05	0.00014110340076043345	0.0011212881098591205	4.849776262518645	0.02559448961802525	0.022955310381974754	0.6243189532253959	0.0	0.0	0.0	0.0	0	0	Negative	-2.1257570215014394	0.0
2025-09-14 16:00:00	0.024603	0.024993	0.023923	0.02408	338655292.5255	8257651.899329675	VETUSDT	0.0	4.472683191907375	1.0560413768710075	1.041977964772052	0.9913544775221421	-2.1257570215014394	-2.1257570215014394	4.472683191907375	10.003195456782889	48.009822209081335	1.2143278549470865e-05	-7.589488720144758e-05	8.803816575091844e-05	0.0011176246734406119	0.07480674923115557	0.0255550230963254	0.022936076903674604	0.43678755200677216	0.0	0.0	0.0	0.0	0	0	Medium	0.8762458471760772	2.0
2025-09-15 16:00:00	0.02408	0.024478	0.023813	0.024291	197848976.869	4776173.491919792	VETUSDT	0.0	2.7925922815268924	1.089437120279826	0.9919270061206177	0.6696047807734002	0.8762458471760772	0.8762458471760772	2.7925922815268924	-41.57806441070092	49.48512976745087	4.505418588103549e-06	-5.981482604353736e-05	6.432024463164091e-05	0.0010852943396234252	4.738703001034836	0.02546492600991231	0.022950473990087695	0.5331284905590715	0.0	0.0	0.0	0.0	0	0	Negative	-0.9715532501749624	0.0
2025-09-16 16:00:00	0.024291	0.024691	0.023984	0.024055	196955686.0877	4795011.374398164	VETUSDT	0.0	2.947798532354915	1.174867287718961	0.9561257367196512	0.7223844918962553	-0.9715532501749623	-0.9715532501749623	2.947798532354915	-0.45150133977768575	47.849616916064896	-2.0356214356989644e-05	-5.192310370622782e-05	3.156688934923818e-05	0.0010582733153646092	2.4881768991521502	0.02525747235644768	0.023017827643552327	0.4630968253472865	0.0	0.0	0.0	0.0	0	0	Very High	6.8177094159218425	4.0
2025-09-17 16:00:00	0.024055	0.025704	0.023914	0.025695	437900506.4861	10935962.168742532	VETUSDT	0.0	7.485155139248975	1.9233427469113886	1.456809777076309	1.4801737280357812	6.8177094159218425	6.8177094159218425	7.485155139248975	122.33453381544548	58.19075049106821	9.122348876986971e-05	-2.3293785211008314e-05	0.00011451727398087803	0.00111053950712428	10.506623086186138	0.0255224833532665	0.022902616646733497	1.0658493984840156	0.0	0.0	0.0	0.0	0	0	Negative	-2.2572484919245017	0.0
2025-09-18 16:00:00	0.025695	0.02637	0.024984	0.025115	579438021.3505	14945087.42340606	VETUSDT	0.0	5.5475504322766644	1.950807038075844	1.516088968804809	1.6547821661694662	-2.2572484919245017	-2.2572484919245017	5.5475504322766644	32.3218431511206	54.104606063018686	0.00013133609391176998	7.632190613547343e-06	0.00012370390329822264	0.001130215256615403	6.239424703891697	0.025587213554260278	0.022880486445739718	0.8255407599924689	0.0	0.0	0.0	0.0	0	0	Negative	-0.4419669520207048	0.0
2025-09-19 16:00:00	0.025115	0.025266	0.024615	0.025004	235983249.3076	5887190.593181709	VETUSDT	0.0	2.6447288238878683	2.152956938038574	1.599123557365503	0.7159136688965225	-0.4419669520207048	-0.4419669520207048	2.6447288238878683	-59.273772066666886	53.33275511352682	0.00015241194017494644	3.658814052582716e-05	0.00011582379964911928	0.0010959855954285884	2.6141913243320833	0.025639929691071196	0.022867770308928805	0.7706013243077908	0.0	0.0	0.0	0.0	0	0	Negative	-2.17965125579906	0.0
2025-09-20 16:00:00	0.025004	0.025083	0.024327	0.024459	238215333.1028	5856084.821672782	VETUSDT	0.0	3.1076581576026623	2.1024270638555644	1.5807625248707973	0.7054082007927619	-2.17965125579906	-2.17965125579906	3.1076581576026623	0.9458653534728384	49.591921865759815	0.00012371168365549884	5.4012849151761504e-05	6.969883450373733e-05	0.001071700910040832	2.197802197802207	0.0256569373544117	0.0229255626455883	0.5614159600504844	0.0	0.0	0.0	0.0	0	0	Negative	-6.324870190931777	0.0
2025-09-21 16:00:00	0.024459	0.024592	0.022163	0.022912	545725304.3984	12797678.421087775	VETUSDT	0.0	10.95970762080946	3.413925771423622	2.5939720180766637	1.3393593787312552	-6.324870190931777	-6.324870190931777	10.95970762080946	129.08907553943908	40.83609724416391	-2.359149947119693e-05	3.8491979427169814e-05	-6.208347889836674e-05	0.0011686508450379153	-6.546477954072694	0.025714796802642572	0.022812403197357427	0.03431540176398164	0.0	0.0	0.0	0.0	0	0	Negative	-0.8423533519553017	0.0
2025-09-22 16:00:00	0.022912	0.023117	0.02246	0.022719	291583895.1137	6656336.39976813	VETUSDT	0.0	2.9252003561887707	3.50870867845974	2.677659455300195	0.7710001381557401	-0.8423533519553017	-0.8423533519553017	2.9252003561887707	-46.56947501543143	39.8898594301011	-0.0001541271386790513	-3.1844194074407046e-08	-0.0001540952944849769	0.0011321043561066356	-6.843529604723636	0.02579550127810212	0.022597398721897883	0.03802294515734442	0.0	0.0	0.0	0.0	0	0	Medium	0.5457986707161367	2.0
2025-09-23 16:00:00	0.022719	0.023153	0.02216	0.022843	379940666.9257	8627368.629467389	VETUSDT	0.0	4.481046931407946	3.502321249249731	2.6742339594720868	1.1231222186653766	0.5457986707161367	0.5457986707161367	4.481046931407946	30.302349784286363	40.838376633309565	-0.0002447504783583791	-4.897557102693535e-05	-0.00019577490733144377	0.0011221683306704474	-7.7311467463747725	0.0258283418081162	0.022529658191883798	0.09498995495484487	0.0	0.0	0.0	0.0	0	0	Negative	-3.3358140349341108	0.0
2025-09-24 16:00:00	0.022843	0.023026	0.021609	0.022081	322774703.7461	7177124.847840869	VETUSDT	0.0	6.557452913138053	3.3264607996351105	2.732027237993242	0.9075679359953607	-3.3358140349341108	-3.3358140349341108	6.557452913138053	-15.046023802126765	36.97696017294271	-0.0003737488159606048	-0.00011393022001366925	-0.00025981859594693556	0.0011432277356225584	-13.336473173986427	0.0259752640258082	0.022243735974191797	-0.043611081557139636	0.0	0.0	0.0	0.0	0	0	Negative	-0.8423531542955421	0.0
2025-09-25 16:00:00	0.022081	0.022107	0.021156	0.021895	359960530.4809	7773906.373264561	VETUSDT	0.0	4.495178672716961	3.1172080297344276	2.6342979927132197	0.9472719821722567	-0.8423531542955421	-0.8423531542955421	4.495178672716961	11.52067566114195	36.080172892840814	-0.00048539425065225253	-0.00018822302614138593	-0.0002971712245108666	0.00112949718307809	-11.006787790106893	0.026114426328984877	0.021968873671015125	-0.01781998134147523	0.0	0.0	0.0	0.0	0	0	Medium	0.5663393468828459	2.0
2025-09-26 16:00:00	0.021895	0.022514	0.021861	0.022019	217405839.2652	4814692.972222114	VETUSDT	0.0	2.987054572068985	1.4815769875015745	2.6307362101839105	0.691641511878144	0.5663393468828459	0.5663393468828459	2.987054572068985	-39.60286729915911	37.17410493425738	-0.0005574424487650581	-0.0002620669106661204	-0.0002953755380989377	0.0010954616700010835	-8.558970099667777	0.02620917362788058	0.021712026372119424	0.0682596344799076	0.0	0.0	0.0	0.0	0	0	Negative	-1.398791952404738	0.0
2025-09-27 16:00:00	0.022019	0.022043	0.021333	0.021711	113041223.2956	2450093.5431678314	VETUSDT	0.0	3.328177002765662	1.3973979698797472	2.542262272023372	0.4057115783745249	-1.398791952404738	-1.398791952404738	3.328177002765662	-48.00451373446876	35.54679987258061	-0.0006321076473005602	-0.0003360750579930084	-0.00029603258930755176	0.0010679286935724346	-10.621217734963563	0.0262700628523564	0.0213855371476436	0.0666314135766308	0.0	0.0	0.0	0.0	0	0	Medium	1.667357560683514	2.0
2025-09-28 16:00:00	0.021711	0.02241	0.02159	0.022073	220746050.0068	4852194.159945383	VETUSDT	0.0	3.798054654932829	1.4170463076632624	2.537907674432025	0.8944848806668408	1.667357560683514	1.667357560683514	3.798054654932829	95.27924731454343	38.93052575463306	-0.0006545250233918991	-0.0003997650510727866	-0.0002547599723191125	0.0010502195011744034	-8.23945125753482	0.026292866269665434	0.021176733730334567	0.17518433362999888	0.0	0.0	0.0	0.0	0	0	Negative	-2.700131382231683	0.0
2025-09-29 16:00:00	0.022073	0.022437	0.021412	0.021477	190477009.6966	4166441.827796007	VETUSDT	0.0	4.787035307304306	0.759889629412998	2.450133656610166	0.8645230106023265	-2.700131382231683	-2.700131382231683	4.787035307304306	-13.712154898929144	35.615324022806234	-0.0007121736796071483	-0.00046224677677965897	-0.00024992690282748934	0.0010484181082333745	-16.41564506713368	0.026293602803598964	0.02087199719640103	0.11159107604502691	0.0	0.0	0.0	0.0	0	0	Very High	6.6722540392047325	4.0
2025-09-30 16:00:00	0.021477	0.022925	0.021353	0.02291	187203111.8765	4148400.692433704	VETUSDT	0.0	7.361963190184051	1.7618755015348413	2.5034649373361244	1.0076892357097655	6.6722540392047325	6.6722540392047325	7.361963190184051	-1.7187889632007483	47.24720128927882	-0.000634910676019583	-0.0004967795566276438	-0.00013813111939193926	0.0010858168147881335	-8.779613776627508	0.026208431359328883	0.020809368640671122	0.3890733389833832	0.0	0.0	0.0	0.0	0	0	Medium	1.8943692710606737	2.0
2025-10-01 16:00:00	0.02291	0.023682	0.022761	0.023344	232484045.3867	5412096.477736615	VETUSDT	0.0	4.046395149598004	1.5976437889852093	1.4659834082962953	1.231440704842419	1.8943692710606739	1.8943692710606739	4.046395149598004	24.188130772138198	50.18266049603094	-0.0005325204518296725	-0.0005039277356680495	-2.859271616162298e-05	0.0010740441851604097	-6.6389377699568	0.026076694911306663	0.02079980508869334	0.48213910027150725	0.0	0.0	0.0	0.0	0	0	Medium	1.893420150788217	2.0
2025-10-02 16:00:00	0.023344	0.02387	0.023207	0.023786	270579800.545	6370699.099059448	VETUSDT	0.0	2.8568966260180138	1.7063812280120805	1.4741520764006735	1.2282444518029891	1.8934201507882171	1.8934201507882171	2.8568966260180138	16.386395502940353	53.04816028779847	-0.00041097232231530195	-0.00048533665299750004	7.436433068219809e-05	0.0010446838862203805	-2.751543399157774	0.025828268252513865	0.02087893174748614	0.5873652457376359	0.0	0.0	0.0	0.0	0	0	Negative	-4.103254014966792	0.0
2025-10-03 16:00:00	0.023786	0.024206	0.022732	0.02281	265166666.7995	6238828.212512936	VETUSDT	0.0	6.484251275734645	1.8215312814495062	1.6060379465276375	1.1570128544992813	-4.103254014966792	-4.103254014966792	6.484251275734645	-2.0005683109370804	46.66516028673501	-0.00038891641090301604	-0.0004660526045786033	7.713619367558723e-05	0.0010753493229189246	-0.445181564245801	0.025680297365342993	0.020847602634657004	0.40606689946344676	0.0	0.0	0.0	0.0	0	0	High	2.481367821131085	3.0
2025-10-04 16:00:00	0.02281	0.023898	0.02278	0.023376	208274548.9177	4849662.134630793	VETUSDT	0.0	4.907813871817372	1.8170175136424338	1.4695796233979226	0.8948744782239603	2.4813678211310854	2.4813678211310854	4.907813871817372	-21.455229862966803	50.39293251697455	-0.00032205304542725494	-0.00043725269274833364	0.0001151996473210787	0.001078395799853287	2.8918526343589126	0.025616866820844412	0.020840633179155587	0.5308297313420236	0.0	0.0	0.0	0.0	0	0	Medium	1.5699863107460612	2.0
2025-10-05 16:00:00	0.023376	0.023807	0.022688	0.023743	189883596.9014	4391855.834329568	VETUSDT	0.0	4.932122708039485	1.331352324634559	1.4757287202198555	0.8139808095245269	1.5699863107460612	1.5699863107460612	4.932122708039485	-8.830148528405747	52.70138588866478	-0.00023672074432314408	-0.00039714630306329573	0.00016042555874015165	0.0010812960998637662	3.9399378365363633	0.025552374140667217	0.02085032585933278	0.6151944785744058	0.0	0.0	0.0	0.0	0	0	Negative	-4.856168133765746	0.0
2025-10-06 16:00:00	0.023743	0.024081	0.022418	0.02259	327660644.2495	7635531.138860362	VETUSDT	0.0	7.418146132572046	1.7424783023822759	1.6134522993135911	1.298627408784956	-4.856168133765746	-4.856168133765746	7.418146132572046	72.55868837351066	45.532566924570084	-0.00025914448853703656	-0.00036954594015804396	0.0001104014516210074	0.001122846378444926	2.305149223314157	0.02545937826738895	0.02079682173261105	0.38459121171264643	0.0	0.0	0.0	0.0	0	0	Low	0.0309871624612663	1.0
2025-10-07 16:00:00	0.02259	0.022924	0.022357	0.022597	194196228.6217	4395048.587804161	VETUSDT	0.0	2.5361184416513916	1.8579129680569422	1.7201260313360542	0.8192677586873296	0.030987162461266322	0.030987162461266322	2.5361184416513916	-40.73251333967725	45.58096519345122	-0.00027320133100048813	-0.0003502770183265328	7.707568732604467e-05	0.00108314306569886	3.2062114638045114	0.02499248220910304	0.020953917790896965	0.40684808732923194	0.0	0.0	0.0	0.0	0	0	Negative	-2.823383634995795	0.0
2025-10-08 16:00:00	0.022597	0.023165	0.021885	0.021959	219077338.0404	4907251.46527781	VETUSDT	0.0	5.848754854923462	1.77263610047931	1.6945006547265922	0.9616311475795174	-2.823383634995795	-2.823383634995795	5.848754854923462	12.812354593749165	41.9244481944271	-0.0003319957080758426	-0.00034662075627639477	1.4625048200552155e-05	0.0010972042752917985	-0.27249193878014905	0.02462265099529646	0.02100814900470354	0.2630655613888548	0.0	0.0	0.0	0.0	0	0	Negative	-2.113028826449288	0.0
2025-10-09 16:00:00	0.021959	0.022453	0.021194	0.021495	256809865.5892	5633838.726119248	VETUSDT	0.0	5.9403604793809555	1.8004132310472696	1.7086652149375772	1.0811884538422558	-2.113028826449288	-2.113028826449288	5.9403604793809555	17.223382338999276	39.446058045654006	-0.00041129049686050925	-0.0003595547043932177	-5.173579246729157e-05	0.0011087611127709558	-0.9948873842752562	0.02423171712806869	0.021048182871931307	0.14035254284049112	0.0	0.0	0.0	0.0	0	0	Negative	-19.213770644335906	0.0
2025-10-10 16:00:00	0.021495	0.021718	0.010354	0.017365	2269359399.63	37052683.31233752	VETUSDT	0.0	109.75468418002706	46.6869872995201	33.16296641728374	3.473044879370612	-19.213770644335902	-19.213770644335902	109.75468418002706	783.6729828986122	25.178515119636288	-0.0007981876618985174	-0.00044728129589427767	-0.0003509063660042398	0.0018412781761444588	-21.329225750917413	0.024918442957228934	0.019652057042771065	-0.43427448727074536	0.0	0.0	0.0	0.0	0	0	Very High	7.826086956521755	4.0
2025-10-11 16:00:00	0.017365	0.018775	0.016124	0.018724	466618688.2602	8084823.832748643	VETUSDT	0.0	16.441329694864802	45.943148363087346	32.91919238437925	0.6849827660200556	7.826086956521755	7.826086956521755	16.441329694864802	-79.43830808217164	33.67912202918295	-0.0009838058092998259	-0.0005545861985753873	-0.0004292196107244386	0.0018991154492769976	-12.818363831075096	0.025111677549450078	0.019040022450549924	-0.05204881459870284	0.0	0.0	0.0	0.0	0	0	High	3.98953215124972	3.0
2025-10-12 16:00:00	0.018724	0.019845	0.01871	0.019471	416796204.5998	8031335.755746547	VETUSDT	0.0	6.066274719401393	45.476758162224904	32.78447516168271	0.5743112233608887	3.9895321512497204	3.9895321512497204	6.066274719401393	-10.677344245719018	37.858315358378206	-0.001058431926958401	-0.00065535534425199	-0.00040307658270641094	0.0018445357743286407	-15.0109122653863	0.025136038119819237	0.018690861880180765	0.12104217027011725	0.0	0.0	0.0	0.0	0	0	Negative	-1.91053361409274	0.0
2025-10-13 16:00:00	0.019471	0.020207	0.017935	0.019099	520690398.0554	9868358.183246888	VETUSDT	0.0	12.667967660998048	44.71181163593404	32.621312145981754	0.6624097001603569	-1.9105336140927398	-1.9105336140927398	12.667967660998048	24.92685689289261	36.62072710225061	-0.0011345129943324053	-0.0007511868742680731	-0.0003833261200643322	0.0018750689333051664	-18.184544208361885	0.025140384143527473	0.018312115856472525	0.11523919542224983	0.0	0.0	0.0	0.0	0	0	Negative	-4.026388816168398	0.0
2025-10-14 16:00:00	0.019099	0.019445	0.018203	0.01833	331122787.9404	6266031.540777793	VETUSDT	0.0	6.823051145415591	44.59379407705274	32.543710020214675	0.41342933538013626	-4.026388816168398	-4.026388816168398	6.823051145415591	-36.40697251629183	34.13644308547414	-0.0012425364745333213	-0.0008494567943211227	-0.0003930796802121986	0.0018298497237833687	-22.937862608256967	0.025253177788330427	0.017824222211669575	0.06808195083564625	0.0	0.0	0.0	0.0	0	0	Negative	-3.480632842334969	0.0
2025-10-15 16:00:00	0.01833	0.01863	0.017576	0.017692	341994666.0874	6226958.28655697	VETUSDT	0.0	5.996813837050519	4.727521105803592	32.49848855929965	0.8232017171002806	-3.480632842334969	-3.480632842334969	5.996813837050519	3.2833373428097867	32.185631444436126	-0.0013639048823883594	-0.0009523464119345702	-0.0004115584704537892	0.0017744318863702707	-22.437527400263047	0.025397299610138244	0.017259800389861753	0.05311209235649692	0.0	0.0	0.0	0.0	0	0	Negative	-2.763961112367171	0.0
2025-10-16 16:00:00	0.017692	0.01804	0.016128	0.017203	407584011.9612	6954501.505697968	VETUSDT	0.0	11.855158730158735	3.2963922980587066	32.36876071322493	1.009777082457462	-2.763961112367171	-2.763961112367171	11.855158730158735	19.178470420073157	30.735809748189226	-0.0014824595622475664	-0.0010583690419971696	-0.0004240905202503968	0.0017842581802009656	-26.407426420260098	0.025518491828407534	0.016657008171592463	0.06161404224761303	0.0	0.0	0.0	0.0	2025-10-22 17:57:42.708366+00:00	2025-10-22 17:57:42.712097+00:00	Negative	-1.2788467127826424	0.0
2025-10-17 16:00:00	0.017203	0.017485	0.016863	0.016983	146841062.5	2525137.2511085	VETUSDT	0.0	3.6885488940283526	3.8867058643217662	32.308026681644996	0.4199699601535639	-1.2788467127826424	-1.2788467127826424	3.6885488940283526	-63.972810956584205	30.07933311974844	-0.0015760000144193383	-0.0011618952364816034	-0.00041410477793773484	0.0017012397387580396	-28.47154950932906	0.025615805867147907	0.016086894132852088	0.09404073540976454	0.0	0.0	0.0	0.0	2025-10-22 17:57:42.708366+00:00	2025-10-22 17:57:42.712097+00:00	Very High	5.246422893481713	4.0
2025-10-18 16:00:00	0.016983	0.017911	0.016855	0.017874	135246674.0	2346438.577214	VETUSDT	0.0	6.2652032037971015	3.003678284573829	32.29015895863127	0.49621274424902007	5.246422893481713	5.246422893481713	6.2652032037971015	-7.895876196074242	36.03783990885118	-0.001560249656269934	-0.0012415661204392696	-0.0003186835358306643	0.0016551511859896082	-20.876494023904375	0.02554019174491018	0.015742608255089816	0.2175425957966768	0.0	0.0	0.0	0.0	2025-10-22 17:57:42.708366+00:00	2025-10-22 17:57:42.712097+00:00	Low	0.4419827682667517	1.0
2025-10-19 16:00:00	0.017874	0.018264	0.017293	0.017953	107173325.0	1920077.436457	VETUSDT	0.0	5.614988723761058	3.062025903171272	32.304437555219835	0.47053734286827825	0.44198276826675176	0.44198276826675176	5.614988723761058	-20.757145569435593	36.55410112720786	-0.0015238270149133398	-0.0012980182993340837	-0.0002258087155792561	0.0016062832441332074	-20.551400628401993	0.025483150601590274	0.015447249398409727	0.24967868364389226	0.0	0.0	0.0	0.0	2025-10-22 17:57:42.708366+00:00	2025-10-22 17:57:42.712097+00:00	Medium	0.952487049518192	2.0
2025-10-20 16:00:00	0.017953	0.018202	0.017101	0.018124	143207000.0	2517606.58838	VETUSDT	0.0	6.438219987135242	3.0435628662553813	4.033553565826517	0.7616971657363768	0.952487049518192	0.952487049518192	6.438219987135242	33.62186906116798	37.725779417487416	-0.0014642841817716946	-0.0013312714758216058	-0.0001330127059500888	0.001570191583837978	-17.464365408260843	0.02521103834913337	0.015240761650866626	0.28918338340946986	0.0	0.0	0.0	0.0	2025-10-22 17:57:42.708366+00:00	2025-10-22 17:57:42.712097+00:00	Negative	-5.203045685279204	0.0
2025-10-21 16:00:00	0.018124	0.018207	0.016698	0.017181	125593990.0	2164743.183094	VETUSDT	0.0	9.03701042040963	1.920863510428772	2.858004877934698	0.9542716352790637	-5.2030456852792035	-5.2030456852792035	9.03701042040963	-12.298986781372419	33.99716250378739	-0.001476171885928277	-0.00136025155784294	-0.00011592032808533693	0.0015658207564209798	-20.06978367062108	0.02485551795222297	0.014979982047777032	0.22287579869281568	0.0	0.0	0.0	0.0	2025-10-22 17:57:42.708366+00:00	2025-10-22 17:57:42.712097+00:00	Medium	0.5121937023456218	2.0
2025-10-22 16:00:00	0.017181	0.017362	0.016455	0.017269	81142169.0	1374286.583689	VETUSDT	0.0	5.512002430872063	1.4342029269518974	2.8928832260910062	0.6849022251312941	0.5121937023456218	0.5121937023456218	5.512002430872063	-35.393270808579295	34.6462980628431	-0.0014616431996016324	-0.0013805298861946785	-8.111331340695388e-05	0.0015187621309623383	-0.5528361646991009	0.024321312559716087	0.014862487440283918	0.2544198174012281	0.2232819999999999	0.0	223282000.0	0.1116409999999999	2025-10-23 19:17:46.172420+00:00	2025-10-23 19:17:46.176523+00:00	Negative	-0.5732816028721894	0.0
2025-10-23 16:00:00	0.017269	0.017789	0.016986	0.01717	110392063.0	1910162.913152	VETUSDT	0.0	4.727422583303886	1.6634081678794959	2.3152745662718863	0.9726026469870954	-0.5732816028721894	-0.5732816028721894	4.727422583303886	36.047710284895146	34.238333335889166	-0.0014415008590368608	-0.001392724080763115	-4.877677827374574e-05	0.0014676362644650282	-8.299508651997435	0.023908936155543924	0.01471086384445607	0.26735342715011656	0.211799	0.0	211799000.0	0.1058995	2025-10-24 23:31:48.343300+00:00	2025-10-24 23:31:48.347377+00:00	Medium	0.518345952242276	2.0
2025-10-24 16:00:00	0.01717	0.017435	0.017051	0.017259	61415507.0	1058650.329074	VETUSDT	0.0	2.25206732742947	2.4745312688528345	2.686836882916792	0.5885521915581268	0.518345952242276	0.518345952242276	2.25206732742947	-44.366012074618084	34.979566992327946	-0.0014021927476651798	-0.001394617814143528	-7.574933521651683e-06	0.0013902336741460975	-11.360484823583786	0.023283250975649577	0.014724849024350426	0.296100953200135	0.224615	0.0	224615000.0	0.1123075	2025-10-25 23:30:41.855402+00:00	2025-10-25 23:30:41.859415+00:00	High	3.215713540761342	3.0
2025-10-25 16:00:00	0.017259	0.017882	0.017158	0.017814	90815934.0	1590256.610554	VETUSDT	0.0	4.21960601468702	2.4840548237080284	2.7551755382070993	0.9674450230717855	3.215713540761342	3.215713540761342	4.21960601468702	47.87134135357704	39.55498198001883	-0.0013111428855060031	-0.001377922828416023	6.677994291001991e-05	0.0013426455545642332	-6.728100947693603	0.022415934526441795	0.0149992654735582	0.3795146455061835	0.230954	0.0	230954000.0	0.115477	2025-10-26 23:32:14.927550+00:00	2025-10-26 23:32:14.931549+00:00	Negative	-2.329628382171318	0.0
2025-10-26 16:00:00	0.017814	0.018098	0.017235	0.017399	133709345.0	2371677.658698	VETUSDT	0.0	5.007252683492887	1.2592460347774113	1.8195966585661696	1.4001711080096775	-2.3296283821713186	-2.3296283821713186	5.007252683492887	47.231151088530346	37.43377033995641	-0.001257971137255863	-0.001353932490183991	9.5961352928128e-05	0.001308385157809645	-5.079105291871238	0.021735930926980222	0.015160169073019779	0.34046715448367726	0.1954419999999999	0.0	195442000.0	0.0977209999999999	2025-10-27 23:31:41.566315+00:00	2025-10-27 23:31:41.569922+00:00	Negative	-1.2989252255876802	0.0
2025-10-27 16:00:00	0.017399	0.017728	0.016884	0.017173	123441385.0	2134068.625043	VETUSDT	0.0	4.998815446576646	1.1569729068591985	1.7379083807670206	1.1874519447610798	-1.2989252255876802	-1.2989252255876802	4.998815446576646	-7.6793136635289025	36.292356829839726	-0.0012200049967492806	-0.0013271469914970491	0.00010714199474776858	0.0012752147893946703	-2.933529278770058	0.02089684200550302	0.01545685799449698	0.3154682076327733	0.201519	0.0	201519000.0	0.1007595	2025-10-28 23:33:34.097979+00:00	2025-10-28 23:33:34.101817+00:00	Negative	-2.3816456064752787	0.0
2025-10-28 16:00:00	0.017173	0.017325	0.016485	0.016764	99007063.0	1666457.543477	VETUSDT	0.0	5.095541401273889	1.2063221850084322	1.7129318049298825	0.9737328839658325	-2.3816456064752787	-2.3816456064752787	5.095541401273889	-19.794270778799184	34.256611745128055	-0.0012089830348509661	-0.0013035142001678328	9.453116531686666e-05	0.0012441280187236224	-2.5518804859617417	0.02007737164032683	0.015756828359673174	0.2331122673476499	0.195274	0.0	195274000.00000003	0.097637	2025-10-29 23:33:53.172056+00:00	2025-10-29 23:33:53.176061+00:00	Negative	-6.722739203054161	0.0
2025-10-29 16:00:00	0.016764	0.017332	0.015529	0.015637	260982508.0	4300498.729059	VETUSDT	0.0	11.610535127825365	3.0528772658392866	2.638446459201546	1.8432107459297973	-6.722739203054161	-6.722739203054161	11.610535127825365	163.5998888281334	29.36817043084352	-0.001276473144077632	-0.0012981059889497926	2.1632844872160675e-05	0.0012840474459576492	-7.925572631454983	0.019298448918172076	0.015949951081827923	-0.09346014156891251	0.213566	0.0	213566000.0	0.106783	2025-10-30 23:36:48.395762+00:00	2025-10-30 23:36:48.399919+00:00	Medium	0.72264500863336	2.0
2025-10-30 16:00:00	0.015637	0.015975	0.015073	0.01575	179570702.0	2788413.623993	VETUSDT	0.0	5.984210177137929	2.864884419992892	2.6318598569346525	1.1269500566945234	0.72264500863336	0.72264500863336	5.984210177137929	-31.194353454523473	30.439997692124308	-0.0013057890627700061	-0.0012996426037138354	-6.14645905617074e-06	0.00125675834267496	-11.883182275931524	0.019405200625083923	0.01568169937491608	0.018343118612042957	0.24195	0.0	241950000.0	0.120975	2025-10-31 23:31:08.079452+00:00	2025-10-31 23:31:08.083504+00:00	High	3.231746031746026	3.0
2025-10-31 16:00:00	0.01575	0.016327	0.015254	0.016259	149795696.0	2364851.014519	VETUSDT	0.0	7.034220532319398	2.734338415311237	2.4304127983127803	0.9214824289400928	3.231746031746026	3.231746031746026	7.034220532319398	-16.581216015962337	35.209363272815494	-0.0012732725994917225	-0.001294368602869413	2.109600337769045e-05	0.0012436327467696057	-9.435748899905313	0.019279386876029512	0.01556101312397049	0.18771294188568424	0.21024	0.0	210240000.0	0.10512	2025-11-01 23:19:42.250451+00:00	2025-11-01 23:19:42.254298+00:00	Negative	-2.7184943723476107	0.0
2025-11-01 16:00:00	0.016259	0.016359	0.015795	0.015817	125118195.0	2019397.204603	VETUSDT	0.0	3.570750237416895	3.0453046336848897	2.5180879511643726	0.7680918593263081	-2.7184943723476107	-2.7184943723476107	3.570750237416895	-16.474105504339725	33.087790362862705	-0.00126854576815413	-0.0012892040359263565	2.065826777222649e-05	0.0011950875505717766	-12.72897815051865	0.018968382029486808	0.015506617970513193	0.08966007624992046	0.220554	0.0	220554000.0	0.110277	2025-11-02 23:19:59.493382+00:00	2025-11-02 23:19:59.497541+00:00	Negative	-8.256938736802184	0.0
2025-11-02 16:00:00	0.015817	0.016357	0.014072	0.014511	475188671.0	7194877.696318	VETUSDT	0.0	16.23791927231382	5.039224851137856	4.2120707847402326	1.9954914013552532	-8.256938736802184	-8.256938736802184	16.23791927231382	279.791820845881	27.764344874556485	-0.0013545683844206416	-0.0013022769056252137	-5.2291478795427884e-05	0.0012729384398166496	-15.540422559804428	0.018899971866697205	0.015116228133302797	-0.1599548425970817	0.222735	0.0	222735000.0	0.1113675	2025-11-03 23:20:53.687327+00:00	2025-11-03 23:20:53.691129+00:00	Negative	-0.7029150299772563	0.0
2025-11-03 16:00:00	0.014511	0.014994	0.01405	0.014409	355961016.0	5175366.818947	VETUSDT	0.0	6.718861209964416	4.849685360444104	3.9268094693331275	1.3843789852896584	-0.7029150299772563	-0.7029150299772563	6.718861209964416	-25.090592911041853	27.393649961815285	-0.0014146650964879	-0.001324754543797751	-8.991055269014898e-05	0.0012494428369726033	-16.561468527419073	0.01891609776324122	0.014708002236758786	-0.07105405161957506	0.211056	0.0	211056000.0	0.105528	2025-11-04 23:21:24.897374+00:00	2025-11-04 23:21:24.901433+00:00	Very High	5.094038448192104	4.0
2025-11-04 16:00:00	0.014409	0.015226	0.013166	0.015143	491830493.0	6860712.680043	VETUSDT	0.0	15.646361841105874	5.735080514561532	4.614694657851471	1.5389959257192842	5.094038448192104	5.094038448192104	15.646361841105874	38.1697632304769	34.201724167373044	-0.0013870751689452933	-0.0013372186688272595	-4.9856500118033824e-05	0.0013073397771888459	-11.805474665113575	0.0188673336438513	0.014501866356148703	0.14686483750716756	0.191291	0.0	191291000.0	0.0956455	2025-11-05 23:21:31.962614+00:00	2025-11-05 23:21:31.966580+00:00	Negative	-4.655616456448529	0.0
2025-11-05 16:00:00	0.015143	0.015405	0.014369	0.014438	204282963.0	3054413.996955	VETUSDT	0.0	7.2099658988099415	5.714073139276393	4.496938273997051	0.6181471501223166	-4.655616456448529	-4.655616456448529	7.2099658988099415	-58.46476257420664	31.177787388026942	-0.0014058913206547	-0.0013509531991927476	-5.493812146195251e-05	0.0012879583645324997	-16.345095312590534	0.0189219696054925	0.014170730394507494	0.05625260981904896	0.21022	0.0	210220000.00000003	0.10511	2025-11-06 23:21:16.190059+00:00	2025-11-06 23:21:16.194042+00:00	Very High	10.049868402825885	4.0
2025-11-06 16:00:00	0.014438	0.016005	0.014171	0.015889	235964775.0	3573528.315636	VETUSDT	0.0	12.941923646884474	4.546097201783786	4.528717399181117	0.6691272653726211	10.049868402825883	10.049868402825883	12.941923646884474	15.508788170455507	42.45485913343055	-0.0012888624785962026	-0.0013385350550734385	4.967257647723591e-05	0.0013269613384944638	-10.806107555854943	0.0188749018352034	0.014108398164796608	0.37356560664337624	0.161264	0.0	161263999.99999997	0.080632	2025-11-07 23:20:39.744655+00:00	2025-11-07 23:20:39.748646+00:00	Very High	5.758700988104973	4.0
2025-11-07 16:00:00	0.015889	0.017795	0.015854	0.016804	347097843.0	5908400.313002	VETUSDT	0.0	12.242967074555306	3.859588981749022	4.36928855785586	1.0613723005940747	5.758700988104973	5.758700988104973	12.242967074555306	47.09731272390127	48.21711239201433	-0.001109493870389732	-0.0012927268181366972	0.00018323294774696508	0.0013708212428877162	-3.4197367664808422	0.01874157668865331	0.014134723311346692	0.5794142921505114	0.0	0.0	0.0	0.0	2025-11-09 23:20:00.943171+00:00	2025-11-09 23:20:00.947006+00:00	High	2.3863365865270296	3.0
2025-11-08 16:00:00	0.016804	0.017467	0.016324	0.017205	207682132.0	3509266.331566	VETUSDT	0.0	7.001960303847085	3.783286269114818	4.413957494554279	0.6983925271486179	2.3863365865270296	2.3863365865270296	7.001960303847085	-40.166112758009845	50.553922855887755	-0.0009243305007648403	-0.0012190475546623258	0.00029471705389748555	0.001354548296967165	0.18633902055552773	0.018627594662296933	0.014173905337703064	0.6805806245978646	0.168344	0.0	168343999.99999997	0.084172	2025-11-09 23:20:00.943171+00:00	2025-11-09 23:20:00.947006+00:00	Low	0.4359197907584927	1.0
2025-11-09 16:00:00	0.017205	0.017926	0.016927	0.01728	266444307.0	4614711.132297	VETUSDT	0.0	5.9018136704673	3.272342612007781	4.421235423826794	1.05608488644877	0.4359197907584927	0.4359197907584927	5.9018136704673	28.29428532638523	50.99931337062426	-0.0007627428977736543	-0.0011277866232845915	0.00036504372551093714	0.0013291519900409388	3.078024337866852	0.018482793816043806	0.014234306183956193	0.7168889449131385	0.156065	0.0	156065000.0	0.0780325	2025-11-10 23:22:12.403928+00:00	2025-11-10 23:22:12.407842+00:00	High	2.042824074074069	3.0
2025-11-10 16:00:00	0.01728	0.017889	0.01694	0.017633	184505562.0	3202395.868603	VETUSDT	0.0	5.6021251475796845	3.5654335609527594	4.530058821070552	0.7429586920034807	2.042824074074069	2.042824074074069	5.6021251475796845	-30.752672452483665	53.138852182466884	-0.0005992911530053636	-0.001022087529228746	0.00042279637622338233	0.001301998276466586	12.764596789665521	0.018549081850866248	0.014213218149133754	0.7887198690078273	0.082741	0.0	82741000.0	0.0413705	2025-11-11 23:21:04.638400+00:00	2025-11-11 23:21:04.642356+00:00	Negative	-4.270402086995975	0.0
2025-11-11 16:00:00	0.017633	0.018628	0.016717	0.01688	297724059.0	5206255.233683	VETUSDT	0.0	11.431476939642279	3.1613010478774703	4.0840520046891005	1.1420582588872732	-4.270402086995975	-4.270402086995975	11.431476939642279	61.363189148736886	48.2946528423029	-0.00052446951647174	-0.0009225639266773448	0.0003980944102056048	0.0013454983995761156	7.174603174603169	0.018504252225734614	0.014219147774265386	0.6209538777572365	0.068096	0.0	68096000.00000001	0.034048	2025-11-12 23:22:08.995185+00:00	2025-11-12 23:22:08.999382+00:00	Negative	-0.8886255924170666	0.0
2025-11-12 16:00:00	0.01688	0.01727	0.016294	0.01673	193048828.0	3230230.043704	VETUSDT	0.0	5.989934945378674	2.4313735470221114	3.631640818165376	0.8397773056973465	-0.8886255924170666	-0.8886255924170666	5.989934945378674	-35.15847236249053	47.368295474007226	-0.0004718375275468596	-0.0008324186468512478	0.0003605811193043882	0.0013191056567492501	2.8968571252844533	0.01845749442817294	0.014221905571827058	0.5921477540047922	0.068916	0.0	68916000.0	0.034458	2025-11-13 23:21:52.681197+00:00	2025-11-13 23:21:52.685163+00:00	Negative	-5.95337716676627	0.0
2025-11-13 16:00:00	0.01673	0.016801	0.015257	0.015734	270417993.0	4272772.091148	VETUSDT	0.0	10.119944943304713	2.7513387502493143	3.5453522952851717	1.1154562422849466	-5.95337716676627	-5.95337716676627	10.119944943304713	40.07751085647617	41.654852750186464	-0.000504677564400053	-0.0007668704303610089	0.0002621928659609559	0.0013351695384100182	-0.5247518492760936	0.018352983199066326	0.014173916800933679	0.3733090241790421	0.0617	0.0	61700000.0	0.03085	2025-11-14 23:20:46.660013+00:00	2025-11-14 23:20:46.663652+00:00	Medium	0.749968221685522	2.0
2025-11-14 16:00:00	0.015734	0.01615	0.015185	0.015852	130667465.0	2057781.566335	VETUSDT	0.0	6.354955548238397	2.6793294005430326	2.885064081578224	0.6069855378381804	0.749968221685522	0.749968221685522	6.354955548238397	-51.67944871183183	42.53913244345187	-0.0005152425213146607	-0.0007165448485517392	0.00020130232723707857	0.0013087288570950168	9.241265247053972	0.018135292057523608	0.014195407942476394	0.4204672038948424	0.073935	0.0	73935000.00000001	0.0369675	2025-11-15 23:20:45.440582+00:00	2025-11-15 23:20:45.444722+00:00	Negative	-4.7754226596013165	0.0
2025-11-15 16:00:00	0.015852	0.015976	0.015065	0.015095	85659175.0	1339700.465173	VETUSDT	0.0	6.047129107202126	2.5898261656340114	2.9642748064965985	0.43814649480655876	-4.7754226596013165	-4.7754226596013165	6.047129107202126	-34.444909450106806	38.50709779748942	-0.0005780356639535772	-0.0006888430116321069	0.00011080734767852972	0.0012803196530168013	4.760913318065104	0.017987245482933234	0.014113054517066766	0.25345820368295174	0.0540229999999999	0.0	54022999.99999999	0.0270114999999999	2025-11-16 23:20:39.059553+00:00	2025-11-16 23:20:39.063416+00:00	Negative	-0.6293474660483691	0.0
2025-11-16 16:00:00	0.015095	0.01556	0.014579	0.015	165927778.0	2492708.986265	VETUSDT	0.0	6.728856574524997	1.7421432878679897	2.5150932561935226	0.9809838652993798	-0.6293474660483691	-0.6293474660483691	6.728856574524997	93.70695316642963	38.02006202963319	-0.0006282236171441351	-0.0006767191327345125	4.849551559037743e-05	0.0012589396778013154	-0.9443307138611949	0.017858143994068886	0.014024856005931114	0.2543883989636309	0.0538449999999999	0.0	53844999.99999999	0.0269224999999999	2025-11-17 23:21:21.025373+00:00	2025-11-17 23:21:21.029250+00:00	Negative	-1.540000000000002	0.0
2025-11-17 16:00:00	0.015	0.015194	0.014099	0.014769	206170964.0	2984543.985212	VETUSDT	0.0	7.766508262997367	1.6511495498947668	1.962716848129893	1.2002826708653374	-1.540000000000002	-1.540000000000002	7.766508262997367	24.253435130072074	36.80119848093627	-0.0006788127700182896	-0.000677137860191268	-1.674909827021568e-06	0.001247229700815507	2.292561296578471	0.017784267425919348	0.01389923257408065	0.22387635094385522	0.073367	0.0	73367000.00000001	0.0366835	2025-11-19 01:45:52.286103+00:00	2025-11-19 01:45:52.290155+00:00	Negative	-4.299546347078329	0.0
2025-11-18 16:00:00	0.014769	0.015177	0.014113	0.014134	96683493.0	1415071.063209	VETUSDT	0.0	7.539148302983058	0.7436893574298609	1.9611721184468462	0.7056067767331146	-4.299546347078329	-4.299546347078329	7.539148302983058	-53.1051845884564	33.611319149909946	-0.0007613676587941258	-0.0006939838199118396	-6.738383888228619e-05	0.0012341418650429706	-11.045377305053808	0.01784642724282579	0.013686772757174209	0.10751547859767425	0.111659	0.0	111659000.0	0.0558295	2025-11-20 01:44:27.328270+00:00	2025-11-20 01:44:27.332173+00:00	Negative	-0.7287392104146078	0.0
2025-11-19 16:00:00	0.014134	0.014535	0.013612	0.014031	151023685.0	2139294.079924	VETUSDT	0.0	6.780781663238307	0.6899218703035503	1.9081245917019796	1.0703838224625422	-0.7287392104146078	-0.7287392104146078	6.780781663238307	56.204208509512576	33.109993903609436	-0.0008255873846578846	-0.0007203045328610486	-0.00010528285179683592	0.0012119174461113298	-16.502023327779096	0.0178939141301933	0.013467385869806692	0.12732645021994787	0.090547	0.0	90547000.0	0.0452735	2025-11-21 01:45:20.440196+00:00	2025-11-21 01:45:20.444157+00:00	Negative	-8.360059867436394	0.0
2025-11-20 16:00:00	0.014031	0.014075	0.012276	0.012858	390529449.0	5088545.294876	VETUSDT	0.0	14.65461062235256	3.363220013641561	2.8541857859621906	1.9326723629725775	-8.360059867436394	-8.360059867436394	14.65461062235256	158.58821349777023	27.9898710003842	-0.000960066231022275	-0.000768256872493294	-0.00019180935852898095	0.001253851914246235	-25.265911072362695	0.018022460457907712	0.012998739542092293	-0.02801500012654461	0.126002	0.0	126002000.0	0.063001	2025-11-22 01:41:32.222155+00:00	2025-11-22 01:41:32.226552+00:00	Negative	-1.399906672888471	0.0
2025-11-21 16:00:00	0.012858	0.013345	0.012447	0.012678	165488351.0	2123217.77724	VETUSDT	0.0	7.214589861010682	3.2986623094540346	2.651199930401583	0.8193336764591141	-1.399906672888471	-1.399906672888471	7.214589861010682	-57.624616677755334	27.292406210514145	-0.0010688451991878577	-0.0008283745378322068	-0.00024047066135565091	0.001228433920371504	-26.631944444444443	0.018145935463558537	0.012561364536441461	0.02088530436460046	0.1120459999999999	0.0	112046000.0	0.0560229999999999	2025-11-23 01:58:05.361523+00:00	2025-11-23 01:58:05.365445+00:00	High	3.312825366777096	3.0
2025-11-22 16:00:00	0.012678	0.013139	0.012599	0.013098	91228809.0	1177923.372848	VETUSDT	0.0	4.286054448765765	3.8841929882829582	2.8372253956861733	0.5096844682104241	3.312825366777096	3.312825366777096	4.286054448765765	-44.87297235803624	31.57677084854825	-0.0011083860409222823	-0.0008843768384502219	-0.00022400920247206044	0.0011792600689163964	-25.718822662054098	0.018224508456557674	0.012341491543442325	0.12859192277199594	0.0889509999999999	0.0	88950999.99999999	0.0444754999999999	2025-11-24 01:52:59.744882+00:00	2025-11-24 01:52:59.748742+00:00	Negative	-0.0992517941670549	0.0
2025-11-23 16:00:00	0.013098	0.0133	0.012753	0.013085	99460824.0	1296136.392716	VETUSDT	0.0	4.2891868579941885	4.254728361773366	2.8944543234922606	0.5539566469611898	-0.09925179416705496	-0.09925179416705496	4.2891868579941885	9.023481825790359	31.51486938593061	-0.00112777118996296	-0.0009330557087527695	-0.00019471548121019044	0.001134098635422368	-22.48222748815166	0.01829062625403589	0.012142973745964108	0.15323349079978482	0.087424	0.0	87424000.0	0.043712	2025-11-25 01:47:27.995456+00:00	2025-11-25 01:47:27.999231+00:00	Medium	1.81887657623233	2.0
2025-11-24 16:00:00	0.013085	0.013951	0.013073	0.013323	89006468.0	1207117.211411	VETUSDT	0.0	6.716132486804867	4.257349100615403	2.8854463108849746	0.532517575054672	1.81887657623233	1.81887657623233	6.716132486804867	-10.511028945426794	34.06333320629085	-0.0011111211364767306	-0.0009686687942975618	-0.00014245234217916884	0.0011158058757493416	-20.36461446503287	0.018308800194784838	0.011942799805215162	0.21680806005702039	0.080236	0.0	80236000.00000001	0.040118	2025-11-26 01:46:43.856188+00:00	2025-11-26 01:46:43.860112+00:00	Negative	-0.502889739548145	0.0
2025-11-25 16:00:00	0.013323	0.013747	0.013159	0.013256	80487431.0	1082551.396187	VETUSDT	0.0	4.468424652329204	1.446324916011276	2.9967135145445623	0.7655672064925724	-0.502889739548145	-0.502889739548145	4.468424652329204	-9.57125610242168	33.68333651319003	-0.0010907586029877871	-0.000993086756035607	-9.767184695218018e-05	0.0010781054560529601	-15.749332655395962	0.018341167229947542	0.011792232770052462	0.22351227347158226	0.078054	0.0	78054000.0	0.039027	2025-11-27 01:45:00.824995+00:00	2025-11-27 01:45:00.828744+00:00	High	4.662039831019906	3.0
2025-11-26 16:00:00	0.013256	0.01417	0.013252	0.013874	73716417.0	1020711.214395	VETUSDT	0.0	6.927256263205557	1.3590201085031108	2.995048396882981	0.8494633056525213	4.662039831019906	4.662039831019906	6.927256263205557	-8.412511016782236	40.29898943531494	-0.0010130756083398945	-0.0009970845264964646	-1.599108184342996e-05	0.0010666693520491773	-12.477920767095648	0.01825696877691397	0.011674931223086032	0.3341015238715932	0.066225	0.0	66225000.0	0.0331125	2025-11-28 01:45:03.595306+00:00	2025-11-28 01:45:03.598962+00:00	Medium	1.2685598962087417	2.0
2025-11-27 16:00:00	0.013874	0.014175	0.013622	0.01405	82966462.0	1155067.806833	VETUSDT	0.0	4.0596094552929065	1.4057838843269046	3.1250522796312383	0.9746138688188561	1.2685598962087417	1.2685598962087417	4.0596094552929065	12.548147856942096	42.07135099034535	-0.0009266279560278447	-0.0009829932124027405	5.6365256374895766e-05	0.0010299786840456645	-6.922822126531969	0.018029353989251255	0.011627146010748742	0.3784403751622526	0.071091	0.0	71091000.0	0.0355455	2025-11-29 01:44:28.537777+00:00	2025-11-29 01:44:28.541748+00:00	Negative	-4.284697508896798	0.0
2025-11-28 16:00:00	0.01405	0.014062	0.01332	0.013448	50788613.0	688842.471994	VETUSDT	0.0	5.570570570570568	1.2892031770730354	3.12787109403358	0.6736508736951938	-4.284697508896798	-4.284697508896798	5.570570570570568	-38.784164377167244	37.924150711125336	-0.0008963612431790533	-0.0009656668185580032	6.930557537894986e-05	0.0010094087780424027	-10.346666666666664	0.017699345269206416	0.011581454730793587	0.3050962186209126	0.070884	0.0	70884000.0	0.035442	2025-11-30 01:57:37.616250+00:00	2025-11-30 01:57:37.620265+00:00	Negative	-0.6320642474717431	0.0
2025-11-29 16:00:00	0.013448	0.013528	0.013256	0.013363	38607476.0	516426.577414	VETUSDT	0.0	2.0519010259505106	1.8137710685787407	3.423638539941832	0.5911121921640208	-0.6320642474717431	-0.6320642474717431	2.0519010259505106	-23.983992238575212	37.364096389940826	-0.0008692136904550271	-0.000946376192937408	7.716250248238088e-05	0.0009567367224679453	-9.51994041573566	0.01729701731620194	0.01159208268379806	0.310418511395937	0.084555	0.0	84555000.0	0.0422775	2025-12-01 02:05:43.401097+00:00	2025-12-01 02:05:43.405077+00:00	Negative	-8.471151687495318	0.0
2025-11-30 16:00:00	0.013363	0.013505	0.011974	0.012231	149730380.0	1867215.963252	VETUSDT	0.0	12.786036412226483	4.063794144876275	2.913181263519798	1.8914457270473584	-8.471151687495318	-8.471151687495318	12.786036412226483	287.8274249267163	30.83354399237551	-0.0009283406654951188	-0.0009427690874489502	1.4428421953831391e-05	0.0009977555280059492	-13.463987547757181	0.016780495239438545	0.011568404760561455	0.12712658042369543	0.051934	0.0	51934000.000000015	0.025967	2025-12-02 01:49:14.055821+00:00	2025-12-02 01:49:14.059711+00:00	Very High	9.1080042514921	4.0
2025-12-01 16:00:00	0.012231	0.013405	0.012007	0.013345	107417796.0	1348520.444458	VETUSDT	0.0	11.643208128591654	4.742452917019245	3.4356443592700305	1.250466976113499	9.1080042514921	9.1080042514921	11.643208128591654	-28.259184275095006	41.64316802660282	-0.0008752197409197492	-0.00092925921814311	5.403947722336085e-05	0.0010263444188626672	-4.889173971919328	0.016308567118637568	0.01168683288136243	0.3587759558444849	0.054583	0.0	54583000.0	0.0272915	2025-12-03 01:48:42.530501+00:00	2025-12-03 01:48:42.535408+00:00	Low	0.1723491944548554	1.0
2025-12-02 16:00:00	0.013345	0.01352	0.013078	0.013368	98448168.0	1310670.939493	VETUSDT	0.0	3.3797216699801305	4.863993691151256	3.5053328815302622	1.106178001008841	0.1723491944548554	0.1723491944548554	3.3797216699801305	-8.35022532020672	41.84525000600157	-0.0008217920109428092	-0.0009077657767030499	8.597376576024074e-05	0.0009846055318010482	3.966402239850677	0.01578236423564144	0.01187683576435856	0.3818085687009792	0.045401	0.0	45400999.99999999	0.0227005	2025-12-04 01:49:27.393495+00:00	2025-12-04 01:49:27.397596+00:00	Low	0.3590664272890572	1.0
2025-12-03 16:00:00	0.013368	0.013845	0.01314	0.013416	135547812.0	1829473.138857	VETUSDT	0.0	5.36529680365296	4.88082273388278	3.4567033514719028	1.279352472103381	0.3590664272890572	0.3590664272890572	5.36529680365296	37.68444324936549	42.294359494334124	-0.000766738467388877	-0.0008795603148402154	0.00011282184745133831	0.0009646337081009733	5.8211074301940435	0.015465391194246378	0.011962008805753623	0.4150249767259697	0.036621	0.0	36621000.00000001	0.0183105	2025-12-05 01:49:54.417622+00:00	2025-12-05 01:49:54.421752+00:00	Negative	-4.882230172927855	0.0
2025-12-04 16:00:00	0.013416	0.013463	0.012648	0.012761	153966838.0	1999655.997014	VETUSDT	0.0	6.443706514864009	4.088416647764155	3.4541040214504584	1.1933360261412636	-4.882230172927855	-4.882230172927855	6.443706514864009	13.588582307769009	37.98365247014957	-0.0007671183011584305	-0.0008570719121038584	8.995361094542797e-05	0.0009539455860937609	-2.572911894945797	0.015055793347628386	0.012062506652371616	0.2333533064959105	0.034137	0.0	34137000.00000001	0.0170685	2025-12-06 01:43:49.153377+00:00	2025-12-06 01:43:49.157484+00:00	Negative	-1.4575660214716746	0.0
2025-12-05 16:00:00	0.012761	0.012767	0.012287	0.012575	111505572.0	1398235.563801	VETUSDT	0.0	3.9065679173109893	3.300937793167033	3.491029788195463	0.9186695509988103	-1.4575660214716746	-1.4575660214716746	3.9065679173109893	-27.57818927216002	36.835527208931815	-0.000773511409654138	-0.0008403598116139144	6.684840195977633e-05	0.0009200923299442066	-3.8975926633549873	0.014810967299209258	0.012055332700790742	0.18858352972759873	0.036118	0.0	36117999.99999999	0.018059	2025-12-07 01:58:05.648589+00:00	2025-12-07 01:58:05.652602+00:00	Negative	-0.779324055665997	0.0
2025-12-06 16:00:00	0.012575	0.012798	0.012119	0.012477	102711013.0	1286752.494339	VETUSDT	0.0	5.602772505982348	1.2633019865481254	3.4860582183096303	0.8528273508551079	-0.779324055665997	-0.779324055665997	5.602772505982348	-7.887102718059685	36.21441250904313	-0.0007775229743199573	-0.000827792444155123	5.02694698351657e-05	0.0009028714492339062	-6.34992118892141	0.014542542795697621	0.012071457204302378	0.1641152362790646	0.056228	0.0	56228000.0	0.028114	2025-12-08 01:50:46.026241+00:00	2025-12-08 01:50:46.030254+00:00	Medium	0.7774304720686052	2.0
2025-12-07 16:00:00	0.012477	0.012766	0.012127	0.012574	137791167.0	1723275.734424	VETUSDT	0.0	5.269233940793263	0.9144759434315521	3.4286406393666025	1.0739388567758863	0.7774304720686052	0.7774304720686052	5.269233940793263	34.15422842728656	37.34062749260057	-0.0007640673856755716	-0.0008150474324592127	5.0980046783641146e-05	0.0008840234885743415	-5.144840072420038	0.014273518902273168	0.01212098109772683	0.21045804692319783	0.068035	0.0	68035000.00000001	0.0340175	2025-12-09 01:56:07.871774+00:00	2025-12-09 01:56:07.875594+00:00	High	2.96643868299666	3.0
2025-12-08 16:00:00	0.012574	0.012969	0.012317	0.012947	97620106.0	1224828.621201	VETUSDT	0.0	5.293496793050254	0.9141017184516088	3.4354222304580824	0.8086560952815272	2.9664386829966602	2.9664386829966602	5.293496793050254	-29.153582101529047	41.609953721668646	-0.000715062951430822	-0.0007950505362535347	7.998758482271272e-05	0.0008674503822476029	-6.681562635144868	0.014128500807591177	0.012147299192408822	0.40364433456085785	0.06977	0.0	69770000.0	0.034885	2025-12-10 01:51:41.698851+00:00	2025-12-10 01:51:41.702889+00:00	Negative	-5.313972348806669	0.0
2025-12-09 16:00:00	0.012947	0.01334	0.012196	0.012259	226928411.0	2869957.398633	VETUSDT	0.0	9.38012463102656	2.057828832284694	3.2340812937355783	1.677084533821681	-5.313972348806669	-5.313972348806669	9.38012463102656	132.4607299647882	36.64965852983373	-0.0007234034892569449	-0.0007807211268542168	5.7317637597271835e-05	0.0008872039263727741	-12.747330960854086	0.014021337879920475	0.012077262120079525	0.0934829206117691	0.085629	0.0	85628999.99999999	0.0428145	2025-12-11 01:53:00.902969+00:00	2025-12-11 01:53:00.907240+00:00	Negative	-4.714903336324336	0.0
2025-12-10 16:00:00	0.012259	0.012976	0.011617	0.011681	222460644.0	2708257.871421	VETUSDT	0.0	11.698373073943351	2.9407713176223176	3.025988505817299	1.4124281925738016	-4.714903336324336	-4.714903336324336	11.698373073943351	-1.9688001957586527	33.08168224444242	-0.0007678024463656542	-0.0007781373907565043	1.0334944390850108e-05	0.0009209036459175759	-13.139500297441995	0.01412980691949463	0.011851093080505372	-0.07464433558748967	0.0956459999999999	0.0	95645999.99999996	0.0478229999999999	2025-12-12 01:52:43.124697+00:00	2025-12-12 01:52:43.128742+00:00	Negative	-1.292697543018578	0.0
2025-12-11 16:00:00	0.011681	0.012246	0.011423	0.01153	135657325.0	1613050.474762	VETUSDT	0.0	7.2047623216317875	2.7717776683332875	2.5195041966990317	0.8267174088995918	-1.2926975430185779	-1.2926975430185779	7.2047623216317875	-39.01962946758349	32.19974387761995	-0.0008058836526888252	-0.0007836866431429685	-2.2197009545856677e-05	0.0009139105283520346	-13.716979720122724	0.014233823996511422	0.011632276003488581	-0.03931351786047298	0.083281	0.0	83281000.0	0.0416405	2025-12-13 01:46:18.777401+00:00	2025-12-13 01:46:18.781339+00:00	Medium	1.3616652211621785	2.0
2025-12-12 16:00:00	0.01153	0.011812	0.011365	0.011687	121195409.0	1406005.890324	VETUSDT	0.0	3.933128024637039	3.116070559687988	2.4520813678200595	0.7538322798594655	1.3616652211621783	1.3616652211621783	3.933128024637039	-10.660623007272184	34.164981196743014	-0.0008140112798344541	-0.0007897515704812657	-2.4259709353188384e-05	0.0008805597763268893	-4.44771482299077	0.014268625954529074	0.011456374045470931	0.08200757328539177	0.077165	0.0	77165000.0	0.0385825	2025-12-14 01:58:17.020571+00:00	2025-12-14 01:58:17.024588+00:00	0	0.0	0.0
2025-12-13 16:00:00	0.011687	0.011918	0.011376	0.011405	101104497.0	1172814.248727	VETUSDT	0.0	4.764416315049218	3.217159125211342	2.4876239784991743	0.6261532303624177	-2.4129374518695923	-2.4129374518695923	4.764416315049218	-16.577288006016797	32.35110782760417	-0.0008335983235544277	-0.0007985209210958982	-3.5077402458529505e-05	0.0008563769351606829	-14.537279880104903	0.014316006487791286	0.011240993512208718	0.05333521812544911	0.0	0.0	0.0	0.0	2025-12-15 01:56:21.255551+00:00	2025-12-15 01:56:21.259333+00:00	0	0.0	0.0
