timestamp	open	high	low	close	volume	quoteVolume	symbol	gap_apertura_pct	volatilidad_diaria	vol_5d	vol_10d	vol_rel_5d	return_pct	close_open_pct	range_pct	volume_change_pct	rsi_14	macd	macd_signal	macd_diff	atr_14	momentum_12	bb_upper	bb_lower	bb_pctb	vader	finbert	sentiment_ratio	sentiment_combined	download_date	added_date	target_category	target	target_num
2025-07-15 16:00:00	2.8909	3.0093	2.8554	2.9776	899084090.069	2640101054.811841	XRPUSDT	0.0	5.3897877705400346	0.0	0.0	0.0	0.0	2.999066034798852	5.3897877705400346	0.0	0.0	0.0	0.0	0.0	0.0	0.0	0.0	0.0	0.0	0.0	0.0	0.0	0.0	0	0	Very High	9.35988715744224	4.0
2025-07-16 16:00:00	2.9776	3.3022	2.9687	3.2563	2008168002.012	6322038285.120753	XRPUSDT	0.0	11.23387341260484	0.0	0.0	0.0	9.359887157442241	9.359887157442241	11.23387341260484	123.35708352462156	0.0	0.0	0.0	0.0	0.0	0.0	0.0	0.0	0.0	0.0	0.0	0.0	0.0	0	0	High	3.6913060835918095	3.0
2025-07-17 16:00:00	3.2563	3.6655	3.2223	3.3765	2912540730.8686	10119865210.864355	XRPUSDT	0.0	13.754150761878162	0.0	0.0	0.0	3.6913060835918095	3.6913060835918095	13.754150761878162	45.03471462300471	0.0	0.0	0.0	0.0	0.0	0.0	0.0	0.0	0.0	0.0	0.0	0.0	0.0	0	0	Medium	1.0010365763364382	2.0
2025-07-18 16:00:00	3.3765	3.4874	3.3551	3.4103	1163574571.0602	3984816236.919476	XRPUSDT	0.0	3.943250573753386	0.0	0.0	0.0	1.0010365763364382	1.0010365763364382	3.943250573753386	-60.049500467820415	0.0	0.0	0.0	0.0	0.0	0.0	0.0	0.0	0.0	0.0	0.0	0.0	0.0	0	0	High	3.196199747822772	3.0
2025-07-19 16:00:00	3.4103	3.5484	3.3805	3.5193	913234072.8774	3161345423.2084026	XRPUSDT	0.0	4.966720899275253	4.357118991957965	0.0	0.5782450062263256	3.196199747822772	3.196199747822772	4.966720899275253	-21.514779061792343	0.0	0.0	0.0	0.0	0.0	0.0	0.0	0.0	0.0	0.0	0.0	0.0	0.0	0	0	High	2.4635580939391355	3.0
2025-07-20 16:00:00	3.5193	3.6536	3.4024	3.606	1097718681.7618	3866414119.5183854	XRPUSDT	0.0	7.383023747942624	4.161689675081445	0.0	0.6780028857826493	2.4635580939391355	2.4635580939391355	7.383023747942624	20.201240225644398	0.0	0.0	0.0	0.0	0.0	0.0	0.0	0.0	0.0	0.0	0.0	0.0	0.0	0	0	Negative	-2.665002773155847	0.0
2025-07-21 16:00:00	3.606	3.6262	3.4223	3.5099	765081202.0	2687580251.1718	XRPUSDT	0.0	5.957981474447008	3.877078379027299	0.0	0.5582782665185922	-2.665002773155847	-2.665002773155847	5.957981474447008	-30.302616261201692	0.0	0.0	0.0	0.0	0.0	0.0	0.0	0.0	0.0	0.0	0.0	0.0	0.0	0	0	Negative	-5.344881620558996	0.0
2025-07-22 16:00:00	3.5099	3.5823	3.2218	3.3223	702548140.0	2389901664.858	XRPUSDT	0.0	11.189397231361351	2.8184664810793416	0.0	0.7567044698086146	-5.344881620558996	-5.344881620558996	11.189397231361351	-8.173388894738522	0.0	0.0	0.0	0.0	0.0	0.0	0.0	0.0	0.0	0.0	0.0	0.0	0.0	0	0	Negative	-2.928693977064074	0.0
2025-07-23 16:00:00	3.3223	3.3223	2.9534	3.225	1212698520.0	3810507567.0038	XRPUSDT	0.0	12.490688697772061	3.29011936664353	0.0	1.2925026438396776	-2.928693977064074	-2.928693977064074	12.490688697772061	72.614295157055	0.0	0.0	0.0	0.0	0.0	0.0	0.0	0.0	0.0	0.0	0.0	0.0	0.0	0	0	Negative	-5.8573643410852805	0.0
2025-07-24 16:00:00	3.225	3.259	2.9968	3.0361	636890276.0	1982100918.9972	XRPUSDT	0.0	8.749332621462894	2.6828613599866538	3.4790066676998985	0.7212903626946606	-5.8573643410852805	-5.8573643410852805	8.749332621462894	-47.48156565739026	0.0	0.0	0.0	0.0	0.0	0.0	0.0	0.0	0.0	0.0	0.0	0.0	0.0	0	0	Very High	5.124995882876064	4.0
2025-07-25 16:00:00	3.0361	3.2104	3.0242	3.1917	266463808.0	836775411.153	XRPUSDT	0.0	6.157000198399574	2.9298554702637163	3.41043857649005	0.37177379579878594	5.124995882876064	5.124995882876064	6.157000198399574	-58.16174024927333	0.0	0.0	0.0	0.0	0.0	0.0	0.0	0.0	0.0	0.0	0.0	0.0	0.0	0	0	Negative	-0.1848544662718932	0.0
2025-07-26 16:00:00	3.1917	3.237	3.1546	3.1858	262423592.0	837418906.7958	XRPUSDT	0.0	2.612058581119643	3.9698655669029637	3.7396281127608573	0.42587069003923633	-0.18485446627189323	-0.18485446627189323	2.612058581119643	-1.5162344298554797	0.0	0.0	0.0	0.0	0.0	0.0	0.0	0.0	0.0	0.0	0.0	0.0	0.0	0	0	Negative	-0.850649758302464	0.0
2025-07-27 16:00:00	3.1858	3.33	3.1369	3.1587	546170516.0	1763818823.6388	XRPUSDT	0.0	6.155758870222202	3.661074933604184	3.093562543130597	0.9337375925766176	-0.850649758302464	-0.850649758302464	6.155758870222202	108.12553926172919	0.0	0.0	0.0	0.0	0.0	6.082079527135957	0.0	0.0	0.0	0.0	0.0	0.0	0.0	0	0	Negative	-1.937505935986321	0.0
2025-07-28 16:00:00	3.1587	3.1846	3.0753	3.0975	479527292.0	1503577611.1234	XRPUSDT	0.0	3.554124800832445	2.4254742053771596	3.1378626032804573	1.0940740507959978	-1.937505935986321	-1.937505935986321	3.554124800832445	-12.201908020974168	46.38591205876942	0.0	0.0	0.0	0.23203571428571432	-4.876700549703647	0.0	0.0	0.0	0.0	0.0	0.0	0.0	0	0	Medium	1.449556093623881	2.0
2025-07-29 16:00:00	3.0975	3.161	3.038	3.1424	415633182.0	1291119171.8674	XRPUSDT	0.0	4.048716260697835	1.5929292043148604	3.2139156954800803	1.054789621570835	1.449556093623881	1.449556093623881	4.048716260697835	-13.324394891792728	49.152166579112546	0.0	0.0	0.0	0.22424744897959187	-6.933214867466317	0.0	0.0	0.0	0.0	0.0	0.0	0.0	0	0	Negative	-1.3556517311608882	0.0
2025-07-30 16:00:00	3.1424	3.1779	2.9997	3.0998	439934678.0	1367060368.5746	XRPUSDT	0.0	5.940594059405953	1.5388618577461481	3.2186933343152733	1.0261157860164865	-1.3556517311608882	-1.3556517311608882	5.940594059405953	5.846861379801962	46.69071293582705	0.0	0.0	0.0	0.22095834548104962	-9.104770841274954	0.0	0.0	0.0	0.0	0.0	0.0	0.0	0	0	Negative	-1.8581843989934936	0.0
2025-07-31 16:00:00	3.0998	3.1352	2.8908	3.0422	714895588.0	2139786417.948	XRPUSDT	0.0	8.454407084544076	1.9467845252961045	3.2526244118002707	1.3768320175563085	-1.8581843989934936	-1.8581843989934936	8.454407084544076	62.50039466086372	43.51742314902717	0.0	0.0	0.0	0.22263274937526037	-13.55667320205723	0.0	0.0	0.0	0.0	0.0	0.0	0.0	0	0	Negative	-7.024521727697055	0.0
2025-08-01 16:00:00	3.0422	3.0516	2.8208	2.8285	479060830.0	1414137382.4552	XRPUSDT	0.0	8.182076006806575	2.267842505028977	2.939543517749902	0.9471155821468679	-7.024521727697055	-7.024521727697055	8.182076006806575	-32.98869960294118	34.22398307016657	0.0	0.0	0.0	0.22321612441988464	-21.561286744315026	0.0	0.0	0.0	0.0	0.0	0.0	0.0	0	0	High	2.3051087148665346	3.0
2025-08-02 16:00:00	2.8285	2.9017	2.7267	2.8937	573751054.0	1615254831.6454	XRPUSDT	0.0	6.418014449701097	1.7971080903924832	2.103756761397939	1.0935776489053648	2.3051087148665346	2.3051087148665346	6.418014449701097	19.7658038541786	38.536755763346946	0.0	0.0	0.0	0.21977211553275003	-17.55605572808342	0.0	0.0	0.0	0.0	0.0	0.0	0.0	0	0	High	4.692953657946579	3.0
2025-08-03 16:00:00	2.8937	3.0796	2.8839	3.0295	459828062.0	1375478790.5002	XRPUSDT	0.0	6.785949582163042	1.1065107655089406	1.903574788822676	0.8619178949616702	4.692953657946579	4.692953657946579	6.785949582163042	-19.855822696231595	46.4172088481589	0.0	0.0	0.0	0.21805267870898218	-8.813171597989337	3.6064323593520697	2.78447764064793	0.2980971503373838	0.0	0.0	0.0	0.0	0	0	Negative	-1.95411784122793	0.0
2025-08-04 16:00:00	3.0295	3.1058	2.9547	2.9703	425753626.0	1291974421.8894	XRPUSDT	0.0	5.113886350560126	1.3651131846712017	1.9122781284500474	0.8023129035811536	-1.95411784122793	-1.95411784122793	5.113886350560126	-7.410255879511764	43.781869021498885	0.0	0.0	0.0	0.21327034451548346	-7.897674418604655	3.6068528584513175	2.7833271415486815	0.22703948961611342	0.0	0.0	0.0	0.0	0	0	Medium	1.09079890920109	2.0
2025-08-05 16:00:00	2.9703	3.0065	2.9009	3.0027	326317410.0	962829568.6108	XRPUSDT	0.0	3.640249577717257	1.7250795720913426	1.7466833985130432	0.7204394127850792	1.0907989092010901	1.0907989092010901	3.640249577717257	-23.355342133950494	45.60218607342897	0.0	0.0	0.0	0.20557960562152036	-1.100095517275448	3.601407579467949	2.7634124205320507	0.2855476871391488	0.0	0.0	0.0	0.0	0	0	Medium	1.941585906017918	2.0
2025-08-06 16:00:00	3.0027	3.087	2.9627	3.061	293552738.0	887373389.591	XRPUSDT	0.0	4.195497350389857	1.3641242028851492	1.8146595601882634	0.7059261494196942	1.941585906017918	1.941585906017918	4.195497350389857	-10.040736717051045	48.81385858398289	0.0	0.0	0.0	0.1997739195056975	-4.094996396904473	3.5789182292247657	2.754351770775235	0.3718902534567916	0.0	0.0	0.0	0.0	0	0	Very High	5.217249264946094	4.0
2025-08-07 16:00:00	3.061	3.3818	3.007	3.2207	823314742.0	2694974351.4018	XRPUSDT	0.0	12.464250083139342	3.572332646690105	2.667413676094257	1.7677055952664054	5.217249264946094	5.217249264946094	12.464250083139342	180.46570017003214	56.406495551581514	0.0	0.0	0.0	0.21227578239814768	1.0954862201016993	3.555059583914286	2.759250416085715	0.5798495450528512	0.0	0.0	0.0	0.0	0	0	Medium	1.602136181575437	2.0
2025-08-08 16:00:00	3.2207	3.3475	3.2192	3.2723	416258724.0	1372652830.1482	XRPUSDT	0.0	3.9854622266401685	3.7209737872254016	2.674003487558868	0.9107719822031642	1.602136181575437	1.602136181575437	3.9854622266401685	-49.441118594715995	58.54610756618871	0.0	0.0	0.0	0.20627751222685142	3.5964162471902976	3.511056064025759	2.778553935974241	0.6740541018483338	0.0	0.0	0.0	0.0	0	0	Negative	-2.692295938636428	0.0
2025-08-09 16:00:00	3.2723	3.2977	3.1511	3.1842	391832062.0	1261805973.4004	XRPUSDT	0.0	4.652343626035347	3.750335604872026	2.7352446301822124	0.8702445155366215	-2.6922959386364282	-2.6922959386364282	4.652343626035347	-5.868144159304154	53.69994502707368	0.004795160543365817	0.0	0.0	0.2020148327820763	2.7990314769975786	3.4239331158757755	2.823496884124224	0.6007350935894685	0.0	0.0	0.0	0.0	0	0	Medium	0.7505809936561714	2.0
2025-08-10 16:00:00	3.1842	3.3325	3.1573	3.2081	501924756.0	1624319488.6252	XRPUSDT	0.0	5.549045070154873	3.569919946082533	2.644298164923608	1.0340934265269255	0.7505809936561714	0.7505809936561714	5.549045070154873	28.096908006471406	54.79317279285298	0.011747127847409722	0.0	0.0	0.20009948758335655	2.0907586558044837	3.355234974453591	2.862015025546409	0.7016848674113949	0.0	0.0	0.0	0.0	0	0	Low	0.1184501729995955	1.0
2025-08-11 16:00:00	3.2081	3.228	3.1034	3.2119	429874674.0	1359717452.2676	XRPUSDT	0.0	4.01495134368757	3.5956961304499426	2.6075890751107464	0.8385491621696527	0.11845017299959558	0.11845017299959558	4.01495134368757	-14.354757588406338	54.97520626695131	0.01736308937795794	0.0	0.0	0.1947066670416882	3.6163623459577994	3.3348297114573686	2.871380288542632	0.7347505350546425	0.676	0.8304957747459412	1.228542228112001	0.7841470423221587	0	0	Medium	1.3730190852766215	2.0
2025-08-12 16:00:00	3.2119	3.3365	3.202	3.256	557397436.0	1820556405.5048	XRPUSDT	0.0	4.200499687695192	0.6541247805761163	2.632213272729722	1.2131642189316918	1.3730190852766215	1.3730190852766215	4.200499687695192	29.665102345619925	57.13252734026593	0.025083137991601667	0.0	0.0	0.19040619082442478	7.027808822562618	3.3400067153113624	2.869303284688637	0.8215294177902539	0.29305	0.999723106622696	3.4114304562096565	0.7877211746358871	0	0	Negative	-4.9416461916461865	0.0
2025-08-13 16:00:00	3.256	3.3531	2.9872	3.0951	685472338.0	2188417480.9474	XRPUSDT	0.0	12.248928762720938	3.4698205550856467	3.3944658413935076	1.335421780384191	-4.9416461916461865	-4.9416461916461865	12.248928762720938	22.97730375638111	48.080705044877064	0.018010433765919487	0.0	0.0	0.20294146290839446	9.42549054269047	3.340915783934221	2.874294216065779	0.47320098156387486	0.0	0.0006881166482344	688.116648234427	0.000481681653764	0	0	Negative	-2.242253885173336	0.0
2025-08-14 16:00:00	3.0951	3.1419	3.0093	3.0257	246343004.7	758769416.80431	XRPUSDT	0.0	4.406340344930716	3.49769928318073	3.4223982971369704	0.5087603520022679	-2.242253885173336	-2.242253885173336	4.406340344930716	-64.06229820757552	44.78482374537831	0.006727711836784778	0.0	0.0	0.197917072700652	4.561633894322152	3.3318682255968275	2.866741774403173	0.3417527108787137	0.0	0.0	0.0	0.0	0	0	High	2.521730508642622	3.0
2025-08-15 16:00:00	3.0257	3.1544	3.0008	3.102	210598312.5	650624884.52928	XRPUSDT	0.0	5.11863503065849	3.519384280892376	3.34323634190036	0.494435178985719	2.521730508642622	2.521730508642622	5.11863503065849	-14.51013080056013	48.929764666429385	0.003897913039465184	0.0	0.0	0.19475156750774827	2.393134180557841	3.3242887443513127	2.865941255648688	0.5150213542556716	0.0	0.9999695420265198	999969.5420265198	0.6999786794185638	0	0	Medium	1.3185041908446216	2.0
2025-08-16 16:00:00	3.102	3.1456	3.0811	3.1429	104958919.7	327009366.27075	XRPUSDT	0.0	2.0934081983707045	3.8768110861522556	3.5356889116514427	0.2907819807124877	1.3185041908446216	1.3185041908446216	2.0934081983707045	-50.16155711124228	51.05099207275617	0.004899091610916173	0.0	0.0	0.18544788411433766	5.810860855805814	3.3227241670300063	2.8659258329699937	0.6063379534865344	0.0	0.0	0.0	0.0	0	0	Negative	-4.09494415985236	0.0
2025-08-17 16:00:00	3.1429	3.1466	2.9393	3.0142	351116595.8	1056731003.92945	XRPUSDT	0.0	7.052699622359067	3.826421879035812	2.7392755099020754	1.098276429505748	-4.09494415985236	-4.09494415985236	7.052699622359067	234.52763881677035	44.75199135449044	-0.004639005993911649	0.006370697921099656	-0.011009703915011305	0.1870087495347421	0.3829886435541442	3.321198476449272	2.859121523550728	0.3356117968586977	0.7059	0.5965942740440369	0.8451528954400643	0.6293859918308258	0	0	Negative	-2.859796961051034	0.0
2025-08-18 16:00:00	3.0142	3.0955	2.9253	2.928	331516842.0	998922457.5526	XRPUSDT	0.0	5.818206679656784	1.8470012792339137	2.7001885211398626	1.3318918111232045	-2.859796961051034	-2.859796961051034	5.818206679656784	-5.582121162727453	41.09464487080842	-0.018935361598903633	0.001309486017098998	-0.02024484761600263	0.18580812456797483	-4.344985298921921	3.31950764380066	2.83937235619934	0.18458889835702302	0.0	0.0	0.0	0.0	0	0	Negative	-0.8674863387978097	0.0
2025-08-19 16:00:00	2.928	2.9341	2.8169	2.9026	419148348.0	1210507998.846	XRPUSDT	0.0	4.1606020803010395	1.8665164154596634	2.7220436901463883	1.4786453441162515	-0.8674863387978097	-0.8674863387978097	4.1606020803010395	26.43350047355965	40.05584759792822	-0.031946633237014854	-0.005341737833723773	-0.02660489540329108	0.18090754424169092	-9.876734871301265	3.321403681173953	2.8177563188260466	0.16845850393900344	0.0	0.0	0.0	0.0	0	0	Negative	-0.5787914283745582	0.0
2025-08-20 16:00:00	2.9026	2.9879	2.8709	2.8858	239718252.0	700379350.1474	XRPUSDT	0.0	4.075377059458706	1.8869977255548898	2.7567380115024775	0.8286382781794208	-0.5787914283745582	-0.5787914283745582	4.075377059458706	-42.808255563016075	39.34737736440509	-0.04311675622143829	-0.012896741511266678	-0.030220014710171612	0.17634271965299872	-11.811264248387978	3.3259107932980725	2.7976092067019285	0.16693266788443023	0.0	0.0	0.0	0.0	0	0	High	4.497886201399956	3.0
2025-08-21 16:00:00	2.8858	3.0427	2.7815	3.0156	523952790.0	1526086643.7212	XRPUSDT	0.0	9.390616573791124	2.2178572190210706	2.9885812076419747	1.4043581863657137	4.497886201399956	4.497886201399956	9.390616573791124	118.57025304856637	47.12826803864774	-0.04102250207850622	-0.018521893624714587	-0.02250060845379163	0.18240395396349882	-5.29489353683814	3.3139517375419145	2.828278262458085	0.3856948076268369	-0.4375	0.9999925494194032	2.2856920313768496	0.5687447845935821	0	0	Low	0.109430959013127	1.0
2025-08-22 16:00:00	3.0156	3.1044	2.9684	3.0189	354864480.0	1082084508.266	XRPUSDT	0.0	4.581592777253744	2.2276525524047903	2.9674729798322885	0.9492412391077669	0.10943095901312702	0.10943095901312702	4.581592777253744	-32.271668979947606	47.313324585692364	-0.03865096390864764	-0.0225477076815012	-0.01610325622714644	0.1790893858232489	-5.897571771453509	3.3077290655165448	2.847020934483455	0.3730758238000358	0.3612	0.9999783635139464	2.7684817138212425	0.8083448544597626	0	0	Negative	-0.1556858458378782	0.0
2025-08-23 16:00:00	3.0189	3.0886	2.9972	3.0142	148582678.0	451118761.8974	XRPUSDT	0.0	3.0495128786867793	2.4901412090033634	2.0684914924061752	0.4405669974780286	-0.1556858458378782	-0.1556858458378782	3.0495128786867793	-58.12974068297847	47.06068131847121	-0.03672738313273305	-0.02538364277174757	-0.011343740360985479	0.17282585826444544	-6.155235219029228	3.3076954119151627	2.8455245880848365	0.3649633495191994	0.0	0.0	0.0	0.0	0	0	Negative	-2.0502952690597933	0.0
2025-08-24 16:00:00	3.0142	3.1276	2.9176	2.9524	493647540.0	1486724915.281	XRPUSDT	0.0	7.1976967370441445	2.587017630003509	2.1691635131090905	1.4017978905018904	-2.0502952690597933	-2.0502952690597933	7.1976967370441445	232.23761117026038	43.752406996759476	-0.039731673030433345	-0.028253248823484726	-0.011478424206948619	0.17548115410269932	-9.324324324324321	3.308572306305816	2.8428576936941843	0.23521337604488055	0.0	0.0	0.0	0.0	0	0	Negative	-0.7214469584067232	0.0
2025-08-25 16:00:00	2.9524	2.9673	2.8209	2.9311	305136364.0	882679158.194	XRPUSDT	0.0	5.189833032011055	2.4614317684429183	2.1687872560419748	0.8354480948504193	-0.7214469584067232	-0.7214469584067232	5.189833032011055	-38.187403101411185	42.639818756138936	-0.043331824112330164	-0.03126896388125382	-0.012062860231076347	0.17340392880964936	-5.298697941908182	3.3114835347772167	2.832786465222783	0.20537734828568316	0.2745	-0.9706350564956664	-3.5359982531781906	-0.5970945395469665	0	0	High	2.8828767356965046	3.0
2025-08-26 16:00:00	2.9311	3.081	2.9244	3.0156	260630422.0	783786450.0446	XRPUSDT	0.0	5.35494460402134	1.4952796901265473	1.863224971061973	0.8338244453146942	2.8828767356965046	2.8828767356965046	5.35494460402134	-14.585590985150496	48.2608219145885	-0.03891790459971567	-0.032798752024946184	-0.006119152574769485	0.17220364818038872	-0.33380705291337537	3.310450853906668	2.829279146093332	0.3872232113425684	0.0	0.0	0.0	0.0	0	0	Negative	-1.1573152938055422	0.0
2025-08-27 16:00:00	3.0156	3.0445	2.9515	2.9807	258325150.0	774599719.1984	XRPUSDT	0.0	3.1509401998983706	1.7314614405359572	1.9295667135465553	0.8808608302592692	-1.1573152938055422	-1.1573152938055422	3.1509401998983706	-0.8844984335711968	46.245136374715464	-0.0378002422510888	-0.03379905007017471	-0.00400119218091409	0.1665462447389324	-3.9103803997420936	3.2909859838259967	2.8247440161740034	0.3344958082846877	0.6369	0.999159336090088	1.568782803120246	0.8904815352630614	0	0	Negative	-4.94850202972456	0.0
2025-08-28 16:00:00	2.9807	2.9975	2.8152	2.8332	323761818.0	935659740.9102	XRPUSDT	0.0	6.4755612389883535	1.5383259598346017	1.9639740882838852	0.9861759451040676	-4.94850202972456	-4.94850202972456	6.4755612389883535	25.33112552146007	38.858233387787365	-0.048260190641753464	-0.03669127818449046	-0.011568912457263006	0.1676715129718658	-9.85395653695631	3.2668119350287057	2.805008064971295	0.06104742046704898	0.0	0.0	0.0	0.0	0	0	Negative	-0.9776930679090878	0.0
2025-08-29 16:00:00	2.8332	2.845	2.7594	2.8055	227005598.0	636659747.6926	XRPUSDT	0.0	3.1021236500688683	1.480205422900422	2.056321211298131	0.8255593478335667	-0.9776930679090878	-0.9776930679090878	3.1021236500688683	-29.885000213335843	37.64220471501876	-0.05811501982940559	-0.040976026513473485	-0.017138993315932105	0.161809262045304	-6.923893570433293	3.258017186141763	2.775932813858237	0.06133197390678699	0.0	0.0	0.0	0.0	0	0	Medium	0.5489217608269499	2.0
2025-08-30 16:00:00	2.8055	2.8675	2.7978	2.8209	121105546.0	342107428.369	XRPUSDT	0.0	2.49124311959397	1.7103821343588557	2.204564586852338	0.5084927953195989	0.5489217608269499	0.5489217608269499	2.49124311959397	-46.65085483927141	38.78907769606637	-0.0639452703914758	-0.045569875289073955	-0.01837539510240184	0.155230029042068	-3.6577868852459003	3.2363312020056454	2.758898797994354	0.12986383304678167	0.0	0.0	0.0	0.0	0	0	Negative	-2.112800879152047	0.0
2025-08-31 16:00:00	2.8209	2.8378	2.7002	2.7613	294333988.0	815805923.777	XRPUSDT	0.0	5.095918820828085	1.6668030048815754	1.5851568950692043	1.2018222633771707	-2.112800879152047	-2.112800879152047	5.095918820828085	143.03923125040038	36.02743118099107	-0.07253882544276768	-0.0509636653198127	-0.021575160122954982	0.15397074125334886	-4.868049335078902	3.213706803488282	2.736463196511718	0.05204219213250025	0.0	0.0	0.0	0.0	0	0	Medium	1.0140151377974151	2.0
2025-09-01 16:00:00	2.7613	2.8445	2.6955	2.7893	300336534.0	834199476.7576	XRPUSDT	0.0	5.527731404192173	1.6804715490176956	1.6139706284390705	1.1856542542521975	1.0140151377974151	1.0140151377974151	5.527731404192173	2.0393655658958423	38.25166451801784	-0.07621139620440331	-0.05601321149673083	-0.020198184707672484	0.15361568830668107	-3.3439600803936607	3.165952805770606	2.737547194229393	0.12080328636318072	0.0	0.0	0.0	0.0	0	0	High	2.911124654931343	3.0
2025-09-02 16:00:00	2.7893	2.885	2.7801	2.8705	206508646.0	586439033.2182	XRPUSDT	0.0	3.7732455667062252	1.291213496929796	1.5484493008899254	0.8984181100449404	2.911124654931343	2.911124654931343	3.7732455667062252	-31.240917230535796	44.29985628334098	-0.07174276764210186	-0.059159122725805036	-0.012583644916296821	0.15013599628477525	-4.811646106910739	3.1468906820263	2.7341493179737006	0.33035380967758504	0.0	0.0	0.0	0.0	0	0	Negative	-2.152935028740633	0.0
2025-09-03 16:00:00	2.8705	2.8729	2.802	2.8087	154153283.8778	437499682.7314822	XRPUSDT	0.0	2.530335474660955	1.410234520521257	1.4222488154446036	0.7160341988192239	-2.152935028740633	-2.152935028740633	2.530335474660955	-25.352624762354992	41.007683195285544	-0.07235403851047462	-0.06179810588273896	-0.010555932627735659	0.14447628226443415	-6.962801020239158	3.1397703198474485	2.719569680152552	0.2121137176567952	0.0	0.0	0.0	0.0	0	0	Low	0.167337202264398	1.0
2025-09-04 16:00:00	2.8087	2.8841	2.7765	2.8134	211652458.8357	599390997.4487513	XRPUSDT	0.0	3.8753826760309793	1.1866996613064098	1.3880378582009145	0.906834599542057	0.16733720226439808	0.16733720226439808	3.8753826760309793	37.30000004636984	41.36457329396367	-0.07163347821064736	-0.06376518034832064	-0.00786829786232672	0.14184226210268885	-6.6618008095016945	3.1154235697553623	2.7150564302446374	0.24563347000841548	0.0	0.0	0.0	0.0	0	0	Negative	-0.4336390132935234	0.0
2025-09-05 16:00:00	2.8134	2.8641	2.7993	2.8012	81971876.0997	231447835.7464803	XRPUSDT	0.0	2.3148644303933112	1.2862407120685941	1.4242712630855945	0.42934170544433126	-0.4336390132935234	-0.4336390132935234	2.3148644303933112	-61.27052973982574	40.67666422743536	-0.07122582010439338	-0.06525730829953519	-0.00596851180485819	0.13633924338106823	-5.121257282211075	3.0746233594869063	2.7216866405130937	0.22529069720514452	0.0	0.0	0.0	0.0	0	0	High	3.484221048122229	3.0
2025-09-06 16:00:00	2.8012	2.9268	2.7915	2.8988	110860925.4408	316885770.04303384	XRPUSDT	0.0	4.846856528747984	1.0451455805066123	1.4348647675624695	0.7244418253957017	3.4842210481222295	3.4842210481222295	4.846856528747984	35.24263529843221	48.11115398468414	-0.062308984606850526	-0.06466764356099826	0.0023586589541477326	0.13626501171099192	-1.1019753676094222	3.060654739109562	2.724115260890438	0.5190616567005646	0.0	0.0	0.0	0.0	0	0	High	2.952946046639985	3.0
2025-09-07 16:00:00	2.8988	2.995	2.8493	2.9844	187865457.5845	548685482.8249907	XRPUSDT	0.0	5.113536658126564	1.2868848109640452	1.223139968192952	1.2583017446780087	2.9529460466399855	2.9529460466399855	5.113536658126564	69.46048108250785	53.60306538762307	-0.04778429600214551	-0.06129097404922772	0.013506678047082207	0.1369389394459211	-1.0346199761241581	3.0676073256803686	2.722802674319631	0.7586827052593428	0.0	0.0	0.0	0.0	0	0	Negative	-1.2799892775767252	0.0
2025-09-08 16:00:00	2.9844	3.0357	2.9328	2.9462	224486391.9644	669464047.7485217	XRPUSDT	0.0	3.5085924713584284	1.1214497461021897	1.2014546832578625	1.3741196943475324	-1.2799892775767252	-1.2799892775767252	3.5085924713584284	19.493170724814192	51.008490198392145	-0.03890729728333486	-0.05681423869604915	0.01790694141271429	0.1345075866283553	-1.1574462374609982	3.071203045956109	2.723566954043891	0.6404198273300306	0.4137	0.0087635405361652	0.0211832713388781	0.1302444783753156	0	0	Medium	1.8600230805783635	2.0
2025-09-09 16:00:00	2.9462	3.0232	2.9341	3.001	152015359.3503	452158761.3079709	XRPUSDT	0.0	3.036706315394846	1.1924775050305094	1.140852018505173	1.0037992423034032	1.8600230805783633	1.8600230805783633	3.036706315394846	-32.28304040166174	54.4171231975597	-0.027137485782462	-0.05087888811333172	0.023741402330869722	0.13126418758347277	5.92263165325426	3.0825896262778576	2.723700373722142	0.77266071442139	0.3499333333333334	0.998356839021047	2.852983385514369	0.8038297873147329	0	0	Negative	-0.2499166944351829	0.0
2025-09-10 16:00:00	3.001	3.0342	2.9496	2.9935	245510711.1469	735044021.5772488	XRPUSDT	0.0	2.868185516680213	1.0403297670095346	1.1120392256604177	1.3332266383149631	-0.24991669443518294	-0.24991669443518294	2.868185516680213	61.5038849996413	53.86475395331122	-0.018205154996508544	-0.04434414148996709	0.026138986493458548	0.1279310313275104	6.7011227945107885	3.0789554306441356	2.7251245693558643	0.7584850842772765	0.0	0.0	0.0	0.0	0	0	Medium	1.1157507933856647	2.0
2025-09-11 16:00:00	2.9935	3.0728	2.9886	3.0269	183632294.2213	558297365.0204598	XRPUSDT	0.0	2.817372682861542	0.9589763218837034	0.945625064129467	0.9241590654239412	1.1157507933856647	1.1157507933856647	2.817372682861542	-25.203958163998546	56.006426348452834	-0.008335036517524319	-0.03714232049547854	0.02880728397795422	0.12480738623268825	7.302633911163103	3.080443319070179	2.724436680929821	0.8496002227658765	0.0	0.0	0.0	0.0	0	0	High	3.528362350920091	3.0
2025-09-12 16:00:00	3.0269	3.1853	3.0214	3.1337	257517368.1422	805048424.833115	XRPUSDT	0.0	5.4246375852253905	1.0930780606049117	1.1308172964467471	1.2110917146552977	3.528362350920091	3.528362350920091	5.4246375852253905	40.23533781691971	62.06980562803708	0.008012606581594195	-0.028111335080063995	0.03612394166165819	0.12759971578749624	13.486401332705622	3.107765337596905	2.709064662403095	1.0650479520519698	0.0	0.0	0.0	0.0	0	0	Negative	-3.2900405271723514	0.0
2025-09-13 16:00:00	3.1337	3.1421	3.009	3.0306	198754313.1863	612761387.3602191	XRPUSDT	0.0	4.423396477234969	1.1627116703323266	1.0830394274067106	0.9579166997506432	-3.2900405271723514	-3.2900405271723514	4.423396477234969	-22.819064741082347	54.29080399332006	0.012504775886242214	-0.01998811288680275	0.032492888773044966	0.1279925932312465	8.650916000430227	3.117941885250215	2.706708114749785	0.7876101343916173	0.0	0.0	0.0	0.0	0	0	Negative	-0.1451857717943774	0.0
2025-09-14 16:00:00	3.0306	3.0654	2.9518	3.0262	238198767.3428	718283697.5585802	XRPUSDT	0.0	3.8484992208144155	1.0994383249003414	1.082928185036891	1.0599675826524333	-0.14518577179437744	-0.14518577179437744	3.8484992208144155	19.845835556548245	53.97988010690693	0.015530780032205538	-0.012884334303001094	0.02841511433520663	0.12696455085758604	5.424142135516459	3.1285294417112515	2.7056305582887483	0.7580285838470328	0.0	0.0	0.0	0.0	0	0	Low	0.3833190139448832	1.0
2025-09-15 16:00:00	3.0262	3.0487	2.9631	3.0378	169437190.5769	509448163.8758777	XRPUSDT	0.0	2.8888663899294778	1.0947258116990213	1.0068060609356888	0.8087385748422797	0.3833190139448832	0.3833190139448832	2.8888663899294778	-28.867310075934544	54.71619022406707	0.018649948180385234	-0.006577477806323829	0.025227425986709063	0.1240099400820442	8.156798518887737	3.131917311310464	2.704462688689536	0.7798191753468797	0.6369	0.9990651607513428	1.568634938163612	0.8904156125259398	0	0	Negative	-0.5431562314833016	0.0
2025-09-16 16:00:00	3.0378	3.0572	3.0014	3.0213	133112492.3688	403017153.43452	XRPUSDT	0.0	1.8591324048777262	1.3753040736792987	1.1237545195247942	0.6675516779832409	-0.5431562314833016	-0.5431562314833016	1.8591324048777262	-21.438444584935347	53.407238047817586	0.01956496655083484	-0.0013489889348920958	0.020913955485726936	0.11913780150475535	7.389635316698655	3.13703262509365	2.703407374906349	0.7331045066133481	0.0	0.0	0.0	0.0	0	0	High	3.0053288319597447	3.0
2025-09-17 16:00:00	3.0213	3.1385	2.9807	3.1121	314186192.4022	962679140.5870864	XRPUSDT	0.0	5.294058442647698	1.3347457936392535	1.1522355402802362	1.4908868060626983	3.0053288319597447	3.0053288319597447	5.294058442647698	136.03058346448748	59.192633909559895	0.027302203547046933	0.0043812495614957096	0.022920953985551225	0.12189938711155854	11.09881479365985	3.1623731354816256	2.7059568645183747	0.8898524468123672	0.5821000000000001	0.5309443511068821	0.9121172289806786	0.5462910457748175	0	0	Negative	-3.306449021561004	0.0
2025-09-18 16:00:00	3.1121	3.122	2.9872	3.0092	134775180.0999	411402077.11731255	XRPUSDT	0.0	4.512587038028917	1.3479824768173911	1.1869014199750316	0.6808823000255064	-3.306449021561004	-3.306449021561004	4.512587038028917	-57.10340449100006	51.40299605496491	0.024844458133286285	0.008473891275853825	0.01637056685743246	0.12282085946073291	3.8084724713674563	3.1667890478310854	2.7219109521689147	0.6457702697263057	0.5816	0.999973326921463	1.719345955253624	0.874461328845024	0	0	Negative	-0.6812441845008554	0.0
2025-09-19 16:00:00	3.0092	3.0163	2.965	2.9887	62393061.0	186517384.6511	XRPUSDT	0.0	1.7301854974705007	1.592704036891663	1.3308804991642262	0.3832949099232231	-0.6812441845008554	-0.6812441845008554	1.7301854974705007	-53.705822575230755	49.99153391169105	0.021000418756313977	0.010979196771945855	0.010021221984368122	0.11771222664210916	0.14408256265916744	3.168478187625649	2.7370018123743507	0.583341758813693	0.0	0.0	0.0	0.0	0	0	Negative	-0.3212098905878902	0.0
2025-09-20 16:00:00	2.9887	3.0127	2.9603	2.9791	52668668.0	157080886.6178	XRPUSDT	0.0	1.7700908691686654	1.73001395178613	1.4360621130897793	0.3777505299044702	-0.3212098905878902	-0.3212098905878902	1.7700908691686654	-15.58569630042674	49.30871344806147	0.016983574016448788	0.012180072220846442	0.004803501795602346	0.11304706759624421	1.1166926888873705	3.160804319828926	2.7664556801710734	0.5392292465200901	0.0	0.0	0.0	0.0	0	0	Negative	-4.051559195730247	0.0
2025-09-21 16:00:00	2.9791	2.9921	2.6806	2.8584	348476025.6057	987150339.8120012	XRPUSDT	0.0	11.620532716555998	4.039753783354174	2.9258828885291446	1.9094595011296494	-4.051559195730247	-4.051559195730247	11.620532716555998	561.638197506153	41.61283663420759	0.004014438405255838	0.01054694545772832	-0.006532507052472483	0.12722227705365535	-4.751749416861041	3.154078168591796	2.780091831408204	0.20938777919406734	0.0	0.0	0.0	0.0	0	0	Medium	0.5842429331094374	2.0
2025-09-22 16:00:00	2.8584	2.883	2.7979	2.8751	170200645.3304	485394520.3728663	XRPUSDT	0.0	3.0415668894528105	4.121508387987615	2.9245199376447624	1.107336615459854	0.5842429331094374	0.5842429331094374	3.0415668894528105	-51.15857825956105	42.93980799362753	-0.004860120132348378	0.007465532339712982	-0.01232565247206136	0.12421354297839426	-3.9552363454150608	3.1538431455973863	2.780786854402614	0.2528121032226352	0.0	0.0	0.0	0.0	0	0	High	2.201662550867793	3.0
2025-09-23 16:00:00	2.8751	2.949	2.7875	2.9384	268086879.2078	766220962.7163407	XRPUSDT	0.0	5.793721973094161	4.159415879803663	2.973115073970554	1.4863570882726533	2.201662550867793	2.201662550867793	5.793721973094161	57.5122577751568	47.78398312027945	-0.006708163201612827	0.00463079323144782	-0.011338956433060647	0.12687686133708037	-2.92378340876804	3.1463108692227815	2.801289130777218	0.39739776931306325	0.0772	0.9999898672103882	12.953068836030468	0.7231529070472716	0	0	Negative	-3.6686632180778695	0.0
2025-09-24 16:00:00	2.9384	2.9934	2.7851	2.8306	308176363.5544	883674405.837146	XRPUSDT	0.0	7.479085131593119	3.8874054299704657	3.137667196093	1.342689347522751	-3.6686632180778695	-3.6686632180778695	7.479085131593119	14.953915113288998	41.346384696849334	-0.016679044088339534	0.00036882576749034963	-0.017047869855829883	0.1326927998130032	-9.672272393656066	3.144108097068098	2.805211902931901	0.07491408138356309	0.0	0.0	0.0	0.0	0	0	Negative	-3.409171200452194	0.0
2025-09-25 16:00:00	2.8306	2.8373	2.6972	2.7341	327888851.8262	902269433.9117448	XRPUSDT	0.0	5.194275545009636	3.211845011742747	3.0822607752243987	1.1522428410608136	-3.409171200452194	-3.409171200452194	5.194275545009636	6.39649583908478	36.593679760918505	-0.03199891892451179	-0.006104723170910078	-0.02589419575360171	0.13322188554064582	-9.78354121296113	3.156301707808544	2.7863082921914564	-0.14110600347949823	0.0	0.0	0.0	0.0	0	0	Medium	1.7848652207307687	2.0
2025-09-26 16:00:00	2.7341	2.808	2.7308	2.7829	113599922.0925	315836754.7612756	XRPUSDT	0.0	2.827010399882816	1.9546531121295603	2.9925117611080023	0.47813320229514084	1.7848652207307687	1.7848652207307687	2.827010399882816	-65.35413709255522	40.32912933664478	-0.03974413232693186	-0.012832605002114436	-0.02691152732481742	0.12922032228774255	-8.03978587006806	3.1658530747492906	2.7651669252507096	0.04425676997191373	-0.4696	-0.729399561882019	-1.5532325567492808	-0.6514596933174133	0	0	Medium	0.9486506881310774	2.0
2025-09-27 16:00:00	2.7829	2.8276	2.7616	2.8093	93690230.7866	261439506.57430327	XRPUSDT	0.0	2.3899188876013846	2.121417152923279	3.0921187717860583	0.42148042779586536	0.9486506881310774	0.9486506881310774	2.3899188876013846	-17.526148732468602	42.30922199061632	-0.043253411974674805	-0.01891676639662651	-0.024336645578048294	0.12470458498147521	-7.52189084205675	3.1680360779506764	2.745473922049324	0.15104541913965464	0.0	0.0	0.0	0.0	0	0	High	2.9402342220482054	3.0
2025-09-28 16:00:00	2.8093	2.9276	2.8031	2.8919	164481243.1492	470962227.0165973	XRPUSDT	0.0	4.441511184046228	2.0375270567232406	3.09251537103592	0.8160114510985281	2.9402342220482054	2.9402342220482054	4.441511184046228	75.55858467660521	48.11097759303067	-0.038920757431172515	-0.022917564603535712	-0.016003192827636802	0.1246899717685127	-4.282924568894183	3.1671811776264733	2.7408988223735267	0.3542280738710676	0.0	0.0	0.0	0.0	0	0	Negative	-2.2476572495591114	0.0
2025-09-29 16:00:00	2.8919	2.9131	2.8117	2.8269	145998197.4594	418637163.05019736	XRPUSDT	0.0	3.606359142155988	1.1477755927430326	2.9507873951679118	0.863222015155344	-2.2476572495591114	-2.2476572495591114	3.606359142155988	-11.237175337393413	44.3326892060962	-0.04026787130813014	-0.026387625944454603	-0.01388024536367554	0.12302640235647608	-9.164229941197252	3.1642366242516253	2.7264333757483747	0.22947893738819417	0.0	0.0	0.0	0.0	0	0	High	4.018536205737731	3.0
2025-09-30 16:00:00	2.8269	2.9575	2.8128	2.9405	194436273.9619	561202279.1476192	XRPUSDT	0.0	5.144340159271894	1.131536365833389	2.7498132618624145	1.365028588280056	4.018536205737731	4.018536205737731	5.144340159271894	33.177174338724235	51.50123781221364	-0.031802301025881885	-0.027470560960740062	-0.004331740065141823	0.12457451647387063	-2.2829988036687414	3.1604705208685826	2.7248994791314174	0.49498359672560976	0.6705	0.9992613196372986	1.4903204016657672	0.900632923746109	0	0	Medium	1.710593436490393	2.0
2025-10-01 16:00:00	2.9405	2.996	2.9183	2.9908	197126096.0613	584110376.640199	XRPUSDT	0.0	2.6625089949628244	1.164515364431703	1.6471225303153807	1.238646213805346	1.710593436490393	1.710593436490393	2.6625089949628244	1.3833952094386912	54.30702522614708	-0.020794776718982444	-0.02613540411238854	0.0053406273934060965	0.12122633672573703	0.07026466356609866	3.1564306399897712	2.7253293600102295	0.615796455075171	0.0	0.0	0.0	0.0	0	0	High	2.597967099103907	3.0
2025-10-02 16:00:00	2.9908	3.0993	2.986	3.0685	250509570.5514	760645497.6187073	XRPUSDT	0.0	3.7943737441393073	0.9308513419675972	1.6019306661363666	1.3149399365745111	2.597967099103907	2.597967099103907	3.7943737441393073	27.080876432260602	58.31850926467077	-0.00573537987774797	-0.022055399265460428	0.016320019387712457	0.12066016981675579	3.0009063139874432	3.1431462280099542	2.7320937719900455	0.8184021846439494	0.0	0.0	0.0	0.0	0	0	Negative	-3.900928792569657	0.0
2025-10-03 16:00:00	3.0685	3.0948	2.9398	2.9488	249641139.0088	754128307.1600056	XRPUSDT	0.0	5.272467514796934	1.103258348239526	1.5569799954293295	1.202844878588053	-3.900928792569657	-3.900928792569657	5.272467514796934	-0.34666601387263946	50.90425409788455	-0.003420064633159914	-0.018328332339000327	0.014908267705840413	0.12311301482984469	3.1626084522809896	3.134701718688288	2.732358281311712	0.537952650848652	0.7649	0.9981145858764648	1.3048938174697964	0.9281502101135252	0	0	High	2.173765599565934	3.0
2025-10-04 16:00:00	2.9488	3.0722	2.9383	3.0129	181985547.5998	546658922.4702624	XRPUSDT	0.0	4.557056801551922	1.07943933174338	1.0961242736570636	0.8474703375435567	2.1737655995659346	2.1737655995659346	4.557056801551922	-27.101138729628655	54.25796166273246	0.0035462942010120457	-0.013953407030997855	0.0174997012320099	0.12388351377057007	4.792876769503667	3.132891660972981	2.73283833902702	0.7000608309179612	-0.4515	0.9999455213546752	2.214713857454746	0.5645118649482727	0	0	Medium	0.5874738623917173	2.0
2025-10-05 16:00:00	3.0129	3.0388	2.9462	3.0306	178318194.403	532769527.9710561	XRPUSDT	0.0	3.1430317018532348	1.0523707568769034	1.0357786137479295	0.843047817036564	0.5874738623917173	0.5874738623917173	3.1430317018532348	-2.0151892527558184	55.16863621027372	0.010375819849426371	-0.00908756165491301	0.01946338150433938	0.12164897707267221	3.137762047372722	3.1317995104612764	2.7332104895387235	0.7461056247182996	0.0	0.0	0.0	0.0	0	0	Negative	-4.837325942057688	0.0
2025-10-06 16:00:00	3.0306	3.0498	2.8679	2.884	283334125.897	838644787.0915213	XRPUSDT	0.0	6.342620035566084	1.251016718453331	1.2495017574766984	1.2385773537195015	-4.837325942057688	-4.837325942057688	6.342620035566084	58.89243767052928	46.849177948803764	0.003913757951751862	-0.006487297733580036	0.010401055685331898	0.1259526215674813	1.886525824913442	3.1216589419418437	2.7296210580581572	0.3937857750187359	0.0	0.0	0.0	0.0	0	0	Negative	-0.6692094313453493	0.0
2025-10-07 16:00:00	2.884	2.9034	2.8286	2.8647	160556102.0021	460228259.8326052	XRPUSDT	0.0	2.644417733154218	1.518333862468228	1.2120290168832377	0.7617705115559269	-0.6692094313453493	-0.6692094313453493	2.644417733154218	-43.33329898267649	45.86850232329893	-0.002733313426218853	-0.0057365008721077995	0.0030031874458889465	0.12229886288408978	4.776708971873736	3.0910356558506162	2.7355043441493834	0.3633875599659839	0.53185	0.7213170677423477	1.3562389987841474	0.6644769474196434	0	0	Negative	-2.223618528990815	0.0
2025-10-08 16:00:00	2.8647	2.9237	2.7843	2.801	189768671.9774	539495508.1722909	XRPUSDT	0.0	5.00664439895127	1.4840603075773453	1.2394339125687293	0.954606662170932	-2.223618528990815	-2.223618528990815	5.00664439895127	18.194618336535058	42.69208484642455	-0.012991465492421028	-0.007187493796170445	-0.005803971696250583	0.12352037267808338	0.6504006611807828	3.0813188288653706	2.7244011711346285	0.21461204624165056	0.0	0.0	0.0	0.0	0	0	Negative	-2.163513031060335	0.0
2025-10-09 16:00:00	2.801	2.8362	2.7113	2.7404	204506614.2235	569733010.3909521	XRPUSDT	0.0	4.606646258252491	1.4860483083347222	1.224921224941844	1.0059512637181456	-2.163513031060335	-2.163513031060335	4.606646258252491	7.766267262414727	39.86382164360035	-0.02571461636488781	-0.010892918309913919	-0.014821698054973891	0.1236189174867917	-2.4525682554372885	3.0776239889383947	2.7032660110616056	0.09919379613332654	0.6221	0.994289606809616	1.598276818088407	0.8826327247667312	0	0	Negative	-9.59713910378048	0.0
2025-10-10 16:00:00	2.7404	2.7638	1.1849	2.4774	1174299655.9548	2736452051.4307528	XRPUSDT	0.0	133.2517512026331	57.52766254814745	40.81902246010296	2.917565166911245	-9.597139103780481	-9.597139103780481	133.2517512026331	474.2110886797226	30.439041305630383	-0.056369909881893054	-0.01998831662430975	-0.036381593257583306	0.22756756623773514	-14.33313738372697	3.120444765519228	2.610275234480772	-0.260453097248483	0.2263	0.979351818561554	4.327651307601619	0.7534362729930877	0	0	Low	0.3915395172358134	1.0
2025-10-11 16:00:00	2.4774	2.514	2.3101	2.4871	380876273.1928	912858661.1943922	XRPUSDT	0.0	8.826457729102636	57.27848876872382	40.622376465295794	0.9025472804308607	0.39153951723581343	0.39153951723581343	8.826457729102636	-67.56566594723925	31.08618285039519	-0.07897140867861374	-0.03178493503517055	-0.047186473643443194	0.22587702579218263	-12.020234178782422	3.1505976298437846	2.542992370156215	-0.09198796301558498	0.0	0.0	0.0	0.0	0	0	High	3.976518837199952	3.0
2025-10-12 16:00:00	2.4871	2.6417	2.4866	2.586	349486183.0573	895223126.1706893	XRPUSDT	0.0	6.237432638944744	56.856880127860805	40.536412605040375	0.7601037403185739	3.9765188371999516	3.9765188371999516	6.237432638944744	-8.241545180109005	37.47334789887319	-0.08788971789338218	-0.043005891606812875	-0.044883826286569305	0.22082152394988389	-12.055772827750392	3.156227050682795	2.5084529493172045	0.11971310757765126	0.0	0.0	0.0	0.0	0	0	Negative	-3.47641144624902	0.0
2025-10-13 16:00:00	2.586	2.646	2.3869	2.4961	332143600.2375	830606215.6315879	XRPUSDT	0.0	10.855084000167587	56.230084595097566	40.379965282683685	0.6802562634235099	-3.4764114462490197	-3.4764114462490197	10.855084000167587	-4.962308571997697	34.35621559817422	-0.1010469149375064	-0.05461409627295158	-0.046432818664554815	0.22355570081060647	-16.540724889661625	3.1613777466787063	2.4590722533212936	0.05272313406192118	0.0	0.0	0.0	0.0	0	0	Negative	-2.5319498417531405	0.0
2025-10-14 16:00:00	2.4961	2.5467	2.4224	2.4329	244432311.1939	609139835.2662361	XRPUSDT	0.0	5.131274768824301	56.164878898689366	40.35826286733891	0.4925611909567627	-2.5319498417531405	-2.5319498417531405	5.131274768824301	-26.407640845972004	32.320783184618136	-0.11524532384743313	-0.06674034178784789	-0.04850498205958524	0.21646600789556314	-20.713703764054088	3.177791160277008	2.402888839722992	0.03872895909713065	0.0	0.0	0.0	0.0	0	0	Negative	-3.2389329606642363	0.0
2025-10-15 16:00:00	2.4329	2.4657	2.3367	2.3541	255018136.3668	614505765.8704399	XRPUSDT	0.0	5.520605982796251	2.4477720967730767	40.26394894027837	0.8163419906567198	-3.2389329606642363	-3.2389329606642363	5.520605982796251	4.330779806153631	29.939100305794483	-0.13134213625438562	-0.07966070068115544	-0.05168143557323018	0.2102184359030229	-20.167525773195877	3.20273643206684	2.33994356793316	0.01640768329841743	0.0	0.0	0.0	0.0	0	0	Negative	-2.293870268892563	0.0
2025-10-16 16:00:00	2.3541	2.3997	2.1881	2.3001	416444240.1278	954986625.7974504	XRPUSDT	0.0	9.670490379781556	2.6023597251310777	40.16278393711071	1.3034048857839167	-2.293870268892563	-2.293870268892563	9.670490379781556	63.2998523402336	28.394930370590615	-0.1467645147925456	-0.09308146350343348	-0.05368305128911212	0.21031711905280698	-23.658269441401973	3.224859527278584	2.269540472721417	0.03198881790623233	0.0	0.0	0.0	0.0	2025-10-22 17:57:39.128044+00:00	2025-10-22 17:57:39.170067+00:00	High	2.0694752402069514	3.0
2025-10-17 16:00:00	2.3001	2.3905	2.2761	2.3477	143011737.0	333098470.6938	XRPUSDT	0.0	5.026141206449621	2.796440678457346	40.06079454073978	0.5140423940095461	2.0694752402069514	2.0694752402069514	5.026141206449621	-65.65885100100988	31.737176809463946	-0.15337789382053435	-0.10514074956685365	-0.0482371442536807	0.20346589626332073	-22.533491717811653	3.2312458683995517	2.2169941316004484	0.12886925765791524	0.0	0.0	0.0	0.0	2025-10-22 17:57:39.128044+00:00	2025-10-22 17:57:39.170067+00:00	High	2.223452740980535	3.0
2025-10-18 16:00:00	2.3477	2.4142	2.3164	2.3999	104523519.0	247091965.3843	XRPUSDT	0.0	4.222068727335535	2.1522988997152077	40.09289973883856	0.44920418099529946	2.223452740980535	2.223452740980535	4.222068727335535	-26.91262885646931	35.30352350675416	-0.15264731734593218	-0.11464206312266936	-0.03800525422326281	0.19591833224451213	-16.785714285714278	3.219279273510343	2.1797607264896572	0.211770414430097	0.0	0.0	0.0	0.0	2025-10-22 17:57:39.128044+00:00	2025-10-22 17:57:39.170067+00:00	High	2.5792741364223533	3.0
2025-10-19 16:00:00	2.3999	2.4844	2.353	2.4618	95110151.0	231040851.9472	XRPUSDT	0.0	5.584360390990214	2.12040108670829	40.054166073700436	0.4689351198560564	2.5792741364223533	2.5792741364223533	5.584360390990214	-9.0059807496531	39.34998189537194	-0.1453974660641677	-0.12079314371096904	-0.024604322353198663	0.19130987994133267	-14.064299926693888	3.2074529408538353	2.1550770591461643	0.2914575924679329	0.0	0.0	0.0	0.0	2025-10-22 17:57:39.128044+00:00	2025-10-22 17:57:39.170067+00:00	High	2.4209927695182243	3.0
2025-10-20 16:00:00	2.4618	2.5517	2.3998	2.5214	142908001.0	351423676.1464	XRPUSDT	0.0	6.329694141178428	2.1050355444059803	2.235661249418785	0.7921750200603185	2.4209927695182243	2.4209927695182243	6.329694141178428	50.25525613979942	43.043801955901195	-0.13330601601647007	-0.12329571817206925	-0.010010297844400828	0.18849488851695176	-9.982149232417004	3.1768253507883375	2.1437946492116624	0.3655315860525858	0.0	0.0	0.0	0.0	2025-10-22 17:57:39.128044+00:00	2025-10-22 17:57:39.170067+00:00	Negative	-4.854445942730223	0.0
2025-10-21 16:00:00	2.5214	2.5234	2.363	2.399	142943376.0	347034835.6927	XRPUSDT	0.0	6.787981379602205	1.0212138986603454	2.1139368365411846	1.1371846255938838	-4.854445942730223	-4.854445942730223	6.787981379602205	0.024753687513969214	37.93411184130125	-0.13207760340341324	-0.12505209521833804	-0.007025508185075191	0.18648811076574093	-12.45803532331047	3.135791965565303	2.1256480344346964	0.2706069473281432	0.0	0.0	0.0	0.0	2025-10-22 17:57:39.128044+00:00	2025-10-22 17:57:39.170067+00:00	Low	0.3543142976240172	1.0
2025-10-22 16:00:00	2.399	2.4185	2.3236	2.4075	107078459.0	254740482.9162	XRPUSDT	0.0	4.084179721122396	1.2189856052609132	2.2528846134270024	0.9035188457927072	0.3543142976240172	0.3543142976240172	4.084179721122396	-25.09029659408632	38.48027264790153	-0.1289319513173619	-0.12582806643814282	-0.0031038848792190876	0.17994610285390228	-2.8215064180188762	3.069224502046157	2.126115497953843	0.29835840907591904	0.0621369999999999	0.0	62136999.99999999	0.0310684999999999	2025-10-23 19:17:42.114127+00:00	2025-10-23 19:17:42.118178+00:00	High	2.9200415368639496	3.0
2025-10-23 16:00:00	2.4075	2.5137	2.3761	2.4778	128316770.0	313850642.6522	XRPUSDT	0.0	5.791002062202766	1.0261036433322923	1.593033236760142	1.0409293687681596	2.9200415368639496	2.9200415368639496	5.791002062202766	19.834345019851284	42.951558389406685	-0.11939012189019982	-0.12454047752855421	0.0051503556383543925	0.17692138122148068	-0.3739294760966622	3.0194968588510167	2.1287431411489828	0.39186685602785215	0.0754519999999999	0.0	75451999.99999999	0.0377259999999999	2025-10-24 23:31:44.889067+00:00	2025-10-24 23:31:44.893130+00:00	High	4.786504156913402	3.0
2025-10-24 16:00:00	2.4778	2.6193	2.459	2.5964	103474589.0	263075874.8968	XRPUSDT	0.0	6.518910126067502	1.0799599380044675	1.587305929687208	0.8281661469801741	4.786504156913402	4.786504156913402	6.518910126067502	-19.36004233897097	49.60599029532417	-0.10109278975336178	-0.11985093997351573	0.018758150220153952	0.17573413970566062	0.4021655065738665	2.9510631811055257	2.155526818894474	0.5541835697870522	0.079591	0.0	79591000.0	0.0397955	2025-10-25 23:30:37.768312+00:00	2025-10-25 23:30:37.772272+00:00	Medium	1.6830996764751134	2.0
2025-10-25 16:00:00	2.5964	2.6622	2.5865	2.6401	128401141.0	336740381.7696	XRPUSDT	0.0	2.9267349700367244	1.6598880356742483	1.855238195912366	1.0520986941416248	1.6830996764751134	1.6830996764751134	2.9267349700367244	24.089539510033713	51.83533475647876	-0.08211917865181206	-0.11230458770917501	0.030185409057362944	0.16858884401239912	5.768999639437509	2.869385304180245	2.1981546958197544	0.6584105353296028	0.0636839999999999	0.0	63683999.99999999	0.0318419999999999	2025-10-26 23:32:11.149382+00:00	2025-10-26 23:32:11.153320+00:00	Medium	0.7537593272982179	2.0
2025-10-26 16:00:00	2.6401	2.6743	2.5961	2.66	137402774.0	361998566.8457	XRPUSDT	0.0	3.0122106236277597	1.6277819044601498	1.4112842842020739	1.1361728358721348	0.7537593272982179	0.7537593272982179	3.0122106236277597	7.010555303398745	52.858067053548496	-0.06473051834544918	-0.10278977383642986	0.03805925549098067	0.1621324980115135	9.334539027498051	2.823884560550927	2.221255439449073	0.7280507117689924	0.1113524752475247	0.0	111352475.24752475	0.0556762376237623	2025-10-27 23:31:37.380113+00:00	2025-10-27 23:31:37.383767+00:00	Negative	-0.9586466165413564	0.0
2025-10-27 16:00:00	2.66	2.6978	2.6022	2.6345	128945595.0	341673208.1626	XRPUSDT	0.0	3.6738144646837343	1.661872857388901	1.4748760496637257	1.0290278047288883	-0.9586466165413563	-0.9586466165413563	3.6738144646837343	-6.155027845362132	51.35328554179184	-0.05240344239778061	-0.09271250754870002	0.04030906515091941	0.1573801767249768	11.91113376661995	2.774414554925481	2.2477054450745184	0.7343608600863748	0.1018009999999999	0.0	101801000.0	0.0509004999999999	2025-10-28 23:33:29.968119+00:00	2025-10-28 23:33:29.971810+00:00	Negative	-0.360599734294935	0.0
2025-10-28 16:00:00	2.6345	2.6783	2.5658	2.625	115320597.0	302320571.8109	XRPUSDT	0.0	4.384597396523512	1.472543685061631	1.4675370916905959	0.9397896987116974	-0.360599734294935	-0.360599734294935	4.384597396523512	-10.566470300904813	50.77336799418649	-0.04290612144279482	-0.08275123032751898	0.03984510888472416	0.1541744498160499	14.125472805530192	2.73641654080123	2.268103459198769	0.7620896251285826	0.044578	0.0	44578000.00000001	0.022289	2025-10-29 23:33:49.606943+00:00	2025-10-29 23:33:49.611030+00:00	Negative	-6.560000000000005	0.0
2025-10-29 16:00:00	2.625	2.6591	2.4425	2.4528	242654204.0	619762311.4052	XRPUSDT	0.0	8.867963152507683	2.4716892328445033	1.9298753575939975	1.6118398227209645	-6.560000000000005	-6.560000000000005	8.867963152507683	110.41705498628316	41.602478756418996	-0.04871299395449835	-0.07594358305291486	0.02723058909841651	0.15863341768633207	4.476721898027846	2.6956040342377316	2.2801559657622685	0.41556104682654915	0.0605782178217821	0.0	60578217.82178218	0.030289108910891	2025-10-30 23:36:44.083724+00:00	2025-10-30 23:36:44.087780+00:00	High	2.8457273320287144	3.0
2025-10-30 16:00:00	2.4528	2.5486	2.3751	2.5226	127859491.0	314801910.9776	XRPUSDT	0.0	7.304955580817639	2.517739997619414	2.01399916791332	0.849923147856236	2.8457273320287144	2.8457273320287144	7.304955580817639	-47.30794319969828	45.870407791831106	-0.04713931294281837	-0.07018272903089556	0.023043416088077195	0.15969531642302262	5.112713029709572	2.698341761760073	2.2819382382399267	0.5779532308602809	0.0823900990099009	0.0	82390099.00990097	0.0411950495049504	2025-10-31 23:31:04.802002+00:00	2025-10-31 23:31:04.805983+00:00	Negative	-0.8681519067628648	0.0
2025-10-31 16:00:00	2.5226	2.5532	2.4752	2.5007	73755664.0	184788211.7439	XRPUSDT	0.0	3.1512605042016744	2.48464973747408	2.0505400951736084	0.5355980812674116	-0.8681519067628648	-0.8681519067628648	3.1512605042016744	-42.31506521483024	44.764969647647085	-0.04711618037876342	-0.06556941930046914	0.018453238921705722	0.153859936678521	1.5801446096352236	2.6990664367042045	2.282573563295796	0.523721894492806	0.0570764705882352	0.0	57076470.58823529	0.0285382352941176	2025-11-01 23:19:38.521949+00:00	2025-11-01 23:19:38.527832+00:00	Negative	-0.0519854440756619	0.0
2025-11-01 16:00:00	2.5007	2.5541	2.4889	2.4994	61158705.0	154007093.7523	XRPUSDT	0.0	2.6196311623608795	2.710338521978464	2.1697945567074206	0.492620514891453	-0.05198544407566196	-0.05198544407566196	2.6196311623608795	-17.079310681820992	44.69611147273895	-0.046664823750187434	-0.06178850019041281	0.015123676440225373	0.14752708405862663	-0.8725311334972554	2.6901918890437653	2.2827881109562354	0.531688464109496	0.046297	0.0	46296999.99999999	0.0231485	2025-11-02 23:19:55.852085+00:00	2025-11-02 23:19:55.856216+00:00	Negative	-6.91766023845724	0.0
2025-11-02 16:00:00	2.4994	2.5316	2.2917	2.3265	163115834.0	393281313.7518	XRPUSDT	0.0	10.46821137147096	3.473891008670755	2.810617001340933	1.219933608608002	-6.91766023845724	-6.91766023845724	10.46821137147096	166.7091037980611	36.62655584952643	-0.05957199649132994	-0.06134519945059624	0.0017732029592662998	0.15412514948301045	-3.022092538557742	2.693202257295652	2.2628177427043474	0.14796595866402243	0.0555298076923076	0.0	55529807.69230769	0.0277649038461538	2025-11-03 23:20:49.637411+00:00	2025-11-03 23:20:49.641122+00:00	Negative	-1.9428325811304497	0.0
2025-11-03 16:00:00	2.3265	2.3938	2.2279	2.2813	196855441.0	451659848.6565	XRPUSDT	0.0	7.446474258270127	3.2827613690748434	2.8702494456644327	1.5805457958334752	-1.9428325811304497	-1.9428325811304497	7.446474258270127	20.684446244501313	34.854929187026315	-0.07261126862195288	-0.06359841328486757	-0.009012855337085318	0.154966210234224	-5.241952232606451	2.7015357428970517	2.239324257102948	0.09081501474359778	0.0431445544554455	0.0	43144554.45544554	0.0215722772277227	2025-11-04 23:21:21.353260+00:00	2025-11-04 23:21:21.358255+00:00	Negative	-0.2630079340726683	0.0
2025-11-04 16:00:00	2.2813	2.2946	2.0651	2.2753	256249823.0	560938205.2203	XRPUSDT	0.0	11.113263280228551	3.9730057271077626	3.235281400304984	1.705749723305237	-0.26300793407266837	-0.26300793407266837	11.113263280228551	30.171572448434382	34.61557273086484	-0.08247837620438503	-0.06737440586877105	-0.015103970335613975	0.16029005236035082	-8.172572443296461	2.7078535838315263	2.2251264161684734	0.10393776690552504	0.1495676470588235	0.0	149567647.05882353	0.0747838235294117	2025-11-05 23:21:28.045328+00:00	2025-11-05 23:21:28.049285+00:00	Negative	-1.8547004790577168	0.0
2025-11-05 16:00:00	2.2753	2.4147	2.2261	2.2331	161642149.0	374497229.1478	XRPUSDT	0.0	8.472215983109457	3.363753592261162	3.0943843257752284	0.9632772337761193	-1.8547004790577168	-1.8547004790577168	8.472215983109457	-36.92009340431818	32.904074310190765	-0.0926354732994028	-0.07242661935489741	-0.02020885394450539	0.1623121914774686	-13.992451086119248	2.715268026208905	2.2110119737910954	0.04380319502958211	0.11773	0.0	117730000.0	0.058865	2025-11-06 23:21:11.853960+00:00	2025-11-06 23:21:11.857788+00:00	Negative	-0.9851775558640364	0.0
2025-11-06 16:00:00	2.2331	2.2484	2.1522	2.2111	139169145.0	306980775.2503	XRPUSDT	0.0	4.469844809961902	2.645735357489431	3.015688109479543	0.7588016858187491	-0.9851775558640365	-0.9851775558640365	4.469844809961902	-13.902935675521116	32.01536774382684	-0.10129262374935255	-0.07819982023378845	-0.0230928035155641	0.15758989208622085	-16.249384493011622	2.727274019013592	2.1853459809864084	0.04752294992402626	0.039758	0.0	39758000.0	0.019879	2025-11-07 23:20:36.513848+00:00	2025-11-07 23:20:36.517982+00:00	Medium	1.9718692053728952	2.0
2025-11-07 16:00:00	2.2111	2.3711	2.2012	2.2547	129694041.0	298616614.2974	XRPUSDT	0.0	7.7185171724513975	2.3791507727961676	2.89728598891944	0.7338868566469062	1.9718692053728952	1.9718692053728952	7.7185171724513975	-6.808336718602388	35.72070955983794	-0.103442896908152	-0.08324843556866117	-0.020194461339490835	0.15846918550863368	-15.236842105263158	2.7331337376549354	2.164966262345065	0.1579353651069092	0.0	0.0	0.0	0.0	2025-11-09 23:19:56.570671+00:00	2025-11-09 23:19:56.574573+00:00	High	2.554663591608634	3.0
2025-11-08 16:00:00	2.2547	2.3322	2.2372	2.3123	81727681.0	186399057.8902	XRPUSDT	0.0	4.246379402824949	2.8887091963806144	2.9630020065618687	0.531746949003763	2.554663591608634	2.554663591608634	4.246379402824949	-36.98424355518385	40.34638314308035	-0.09935387562905573	-0.08646952358074009	-0.012884352048315645	0.15393567225801696	-12.2300246726134	2.731726111491923	2.1514238885080776	0.2772281496092096	0.0837617647058823	0.0	83761764.70588237	0.0418808823529411	2025-11-09 23:19:56.570671+00:00	2025-11-09 23:19:56.574573+00:00	Very High	9.358647234355413	4.0
2025-11-09 16:00:00	2.3123	2.5727	2.299	2.5287	172921125.0	424861028.8334	XRPUSDT	0.0	11.905176163549381	3.1651139835266333	3.393068408089877	1.261914032568038	9.358647234355411	9.358647234355411	11.905176163549381	111.58207706884527	53.798231550404616	-0.07775531051718199	-0.08472668096802848	0.00697137045084649	0.16249026709673006	-3.6685714285714224	2.732509925491263	2.1513700745087374	0.6492928076663749	0.0869303921568627	0.0	86930392.15686274	0.0434651960784313	2025-11-10 23:22:07.827557+00:00	2025-11-10 23:22:07.831499+00:00	Negative	-3.669869893621228	0.0
2025-11-10 16:00:00	2.5287	2.5805	2.425	2.4359	144092541.0	360092052.8452	XRPUSDT	0.0	6.412371134020618	3.1182594225875757	3.10974335781996	1.0791758734208594	-3.6698698936212275	-3.6698698936212275	6.412371134020618	-16.67152234870089	48.72407152921985	-0.06735010639229877	-0.08125136605288254	0.013901259660583767	0.16199096230410648	-0.6890084801043581	2.7337087711882178	2.1538612288117824	0.48640159796541654	0.0333469999999999	0.0	33347000.0	0.0166734999999999	2025-11-11 23:21:00.563706+00:00	2025-11-11 23:21:00.567639+00:00	Negative	-2.8244180795599148	0.0
2025-11-11 16:00:00	2.4359	2.448	2.3613	2.3671	124786038.0	300646137.2709	XRPUSDT	0.0	3.6717062634989204	3.292549658275941	2.9399281131730652	0.9551587948065867	-2.8244180795599148	-2.8244180795599148	3.6717062634989204	-13.39868314210657	45.3118801036031	-0.06391867744668067	-0.07778482833164216	0.013866150884961487	0.15661303642524174	-6.164274954412113	2.733230725429248	2.1502992745707514	0.3719146138194488	0.0550039215686274	0.0	55003921.568627454	0.0275019607843137	2025-11-12 23:22:04.412499+00:00	2025-11-12 23:22:04.416618+00:00	High	2.7882218748679746	3.0
2025-11-12 16:00:00	2.3671	2.5256	2.3147	2.4331	236668391.0	577094597.5153	XRPUSDT	0.0	9.111331922063318	3.4460002912039904	2.8213745690067564	1.556627900810646	2.7882218748679746	2.7882218748679746	9.111331922063318	89.65935195410243	49.00154571998654	-0.05523686072351319	-0.07327523481001637	0.018038374086503176	0.1604906766805816	-2.7032430919342625	2.730541340672487	2.1485186593275136	0.48895232057771093	0.032753	0.0	32753000.0	0.0163765	2025-11-13 23:21:48.882572+00:00	2025-11-13 23:21:48.886541+00:00	Negative	-5.018289425013362	0.0
2025-11-13 16:00:00	2.4331	2.4426	2.2253	2.311	253779397.0	585308070.1354	XRPUSDT	0.0	9.764975508920157	3.1900411821704435	2.9141750608057433	1.3611160082370057	-5.018289425013362	-5.018289425013362	9.764975508920157	7.229949858407581	43.19540004267769	-0.0575455586102227	-0.07012929957005763	0.01258374095983493	0.1645484854891115	-7.537809074177808	2.7120620599647047	2.1384579400352957	0.30080338332635803	0.0194764705882352	0.0	19476470.58823529	0.0097382352941176	2025-11-14 23:20:43.484082+00:00	2025-11-14 23:20:43.487837+00:00	Negative	-2.488100389441805	0.0
2025-11-14 16:00:00	2.311	2.3391	2.2232	2.2535	104213106.0	237519292.7118	XRPUSDT	0.0	5.213206189276734	2.577872218103435	2.7355616418290936	0.6034067304297971	-2.488100389441805	-2.488100389441805	5.213206189276734	-58.93555299132498	40.74684963490019	-0.06328547224100367	-0.06876053410424685	0.005475061863243175	0.1610735936684607	-3.1377605845690937	2.684192251122925	2.127667748877075	0.22610370363771884	0.016688	0.0	16688000.0	0.008344	2025-11-15 23:20:41.901225+00:00	2025-11-15 23:20:41.905180+00:00	0	0.0	0.0
2025-11-15 16:00:00	2.2535	2.2789	2.182	2.1861	108259482.0	241880462.1765	XRPUSDT	0.0	4.440879926672787	2.7998406126096724	2.806756599089187	0.6539727140497911	-2.9909030397159837	-2.9909030397159837	4.440879926672787	3.882789943905904	38.02585741898896	-0.07243799178374077	-0.06949602564014563	-0.00294196614359514	0.15648976554928495	-4.173059220619811	2.6504490956400266	2.1140209043599736	0.1343685824341701	0.0	0.0	0.0	0.0	2025-11-16 23:20:34.872594+00:00	2025-11-16 23:20:34.876541+00:00	0	0.0	0.0
