timestamp	open	high	low	close	volume	quoteVolume	symbol	gap_apertura_pct	volatilidad_diaria	vol_5d	vol_10d	vol_rel_5d	return_pct	close_open_pct	range_pct	volume_change_pct	rsi_14	macd	macd_signal	macd_diff	atr_14	momentum_12	bb_upper	bb_lower	bb_pctb	vader	finbert	sentiment_ratio	sentiment_combined	download_date	added_date	target_category	target	target_num
2025-07-15 16:00:00	0.6378	0.6579	0.6368	0.6476	2422622.0	1573322.2416	XTZUSDT	0.0	3.313442211055277	0.0	0.0	0.0	0.0	1.5365318281592848	3.313442211055277	0.0	0.0	0.0	0.0	0.0	0.0	0.0	0.0	0.0	0.0	0.0	0.0	0.0	0.0	0	0	Low	0.339715873996308	1.0
2025-07-16 16:00:00	0.6476	0.6721	0.6443	0.6498	2179246.0	1429788.977	XTZUSDT	0.0	4.314760204873513	0.0	0.0	0.0	0.33971587399630804	0.33971587399630804	4.314760204873513	-10.045974980826559	0.0	0.0	0.0	0.0	0.0	0.0	0.0	0.0	0.0	0.0	0.0	0.0	0.0	0	0	Very High	7.725453985841783	4.0
2025-07-17 16:00:00	0.6498	0.7588	0.6374	0.7	7735100.0	5507792.2062	XTZUSDT	0.0	19.046124882334496	0.0	0.0	0.0	7.725453985841783	7.725453985841783	19.046124882334496	254.94386590591427	0.0	0.0	0.0	0.0	0.0	0.0	0.0	0.0	0.0	0.0	0.0	0.0	0.0	0	0	Very High	19.34285714285716	4.0
2025-07-18 16:00:00	0.7	0.8555	0.6813	0.8354	36383448.0	28487870.6978	XTZUSDT	0.0	25.568765595185678	0.0	0.0	0.0	19.342857142857156	19.342857142857156	25.568765595185678	370.3681658931365	0.0	0.0	0.0	0.0	0.0	0.0	0.0	0.0	0.0	0.0	0.0	0.0	0.0	0	0	Very High	36.222169020828325	4.0
2025-07-19 16:00:00	0.8354	1.2168	0.822	1.138	337368954.0	359326480.9994	XTZUSDT	0.0	48.02919708029199	18.316727647621217	0.0	4.369052610798375	36.222169020828325	36.222169020828325	48.02919708029199	827.25943401516	0.0	0.0	0.0	0.0	0.0	0.0	0.0	0.0	0.0	0.0	0.0	0.0	0.0	0	0	Negative	-8.576449912126531	0.0
2025-07-20 16:00:00	1.138	1.1387	1.0316	1.0404	77263502.0	83633224.7182	XTZUSDT	0.0	10.381930981000384	16.92124042093386	0.0	0.8381257467914072	-8.576449912126531	-8.576449912126531	10.381930981000384	-77.09821811286169	0.0	0.0	0.0	0.0	0.0	0.0	0.0	0.0	0.0	0.0	0.0	0.0	0.0	0	0	Negative	-8.237216455209536	0.0
2025-07-21 16:00:00	1.0404	1.048	0.9334	0.9547	34923982.0	34340119.953	XTZUSDT	0.0	12.277694450396403	15.189284424920555	0.0	0.3537143160014188	-8.237216455209536	-8.237216455209536	12.277694450396403	-54.798862210516944	0.0	0.0	0.0	0.0	0.0	0.0	0.0	0.0	0.0	0.0	0.0	0.0	0.0	0	0	Negative	-5.153451345972559	0.0
2025-07-22 16:00:00	0.9547	1.023	0.8839	0.9055	27846402.0	26527277.2802	XTZUSDT	0.0	15.737074329675291	15.477293398338496	0.0	0.2709920705396482	-5.153451345972559	-5.153451345972559	15.737074329675291	-20.26567302663253	0.0	0.0	0.0	0.0	0.0	0.0	0.0	0.0	0.0	0.0	0.0	0.0	0.0	0	0	Medium	0.784097183876311	2.0
2025-07-23 16:00:00	0.9055	1.0251	0.8422	0.9126	33544312.0	31232121.607	XTZUSDT	0.0	21.716931845167416	15.375600817931891	0.0	0.32825617941794494	0.784097183876311	0.784097183876311	21.716931845167416	20.461925386267136	0.0	0.0	0.0	0.0	0.0	0.0	0.0	0.0	0.0	0.0	0.0	0.0	0.0	0	0	Negative	-4.9200087661626055	0.0
2025-07-24 16:00:00	0.9126	0.9491	0.8382	0.8677	13922960.0	12313721.355	XTZUSDT	0.0	13.230732522071117	4.386913559960724	12.873320422194864	0.37127664032880264	-4.9200087661626055	-4.9200087661626055	13.230732522071117	-58.49382750792444	0.0	0.0	0.0	0.0	0.0	0.0	0.0	0.0	0.0	0.0	0.0	0.0	0.0	0	0	High	2.98490261611155	3.0
2025-07-25 16:00:00	0.8677	0.9051	0.8576	0.8936	7673378.0	6809372.1884	XTZUSDT	0.0	5.5387126865671625	5.858127760359304	12.620247670645162	0.32538846194835336	2.98490261611155	2.98490261611155	5.5387126865671625	-44.886877503059694	0.0	0.0	0.0	0.0	0.0	0.0	0.0	0.0	0.0	0.0	0.0	0.0	0.0	0	0	Negative	-0.9064458370635629	0.0
2025-07-26 16:00:00	0.8936	0.9169	0.8771	0.8855	6767932.0	6051618.632	XTZUSDT	0.0	4.537680994185391	7.197530231996842	12.594374939733267	0.3770226286263947	-0.9064458370635627	-0.9064458370635627	4.537680994185391	-11.799835743788458	0.0	0.0	0.0	0.0	0.0	0.0	0.0	0.0	0.0	0.0	0.0	0.0	0.0	0	0	Negative	-1.6487859966120777	0.0
2025-07-27 16:00:00	0.8855	0.9282	0.864	0.8709	8552180.0	7736264.1092	XTZUSDT	0.0	7.43055555555556	7.121466791895648	12.976685685100108	0.6068753556766814	-1.6487859966120777	-1.6487859966120777	7.43055555555556	26.363267243228805	0.0	0.0	0.0	0.0	0.0	34.48116121062385	0.0	0.0	0.0	0.0	0.0	0.0	0.0	0	0	Negative	-2.0897921690205528	0.0
2025-07-28 16:00:00	0.8709	0.9185	0.8464	0.8527	12923356.0	11337210.8702	XTZUSDT	0.0	8.518431001890352	3.3870531029453232	12.763066855618064	1.2964893964474902	-2.0897921690205528	-2.0897921690205528	8.518431001890352	51.11183347403819	56.2841147228771	0.0	0.0	0.0	0.1155357142857143	31.224992305324704	0.0	0.0	0.0	0.0	0.0	0.0	0.0	0	0	Negative	-2.920136038466053	0.0
2025-07-29 16:00:00	0.8527	0.862	0.8131	0.8278	4706984.0	3954049.824	XTZUSDT	0.0	6.014020415693019	1.573889476404868	5.3489205082098294	0.5793377926207351	-2.920136038466053	-2.920136038466053	6.014020415693019	-63.57769607213483	53.289764136832176	0.0	0.0	0.0	0.11077602040816327	18.25714285714286	0.0	0.0	0.0	0.0	0.0	0.0	0.0	0	0	Negative	-2.7059676250301976	0.0
2025-07-30 16:00:00	0.8278	0.8397	0.7897	0.8054	5059274.0	4167002.4484	XTZUSDT	0.0	6.331518298087888	1.5027627284135316	5.512925737576345	0.6655236083522412	-2.7059676250301976	-2.7059676250301976	6.331518298087888	7.484410399525471	50.677795962595866	0.0	0.0	0.0	0.10643487609329447	-3.591094086665074	0.0	0.0	0.0	0.0	0.0	0.0	0.0	0	0	Negative	-4.06009436304941	0.0
2025-07-31 16:00:00	0.8054	0.8245	0.7484	0.7727	5600718.0	4339153.7778	XTZUSDT	0.0	10.16835916622128	1.6992807596993518	5.461879736292614	0.7600890514740145	-4.06009436304941	-4.06009436304941	10.16835916622128	10.702009814056325	47.052130004823155	0.0	0.0	0.0	0.10426809922948772	-32.10017574692442	0.0	0.0	0.0	0.0	0.0	0.0	0.0	0	0	Negative	-5.124886760709211	0.0
2025-08-01 16:00:00	0.7727	0.7785	0.7308	0.7331	3491686.0	2627617.0972	XTZUSDT	0.0	6.5270935960591085	1.7802154239656922	5.139438974591919	0.549317856405468	-5.124886760709211	-5.124886760709211	6.5270935960591085	-37.65645761846963	43.03662312851781	0.0	0.0	0.0	0.10022752071309575	-29.536716647443296	0.0	0.0	0.0	0.0	0.0	0.0	0.0	0	0	High	3.65570863456555	3.0
2025-08-02 16:00:00	0.7331	0.7609	0.7187	0.7599	3240436.0	2393154.53	XTZUSDT	0.0	5.871712814804511	1.7994910157901747	2.597599453032041	0.7331602402957804	3.65570863456555	3.65570863456555	5.871712814804511	-7.195664214937998	46.37223184664895	0.0	0.0	0.0	0.09608269780501748	-20.40431549177752	0.0	0.0	0.0	0.0	0.0	0.0	0.0	0	0	Medium	1.2106856165284887	2.0
2025-08-03 16:00:00	0.7599	0.777	0.7527	0.7691	2672768.0	2039321.7456	XTZUSDT	0.0	3.228377839776802	2.477721678915922	1.9569164989451058	0.6660313277695827	1.2106856165284887	1.2106856165284887	3.228377839776802	-17.518259888484142	47.50856463585237	0.0	0.0	0.0	0.09095536224751623	-15.06350082827167	1.077781552433005	0.6044584475669948	0.3478417823689643	0.0	0.0	0.0	0.0	0	0	Medium	0.7801326225458335	2.0
2025-08-04 16:00:00	0.7691	0.828	0.7677	0.7751	9318346.0	7404882.4632	XTZUSDT	0.0	7.854630715123083	2.5556943112033803	1.9783939632376677	1.9154669508090667	0.7801326225458335	0.7801326225458335	7.854630715123083	248.64028602557352	48.27829174454078	0.0	0.0	0.0	0.08876569351555078	-15.066841989918908	1.069368517797866	0.625621482202134	0.3368552481645101	0.0	0.0	0.0	0.0	0	0	Medium	1.406270158689204	2.0
2025-08-05 16:00:00	0.7751	0.7868	0.7463	0.786	5821540.0	4446596.9542	XTZUSDT	0.0	5.426772075572838	1.6960382921300596	1.891056842319662	1.1859020428623996	1.4062701586892041	1.4062701586892041	5.426772075572838	-37.52603734611271	49.72072998712701	0.0	0.0	0.0	0.08531814397872574	-9.415696669355768	1.0592001387905532	0.649409861209447	0.3333171777447037	0.0	0.0	0.0	0.0	0	0	Medium	0.6106870229007526	2.0
2025-08-06 16:00:00	0.786	0.8047	0.775	0.7908	3201014.0	2520783.03	XTZUSDT	0.0	3.8322580645161226	1.8233596680773143	2.077596226180478	0.6598912085146498	0.6106870229007526	0.6106870229007526	3.8322580645161226	-45.01430892856529	50.37703616226215	0.0	0.0	0.0	0.08134541940881676	-11.504028648164729	1.0536375612029372	0.6640524387970629	0.32533983952007794	0.0	0.0	0.0	0.0	0	0	Medium	1.2013151239251472	2.0
2025-08-07 16:00:00	0.7908	0.8342	0.7738	0.8003	11406818.0	9194480.1316	XTZUSDT	0.0	7.805634530886535	2.163523341925107	2.007003548656657	1.7591991063921744	1.2013151239251472	1.2013151239251472	7.805634530886535	256.35014404810477	51.72026334100069	0.0	0.0	0.0	0.0798493180224727	-9.62168266516092	1.0533230033404166	0.6608569966595833	0.35529956981425015	0.0	0.0	0.0	0.0	0	0	Very High	15.08184430838436	4.0
2025-08-08 16:00:00	0.8003	0.9927	0.8	0.921	18307682.0	16848167.806	XTZUSDT	0.0	24.0875	8.164460615695974	5.95989027056495	1.904851692005477	15.08184430838436	15.08184430838436	24.0875	60.497712859098826	64.76881632952134	0.0	0.0	0.0	0.0879100810208675	5.752669652084054	0.9981324408915728	0.6943475591084269	0.746095195920141	0.0	0.0	0.0	0.0	0	0	Negative	-3.876221498371343	0.0
2025-08-09 16:00:00	0.921	0.9315	0.8608	0.8853	7783668.0	6968051.6294	XTZUSDT	0.0	8.213289962825277	8.144632488426234	5.926995222055847	0.8365807392241247	-3.8762214983713426	-3.8762214983713426	8.213289962825277	-57.484142449054985	59.634956606365	0.020605204818804568	0.0	0.0	0.08668078951937697	3.8231499941362683	0.9633700235216377	0.7135999764783624	0.6874324025406007	0.0	0.0	0.0	0.0	0	0	Negative	-5.557438156557102	0.0
2025-08-10 16:00:00	0.8853	0.897	0.8157	0.8361	7503248.0	6448744.6286	XTZUSDT	0.0	9.966899595439504	7.769437731372167	5.920283501702266	0.7783059899677257	-5.557438156557102	-5.557438156557102	9.966899595439504	-3.6026716452962795	53.357870368429246	0.01980109101531058	0.0	0.0	0.08629644741085005	1.00265764677458	0.9454955237281994	0.7196144762718004	0.5156941011205657	0.0	0.0	0.0	0.0	0	0	Very High	7.403420643463708	4.0
2025-08-11 16:00:00	0.8361	0.966	0.806	0.898	19696442.0	17436993.4668	XTZUSDT	0.0	19.851116625310162	7.485221367207599	6.899880455130253	1.52218656141599	7.403420643463708	7.403420643463708	19.851116625310162	162.50554426563005	59.17951366562706	0.023883325602142347	0.0	0.0	0.0915609868815036	11.497392599950338	0.9441952418200308	0.7201647581799691	0.7937993032490601	0.0	0.0	0.0	0.0	0	0	Negative	-2.416481069042322	0.0
2025-08-12 16:00:00	0.898	0.9006	0.8502	0.8763	11704994.0	10189067.8906	XTZUSDT	0.0	5.9280169371912494	7.90789264789524	6.89650969500963	0.9004390944838264	-2.416481069042322	-2.416481069042322	5.9280169371912494	-40.57305375255084	56.51636617780156	0.02507842876160138	0.0	0.0	0.08862091638996762	13.407532030542244	0.9382078351815732	0.7225221648184266	0.7129719601801084	0.0	0.0	0.0	0.0	0	0	Negative	-3.503366427022704	0.0
2025-08-13 16:00:00	0.8763	0.8991	0.8227	0.8456	10018793.5	8686627.1153	XTZUSDT	0.0	9.286495684939835	5.367052116541753	6.529008723662085	0.8833801641452752	-3.5033664270227036	-3.5033664270227036	9.286495684939835	-14.405821139250477	52.890085459857254	0.02327996623682882	0.0	0.0	0.08774799379068422	15.3457918428591	0.9359972175016755	0.7225227824983245	0.576543123300659	0.0	0.0	0.0	0.0	0	0	Negative	-3.938032166508988	0.0
2025-08-14 16:00:00	0.8456	0.857	0.8081	0.8123	2218675.5	1853309.30034	XTZUSDT	0.0	6.051231283257015	5.689762649921835	6.625950723501182	0.21691260240842813	-3.9380321665089877	-3.9380321665089877	6.051231283257015	-77.85486346235203	49.2023198368465	0.018949205384236945	0.0	0.0	0.08497313709134964	6.895644163705751	0.9279390407030987	0.7224509592969015	0.4372469687207308	0.0	0.0	0.0	0.0	0	0	High	3.9148097993352136	3.0
2025-08-15 16:00:00	0.8123	0.8795	0.8043	0.8441	4713204.2	4012791.6312	XTZUSDT	0.0	9.3497451199801	5.703216085191364	6.435543674201803	0.48738351625000054	3.9148097993352136	3.9148097993352136	9.3497451199801	112.43323775829319	52.6011131500646	0.017876965908454334	0.0	0.0	0.08427505587053895	9.751657781822905	0.9225399862948236	0.7237100137051762	0.605492143497344	0.0	0.0	0.0	0.0	0	0	High	3.482999644591884	3.0
2025-08-16 16:00:00	0.8441	0.878	0.839	0.8735	2792965.7	2398970.7029	XTZUSDT	0.0	4.648390941597143	2.139790471466028	6.34704144415681	0.44405200519861077	3.482999644591884	3.482999644591884	4.648390941597143	-40.741678453057474	55.561478874383724	0.01917846528317213	0.0	0.0	0.0810411233083576	12.695136111469493	0.9229260083223801	0.7235839916776198	0.7520542374643463	0.0	0.0	0.0	0.0	0	0	Negative	-5.907269605037216	0.0
2025-08-17 16:00:00	0.8735	0.8756	0.8054	0.8219	4059369.8	3377921.47736	XTZUSDT	0.0	8.716165880307926	2.136693773256319	6.310218112266268	0.8527009864933587	-5.907269605037216	-5.907269605037216	8.716165880307926	45.3426298790565	49.6950064860441	0.015863361200308068	0.019560183467960165	-0.0036968222676520973	0.08026675735776063	4.567430025445283	0.9204661473351068	0.7229638526648932	0.5009366979776559	0.0	0.0	0.0	0.0	0	0	Negative	-2.737559313785128	0.0
2025-08-18 16:00:00	0.8219	0.8339	0.7908	0.7994	3503742.0	2844769.3216	XTZUSDT	0.0	5.450177035913003	2.0721778302141867	4.328345599378634	1.0133476036139193	-2.7375593137851277	-2.7375593137851277	5.450177035913003	-13.687538395738171	47.3474434223763	0.011290406591792812	0.017906228092726698	-0.0066158215009338855	0.07761198897506347	1.0875063227111852	0.9194711559045318	0.7211188440954684	0.3946571390601491	0.0	0.0	0.0	0.0	0	0	Medium	0.7505629221916444	2.0
2025-08-19 16:00:00	0.7994	0.8113	0.7773	0.8054	3140402.0	2485289.8052	XTZUSDT	0.0	4.374115528110129	2.349580265686873	4.545669765313594	0.8622890028562111	0.7505629221916444	0.7505629221916444	4.374115528110129	-10.370055786071006	48.052177511615305	0.008057574273533818	0.015936497328888122	-0.007878923055354304	0.07449684690541607	0.6372610271148311	0.9194711559045317	0.7211188440954683	0.42490634536017846	0.0	0.0	0.0	0.0	0	0	Negative	-0.4345666749441343	0.0
2025-08-20 16:00:00	0.8054	0.8522	0.8005	0.8019	4199640.0	3457830.8772	XTZUSDT	0.0	6.458463460337286	1.7560980071353107	4.543450854285717	1.1865991298261747	-0.43456667494413437	-0.43456667494413437	6.458463460337286	33.72937604803462	47.6515101537507	0.00515370195269238	0.013779938253648974	-0.008626236300956594	0.07286850069788635	-12.931596091205222	0.9189249639806456	0.7245850360193542	0.3978336556553902	0.0	0.0	0.0	0.0	0	0	High	4.551689736874933	3.0
2025-08-21 16:00:00	0.8019	0.8451	0.7741	0.8384	5673672.0	4545396.083	XTZUSDT	0.0	9.171941609611155	2.0685468646743685	1.9874558295331093	1.3786557885910664	4.551689736874933	4.551689736874933	9.171941609611155	35.0990084864417	52.133888778995946	0.005731537576503909	0.012170258118219961	-0.006438720541716052	0.07273503636232304	-5.297639218344058	0.9154201719455339	0.7386198280544658	0.5643663906389895	0.0	0.0	0.0	0.0	0	0	High	2.695610687022896	3.0
2025-08-22 16:00:00	0.8384	0.8793	0.8384	0.861	3241044.0	2797010.644	XTZUSDT	0.0	4.87833969465648	1.9008647371097116	2.072927913772956	0.8201644861705089	2.6956106870228953	2.6956106870228953	4.87833969465648	-42.875724927348635	54.71923321921052	0.007921790129900463	0.011320564520556062	-0.0033987743906555984	0.07046110519358567	2.978112665949053	0.9159933382819274	0.7481566617180726	0.6723401618298562	0.0	0.0	0.0	0.0	0	0	Negative	-4.192799070847854	0.0
2025-08-23 16:00:00	0.861	0.8644	0.8186	0.8249	1518728.0	1276348.5192	XTZUSDT	0.0	5.594918152944045	1.8902024580683283	1.9109148069773663	0.4272453923782875	-4.192799070847854	-4.192799070847854	5.594918152944045	-53.14077809495953	50.06735476625747	0.006667751074813322	0.010390001831407515	-0.0037222507565941934	0.06869959767975813	-8.140311804008915	0.9137844342351743	0.7559455657648256	0.43686599443740937	0.0	0.0	0.0	0.0	0	0	Negative	-2.5700084858770755	0.0
2025-08-24 16:00:00	0.8249	0.8676	0.7933	0.8037	4831344.0	3977140.4648	XTZUSDT	0.0	9.365939745367456	2.0639679729863003	2.107685559389111	1.2410701203241112	-2.5700084858770755	-2.5700084858770755	9.365939745367456	218.11779331124467	47.51281615923535	0.003918087985217311	0.009095619062169474	-0.0051775310769521625	0.06909962641691826	-8.28483396097227	0.9117931979917402	0.7607968020082598	0.28413392062969456	0.0	0.0	0.0	0.0	0	0	Negative	-1.493094438223219	0.0
2025-08-25 16:00:00	0.8037	0.8093	0.7661	0.7917	7471760.0	5863183.3024	XTZUSDT	0.0	5.638950528651614	2.1574676652667457	1.9280665446508571	1.6431166243881878	-1.493094438223219	-1.493094438223219	5.638950528651614	54.65179047486579	46.07964833794504	0.0007618780092065736	0.007428870851576894	-0.00666699284237032	0.0672496531014241	-6.37417218543047	0.9113561887234165	0.7618038112765835	0.1999044698172371	0.0	0.0	0.0	0.0	0	0	Medium	0.6315523556902873	2.0
2025-08-26 16:00:00	0.7917	0.8036	0.7823	0.7967	3861184.0	3055758.5126	XTZUSDT	0.0	2.7227406365844287	2.3966220455375753	2.2023924693351975	0.922666060028503	0.6315523556902873	0.6315523556902873	2.7227406365844287	-48.32296540574109	46.799716590463404	-0.0013207580461774837	0.005678945072026018	-0.006999703118203502	0.06396753502275095	-1.9204727317493608	0.9109698817395643	0.7627801182604358	0.22889490436592508	0.0	0.0	0.0	0.0	0	0	Negative	-1.1171080707920191	0.0
2025-08-27 16:00:00	0.7967	0.8035	0.7809	0.7878	3436300.0	2723091.4554	XTZUSDT	0.0	2.8940965552567492	2.699458717106094	2.2434082337039905	0.8135443401670773	-1.1171080707920193	-1.1171080707920193	2.8940965552567492	-11.003982198206561	45.63158652533738	-0.003647373097590223	0.0038136814381027704	-0.007461054535692993	0.06101271109255445	-6.669825850017773	0.9117656540063053	0.7607343459936946	0.17920558566602257	0.0	0.0	0.0	0.0	0	0	Negative	-7.971566387407967	0.0
2025-08-28 16:00:00	0.7878	0.7944	0.7159	0.725	6003840.0	4499069.5978	XTZUSDT	0.0	10.965218605950554	3.7415467547285504	2.7970455659800444	1.17242220759628	-7.971566387407967	-7.971566387407967	10.965218605950554	74.71815615633093	38.35645624217589	-0.010438340752143338	0.0009632770000535485	-0.011401617752196887	0.06226180315737199	-17.000572409845457	0.9061823899052324	0.7467176100947677	-0.13619063796143968	0.0	0.0	0.0	0.0	0	0	Medium	1.613793103448282	2.0
2025-08-29 16:00:00	0.725	0.744	0.7173	0.7367	2606432.0	1907572.6494	XTZUSDT	0.0	3.722291928063564	3.430284460485343	2.851555300019194	0.5574178695572654	1.613793103448282	1.613793103448282	3.722291928063564	-56.58725082613793	40.2671852120518	-0.014706610672352793	-0.00217070053442772	-0.012535910137925073	0.059721674360416845	-10.366224601533027	0.9030127520682589	0.7350272479317412	0.009957716749770163	0.0	0.0	0.0	0.0	0	0	Negative	-0.773720646124615	0.0
2025-08-30 16:00:00	0.7367	0.7482	0.7204	0.731	2507426.0	1839599.454	XTZUSDT	0.0	3.858967240421979	3.464067618061713	2.9366452752491012	0.6808040235496994	-0.773720646124615	-0.773720646124615	3.858967240421979	-3.798526107721207	39.62282224256711	-0.018337800944057125	-0.005404120616353601	-0.012933680327703524	0.05744155476324421	-8.55641731298474	0.9056098751972586	0.7219201248027416	0.04943049450367929	0.0	0.0	0.0	0.0	0	0	Negative	-3.666210670314628	0.0
2025-08-31 16:00:00	0.731	0.7415	0.7027	0.7042	3742070.0	2700792.5224	XTZUSDT	0.0	5.52155969830654	3.2578822316427125	2.699461402778105	1.02264322585596	-3.666210670314628	-3.666210670314628	5.52155969830654	49.23949899219359	36.6529810545298	-0.023111664536485832	-0.008945629400380049	-0.014166035136105783	0.0561100151372982	-12.565185001241613	0.8991627883852599	0.7089872116147399	-0.025172588909860037	0.0	0.0	0.0	0.0	0	0	Medium	0.8804316955410371	2.0
2025-09-01 16:00:00	0.7042	0.7276	0.6914	0.7104	4628996.0	3284569.5246	XTZUSDT	0.0	5.235753543534858	2.9640094265255543	2.692433093238279	1.1876063561547567	0.8804316955410371	0.8804316955410371	5.235753543534858	23.70148073125302	37.81421709218687	-0.026093903367744975	-0.012375284193853035	-0.01371861917389194	0.05468787119891976	-11.410400299289178	0.8931358955585122	0.6984241044414876	0.061505754170350826	0.0	0.0	0.0	0.0	0	0	High	3.476914414414406	3.0
2025-09-02 16:00:00	0.7104	0.7382	0.7104	0.7351	2584250.0	1879645.7936	XTZUSDT	0.0	3.9132882882882787	0.8562397952847687	2.7415254616500433	0.8041016918480066	3.4769144144144066	3.4769144144144066	3.9132882882882787	-44.172559233146885	42.34836708552557	-0.026162678482061996	-0.015132763051494828	-0.011029915430567168	0.05276730897042549	-12.321087786259548	0.8882145523672906	0.6922954476327092	0.21848074706792683	0.0	0.0	0.0	0.0	0	0	Negative	-4.312338457352735	0.0
2025-09-03 16:00:00	0.7351	0.7363	0.6999	0.7034	2568106.0	1840833.2174	XTZUSDT	0.0	5.200742963280467	0.795043777669908	2.359037357508882	0.8009888185578204	-4.312338457352735	-4.312338457352735	5.200742963280467	-0.6247073619038406	38.47141909305317	-0.02844718686527825	-0.017795647814251515	-0.010651539051026736	0.051598215472537956	-18.304297328687568	0.8891605802571311	0.6804594197428689	0.10992071247041954	0.0	0.0	0.0	0.0	0	0	Medium	1.3932328689223656	2.0
2025-09-04 16:00:00	0.7034	0.7305	0.6985	0.7132	3285356.0	2343439.6926	XTZUSDT	0.0	4.58124552612742	0.6450325778422976	2.3492716119769854	0.9772738981977155	1.3932328689223656	1.3932328689223656	4.58124552612742	27.92914311169399	40.29129776354291	-0.029131093013208154	-0.020062736854042845	-0.009068356159165309	0.050198342938785244	-13.541035277003278	0.8833375135323217	0.6731924864676783	0.19038049146894553	0.0	0.0	0.0	0.0	0	0	Negative	-1.2338754907459226	0.0
2025-09-05 16:00:00	0.7132	0.7221	0.7038	0.7044	1252426.0	894370.5178	XTZUSDT	0.0	2.6001705029838	1.0959976271323923	2.3619561874318316	0.43732602823606515	-1.2338754907459226	-1.2338754907459226	2.6001705029838	-61.87853005884294	39.17090468252104	-0.030036932952318907	-0.022057576073698057	-0.00797935687862085	0.04791988987172915	-12.35535647629712	0.8699676337579914	0.6696523662420086	0.17346472981755598	0.0	0.0	0.0	0.0	0	0	Medium	1.036342986939235	2.0
2025-09-06 16:00:00	0.7044	0.7139	0.7035	0.7117	2424498.0	1719582.3086	XTZUSDT	0.0	1.478322672352518	1.5094956167162898	2.5287206726273803	1.0006483067258478	1.036342986939235	1.036342986939235	1.478322672352518	93.58413191677593	40.64538349654777	-0.029821999195755344	-0.023610460698109518	-0.006211538497645826	0.045239897738034204	-10.104837691044583	0.8645137315940281	0.6640862684059718	0.23756091523921216	0.0	0.0	0.0	0.0	0	0	High	2.135731347477869	3.0
2025-09-07 16:00:00	0.7117	0.7296	0.7042	0.7269	3362702.0	2405808.5196	XTZUSDT	0.0	3.606929849474578	1.4974739101709544	1.2557155637985524	1.3040716079809584	2.135731347477869	2.135731347477869	3.606929849474578	38.69683538612942	43.70523667501313	-0.028101216347214075	-0.024508611827930432	-0.003592604519283643	0.04382276218531748	-8.761139701267727	0.8607928280827142	0.6605571719172858	0.33132374799373315	0.0	0.0	0.0	0.0	0	0	Negative	-1.2794056954188988	0.0
2025-09-08 16:00:00	0.7269	0.7467	0.7138	0.7176	5231874.0	3825610.9444	XTZUSDT	0.0	4.609134211263665	1.344400654712386	1.267388401373507	1.6815332095379683	-1.2794056954188988	-1.2794056954188988	4.609134211263665	55.585419106420964	42.26942823424472	-0.02717466321690709	-0.025041822105725763	-0.002132841111181328	0.04304256488636623	-8.910891089108903	0.8558717315459238	0.6566982684540762	0.3057723182622947	0.0	0.0	0.0	0.0	0	0	High	2.8706800445930813	3.0
2025-09-09 16:00:00	0.7176	0.742	0.7148	0.7382	2191776.0	1597494.2244	XTZUSDT	0.0	3.8052602126468944	1.2082597603757432	1.2684511842777402	0.7577038563047541	2.8706800445930813	2.8706800445930813	3.8052602126468944	-58.10724799565127	46.46480859311795	-0.02449574366220042	-0.024932606417020695	0.0004368627548202754	0.04191095310876864	1.8206896551724125	0.8507022950549826	0.6554977049450174	0.42366982768383493	0.0	0.0	0.0	0.0	0	0	Negative	-1.3275535085342618	0.0
2025-09-10 16:00:00	0.7382	0.7425	0.7246	0.7284	2850376.0	2092965.0812	XTZUSDT	0.0	2.4703284570797717	1.2261733297699524	1.2432739106458508	0.88734695595467	-1.3275535085342618	-1.3275535085342618	2.4703284570797717	30.048691107120433	44.79695651721866	-0.02289948767304617	-0.024525982668225792	0.001626494995179622	0.04019588502957088	-1.1266458531288142	0.8374443543023149	0.6577556456976852	0.3931485447856054	0.0	0.0	0.0	0.0	0	0	High	4.722679846238329	3.0
2025-09-11 16:00:00	0.7284	0.799	0.7284	0.7628	7243284.0	5579302.9918	XTZUSDT	0.0	9.692476661175178	2.819852391056635	2.2368094566976104	1.7345018767230593	4.722679846238329	4.722679846238329	9.692476661175178	154.1167902059237	51.392541783091815	-0.0186437373946714	-0.023349533613514918	0.004705796218843518	0.042367607527458676	4.35020519835842	0.8165132456615114	0.6688667543384887	0.6362037107675189	0.0	0.0	0.0	0.0	0	0	High	4.365495542737283	3.0
2025-09-12 16:00:00	0.7628	0.8122	0.7555	0.7961	7848212.0	6178953.6432	XTZUSDT	0.0	7.5049636002647375	2.931452339130028	2.4633008325730184	1.5470235542560486	4.365495542737283	4.365495542737283	7.5049636002647375	8.351570917280062	56.776268957515974	-0.012440585610820176	-0.02116774401297597	0.008727158402155794	0.04339134984692592	13.050269809713146	0.809517166339316	0.6729828336606839	0.9017304580021153	0.0	0.0	0.0	0.0	0	0	Negative	-4.44667755307122	0.0
2025-09-13 16:00:00	0.7961	0.807	0.7545	0.7607	5637966.0	4429951.6264	XTZUSDT	0.0	6.958250497017906	2.917867667173116	2.574674826033577	1.0938325399410376	-4.44667755307122	-4.44667755307122	6.958250497017906	-28.162414572898896	50.38711521771833	-0.010262724975485749	-0.01898674020547793	0.00872401522999218	0.04404196771500265	7.08051801801802	0.8018501075696277	0.6763498924303722	0.6721112587419283	0.0	0.0	0.0	0.0	0	0	Negative	-0.8413303536216736	0.0
2025-09-14 16:00:00	0.7607	0.7785	0.748	0.7543	3098898.0	2361276.2282	XTZUSDT	0.0	4.077540106951868	2.866748046293381	2.58283805380058	0.5807805137394815	-0.8413303536216736	-0.8413303536216736	4.077540106951868	-45.0351775799996	49.30681409778998	-0.008950011087682674	-0.01697939438191888	0.008029383294236206	0.04307468430678817	2.611889538838253	0.7956803584249049	0.6787796415750952	0.6460213458051836	0.0	0.0	0.0	0.0	0	0	High	2.293517168235448	3.0
2025-09-15 16:00:00	0.7543	0.7952	0.7498	0.7716	6452252.0	4990816.2728	XTZUSDT	0.0	6.054947986129633	2.0517504170513186	2.5035171036167054	1.0654097744127495	2.293517168235448	2.293517168235448	6.054947986129633	108.21117700550325	52.284866190370494	-0.006439480137549802	-0.014871411533045064	0.008431931395495262	0.04324077828487473	9.69576343474551	0.7901881672197801	0.68176183278022	0.8285640908561588	0.0	0.0	0.0	0.0	0	0	Negative	-1.218247796785895	0.0
2025-09-16 16:00:00	0.7716	0.7787	0.7594	0.7622	3536930.0	2722183.014	XTZUSDT	0.0	2.541480115880957	2.0739000418310347	2.3542530713361725	0.6654804811483354	-1.218247796785895	-1.218247796785895	2.541480115880957	-45.18301517051721	50.547277785959	-0.005149013095279931	-0.012926931845492038	0.007777918750212108	0.04153072269309797	6.870443073471684	0.7850229037910366	0.6843670962089634	0.773257953621532	0.0	0.0	0.0	0.0	0	0	High	3.503017580687492	3.0
2025-09-17 16:00:00	0.7622	0.7944	0.756	0.7889	4260516.0	3321231.305	XTZUSDT	0.0	5.079365079365078	1.7199254759035871	2.2935248553082634	0.926740588696996	3.5030175806874913	3.5030175806874913	5.079365079365078	20.4580243318358	55.11061588384356	-0.0019493706764613927	-0.010731419611685911	0.008782048935224518	0.04130709964359097	11.996024985803523	0.7932154335726331	0.6825645664273667	0.9609995503517598	0.0	0.0	0.0	0.0	0	0	Negative	-3.168969451134493	0.0
2025-09-18 16:00:00	0.7889	0.8323	0.7617	0.7639	6462498.0	5143866.5806	XTZUSDT	0.0	9.268740974136797	2.5208559550202	2.595657353319531	1.3570350862501321	-3.1689694511344935	-3.1689694511344935	9.268740974136797	51.683458060009634	50.419220843146505	-0.0014146152693931269	-0.008868058743227355	0.007453443473834228	0.043399449669048754	7.334551074891109	0.7957170346308344	0.6827829653691655	0.7182689436514136	0.0	0.0	0.0	0.0	0	0	Medium	0.955622463673252	2.0
2025-09-19 16:00:00	0.7639	0.7719	0.7493	0.7712	2480690.0	1879955.3272	XTZUSDT	0.0	3.0161484051781753	2.698924255510844	2.6720619168933526	0.5347954540888098	0.9556224636732521	0.9556224636732521	3.0161484051781753	-61.614069358319334	51.71185259206425	-0.00039719020380524217	-0.007173885035342932	0.00677669483153769	0.04191377469268814	6.094373366350255	0.7992506337264895	0.6832693662735105	0.7581451354817985	0.0	0.0	0.0	0.0	0	0	Negative	-2.1784232365145275	0.0
2025-09-20 16:00:00	0.7712	0.7719	0.7483	0.7544	1286942.0	975919.9014	XTZUSDT	0.0	3.1538153147133587	2.777758271373115	2.588665335853116	0.3569370613109605	-2.1784232365145275	-2.1784232365145275	3.1538153147133587	-48.121611325881105	48.573294735035404	-0.0009357068594979534	-0.005926249400173937	0.004990542540675984	0.0406056479289247	5.128205128205121	0.799425695126374	0.6881143048736261	0.5954978639280584	0.0	0.0	0.0	0.0	0	0	Negative	-7.476139978791093	0.0
2025-09-21 16:00:00	0.7544	0.7583	0.6639	0.698	11061414.0	7773977.3632	XTZUSDT	0.0	14.219008886880543	4.785407455266251	3.568077385260935	2.164485759660865	-7.476139978791093	-7.476139978791093	14.219008886880543	759.5114620550111	39.83281043103099	-0.005846103591342633	-0.005910220238407676	6.411664706504339e-05	0.04444810164828722	-5.445678677865079	0.8005284454303172	0.685771554569683	0.10655957423217172	0.0	0.0	0.0	0.0	0	0	Low	0.1289398280802309	1.0
2025-09-22 16:00:00	0.698	0.7033	0.685	0.6989	2608168.0	1815089.7032	XTZUSDT	0.0	2.671532846715326	5.129194089905312	3.694891082915588	0.5456484161817514	0.12893982808023094	0.12893982808023094	2.671532846715326	-76.42102537704493	40.01829374171994	-0.009554863383057444	-0.00663914886733763	-0.002915714515719814	0.04258038010198099	-4.049972542559044	0.8018200264550196	0.6808599735449804	0.14914036511240908	0.0	0.0	0.0	0.0	0	0	Medium	1.4165116611818602	2.0
2025-09-23 16:00:00	0.6989	0.7188	0.6916	0.7088	3322458.0	2351651.6052	XTZUSDT	0.0	3.9329091960670914	4.952269468980834	3.7046342253810436	0.8002192905552651	1.4165116611818602	1.4165116611818602	3.9329091960670914	27.386656074301964	42.13160712281479	-0.011561955944850544	-0.007623710282840214	-0.00393824566201033	0.041481781523268056	-7.079181961195601	0.8014549964491592	0.6817650035508408	0.22587516127707133	0.0	0.0	0.0	0.0	0	0	Negative	-5.643340857787815	0.0
2025-09-24 16:00:00	0.7088	0.7128	0.6594	0.6688	4677566.0	3164075.3924	XTZUSDT	0.0	8.098271155595997	4.86172816676977	3.762704650598734	1.0187868838119738	-5.643340857787815	-5.643340857787815	8.098271155595997	40.786309413091146	36.53121222690128	-0.01619358737138532	-0.009337685700549235	-0.006855901670836086	0.04233308284303462	-15.990453460620536	0.806177301188174	0.672602698811826	-0.028468726420849796	0.0	0.0	0.0	0.0	0	0	Negative	-0.0299043062200924	0.0
2025-09-25 16:00:00	0.6688	0.6698	0.6409	0.6686	2480564.0	1635462.6966	XTZUSDT	0.0	4.509283819628635	4.668358419556414	3.782925901393115	0.5135707119245951	-0.0299043062200924	-0.0299043062200924	4.509283819628635	-46.968915029739826	36.50508347537312	-0.01965377054178863	-0.011400902668797116	-0.008252867872991513	0.041373576925675004	-12.10726962008677	0.8097464621447222	0.6654535378552776	0.021806073722719147	0.0	0.0	0.0	0.0	0	0	Medium	0.8674842955429297	2.0
2025-09-26 16:00:00	0.6686	0.6844	0.6653	0.6744	1018678.0	686639.7606	XTZUSDT	0.0	2.8708853148955367	2.1927005516388696	3.754184470656487	0.3610429791838828	0.8674842955429297	0.8674842955429297	2.8708853148955367	-58.93361348467526	37.892420136644255	-0.021678087606442964	-0.013456339656326286	-0.008221747950116678	0.03978260714526965	-10.592602412833086	0.8122587551352509	0.6592112448647491	0.09924209226537369	0.0	0.0	0.0	0.0	0	0	Negative	-1.957295373665479	0.0
2025-09-27 16:00:00	0.6744	0.6764	0.6504	0.6612	1467614.0	973559.6028	XTZUSDT	0.0	3.9975399753997576	2.0006560299857954	3.7889063665317493	0.5659086842787162	-1.957295373665479	-1.957295373665479	3.9975399753997576	44.07045209575548	35.96635927788647	-0.024070038724261278	-0.015579079469913285	-0.008490959254347993	0.03879813520632182	-14.307931570762047	0.8155655942046969	0.6493344057953032	0.07138007204444839	0.0	0.0	0.0	0.0	0	0	Medium	0.635208711433754	2.0
2025-09-28 16:00:00	0.6612	0.6741	0.6499	0.6654	1934042.0	1287465.0616	XTZUSDT	0.0	3.7236497922757343	2.0223096593700043	3.588532927720194	0.8351893653596886	0.635208711433754	0.635208711433754	3.7236497922757343	31.781381207865284	37.062551798962744	-0.025334729329682948	-0.017530209441867218	-0.00780451988781573	0.03775541126301312	-12.700078719496194	0.8177944745877082	0.6418855254122917	0.1336741234481461	0.0	0.0	0.0	0.0	0	0	Negative	-2.13405470393748	0.0
2025-09-29 16:00:00	0.6654	0.6764	0.6476	0.6512	1593276.0	1057913.1026	XTZUSDT	0.0	4.4471896232242205	0.6651808668371095	3.527794565053342	0.9378639994895325	-2.1340547039374798	-2.1340547039374798	4.4471896232242205	-17.61936917605719	34.887959024259715	-0.02716963246122761	-0.019458094045739296	-0.007711538415488314	0.03711573902994076	-17.454683736848782	0.8197405787780626	0.6312394212219373	0.1058910143409571	0.0	0.0	0.0	0.0	0	0	Very High	6.464987714987719	4.0
2025-09-30 16:00:00	0.6512	0.696	0.6487	0.6933	3776974.0	2561740.5244	XTZUSDT	0.0	7.291506089101263	1.680681993655456	3.508633338537478	1.9288808512342062	6.464987714987719	6.464987714987719	7.291506089101263	137.05710749424455	45.16123038986938	-0.02493920463025867	-0.020554316162643173	-0.004384888467615498	0.03784318624208784	-9.242047388401623	0.8190051270073666	0.6284648729926332	0.3402699725715359	0.0	0.0	0.0	0.0	0	0	Medium	1.37025818548968	2.0
2025-10-01 16:00:00	0.6933	0.7163	0.6886	0.7028	3539462.0	2488174.1062	XTZUSDT	0.0	4.022654661632306	1.4735384664827134	1.7673869438492384	1.437477134953646	1.37025818548968	1.37025818548968	4.022654661632306	-6.288420306838225	47.18621145379844	-0.022149676219895387	-0.020873388174093614	-0.0012762880458017725	0.03711867293908157	-8.86929460580913	0.8146649584797085	0.6268050415202915	0.40452992692488793	0.0	0.0	0.0	0.0	0	0	High	2.404667046101313	3.0
2025-10-02 16:00:00	0.7028	0.7205	0.7007	0.7197	2931170.0	2080220.584	XTZUSDT	0.0	2.8257456828885457	1.689810454616229	1.7496960888728723	1.06395142361584	2.404667046101313	2.404667046101313	2.8257456828885457	-17.18600171438484	50.67555142659802	-0.01836358215229006	-0.020371426969732903	0.0020078448174428443	0.03588162487200432	-4.599681866383875	0.8042574587471623	0.6295725412528377	0.5159429906138893	0.0	0.0	0.0	0.0	0	0	Negative	-5.349451160205638	0.0
2025-10-03 16:00:00	0.7197	0.7344	0.6786	0.6812	4021020.0	2829819.8274	XTZUSDT	0.0	8.222811671087545	2.289680495480614	2.071845741914692	1.2675087766902102	-5.349451160205638	-5.349451160205638	8.222811671087545	37.181398554160964	43.60727367448354	-0.018259222616105908	-0.019948986099007505	0.0016897634829015976	0.037304365952575434	-2.4068767908309354	0.7991791419252287	0.6267008580747714	0.3159768331906681	0.0	0.0	0.0	0.0	0	0	Very High	7.251908396946565	4.0
2025-10-04 16:00:00	0.6812	0.7743	0.6789	0.7306	8108794.0	5931134.7344	XTZUSDT	0.0	14.052143172779502	4.393221636601879	3.4547664066506805	1.8118250450677513	7.251908396946565	7.251908396946565	14.052143172779502	101.66012603767203	52.71991497455373	-0.014028636396974714	-0.018764916158600948	0.004736279761626234	0.041454054098820046	4.535698955501511	0.7963234214113029	0.627186578588697	0.611418657730091	0.0	0.0	0.0	0.0	0	0	Negative	-0.3011223651793018	0.0
2025-10-05 16:00:00	0.7306	0.7308	0.7	0.7284	4373886.0	3126608.1304	XTZUSDT	0.0	4.4000000000000075	4.578233286438665	3.4587576847435266	0.9519071109445096	-0.30112236517930185	-0.30112236517930185	4.4000000000000075	-46.059968967025185	52.31447786716832	-0.010729702619627246	-0.01715787345080621	0.006428170831178963	0.04069305023461862	2.765237020316036	0.7900454934726924	0.6291445065273076	0.6168731177912732	0.0	0.0	0.0	0.0	0	0	Negative	-7.235035694673267	0.0
2025-10-06 16:00:00	0.7284	0.7314	0.6716	0.6757	5281632.0	3692805.0754	XTZUSDT	0.0	8.904109589041107	4.37948278220169	3.458839791436194	1.0684424519294842	-7.235035694673267	-7.235035694673267	8.904109589041107	20.753764501406756	43.65394010703721	-0.012226780684444605	-0.016171654897533888	0.003944874213089283	0.04205783236071729	1.0316985645933041	0.78320443654765	0.6273355634523499	0.3102892552387896	0.0	0.0	0.0	0.0	0	0	Medium	1.18395737753441	2.0
2025-10-07 16:00:00	0.6757	0.6895	0.6682	0.6837	2546390.0	1731587.9992	XTZUSDT	0.0	3.1876683627656366	4.281058349312238	3.524700625419471	0.5232654721272912	1.1839573775344099	1.1839573775344099	3.1876683627656366	-51.78781861364064	45.1386896358257	-0.012622191924008708	-0.015461762302828853	0.002839570378820145	0.04057513004923748	2.258450493568651	0.7682548796614052	0.6317651203385949	0.3805038555205782	0.0	0.0	0.0	0.0	0	0	Negative	-3.173906684218216	0.0
2025-10-08 16:00:00	0.6837	0.6996	0.6579	0.662	3326322.0	2256843.5394	XTZUSDT	0.0	6.338349293205647	4.312233250920562	3.4237279639876594	0.7036253802509148	-3.173906684218216	-3.173906684218216	6.338349293205647	30.62892958266408	41.91251552976492	-0.014519198542766842	-0.015273249550816452	0.00075405100804961	0.04065547790286338	-1.8386714116251435	0.7583665019522757	0.6314634980477244	0.24062867712133376	0.0	0.0	0.0	0.0	0	0	Negative	-1.4199395770392862	0.0
2025-10-09 16:00:00	0.662	0.6894	0.6458	0.6526	3952732.0	2653644.025	XTZUSDT	0.0	6.751316196965	2.210598340751438	3.3568855509770588	1.0145115010234094	-1.4199395770392862	-1.4199395770392862	6.751316196965	18.831911041685082	40.56015868880709	-0.01658985388746026	-0.015536570418145214	-0.0010532834693150455	0.0408658009098017	-1.3006654567453193	0.7444797303804569	0.633490269619543	0.17217608094899972	0.0	0.0	0.0	0.0	0	0	Negative	-8.688323628562669	0.0
2025-10-10 16:00:00	0.6526	0.6657	0.4346	0.5959	24968950.0	14120255.9954	XTZUSDT	0.0	53.175333640128855	21.064535029990306	15.127983621564772	3.115197849207903	-8.688323628562669	-8.688323628562669	53.175333640128855	531.6884119641808	33.53192826004883	-0.02254618096506955	-0.01693849252753008	-0.0056076884375394695	0.054453957987673	-10.444845205891195	0.7419334884822577	0.6201865115177423	-0.19948348717373815	0.0	0.0	0.0	0.0	0	0	High	4.228897466017789	3.0
2025-10-11 16:00:00	0.5959	0.6218	0.5571	0.6211	5660302.0	3318102.3244	XTZUSDT	0.0	11.61371387542631	20.88096616435653	14.917474599204812	0.6995852842399309	4.228897466017789	4.228897466017789	11.61371387542631	-77.3306366507202	38.62240415050005	-0.024945626043366698	-0.018539919230697408	-0.00640570681266929	0.055185818131410644	-4.6222358722358745	0.7428510655432632	0.6115789344567368	0.0725292220401866	0.0	0.0	0.0	0.0	0	0	High	2.59217517308002	3.0
2025-10-12 16:00:00	0.6211	0.651	0.6193	0.6372	2939442.0	1869297.8248	XTZUSDT	0.0	5.118682383336035	20.595732452022634	14.778669969652096	0.35980465801933564	2.5921751730800198	2.5921751730800198	5.118682383336035	-48.069166627505034	41.69470217526278	-0.025256922032991347	-0.019883319791156196	-0.005373602241835151	0.05350825969345274	-8.091735179575947	0.7411838321052535	0.6070761678947465	0.22462423965544961	0.0	0.0	0.0	0.0	0	0	Negative	-2.3540489642184577	0.0
2025-10-13 16:00:00	0.6372	0.6597	0.5878	0.6222	3633596.0	2254904.6682	XTZUSDT	0.0	12.232051718271515	20.022320498449165	14.713736996902039	0.4414523214202145	-2.3540489642184577	-2.3540489642184577	12.232051718271515	23.61516233353133	39.7008046081029	-0.026409567927620392	-0.021188569418449037	-0.005220998509171355	0.05482195542963469	-11.468412066021628	0.7385034496950444	0.6010965503049555	0.15358362490323893	0.0	0.0	0.0	0.0	0	0	Negative	-2.716168434586954	0.0
2025-10-14 16:00:00	0.6222	0.6407	0.601	0.6053	4597390.0	2862320.4496	XTZUSDT	0.0	6.605657237936784	20.042471032332184	14.81885958930722	0.5499312434927731	-2.716168434586954	-2.716168434586954	6.605657237936784	26.524522814313972	37.523565176820235	-0.02835982248406632	-0.022622820031572496	-0.005737002452493825	0.05374181575608936	-15.89551201889677	0.7408657671027146	0.5923842328972855	0.08698567920806288	0.0	0.0	0.0	0.0	0	0	Negative	-1.4373038162894318	0.0
2025-10-15 16:00:00	0.6053	0.6241	0.5939	0.5966	3936010.0	2398665.0792	XTZUSDT	0.0	5.085031150025258	3.5223066068545354	14.782220892852354	0.9476716133586687	-1.4373038162894318	-1.4373038162894318	5.085031150025258	-14.385988571776595	36.416378457821345	-0.030258627934454885	-0.024149981612148975	-0.00610864632230591	0.052060257487797267	-12.419260129183794	0.7432731868954027	0.5827768131045973	0.0861277209503823	0.0	0.0	0.0	0.0	0	0	Negative	-3.553469661414683	0.0
2025-10-16 16:00:00	0.5966	0.609	0.554	0.5754	3543694.0	2052050.23105	XTZUSDT	0.0	9.927797833935006	3.168492986771988	14.762691262705522	0.9500452865427441	-3.553469661414683	-3.553469661414683	9.927797833935006	-9.967352725221733	33.799249506488835	-0.033092636444765455	-0.025938512578672274	-0.007154123866093182	0.052270239095811744	-21.242814125376402	0.7466837552107546	0.5694662447892453	0.033482894532494714	0.0	0.0	0.0	0.0	2025-10-22 17:57:43.845313+00:00	2025-10-22 17:57:43.849149+00:00	Medium	0.990615224191854	2.0
2025-10-17 16:00:00	0.5754	0.5921	0.5704	0.5811	1578800.5	916058.2056	XTZUSDT	0.0	3.8043478260869463	3.484662335854412	14.723007638123969	0.45657808713333686	0.9906152241918539	0.9906152241918539	3.8043478260869463	-55.44760636781844	35.14874193285783	-0.03448118856600857	-0.027647047776139536	-0.006834140789869034	0.050086650588968044	-20.222405271828677	0.7487823455522004	0.5593576544477995	0.11478094764434495	0.0	0.0	0.0	0.0	2025-10-22 17:57:43.845313+00:00	2025-10-22 17:57:43.849149+00:00	High	3.218034761658932	3.0
2025-10-18 16:00:00	0.5811	0.6041	0.5759	0.5998	934075.0	548668.5389	XTZUSDT	0.0	4.896683451988193	2.3795672977414144	14.792211301590624	0.32010861982953426	3.2180347616589318	3.2180347616589318	4.896683451988193	-40.83641346705933	39.50560687170326	-0.03368439961751235	-0.0288545181444141	-0.004829881473098249	0.04852331840404176	-11.232795619357699	0.7482105707230223	0.5533694292769776	0.2382996238804108	0.0	0.0	0.0	0.0	2025-10-22 17:57:43.845313+00:00	2025-10-22 17:57:43.849149+00:00	Negative	-0.4168056018672801	0.0
2025-10-19 16:00:00	0.5998	0.6128	0.5863	0.5973	852750.0	513239.825	XTZUSDT	0.0	4.519870373528905	2.4428365639263823	14.895335084084163	0.3931415822820321	-0.41680560186728016	-0.41680560186728016	4.519870373528905	-8.706474319513957	39.12714948450618	-0.032875697169345686	-0.029658753949400422	-0.0032169432199452633	0.04695022423232449	-12.637121544537067	0.7482644459403633	0.5479255540596366	0.24645462234940826	0.0	0.0	0.0	0.0	2025-10-22 17:57:43.845313+00:00	2025-10-22 17:57:43.849149+00:00	High	2.996819018918452	3.0
2025-10-20 16:00:00	0.5973	0.619	0.5768	0.6152	1085710.0	643389.9088	XTZUSDT	0.0	7.316227461858532	2.5172305579453096	3.079617776709546	0.6789906153567038	2.996819018918452	2.996819018918452	7.316227461858532	27.318674875403108	43.314397826594764	-0.030439526337655565	-0.02981490842705145	-0.0006246179106041139	0.04661092250144417	-7.069486404833847	0.7430871162370236	0.5452928837629762	0.35343354233645946	0.0	0.0	0.0	0.0	2025-10-22 17:57:43.845313+00:00	2025-10-22 17:57:43.849149+00:00	Negative	-4.079973992197662	0.0
2025-10-21 16:00:00	0.6152	0.617	0.5817	0.5901	2136610.0	1276982.0616	XTZUSDT	0.0	6.06842014784253	1.3839848689182683	2.6479569464420822	1.6216057039330394	-4.079973992197662	-4.079973992197662	6.06842014784253	96.79380313343341	39.23850372150996	-0.030186235499862435	-0.02988917384161365	-0.0002970616582487866	0.04580299946562673	-9.57707631014404	0.7362880338217296	0.5408219661782704	0.25210531124826946	0.0	0.0	0.0	0.0	2025-10-22 17:57:43.845313+00:00	2025-10-22 17:57:43.849149+00:00	Medium	1.0167768174885623	2.0
2025-10-22 16:00:00	0.5901	0.5992	0.5652	0.5961	1194398.0	696103.3543	XTZUSDT	0.0	6.015569709837211	1.102889780926083	2.6087071480997417	0.9626740718973011	1.0167768174885623	1.0167768174885623	6.015569709837211	-44.098455029228546	40.67560101177913	-0.029165153099883545	-0.029744369693267627	0.0005792165933840819	0.044959928075224816	0.03356267830172478	0.7242584016566609	0.5404915983433389	0.3026030852909208	0.102012	0.0	102012000.0	0.051006	2025-10-23 19:17:47.514541+00:00	2025-10-23 19:17:47.518460+00:00	Negative	-1.04009394396913	0.0
2025-10-23 16:00:00	0.5961	0.607	0.5864	0.5899	715725.0	426331.115	XTZUSDT	0.0	3.5129604365620652	1.4828755497468686	1.8937972502256946	0.5979130497546193	-1.0400939439691301	-1.0400939439691301	3.5129604365620652	-40.07650716092961	39.632481430987056	-0.028527380244061096	-0.029500971803426323	0.0009735915593652271	0.04321993321270875	-5.0233456770246345	0.7186023543036486	0.5370176456963514	0.29122691392486266	0.095624	0.0	95624000.0	0.047812	2025-10-24 23:31:49.535964+00:00	2025-10-24 23:31:49.540112+00:00	High	2.559755890828954	3.0
2025-10-24 16:00:00	0.5899	0.6089	0.5874	0.605	280602.0	167590.695	XTZUSDT	0.0	3.6601974804221933	1.6620069667903075	1.977499783620508	0.25919052954483107	2.559755890828954	2.559755890828954	3.6601974804221933	-60.7947186419365	43.43702288220395	-0.02649804390124788	-0.028900386222990637	0.0024023423217427557	0.04166850941180098	-5.053358443188953	0.699481269393123	0.543578730606877	0.3939722205379612	0.090118	0.0	90118000.0	0.045059	2025-10-25 23:30:43.629267+00:00	2025-10-25 23:30:43.633231+00:00	Medium	1.4049586776859608	2.0
2025-10-25 16:00:00	0.605	0.6198	0.5993	0.6135	393862.0	239506.7348	XTZUSDT	0.0	3.4206574336726114	1.3779573754545846	2.081793866932714	0.41712091234489895	1.4049586776859608	1.4049586776859608	3.4206574336726114	40.363219078980194	45.51851418558626	-0.02392807333179303	-0.02790592364475112	0.003977850312958088	0.04015647302524377	-1.3982642237222647	0.6763905863761684	0.5551794136238316	0.4811486024917127	0.0966969999999999	0.0	96697000.0	0.0483484999999999	2025-10-26 23:32:16.254369+00:00	2025-10-26 23:32:16.258268+00:00	Negative	-1.352893235533836	0.0
2025-10-26 16:00:00	0.6135	0.6213	0.6009	0.6052	437487.0	267158.5009	XTZUSDT	0.0	3.394907638542182	1.1310355248044088	1.3798663672474445	0.7238191387768796	-1.3528932355338361	-1.3528932355338361	3.394907638542182	11.076214511681757	43.82267346394635	-0.022303987292114247	-0.026785536374223748	0.004481549082109501	0.0387452963805835	-0.016520733520566495	0.6663689789221641	0.558151021077836	0.4347612897098289	0.091825	0.0	91825000.0	0.0459125	2025-10-27 23:31:43.307665+00:00	2025-10-27 23:31:43.311498+00:00	Low	0.3469927296761386	1.0
2025-10-27 16:00:00	0.6052	0.62	0.5955	0.6073	1406510.0	853770.9883	XTZUSDT	0.0	4.114189756507131	0.29483010112962094	1.3618548955883925	2.1744420388932486	0.3469927296761386	0.3469927296761386	4.114189756507131	221.49755307014834	44.38721707410514	-0.020609857348866112	-0.025550400569152223	0.004940543220286111	0.03772777521054182	1.7934964800536257	0.6514934272735537	0.5653865727264464	0.4867606358866997	0.105637	0.0	105637000.0	0.0528185	2025-10-28 23:33:35.473347+00:00	2025-10-28 23:33:35.477208+00:00	Negative	-3.359130577968051	0.0
2025-10-28 16:00:00	0.6073	0.6117	0.5792	0.5869	474679.0	281112.4617	XTZUSDT	0.0	5.611187845303863	0.9244071652096898	1.3921942436576074	0.7929448672631417	-3.359130577968051	-3.359130577968051	5.611187845303863	-66.25128865063171	40.164655149222945	-0.020675027822402603	-0.0245753260198023	0.0039002981973996972	0.037354362695503115	1.9986096628432315	0.6409652577168238	0.5684047422831763	0.2548942438775338	0.096123	0.0	96123000.0	0.0480615	2025-10-29 23:33:54.340426+00:00	2025-10-29 23:33:54.344454+00:00	Negative	-4.958255239393425	0.0
2025-10-29 16:00:00	0.5869	0.6005	0.5557	0.5578	658242.0	382772.1427	XTZUSDT	0.0	8.061903904984716	1.9731044166330434	1.732369318636954	0.9763941876954295	-4.958255239393425	-4.958255239393425	8.061903904984716	38.67097554347254	35.04344694220305	-0.022811841978906622	-0.024222629211623166	0.001410787232716544	0.037886193931538616	-4.0096368955429345	0.6346848603911865	0.5652051396088134	-0.10657987000275995	0.105319	0.0	105319000.0	0.0526595	2025-10-30 23:36:49.969236+00:00	2025-10-30 23:36:49.973250+00:00	High	3.657224811760503	3.0
2025-10-30 16:00:00	0.5578	0.5821	0.5454	0.5782	727977.0	411578.6059	XTZUSDT	0.0	6.729006233956721	1.897645793586781	1.6579150767051485	0.982452944010559	3.657224811760503	3.657224811760503	6.729006233956721	10.594127995478866	40.74718101541474	-0.022598669685809702	-0.023897837306460473	0.0012991676206507707	0.03780146579357157	-3.6012004001333695	0.6350464085454374	0.5630735914545625	0.21016835462114175	0.088497	0.0	88497000.0	0.0442485	2025-10-31 23:31:09.443872+00:00	2025-10-31 23:31:09.447817+00:00	Low	0.4150812867519816	1.0
2025-10-31 16:00:00	0.5782	0.5862	0.5636	0.5806	378835.0	218627.0654	XTZUSDT	0.0	4.009936124911296	1.733227046346339	1.6463967555812709	0.5194867703551299	0.4150812867519816	0.4150812867519816	4.009936124911296	-47.96058117220736	41.39911887460015	-0.021982666667733075	-0.023514803178714995	0.0015321365109819199	0.03671564680831646	-2.795914950611091	0.6323849801980018	0.5616850198019981	0.26753876652908326	0.089199	0.0	89199000.0	0.0445995	2025-11-01 23:19:43.672020+00:00	2025-11-01 23:19:43.675609+00:00	Negative	-2.359627971064424	0.0
2025-11-01 16:00:00	0.5806	0.5843	0.564	0.5669	403114.0	231936.0685	XTZUSDT	0.0	3.5992907801418608	1.861912050839011	1.6340892201636095	0.7626510350391074	-2.359627971064424	-2.359627971064424	3.5992907801418608	6.408858737972996	38.77636075018321	-0.022342405993539316	-0.02328032374167986	0.0009379177481405425	0.035543100607722436	-7.8511053315994825	0.6260650211245762	0.5609749788754239	0.09102807310980374	0.102959	0.0	102959000.0	0.0514795	2025-11-02 23:20:00.737511+00:00	2025-11-02 23:20:00.741716+00:00	Negative	-7.355794672781789	0.0
2025-11-02 16:00:00	0.5669	0.5797	0.5106	0.5252	1284669.0	692502.1095	XTZUSDT	0.0	13.533098315706999	4.006668524321936	3.2038443407577284	1.860309362996284	-7.355794672781789	-7.355794672781789	13.533098315706999	218.68627733097833	32.108489701410306	-0.02569613445685137	-0.023763485884714164	-0.0019326485721372078	0.03794002199288511	-10.998135909167932	0.6303125791708329	0.5470274208291671	-0.26208055869478136	0.109139	0.0	109139000.0	0.0545695	2025-11-03 23:20:55.077954+00:00	2025-11-03 23:20:55.081767+00:00	Medium	1.0472201066260376	2.0
2025-11-03 16:00:00	0.5252	0.5447	0.5125	0.5307	677632.0	356324.1566	XTZUSDT	0.0	6.282926829268294	3.988460057503642	3.1327440089896847	0.9757887373146974	1.0472201066260376	1.0472201066260376	6.282926829268294	-47.2524050942305	33.727191460978844	-0.027592119612359745	-0.024529212630243283	-0.0030629069821164617	0.037530020421964745	-10.971313537996984	0.6328487215441935	0.5370312784558066	-0.06607647054374344	0.099237	0.0	99237000.0	0.0496185	2025-11-04 23:21:26.103740+00:00	2025-11-04 23:21:26.107784+00:00	Medium	0.7537214999057856	2.0
2025-11-04 16:00:00	0.5307	0.5347	0.4939	0.5347	607274.0	311562.222	XTZUSDT	0.0	8.260781534723618	4.0372117349859655	3.0848260083513277	0.9059669571215959	0.7537214999057856	0.7537214999057856	8.260781534723618	-10.382921703815642	34.942072017339825	-0.028444049638899238	-0.025312180031974475	-0.003131869606924763	0.037763590391824406	-9.357518223427705	0.6341379239954992	0.5295520760045007	0.04922199412622548	0.10207	0.0	102070000.0	0.051035	2025-11-05 23:21:33.375080+00:00	2025-11-05 23:21:33.378870+00:00	Very High	14.101365251542926	4.0
2025-11-05 16:00:00	0.5347	0.6411	0.5246	0.6101	2987466.0	1734742.5539	XTZUSDT	0.0	22.207396111322925	7.353529618615952	5.701978292915731	2.5061982448443034	14.101365251542926	14.101365251542926	22.207396111322925	391.9469629854069	52.58616469944245	-0.022772552655260347	-0.02480425455663165	0.002031701901371301	0.04338761964955124	0.8429752066115691	0.6371884918646203	0.5299715081353796	0.7473488721429805	0.1039749999999999	0.0	103974999.99999996	0.0519874999999999	2025-11-06 23:21:17.576802+00:00	2025-11-06 23:21:17.580756+00:00	Very High	6.097361088346174	4.0
2025-11-06 16:00:00	0.6101	0.67	0.5861	0.6473	8471890.0	5313891.3881	XTZUSDT	0.0	14.314963316840146	6.211614032810077	5.793391580203268	3.0194353368763447	6.097361088346174	6.097361088346174	14.314963316840146	183.58113531668644	58.557858962908895	-0.015102034475426351	-0.022863810540390588	0.007761776064964237	0.04628136110315473	5.509372453137725	0.6472295691068397	0.5265504308931603	1.0005836211146584	0.1038389999999999	0.0	103838999.99999996	0.0519194999999999	2025-11-07 23:20:40.876420+00:00	2025-11-07 23:20:40.880466+00:00	Low	0.0154487872701975	1.0
2025-11-07 16:00:00	0.6473	0.7468	0.6455	0.6474	6387737.0	4453566.8117	XTZUSDT	0.0	15.693261037955084	6.338752691778082	5.962452117393566	1.6693856716174824	0.015448787270197587	0.015448787270197587	15.693261037955084	-24.60080336264989	58.5729638709135	-0.00891228906985364	-0.0200735062462832	0.01116121717642956	0.05021126388150082	6.972901520158628	0.6549751322196301	0.5235648677803698	0.9423550949238713	0.0	0.0	0.0	0.0	2025-11-09 23:20:02.424279+00:00	2025-11-09 23:20:02.428169+00:00	Negative	-2.440531356193996	0.0
2025-11-08 16:00:00	0.6474	0.6513	0.6128	0.6316	1022167.0	644426.6134	XTZUSDT	0.0	6.282637075718012	6.338833475442633	6.0613682622175125	0.2624098825797239	-2.4405313561939956	-2.4405313561939956	6.282637075718012	-83.99797925305941	55.152515823376596	-0.005221607751301094	-0.01710312654728678	0.011881518795985688	0.049374745032822194	4.001317306109024	0.6591822807375711	0.5227877192624288	0.7977758025007624	0.084695	0.0	84695000.0	0.0423475	2025-11-09 23:20:02.424279+00:00	2025-11-09 23:20:02.428169+00:00	Medium	0.6016466117795938	2.0
2025-11-09 16:00:00	0.6316	0.6628	0.6221	0.6354	1322100.0	847482.2094	XTZUSDT	0.0	6.542356534319235	6.7190535155581586	6.073148318941871	0.32739250847887413	0.6016466117795938	0.6016466117795938	6.542356534319235	29.342856891290758	55.8207297593127	-0.001967408909115509	-0.014075983019652528	0.01210857411053702	0.0487551203876206	8.26375873232237	0.6621666032309302	0.5218233967690699	0.8092775282414232	0.074923	0.0	74923000.0	0.0374615	2025-11-10 23:22:14.107417+00:00	2025-11-10 23:22:14.111337+00:00	Negative	-3.6040289581365945	0.0
2025-11-10 16:00:00	0.6354	0.6391	0.6037	0.6125	1200733.0	745573.0755	XTZUSDT	0.0	5.863839655458007	4.83669581804969	5.893141106782584	0.3262041116073692	-3.6040289581365945	-3.6040289581365945	5.863839655458007	-9.179865365706073	50.8989431796506	-0.0012221829340799406	-0.011505223002538012	0.010283040068458071	0.04780118321707627	9.80638221584799	0.663842710976668	0.5223872890233319	0.6370396392892942	0.08291	0.0	82909999.99999999	0.041455	2025-11-11 23:21:06.071826+00:00	2025-11-11 23:21:06.075743+00:00	Negative	-4.408163265306127	0.0
2025-11-11 16:00:00	0.6125	0.6159	0.5832	0.5855	733281.0	437803.3458	XTZUSDT	0.0	5.606995884773654	4.317115680438237	5.67109758571761	0.3437463728262975	-4.4081632653061265	-4.4081632653061265	5.606995884773654	-38.93055325372085	45.77431790096034	-0.0027782345726238278	-0.009759825316555174	0.006981590743931346	0.046722527272999394	1.2625389138706282	0.6633741312278876	0.5217958687721125	0.44995700697899754	0.083953	0.0	83953000.0	0.0419765	2025-11-12 23:22:10.586619+00:00	2025-11-12 23:22:10.590682+00:00	Medium	1.0589239965841133	2.0
2025-11-12 16:00:00	0.5855	0.6091	0.5709	0.5917	640995.0	376482.9248	XTZUSDT	0.0	6.691189350148891	0.4555018700908397	5.6717123535930565	0.6515135560598755	1.0589239965841133	1.0589239965841133	6.691189350148891	-12.58535268198685	47.091634911192564	-0.003471115661823454	-0.00850208338560883	0.005030967723785376	0.04611377532492801	1.9118153634171544	0.663454824102629	0.5218951758973711	0.49311244403075705	0.095979	0.0	95979000.0	0.0479895	2025-11-13 23:21:53.980174+00:00	2025-11-13 23:21:53.984063+00:00	Negative	-4.512421835389565	0.0
2025-11-13 16:00:00	0.5917	0.594	0.5468	0.565	1312238.0	738093.0865	XTZUSDT	0.0	8.632040965618145	1.1880848005779245	5.55854249388143	1.2595033504199278	-4.512421835389565	-4.512421835389565	8.632040965618145	104.71891356406837	42.32327727374367	-0.006104328872315268	-0.008022532482950118	0.0019182036106348502	0.04619136280171887	-0.3351561121891009	0.6622052977765301	0.5191447022234698	0.3205305947403435	0.075427	0.0	75426999.99999999	0.0377135	2025-11-14 23:20:47.810650+00:00	2025-11-14 23:20:47.814330+00:00	High	3.008849557522127	3.0
2025-11-14 16:00:00	0.565	0.5821	0.545	0.582	818449.0	462607.1826	XTZUSDT	0.0	6.807339449541268	1.1870285578170245	5.627919021176321	0.8696365001054042	3.008849557522127	3.008849557522127	6.807339449541268	-37.629530618683496	46.06779243451544	-0.006741697297944715	-0.007766365445949038	0.0010246681480043226	0.04554197974445323	10.814927646610807	0.6599344266582223	0.5182655733417776	0.44988312650388457	0.0885269999999999	0.0	88526999.99999997	0.0442634999999999	2025-11-15 23:20:46.674222+00:00	2025-11-15 23:20:46.678239+00:00	Negative	-6.065292096219931	0.0
2025-11-15 16:00:00	0.582	0.5884	0.5449	0.5467	2395854.0	1368030.4973	XTZUSDT	0.0	7.983116168104236	1.1831252286880274	3.5902998925829923	2.030103628023035	-6.065292096219931	-6.065292096219931	7.983116168104236	192.7310070633601	40.2275712156997	-0.00998018598129602	-0.008209129553018434	-0.0017710564282775853	0.045396124048420854	3.0148859996231425	0.6589142844341974	0.5134357155658026	0.22865419073712123	0.116022	0.0	116022000.0	0.058011	2025-11-16 23:20:40.501415+00:00	2025-11-16 23:20:40.505283+00:00	Negative	-1.591366380098762	0.0
2025-11-16 16:00:00	0.5467	0.5601	0.5284	0.538	886007.0	484526.686	XTZUSDT	0.0	5.999242997729005	1.0625852477622382	2.99200348033964	0.7318086284346208	-1.5913663800987619	-1.5913663800987619	5.999242997729005	-63.01915726083476	38.918050992170365	-0.013097746220602113	-0.00918685288653517	-0.003910893334066943	0.044417829473533656	0.6171685057041483	0.6576625956855335	0.5077574043144664	0.20174481890138674	0.1077969999999999	0.0	107796999.99999996	0.0538984999999999	2025-11-17 23:21:22.522152+00:00	2025-11-17 23:21:22.526470+00:00	Medium	0.6133828996282471	2.0
2025-11-17 16:00:00	0.538	0.5465	0.5188	0.5413	922199.0	489453.8644	XTZUSDT	0.0	5.339244410177322	1.3615607934804546	1.0365327107737499	0.7278893695359894	0.6133828996282471	0.6133828996282471	5.339244410177322	4.084843573470639	39.719625159072514	-0.015127769243185485	-0.010375036157865234	-0.004752733085320251	0.04322369879685268	-11.27683986231765	0.6574789740359925	0.5033810259640075	0.2460705967238391	0.108264	0.0	108264000.0	0.054132	2025-11-19 01:45:53.349639+00:00	2025-11-19 01:45:53.353869+00:00	Negative	-3.3622760022168845	0.0
2025-11-18 16:00:00	0.5413	0.5508	0.5222	0.5231	507943.0	273042.4869	XTZUSDT	0.0	5.476828801225577	1.0930636665821865	1.0916272169754093	0.45922376688198363	-3.3622760022168845	-3.3622760022168845	5.476828801225577	-44.920456430770365	36.84763727658255	-0.017997698742438284	-0.011899568674779846	-0.006098130067658438	0.04217914888279177	-19.187393789587514	0.6591898812037079	0.498200118796292	0.15466748215140547	0.113819	0.0	113819000.0	0.0569095	2025-11-20 01:44:28.887099+00:00	2025-11-20 01:44:28.890990+00:00	Medium	1.7778627413496415	2.0
2025-11-19 16:00:00	0.5231	0.5469	0.5092	0.5324	794942.0	418835.6618	XTZUSDT	0.0	7.403770620581317	1.187822451846783	1.1291891194092891	0.7217631554337296	1.7778627413496415	1.7778627413496415	7.403770620581317	56.50220595618012	39.264309118316	-0.019299236683534393	-0.013379502276530756	-0.005919734407003637	0.041859209676878076	-17.763361136855114	0.6593932274783542	0.49341677252164595	0.23487203343704421	0.0989409999999999	0.0	98941000.0	0.0494704999999999	2025-11-21 01:45:21.821120+00:00	2025-11-21 01:45:21.825101+00:00	Negative	-8.114199849737034	0.0
2025-11-20 16:00:00	0.5324	0.5335	0.4717	0.4892	2676842.0	1325061.2436	XTZUSDT	0.0	13.101547593809618	3.255553683151983	2.31539881845444	2.312433471500102	-8.114199849737034	-8.114199849737034	13.101547593809618	236.73425231023143	32.95557220731105	-0.023545179666632166	-0.01541263775455104	-0.008132541912081126	0.043283551842815356	-22.54591513616213	0.6630541268320358	0.48061587316796417	0.047052230876108	0.0889619999999999	0.0	88961999.99999999	0.0444809999999999	2025-11-22 01:41:33.520330+00:00	2025-11-22 01:41:33.524584+00:00	Negative	-0.6541291905151342	0.0
2025-11-21 16:00:00	0.4892	0.5162	0.4794	0.486	1477400.0	730611.7573	XTZUSDT	0.0	7.676261994159366	3.1516327948780334	2.2380465258713915	1.1579593204673975	-0.6541291905151342	-0.6541291905151342	7.676261994159366	-44.808098498155665	32.53851739954089	-0.02685872269137679	-0.01770185474191619	-0.0091568679494606	0.04282044099689997	-23.512747875354105	0.6664010521189131	0.46917894788108666	0.08528989275273696	0.0989869999999999	0.0	98986999.99999996	0.0494934999999999	2025-11-23 01:58:06.441575+00:00	2025-11-23 01:58:06.445598+00:00	Medium	1.6872427983539064	2.0
2025-11-22 16:00:00	0.486	0.4985	0.4818	0.4942	694084.0	339712.2946	XTZUSDT	0.0	3.4661685346616835	3.597029796096975	2.5761414307688617	0.5641848410012272	1.6872427983539064	1.6872427983539064	3.4661685346616835	-53.01989982401516	34.814980588307776	-0.028494590044765067	-0.019860401802485966	-0.0086341882422791	0.040954695211407106	-19.314285714285724	0.6683910920156951	0.4640889079843048	0.14738507157157316	0.09681	0.0	96810000.0	0.048405	2025-11-24 01:53:01.100014+00:00	2025-11-24 01:53:01.103920+00:00	Negative	-0.4046944556859462	0.0
2025-11-23 16:00:00	0.4942	0.4978	0.481	0.4922	839977.0	410957.0064	XTZUSDT	0.0	3.4927234927235005	3.9570901832156737	2.7621009372389276	0.6478059983850679	-0.40469445568594625	-0.40469445568594625	3.4927234927235005	21.019501962298513	34.50910887070084	-0.02961107198779278	-0.02181053583954733	-0.007800536148245451	0.039229359839163744	-15.935098206660973	0.6704459997126145	0.45818400028738526	0.16025477855068038	0.056658	0.0	56658000.0	0.028329	2025-11-25 01:47:29.502295+00:00	2025-11-25 01:47:29.506052+00:00	Medium	0.6095083299471652	2.0
2025-11-24 16:00:00	0.4922	0.5127	0.487	0.4952	553034.0	277259.7094	XTZUSDT	0.0	5.277207392197137	4.02039393379615	2.7961053251638748	0.4430412906721749	0.6095083299471652	0.6095083299471652	5.277207392197137	-34.16081630806558	35.42556092546589	-0.029909044199705526	-0.02343023751157897	-0.006478806688126556	0.03826297699350919	-16.30894034138922	0.6720129392329713	0.4526670607670288	0.19390808494072162	0.07304	0.0	73040000.0	0.03652	2025-11-26 01:46:45.258757+00:00	2025-11-26 01:46:45.262677+00:00	Negative	-0.3432956381260055	0.0
2025-11-25 16:00:00	0.4952	0.5116	0.491	0.4935	633579.0	317238.8389	XTZUSDT	0.0	4.195519348268852	1.7572533543267879	2.8324304928745256	0.7546067553835402	-0.3432956381260055	-0.3432956381260055	4.195519348268852	14.56420400915676	35.12559981784587	-0.02993726693895682	-0.024731643397054543	-0.005205623541902276	0.03700133577968711	-12.654867256637162	0.6677924496495247	0.4452275503504754	0.21689156646692673	0.1077589999999999	0.0	107758999.99999996	0.0538794999999999	2025-11-27 01:45:02.309254+00:00	2025-11-27 01:45:02.313013+00:00	High	4.235055724417421	3.0
2025-11-26 16:00:00	0.4935	0.5182	0.4935	0.5144	389871.0	198576.5633	XTZUSDT	0.0	5.005065856129686	0.8380239942642923	2.8553858750743006	0.6266924284972569	4.235055724417421	4.235055724417421	5.005065856129686	-38.4652900427571	41.66529176315827	-0.027950976869265398	-0.025375510091496717	-0.0025754667777686813	0.03612266893828088	-11.615120274914089	0.6543314783554943	0.44539852164450555	0.3302565542636831	0.084512	0.0	84512000.0	0.042256	2025-11-28 01:45:04.995413+00:00	2025-11-28 01:45:04.999125+00:00	Negative	-1.2247278382581597	0.0
2025-11-27 16:00:00	0.5144	0.515	0.4998	0.5081	336750.0	170672.5357	XTZUSDT	0.0	3.0412164865946356	0.9554473602411274	3.006814285858268	0.6115586491554771	-1.2247278382581595	-1.2247278382581595	3.0412164865946356	-13.625276052848251	40.34505096013997	-0.026578801152336018	-0.025616168303664578	-0.0009626328486714401	0.03462819258554653	-7.060545088714097	0.6386363462849871	0.447163653715013	0.3182508454186891	0.144514	0.0	144514000.0	0.072257	2025-11-29 01:44:29.968133+00:00	2025-11-29 01:44:29.972065+00:00	Negative	-1.73194253099783	0.0
2025-11-28 16:00:00	0.5081	0.51	0.4944	0.4993	553796.0	277338.522	XTZUSDT	0.0	3.1553398058252435	1.0273036671020623	3.123077802407291	1.122394133837043	-1.73194253099783	-1.73194253099783	3.1553398058252435	64.45315515961396	38.50947190893485	-0.02590283668861837	-0.025673501980655336	-0.00022933470796303312	0.03326903597229321	-7.193308550185876	0.6245860141504554	0.4479839858495446	0.2905743192429165	0.1238529999999999	0.0	123853000.0	0.0619264999999999	2025-11-30 01:57:39.150378+00:00	2025-11-30 01:57:39.154435+00:00	0	0.0	0.0
2025-11-29 16:00:00	0.4993	0.5003	0.4844	0.4888	586434.0	288182.0289	XTZUSDT	0.0	3.2824112303881026	0.843700080320788	3.1278136814170687	1.1726663013961598	-2.1029441217704803	-2.1029441217704803	3.2824112303881026	5.8935059119242466	36.3824772424425	-0.02591565271631957	-0.025721932127788186	-0.00019372058853138474	0.03202839054570083	-9.698873083317936	0.6068546912702413	0.4510553087297588	0.24226470384395613	0.0	0.0	0.0	0.0	2025-12-01 02:05:44.854105+00:00	2025-12-01 02:05:44.858075+00:00	0	0.0	0.0
