timestamp	close	high	low	open	volume	symbol	gap_apertura_pct	volatilidad_diaria	vol_5d	vol_10d	vol_rel_5d	return_pct	close_open_pct	range_pct	volume_change_pct	rsi_14	macd	macd_signal	macd_diff	atr_14	momentum_12	bb_upper	bb_lower	bb_pctb	vader	finbert	sentiment_ratio	sentiment_combined
2025-06-05 00:00:00+00:00	207.91000366210938	212.80999755859375	207.55999755859375	209.5500030517578	51864200	AMZN	0.0	2.5293891220623745	0.0	0.0	0.0	0.0	-0.7826291413812893	2.5293891220623745	0.0	0.0	0.0	0.0	0.0	0.0	0.0	0.0	0.0	0.0	0.0	0.0	0.0	0.0
2025-06-06 00:00:00+00:00	213.57000732421875	213.8699951171875	210.5	212.39999389648438	39832500	AMZN	2.159583548308734	1.6009477991389547	0.0	0.0	0.0	2.7223334916139414	0.5508537953652648	1.6009477991389547	-23.198468307618743	0.0	0.0	0.0	0.0	0.0	0.0	0.0	0.0	0.0	0.0	0.0	0.0	0.0
2025-06-09 00:00:00+00:00	216.97999572753906	217.85000610351562	212.8800048828125	214.75	38102500	AMZN	0.5525086085659553	2.334649148208655	0.0	0.0	0.0	1.5966607137600737	1.0384147741741852	2.334649148208655	-4.343187095964351	0.0	0.0	0.0	0.0	0.0	0.0	0.0	0.0	0.0	0.0	0.0	0.0	0.0
2025-06-10 00:00:00+00:00	217.61000061035156	217.69000244140625	214.14999389648438	216.77999877929688	31303300	AMZN	-0.0921729892986646	1.6530509669932754	0.0	0.0	0.0	0.29035159702168795	0.382877495953725	1.6530509669932754	-17.844498392493932	0.0	0.0	0.0	0.0	0.0	0.0	0.0	0.0	0.0	0.0	0.0	0.0	0.0
2025-06-11 00:00:00+00:00	213.1999969482422	218.39999389648438	212.88999938964844	217.41000366210938	39326000	AMZN	-0.09190613835818068	2.5881885117351624	0.4790808923970037	0.0	0.9810481044362453	-2.026562956546214	-1.9364365222173607	2.5881885117351624	25.628927301594402	0.0	0.0	0.0	0.0	0.0	0.0	0.0	0.0	0.0	0.0	0.0	0.0	0.0
2025-06-12 00:00:00+00:00	213.24000549316406	213.5800018310547	211.3300018310547	211.77999877929688	27640000	AMZN	-0.6660404264874545	1.0646855536388706	0.6118266503616566	0.0	0.7843168413029648	0.018765734284502705	0.6893978290125075	1.0646855536388706	-29.71570970858974	0.0	0.0	0.0	0.0	0.0	0.0	0.0	0.0	0.0	0.0	0.0	0.0	0.0
2025-06-13 00:00:00+00:00	212.10000610351562	214.0500030517578	209.6199951171875	209.9600067138672	29337800	AMZN	-1.5381723385868247	2.1133517974245386	0.6028848704207344	0.0	0.8852172716607849	-0.5346085913906915	1.0192414370441614	2.1133517974245386	6.142547033285094	0.0	0.0	0.0	0.0	0.0	0.0	0.0	0.0	0.0	0.0	0.0	0.0	0.0
2025-06-16 00:00:00+00:00	216.10000610351562	217.05999755859375	211.60000610351562	212.30999755859375	33284200	AMZN	0.09900586941786246	2.5803361519786883	0.6501521206090032	0.0	1.0343691672576454	1.885902821732026	1.7851295692638782	2.5803361519786883	13.451588053637288	0.0	0.0	0.0	0.0	0.0	0.0	0.0	0.0	0.0	0.0	0.0	0.0	0.0
2025-06-17 00:00:00+00:00	214.82000732421875	217.41000366210938	214.55999755859375	215.1999969482422	32086300	AMZN	-0.4164780795250499	1.3283026360667824	0.7071867270817758	0.0	0.9923129402756035	-0.5923177895162731	-0.17657510660412737	1.3283026360667824	-3.5990049332716425	0.0	0.0	0.0	0.0	0.0	0.0	0.0	0.0	0.0	0.0	0.0	0.0	0.0
2025-06-18 00:00:00+00:00	212.52000427246094	217.9600067138672	212.33999633789062	215.08999633789062	44360500	AMZN	0.12568150287062974	2.6467036229168994	0.7210474060687379	0.5861697085874222	1.330478654996017	-1.0706651956707716	-1.1948449993891945	2.6467036229168994	38.25370952711905	0.0	0.0	0.0	0.0	0.0	0.0	0.0	0.0	0.0	0.0	0.0	0.0	0.0
2025-06-20 00:00:00+00:00	209.69000244140625	214.88999938964844	208.27000427246094	214.67999267578125	75350700	AMZN	1.0163694522380597	3.1785638744824505	0.6938266939898124	0.6751045507072415	1.7570859926452584	-1.331640209938302	-2.3243853198332705	3.1785638744824505	69.85989788212487	0.0	0.0	0.0	0.0	0.0	0.0	0.0	0.0	0.0	0.0	0.0	0.0	0.0
2025-06-23 00:00:00+00:00	208.47000122070312	210.38999938964844	207.30999755859375	209.7899932861328	37311700	AMZN	0.04768507967112213	1.485698648076131	0.8003474904618282	0.6856405415496629	0.8388670706954433	-0.5818118205440101	-0.6291968671877256	1.485698648076131	-50.482609982389015	0.0	0.0	0.0	0.0	0.0	0.0	0.0	0.0	0.0	0.0	0.0	0.0	0.0
2025-06-24 00:00:00+00:00	212.77000427246094	214.33999633789062	211.0500030517578	212.13999938964844	38378800	AMZN	1.7604442593445169	1.5588691014261562	0.8230532116724908	0.6995553103656242	0.8435346040230693	2.062648355436753	0.29697599916333445	1.5588691014261562	2.859960816580322	0.0	0.0	0.0	0.0	0.0	2.3375501537915055	0.0	0.0	0.0	0.0	0.0	0.0	0.0
2025-06-25 00:00:00+00:00	211.99000549316406	216.02999877929688	211.11000061035156	214.6199951171875	31755700	AMZN	0.8694791594578206	2.3305377076978067	0.7223947782514034	0.692867366568874	0.6989800904571015	-0.36659245365152776	-1.2254168688184912	2.3305377076978067	-17.257183653475355	52.656245047756975	0.0	0.0	0.0	4.737857273646763	-0.7398051116119974	0.0	0.0	0.0	0.0	0.0	0.0	0.0
2025-06-26 00:00:00+00:00	217.1199951171875	218.0399932861328	212.00999450683594	213.1199951171875	50480800	AMZN	0.5330391031382259	2.8442049599234562	0.7548579071661868	0.7177072670927216	1.0819894057597448	2.4199205109171347	1.8768769198781818	2.8442049599234562	58.96610687215209	62.76560371508396	0.0	0.0	0.0	4.831580882169762	0.06452179574389622	0.0	0.0	0.0	0.0	0.0	0.0	0.0
2025-06-27 00:00:00+00:00	223.3000030517578	223.3000030517578	216.74000549316406	219.9199981689453	119217100	AMZN	1.2896108671366493	3.0266666938885223	0.7114408353727601	0.6655263626823386	2.1508143236677237	2.8463559660798348	1.5369247503430488	3.0266666938885223	136.16325414811178	70.84284825664781	0.0	0.0	0.0	4.955039216200047	2.6147706564252364	0.0	0.0	0.0	0.0	0.0	0.0	0.0
2025-06-30 00:00:00+00:00	219.38999938964844	223.82000732421875	219.1199951171875	223.52000427246094	58887800	AMZN	0.09852271280629218	2.1449490287354367	0.5842965904644032	0.664566882654657	0.9856681938482902	-1.7510092291414303	-1.847711526427052	2.1449490287354367	-50.60456931094617	61.72023432491467	0.0	0.0	0.0	4.936823001259419	2.9033782973782007	0.0	0.0	0.0	0.0	0.0	0.0	0.0
2025-07-01 00:00:00+00:00	220.4600067138672	221.8800048828125	217.92999267578125	219.5	39256800	AMZN	0.05013930017666644	1.8125142659495066	0.49999914579432464	0.6744636573070242	0.6551574742438373	0.487719279454648	0.43736068968892367	1.8125142659495066	-33.33627678398582	63.119854448779314	0.0	0.0	0.0	4.866336515957407	3.3858567973703133	0.0	0.0	0.0	0.0	0.0	0.0	0.0
2025-07-02 00:00:00+00:00	219.9199981689453	221.60000610351562	219.05999755859375	219.72999572753906	30894200	AMZN	-0.3311308010960913	1.1595035940975387	0.7638973830284862	0.7012758846400594	0.5170807604154427	-0.24494626166946762	0.08647087111486106	1.1595035940975387	-21.3022966721689	61.889982677016185	0.0	0.0	0.0	4.700170232312012	3.686936275528975	0.0	0.0	0.0	0.0	0.0	0.0	0.0
2025-07-03 00:00:00+00:00	223.41000366210938	224.00999450683594	221.36000061035156	221.82000732421875	29632400	AMZN	0.8639546976595673	1.197142161717383	0.7704390330735528	0.7510520397767229	0.5331710618978921	1.5869432167251094	0.7167957286948597	1.197142161717383	-4.0842617708178235	66.44104179507458	0.0	0.0	0.0	4.6565863827104845	3.382691972295519	224.01956786320056	206.43743744685804	0.9653304698203922	0.0	0.0	0.0	0.0
2025-07-07 00:00:00+00:00	223.47000122070312	224.2899932861328	222.3699951171875	223.0	36604100	AMZN	-0.18352072664099425	0.8634250173605869	0.5257651428572223	0.7291952238411837	0.9372434711404873	0.02685535903060623	0.2107628792390695	0.8634250173605869	23.52728769860018	66.51507300352161	0.0	0.0	0.0	4.461115796012972	4.026623964977947	224.8231950235595	207.1898100423585	0.9232595554229088	0.0	0.0	0.0	0.0
2025-07-08 00:00:00+00:00	219.36000061035156	224.0	218.42999267578125	223.9199981689453	45692000	AMZN	0.20136794459394225	2.550019462064622	0.6730025478364038	0.7487654054712404	1.2547266441307232	-1.8391733064396638	-2.0364405126304437	2.550019462064622	24.827546640950057	57.20536387720483	0.0	0.0	0.0	4.5403223337419565	3.2185188219370717	225.15380747520265	207.43819691932862	0.6729547171644041	0.0	0.0	0.0	0.0
2025-07-09 00:00:00+00:00	222.5399932861328	224.2899932861328	220.47000122070312	221.07000732421875	38155100	AMZN	0.7795435398929756	1.7326584316592155	0.665123613824292	0.740683117895317	1.0541375793053072	1.4496684294917834	0.664941382011264	1.7326584316592155	-16.49501006740786	61.67495347327128	0.0	0.0	0.0	4.568155929601906	6.128089415382234	225.8398260605197	207.30817808987095	0.8219352763654205	0.0	0.0	0.0	0.0
2025-07-10 00:00:00+00:00	222.25999450683594	222.7899932861328	219.6999969482422	221.5500030517578	30370600	AMZN	-0.44485946986711333	1.4064617117944607	0.6422421877636846	0.747782401978652	0.8415043817212345	-0.1258195325533528	0.3204655586992969	1.4064617117944607	-20.40225290983381	61.07013935268844	0.0	0.0	0.0	4.462573101622529	6.614857392135579	226.39246614968448	207.2205373903546	0.7844519612645908	0.0	0.0	0.0	0.0
2025-07-11 00:00:00+00:00	225.02000427246094	226.67999267578125	222.3699951171875	223.5800018310547	50518300	AMZN	0.5939023471802305	1.938210034282013	0.6257693437502313	0.6677411745639521	1.2545513784884381	1.2417933203629732	0.6440658509764076	1.938210034282013	66.33948621364082	64.74065053090405	0.0	0.0	0.0	4.459532035002728	5.757390493968952	227.46649099422314	207.32851327823778	0.8785137834460807	0.0	0.0	0.0	0.0
2025-07-14 00:00:00+00:00	225.69000244140625	226.66000366210938	224.24000549316406	225.07000732421875	35702600	AMZN	0.022221602883478447	1.0792000132282755	0.557532168996748	0.5357106687598657	0.8906118881293323	0.29775049161142964	0.27546767539505257	1.0792000132282755	-29.327392251916635	65.58883584333647	3.500212638158388	0.0	0.0	4.313851044570056	6.462567382066493	228.51431801552928	207.52568595175586	0.8654359385813509	0.0	0.0	0.0	0.0
2025-07-15 00:00:00+00:00	226.35000610351562	227.27000427246094	225.4600067138672	226.1999969482422	34907300	AMZN	0.2259712443258724	0.8028020512262426	0.46357326149768335	0.5487538634197983	0.9202895379425364	0.2924381474455101	0.06631704566634533	0.8028020512262426	-2.2275688605311657	66.44514239220834	3.6424943879264617	0.0	0.0	4.135004367000319	4.251110535142724	229.4548416285331	208.01016233875205	0.8552165092766385	0.0	0.0	0.0	0.0
2025-07-16 00:00:00+00:00	223.19000244140625	226.10000610351562	222.17999267578125	225.8800048828125	39535900	AMZN	-0.207643564404492	1.7643413254832085	0.4695738153241131	0.545460364124974	1.0347832095425595	-1.3960696164789255	-1.1908988769509876	1.7643413254832085	13.25969066642221	58.88915620066038	3.460378721531754	0.0	0.0	4.137505014195609	-0.04926135640314609	229.9061395727486	208.26786402832562	0.6896177277364712	0.0	0.0	0.0	0.0
2025-07-17 00:00:00+00:00	223.8800048828125	224.5	222.50999450683594	223.32000732421875	31855800	AMZN	0.05824852430235086	0.8943443181393479	0.5204207000118513	0.5671318182222247	0.8273378492301315	0.3091547264028528	0.2507601380205664	0.8943443181393479	-19.425635941005517	59.959864532309766	3.333303921573645	0.0	0.0	3.9841121912647846	2.046586218904888	230.36525150993168	208.71475184700193	0.7004574153905879	0.0	0.0	0.0	0.0
2025-07-18 00:00:00+00:00	226.1300048828125	226.39999389648438	222.97999572753906	225.13999938964844	37833800	AMZN	0.5627990349095569	1.533769053042872	0.4167008500500742	0.5622145396666235	1.0519007937258182	1.0050026580880849	0.4397288335471059	1.533769053042872	18.765813446844845	63.31506957052471	3.3752447031270094	0.0	0.0	3.9438183325276794	2.571894219482786	230.90522297245607	209.5357804455127	0.7765398847619537	0.0	0.0	0.0	0.0
2025-07-21 00:00:00+00:00	229.3000030517578	229.69000244140625	225.64999389648438	225.83999633789062	40297600	AMZN	-0.12824859092545737	1.7903871722572284	0.47596855413292877	0.5289970194643449	1.0924880063156617	1.4018476542235527	1.5320610919115039	1.7903871722572284	6.51216636975403	67.45310552266712	3.6225173095234027	0.0	0.0	3.950689061984408	4.265189596630799	231.42973251123001	210.97227096777388	0.8958947347915972	0.0	0.0	0.0	0.0
2025-07-22 00:00:00+00:00	227.47000122070312	230.0	226.35000610351562	229.67999267578125	37483700	AMZN	0.1657172346123632	1.6125442006019384	0.36503653814396886	0.39903547864397104	1.0022015242226485	-0.798081904360733	-0.9622046001184669	1.6125442006019384	-6.982797983006432	63.03281837920033	3.628984107960349	0.0	0.0	3.929210835877263	1.8172854805258352	230.89521864312607	213.40678483587786	0.8041438438584856	0.0	0.0	0.0	0.0
2025-07-23 00:00:00+00:00	228.2899932861328	228.7899932861328	227.08999633789062	228.47000122070312	28294900	AMZN	0.43961840885987796	0.7486005441264513	0.4637188383015393	0.4420987108612753	0.8049034567589372	0.3604836070819241	-0.0787884333210223	0.7486005441264513	-24.514122138422834	64.16596739656931	3.658107216138035	0.0	0.0	3.7699812724747574	2.1568855054819522	230.9263417514053	214.92766062896578	0.8352146376881795	0.0	0.0	0.0	0.0
2025-07-24 00:00:00+00:00	232.22999572753906	236.0	228.63999938964844	229.1699981689453	42902300	AMZN	0.3854767658210601	3.2190345652549817	0.8976887789680449	0.7374887000474013	1.1482728920954348	1.7258761037624422	1.3352522507496396	3.2190345652549817	51.625557962742405	69.07164527143283	3.9535388236698736	3.6278511360057477	0.3256876876641259	4.051411661145646	5.867065591437716	231.23820914286367	216.63979226094492	1.067937954690402	0.0	0.0	0.0	0.0
2025-07-25 00:00:00+00:00	231.44000244140625	232.47999572753906	231.17999267578125	232.22000122070312	28712100	AMZN	-0.004303710554110947	0.5623337195883572	1.0557472972024868	0.7816186209941152	0.8079239982306323	-0.34017710918776495	-0.3358878542746884	0.5623337195883572	-33.07561599261578	67.08846234975775	4.076928352914479	3.7176665793874943	0.3592617735269843	3.8548824747608004	3.9992852627752935	231.94753531577143	217.36246682045905	0.9652018861256426	0.0	0.0	0.0	0.0
2025-07-28 00:00:00+00:00	232.7899932861328	234.2899932861328	232.25	233.35000610351562	26300100	AMZN	0.8252694616147576	0.8783609412843112	1.0899642194011303	0.7932917057753722	0.8033356323510277	0.5833005662313454	-0.2399883448618326	0.8783609412843112	-8.400639451659753	68.74020074355249	4.23483191639869	3.821099646789734	0.41373226960895604	3.7831045011869264	4.737694159788621	233.2009857194677	217.05801544020025	0.9745404701721638	0.0	0.0	0.0	0.0
2025-07-29 00:00:00+00:00	231.00999450683594	234.72000122070312	230.30999755859375	234.14999389648438	33716200	AMZN	0.5842178141566092	1.9148120832172797	1.1125587012776827	0.7811363405814431	1.0541214164586532	-0.764637153929979	-1.341020487507082	1.9148120832172797	28.197991642617325	64.16741159917157	4.1682911371173645	3.89053794485526	0.2777531922621046	3.827883012681387	2.661981210844766	233.71838997509067	217.70261069629603	0.8308920583189648	0.0	0.0	0.0	0.0
2025-07-30 00:00:00+00:00	230.19000244140625	231.8000030517578	229.2899932861328	231.63999938964844	32993300	AMZN	0.2727175870279748	1.0946878795939161	1.0666949288499354	0.7838801096398983	1.002080498590728	-0.35495956232552645	-0.6259700190221056	1.0946878795939161	-2.1440731755061364	62.11739104330989	4.003243682180397	3.9130790923202876	0.09016458986010933	3.7337492093202163	1.9938853964824126	234.05061199665624	218.34338824748437	0.7542143909770475	0.0	0.0	0.0	0.0
2025-07-31 00:00:00+00:00	234.11000061035156	236.52999877929688	231.39999389648438	235.77000427246094	104357300	AMZN	2.424085221718111	2.216942531600663	0.7030779903519824	0.7959034612562478	2.3079830501727274	1.7029402351838148	-0.7040775467735236	2.216942531600663	216.29846059654537	67.4681284839402	4.141018394129361	3.9586669526821026	0.18235144144725846	3.919909718503817	3.4283164557491084	234.92576594776756	218.8872345405137	0.9491371549737375	0.0	0.0	0.0	0.0
2025-08-01 00:00:00+00:00	214.75	220.44000244140625	212.8000030517578	217.2100067138672	122258800	AMZN	-7.218826129778376	3.590225225603129	1.0772882647221917	1.0225849116713737	1.9125308133857821	-8.269617085933035	-1.132547598098359	3.590225225603129	17.15404672217468	38.52594677105867	2.657382938629638	3.6984101498716098	-1.0410272112419716	5.162058849938812	-3.781532483123652	235.99556221996988	216.95143790210045	-0.11559669876943642	0.0	0.0	0.0	0.0
2025-08-04 00:00:00+00:00	211.64999389648438	217.44000244140625	211.4199981689453	217.39999389648438	77890100	AMZN	1.233990172984575	2.847414778449844	0.9443258231507773	1.0788384485414722	1.0491218447926636	-1.443541840985157	-2.644894278487367	2.847414778449844	-36.29080278883811	35.872353604637524	1.2174129873037884	3.2022107173580454	-1.984797730054257	5.223340665833249	-5.462752688758332	237.34616437818312	214.41883501146532	-0.12076596757929867	0.0	0.0	0.0	0.0
2025-08-05 00:00:00+00:00	213.75	216.3000030517578	212.8699951171875	213.0500030517578	51505100	AMZN	0.6614737517819945	1.6113158327842552	0.9867140627391411	1.078870898748636	0.6620114517926009	0.9922070229506901	0.3285599334500512	1.6113158327842552	-33.87465159243601	38.94050589924616	0.2428796036416827	2.610344494614773	-2.3674648909730904	5.182388415078977	-5.474728968067815	237.93211717435503	213.27188215425826	0.019388211237731316	0.0	0.0	0.0	0.0
2025-08-06 00:00:00+00:00	222.30999755859375	222.64999389648438	213.74000549316406	214.6999969482422	54823000	AMZN	0.4444430167214912	4.168610542870636	1.0265190388511973	1.2176123541871815	0.667215468620804	4.004677220394736	3.5444810053658773	4.168610542870636	6.4418863374694935	49.53861822126942	0.15943724671569726	2.120163045034958	-1.9607257983192605	5.448645557096215	-3.0484105539179915	237.93244250427756	213.24855725158181	0.36709943407399076	0.0	0.0	0.0	0.0
2025-08-07 00:00:00+00:00	223.1300048828125	226.22000122070312	220.82000732421875	221.0	40603500	AMZN	-0.5892661477127122	2.4454278223783588	0.9938030618015281	1.1700534525274537	0.5849291446796925	0.36885760119835476	0.9638031143947963	2.4454278223783588	-25.937106688798494	50.426296223550416	0.15765892174880491	1.7276622203777272	-1.5700032986289223	5.445170438481084	-1.9079422845211735	237.93474559896492	213.3332551944921	0.39821773100946944	0.0	0.0	0.0	0.0
2025-08-08 00:00:00+00:00	222.69000244140625	223.8000030517578	221.8800048828125	223.13999938964844	32970500	AMZN	0.004479230321886381	0.865331767934372	1.2556561947776972	1.1280281308634417	0.6394782309162186	-0.19719555047620715	-0.2016657477247726	0.865331767934372	-18.79887201842206	49.91885820751349	0.11936905447737445	1.4060035871976566	-1.2866345327202822	5.193372419228529	-2.4530163429930445	237.8832623111777	213.15173829917387	0.3856723159317975	0.0	0.0	0.0	0.0
2025-08-11 00:00:00+00:00	221.3000030517578	223.0500030517578	220.39999389648438	221.77999877929688	31646200	AMZN	-0.408641453200762	1.2023635338747203	1.3189838267130867	1.0910673433707796	0.7479663036762763	-0.6241858073597945	-0.21642877183741333	1.2023635338747203	-4.01662091870005	48.26645680382836	-0.022873602581597652	1.1202281492418058	-1.1431017518234035	5.011703614660308	-4.706537861975732	237.79883447833305	212.79716619305367	0.34009077961051465	0.0	0.0	0.0	0.0
2025-08-12 00:00:00+00:00	221.47000122070312	223.5	219.0500030517578	222.22999572753906	37185800	AMZN	0.42024069722391405	2.031498236131377	1.296555605236823	1.0883499784889175	0.9427061943223359	0.07681796954406421	-0.3419855651564313	2.031498236131377	17.504787304636892	48.491024941642685	-0.12049550443464341	0.872083418506516	-0.9925789229411595	4.9715817099161566	-4.3078124418993795	237.65328903986207	212.45471114324337	0.3577697961546266	0.0	0.0	0.0	0.0
2025-08-13 00:00:00+00:00	224.55999755859375	224.9199981689453	222.0	222.0	36508300	AMZN	0.2393095120673754	1.3153144905159067	0.6472853596306817	1.0652792950633283	1.0202733934626802	1.3952211680404192	1.1531520534206081	1.3153144905159067	-1.8219320278170699	52.525052077186736	0.05088870202999374	0.7078444752112116	-0.6569557731812179	4.862897084082301	-3.5353734975296804	237.69537634363775	212.54962335118648	0.4776303263224121	0.0	0.0	0.0	0.0
2025-08-14 00:00:00+00:00	230.97999572753906	233.11000061035156	227.02000427246094	227.39999389648438	61545800	AMZN	1.2646937873026978	2.6825813687245104	0.7306137637620497	1.0748061623942788	1.5397490000330236	2.8589233339611884	1.5743192291748056	2.6825813687245104	68.58029543966715	59.60382214019129	0.6967207553066714	0.7056197312303036	-0.008898975923632202	5.126261796059124	-0.012985922691750591	238.2886826893722	212.6663160899247	0.7147536339601538	0.0	0.0	0.0	0.0
2025-08-15 00:00:00+00:00	231.02999877929688	234.0800018310547	229.80999755859375	232.5800018310547	39649200	AMZN	0.6927033219807359	1.8580585343647773	0.5971574539561479	0.9743573678482652	0.9598649722347705	0.021648217457236184	-0.6664386617744243	1.8580585343647773	-35.57773235541662	59.65428095649555	1.1987635390077571	0.8042484927857944	0.39451504622196276	5.065100544373538	0.3649143442293685	238.7596466002428	212.6853515687025	0.7035529508431236	0.0	0.0	0.0	0.0
2025-08-18 00:00:00+00:00	231.49000549316406	231.91000366210938	228.3300018310547	230.22999572753906	25248900	AMZN	-0.3462766982577254	1.567906890178888	0.5203914140862914	0.9494018401188015	0.630787256792813	0.1991112480187615	0.5472830599867329	1.567906890178888	-36.31926999788142	60.14746058100239	1.615136471628972	0.96642608855443	0.648710383074542	4.959022064850763	-1.1191299433415374	239.02337416704992	212.64062424603603	0.71445854975544	0.0	0.0	0.0	0.0
2025-08-19 00:00:00+00:00	228.00999450683594	230.52999877929688	227.1199951171875	230.08999633789062	29891000	AMZN	-0.604781684760373	1.501410591502483	0.5383183762664918	0.9546990539738289	0.7750078820513246	-1.5033093886340119	-0.9039948994567211	1.501410591502483	18.385355401621457	54.6999769136323	1.6453407535866234	1.1022090215608689	0.5431317320257545	4.916949801359749	6.174619095150611	239.06587511041283	212.65212263128637	0.5814346858775997	0.0	0.0	0.0	0.0
2025-08-20 00:00:00+00:00	223.80999755859375	227.27000427246094	220.9199981689453	227.1199951171875	36604300	AMZN	-0.39033349900885794	2.8743464404066996	0.6401039402419088	0.6669646243240315	0.9485967600155905	-1.8420231785568804	-1.4573783153200073	2.8743464404066996	22.45926867619016	48.93911108559334	1.3152122634818681	1.1448096699450687	0.17040259353679943	5.072167411111955	5.745336174239011	238.82130299785376	212.44869517109157	0.4307993529548884	0.0	0.0	0.0	0.0
2025-08-21 00:00:00+00:00	221.9499969482422	222.77999877929688	220.5	222.64999389648438	32140500	AMZN	-0.5182984114932956	1.0340130518353174	0.6859215250361447	0.6726150499663583	0.9826861586496745	-0.8310623433453244	-0.3143934279951671	1.0340130518353174	-12.194742147780453	46.59854058021666	0.8932002950414528	1.0944877949643457	-0.20128749992289285	4.946298135932083	3.836255882218567	238.03761167168585	212.2043866193298	0.37725101334274047	0.0	0.0	0.0	0.0
2025-08-22 00:00:00+00:00	228.83999633789062	229.13999938964844	220.82000732421875	222.7899932861328	37315300	AMZN	0.378461973165293	3.7677709398921753	1.1343262221669344	0.8722438281474609	1.1574224565756823	3.1043025385826684	2.7155631913807254	3.7677709398921753	16.10055848540004	55.154608958020034	1.1020147976308579	1.095993195497648	0.006021602133209791	5.187276273753341	2.9373392339567537	237.70129019524248	212.28070748542157	0.6514126383921007	0.0	0.0	0.0	0.0
2025-08-25 00:00:00+00:00	227.94000244140625	229.60000610351562	227.30999755859375	227.35000610351562	22633700	AMZN	-0.6511056887865768	1.0074385506654098	1.2297919253061613	0.893558190357092	0.7136150501182963	-0.3932852258726228	0.2595101482522026	1.0074385506654098	-39.34471919025172	53.93890368670247	1.1812629455511114	1.1130471455083408	0.06821580004277061	4.980328578836807	2.155692848713893	237.03225864894085	212.46473994725056	0.6299074270406868	0.0	0.0	0.0	0.0
2025-08-26 00:00:00+00:00	228.7100067138672	229.0	226.02000427246094	227.11000061035156	26105400	AMZN	-0.36413171104885195	1.3184654770410318	1.252227344243885	0.915749950704806	0.8432020320518452	0.33781006590050955	0.7045071107461824	1.3184654770410318	15.33863221656203	54.85573064051041	1.291315106590332	1.1487007377247391	0.14261436886559298	4.837447660886967	2.7033114223638797	236.72214284726488	212.54485696962968	0.668608950816552	0.0	0.0	0.0	0.0
2025-08-27 00:00:00+00:00	229.1199951171875	229.8699951171875	227.80999755859375	228.57000732421875	21254500	AMZN	-0.06121262102168835	0.9042612618719288	1.2179707583318529	0.95301553973243	0.76208646290339	0.17926124405795577	0.24062115559571692	0.9042612618719288	-18.58197920736706	55.36516723114594	1.3955280956284923	1.19806620930549	0.19746188632300243	4.639058367866023	3.533661074374564	236.57894210886857	212.58105697560407	0.6891831530045159	0.0	0.0	0.0	0.0
2025-08-28 00:00:00+00:00	231.60000610351562	232.7100067138672	228.02000427246094	229.00999450683594	33679600	AMZN	-0.048010043948936335	2.056838151709781	1.1832017258531018	0.9120560687603012	1.1944094731130552	1.0824070527147485	1.1309600710908605	2.056838151709781	58.45867933849303	58.421646860260665	1.659108629019272	1.2902746932482465	0.3688339357710255	4.642697230261754	4.573985111743225	236.09939296133865	212.8096066724504	0.806808581151742	0.0	0.0	0.0	0.0
2025-08-29 00:00:00+00:00	229.0	231.80999755859375	228.16000366210938	231.32000732421875	26199200	AMZN	-0.1208975699127258	1.5997518574244882	0.4677824163087909	0.9135411162064645	1.008651568770578	-1.1226278216735148	-1.00294278521573	1.5997518574244882	-22.210477559115905	54.22903269233972	1.6393024787855097	1.3600802503556992	0.2792222284298105	4.571789849277656	1.977200966190665	236.0697408662464	214.26425876754266	0.6757814922758955	0.0	0.0	0.0	0.0
2025-09-02 00:00:00+00:00	225.33999633789062	226.1699981689453	221.8300018310547	223.52000427246094	38843900	AMZN	-2.393011234733215	1.9564514727795739	0.47267284530919934	0.9125733207251183	1.3295183683751521	-1.5982548742835698	0.8142412449183736	1.9564514727795739	48.263687440837884	48.90814459217965	1.3131372258838212	1.3506916454613238	-0.03755441957750261	4.757376157825346	-2.441769631124812	234.82143285228923	216.88156702564046	0.4714878803433183	0.0	0.0	0.0	0.0
2025-09-03 00:00:00+00:00	225.99000549316406	227.1699981689453	224.36000061035156	225.2100067138672	29223100	AMZN	-0.05768599722018364	1.2524503257931003	0.4821823433253166	0.9249985318954138	0.9793244383556869	0.2884570719078064	0.3463428604608478	1.2524503257931003	-24.767852867503006	49.84927992441638	1.094482704220468	1.2994498572131525	-0.20496715299268464	4.618277686451661	-2.181531971069922	233.51162732144172	219.41537310580435	0.4664098906549435	0.0	0.0	0.0	0.0
2025-09-04 00:00:00+00:00	235.67999267578125	235.77000427246094	230.77999877929688	231.19000244140625	59391800	AMZN	2.3009853630007018	2.16223482085039	0.3746375502028282	0.8559842613573694	1.585154288300907	4.287794569264833	1.9421212798823175	2.16223482085039	103.23579633919742	61.295259690458906	1.683689874701912	1.3762978607109047	0.30739201399100735	4.98697205022632	1.8100078116508225	234.96953515814786	219.29446478081698	1.045324040054126	0.0	0.0	0.0	0.0
2025-09-05 00:00:00+00:00	232.3300018310547	236.0	231.92999267578125	235.19000244140625	36721800	AMZN	-0.20790489205804863	1.7548430357208176	0.3473455066226373	0.8228195307105935	0.9644353024848225	-1.4214150326010306	-1.2160383437489377	1.7548430357208176	-38.17025245909368	56.49473327045276	1.8588963383236603	1.4728175562334558	0.3860787820902045	4.9214745697972075	1.8946570011382693	235.51545929687725	219.66854033691183	0.7989856909175791	0.0	0.0	0.0	0.0
2025-09-08 00:00:00+00:00	235.83999633789062	237.60000610351562	233.75	234.94000244140625	33947100	AMZN	1.1234023112733835	1.647061434659091	0.34301204836834137	0.4348330491759728	0.8566974733972079	1.5107797009308892	0.3830739282931745	1.647061434659091	-7.556002156757022	60.02716984757019	2.25498191762307	1.6292504285113787	0.6257314891116912	4.946369548558903	5.375094459820726	236.6072480365528	219.8917509868847	0.954099378775135	0.0	0.0	0.0	0.0
2025-09-09 00:00:00+00:00	238.24000549316406	238.85000610351562	235.0800018310547	236.36000061035156	27033800	AMZN	0.220490281773886	1.6037111804900923	0.3270218398455763	0.38810357194890793	0.7254762835073015	1.0176429751274747	0.7953989160423804	1.6037111804900923	-20.36492071487697	62.282286636311945	2.7310612993452708	1.8496126026781572	0.8814486966671136	4.8623434574090485	7.339494827170751	237.88770349451676	220.30529577306135	1.0200371874107663	0.0	0.0	0.0	0.0
2025-09-10 00:00:00+00:00	230.3300018310547	237.67999267578125	229.10000610351562	237.52000427246094	60907700	AMZN	-0.30221675793395847	3.7450835197223338	0.900924432161846	0.7575264725466133	1.3969514986546008	-3.320182790348509	-3.02711447965391	3.7450835197223338	125.30202931145456	51.891491884052925	2.4419373171149914	1.9680775455655242	0.47385977154946723	5.167890309711862	0.6511123566721331	237.61240986682287	221.46658946179042	0.5489601734020063	0.0	0.0	0.0	0.0
2025-09-11 00:00:00+00:00	229.9499969482422	231.52999877929688	229.33999633789062	231.49000549316406	37485600	AMZN	0.5036268192973962	0.9549151811181165	1.056160331577093	0.7505009391211988	0.9557971605744126	-0.1649827985028328	-0.6652591940809953	0.9549151811181165	-38.45507218299164	51.44742839724	2.157273553295795	2.0059167471115784	0.15135680618421654	4.955184033404319	0.8818085835340035	237.552123781286	222.0658754862921	0.5091046786650522	0.0	0.0	0.0	0.0
2025-09-12 00:00:00+00:00	228.14999389648438	230.7899932861328	226.2899932861328	230.35000610351562	38496200	AMZN	0.17395484261018396	1.9885987597825265	1.0510142743528093	0.7489556788301015	0.9727629802133113	-0.7827802024989644	-0.9550736482475279	1.9885987597825265	2.695968585270077	49.2955136974882	1.766072086877898	1.9579478150648424	-0.19187572818694432	4.9226708881611545	-0.2448571557620691	237.42327778151568	221.91172130295698	0.40216935045496116	0.0	0.0	0.0	0.0
2025-09-15 00:00:00+00:00	231.42999267578125	233.72999572753906	230.32000732421875	230.6300048828125	33243300	AMZN	1.0870090084040718	1.480543719556292	1.0670296626022915	0.7546007423010131	0.8430256443028383	1.4376501718361068	0.3468706482381766	1.480543719556292	-13.645242907092129	53.14172223306664	1.7011013581254133	1.9065785236769566	-0.20547716555154327	4.969623098367835	1.0082042631906747	237.45927456324358	221.9157239108775	0.6121039508727348	0.0	0.0	0.0	0.0
2025-09-16 00:00:00+00:00	234.0500030517578	235.89999389648438	232.22999572753906	232.94000244140625	38203900	AMZN	0.6524693485776617	1.580329086020004	1.0690011963945518	0.7583239203931929	0.9168787832388628	1.1320962964584418	0.47651781519611347	1.580329086020004	14.922104604536854	56.0120666472501	1.839816271766182	1.8932260732948016	-0.05340980152861974	4.933935821391785	1.0578570309480648	237.78365059395063	221.84734763602987	0.7657143220700952	0.0	0.0	0.0	0.0
2025-09-17 00:00:00+00:00	231.6199951171875	234.3000030517578	228.7100067138672	233.77000427246094	42815200	AMZN	-0.11963203402947876	2.4441415652110563	0.559941876512752	0.7533723061892214	1.1252695220143374	-1.0382430689534923	-0.9197113042645042	2.4441415652110563	12.070233667243397	52.78262082630978	1.733682693407701	1.8613173973173816	-0.12763470390968057	4.980797286855988	1.144102671260917	237.9559230605944	222.03607523042126	0.6020107722764594	0.0	0.0	0.0	0.0
2025-09-18 00:00:00+00:00	231.22999572753906	233.47999572753906	228.7899932861328	232.5	37931700	AMZN	0.3799347644262163	2.049915896251969	0.3886414376992119	0.7504587054765754	0.9945891322211985	-0.16837898189710193	-0.5462383967573925	2.049915896251969	-11.405996001420055	52.26181977403691	1.5996614747969602	1.8089862128132974	-0.20932473801633722	4.960026226466721	2.6138277648751527	237.81421674863324	222.91978135927693	0.5579408786586623	0.0	0.0	0.0	0.0
2025-09-19 00:00:00+00:00	231.47999572753906	234.16000366210938	229.6999969482422	232.3699951171875	97943200	AMZN	0.4930153573119085	1.9416659874280064	0.3867918111851232	0.7480760883802157	1.9577887824007056	0.10811746080494584	-0.3830096003572226	1.9416659874280064	158.2093605084929	52.58478767937793	1.4963723550900454	1.746463441268647	-0.25009108617860165	4.9243105469953266	2.429306651147927	237.21777621109612	224.46922177474374	0.5499269731165884	0.0	0.0	0.0	0.0
2025-09-22 00:00:00+00:00	227.6300048828125	230.57000732421875	227.50999450683594	230.55999755859375	45914500	AMZN	-0.39744175994723363	1.3450014906008312	0.4262195781995883	0.767233088278119	0.8735352928082615	-1.6632067201427423	-1.2708157125290702	1.3450014906008312	-53.121298875266476	47.27991938575828	1.091273377904514	1.6154254285958207	-0.5241520506913067	4.8561455951173125	-3.4156432633816762	237.2544191687485	224.31157967158353	0.25639081841012107	0.0	0.0	0.0	0.0
2025-09-23 00:00:00+00:00	220.7100067138672	227.86000061035156	220.07000732421875	227.8300018310547	70956200	AMZN	0.08786053857229809	3.539779627787345	0.8146094264573257	0.9111789176532313	1.2003655423858643	-3.0400202172414996	-3.1251349953757495	3.539779627787345	54.539851245249324	39.555701167088706	0.20942932956231175	1.334226208789119	-1.1247968792268073	5.065706144475563	-5.001504336765471	238.16959973820974	222.6733995293684	-0.1267015648378753	0.0	0.0	0.0	0.0
2025-09-24 00:00:00+00:00	220.2100067138672	224.55999755859375	219.4499969482422	224.14999389648438	49509000	AMZN	1.558600461227322	2.3285489548476814	0.8098488522763385	0.7178149989448409	0.8189949797290099	-0.22654160880354185	-1.757745835334142	2.3285489548476814	-30.225970387365724	39.05916660004237	-0.5237468260284004	0.9626316018256151	-1.4863784278540155	5.068870034895277	-6.627370194506861	238.91724125967747	221.07575800790065	-0.04852462554912517	0.0	0.0	0.0	0.0
2025-09-25 00:00:00+00:00	218.14999389648438	220.6699981689453	216.47000122070312	220.05999755859375	52226300	AMZN	-0.06812095304476962	1.9402212429241217	0.8177660016166226	0.625380528852734	0.8249317957524455	-0.935476479077319	-0.8679467796507687	1.9402212429241217	5.488497040942051	36.998493763662864	-1.256535470957317	0.5187981872690288	-1.775333658226346	5.006807671562913	-8.43267760806702	239.75772844849598	219.13827069701182	-0.04792933026846011	0.0	0.0	0.0	0.0
2025-09-26 00:00:00+00:00	219.77999877929688	221.0500030517578	218.02000427246094	219.0800018310547	41650100	AMZN	0.426315819661043	1.389780166920035	0.8978848324779836	0.6610417514345915	0.8001752888789158	0.7471945580644679	0.31951658863961296	1.389780166920035	-20.25071659298093	39.70895112200319	-1.6863092565780846	0.07777669849960617	-1.7640859550776908	4.865607036401053	-4.580385954017471	239.93225113174242	217.78174728134354	0.09021246249968935	0.0	0.0	0.0	0.0
2025-09-29 00:00:00+00:00	222.1699981689453	222.60000610351562	219.3000030517578	220.0800018310547	44259200	AMZN	0.13650152580948716	1.504789332346232	0.8661936432939836	0.658949682184232	0.8557436790605443	1.0874508157807734	0.9496529991375677	1.504789332346232	6.26433069788548	43.54420189325668	-1.8131541885132378	-0.30040947890296266	-1.512744709610275	4.7537781803551065	-3.3833437193078195	239.96686683620555	217.06413139377491	0.22293698444907323	0.0	0.0	0.0	0.0
2025-09-30 00:00:00+00:00	219.57000732421875	222.24000549316406	217.88999938964844	222.02999877929688	48396400	AMZN	-0.06301453427657563	1.9964230188172123	0.3833838877783866	0.6419732970540729	1.0251693561711737	-1.170270903431995	-1.1079545415497727	1.9964230188172123	9.347661051261658	40.52415551751801	-2.099278072218226	-0.6601831975660153	-1.4390948746522108	4.724937317723715	-3.760677975805037	240.25980881481644	216.19419051379685	0.14027550708218756	0.0	0.0	0.0	0.0
2025-10-01 00:00:00+00:00	220.6300048828125	222.14999389648438	216.61000061035156	217.36000061035156	43933800	AMZN	-1.006515753585541	2.5575888788710257	0.46297436750616555	0.6506942462689003	0.9531522681456425	0.48276063361811955	1.5044185973862234	2.5575888788710257	-9.220933788463604	42.28173225263307	-2.214967599538369	-0.9711400779604861	-1.2438275215778827	4.783155601181507	-4.666632733337571	240.41063556425325	215.50736370332487	0.2057015322362007	0.0	0.0	0.0	0.0
2025-10-02 00:00:00+00:00	222.41000366210938	222.80999755859375	218.9499969482422	221.00999450683594	41258600	AMZN	0.1722293503212624	1.762959883148129	0.46378189622870597	0.6574498763170277	0.9398395703653015	0.8067800117406154	0.6334596579658911	1.762959883148129	-6.08916142013666	45.20976778057591	-2.1383715419730436	-1.2045863707629976	-0.933785171210046	4.717215958979368	-4.973295978583845	239.44119225101346	215.1498081151975	0.2988794506858598	0.0	0.0	0.0	0.0
2025-10-03 00:00:00+00:00	219.50999450683594	224.1999969482422	219.33999633789062	223.44000244140625	43639000	AMZN	0.4631081166932014	2.2157384387226804	0.40577136593596447	0.659037757263472	0.9851368251861283	-1.303902300941104	-1.7588649711910458	2.2157384387226804	5.769463820876132	41.51464612239395	-2.2853312409739033	-1.4207353448051787	-0.8645958961687246	4.72741486264881	-5.228391704362372	239.02090140704667	214.28809822674242	0.21113240751666715	0.0	0.0	0.0	0.0
2025-10-06 00:00:00+00:00	220.89999389648438	221.72999572753906	216.02999877929688	221.0	43690900	AMZN	0.6787870850762838	2.638521029695272	0.3697978573125537	0.6298218803935922	0.9888456703755726	0.6332282923022671	-0.045251630550056564	2.638521029695272	0.11893031462682463	43.88218512052947	-2.263543803227975	-1.589297036489738	-0.674246766738237	4.796885011619765	-4.467414272336296	237.75840894135828	214.05659044829017	0.28872904626265894	0.0	0.0	0.0	0.0
2025-10-07 00:00:00+00:00	221.77999877929688	222.88999938964844	220.1699981689453	220.8800048828125	31194700	AMZN	-0.009048897340052452	1.2354095668456875	0.5857235603023409	0.4849495929214427	0.7656381156211803	0.39837252472939305	0.4074582925520421	1.2354095668456875	-28.60137923457745	45.38942347333663	-2.1504786826815803	-1.7015333657281067	-0.4489453169534736	4.648536169411434	-4.190425577707138	235.60703919833793	214.5619595199238	0.3429798969483875	0.0	0.0	0.0	0.0
2025-10-08 00:00:00+00:00	225.22000122070312	226.72999572753906	221.19000244140625	222.9199981689453	46686000	AMZN	0.5140226332054865	2.504630962061845	0.5753616710830939	0.5028072540760115	1.1305802511948513	1.5510877718191123	1.0317616502108078	2.504630962061845	49.660038403959646	50.936889082275464	-1.7629718700309809	-1.7138210665886815	-0.049150803442299384	4.712211677748676	-1.0587372536191275	235.07416094371865	214.58383771350793	0.5190822705770373	0.0	0.0	0.0	0.0
2025-10-09 00:00:00+00:00	227.74000549316406	228.2100067138672	221.75	225.0	46412100	AMZN	-0.09768280770389305	2.913193557550028	0.6467067008313752	0.5831363954687185	1.0965765959889937	1.118907849570373	1.2177802191840277	2.913193557550028	-0.5866855160005141	54.577048605616774	-1.2382528370169155	-1.6187074206743284	0.3804545836574129	4.837054180328569	3.185174466697699	234.7864868412342	214.65051267048455	0.6500551059354187	0.0	0.0	0.0	0.0
2025-10-10 00:00:00+00:00	216.3699951171875	228.25	216.0	226.2100067138672	71966500	AMZN	-0.6718181884573635	5.671296296296297	1.6304081657619347	1.2345773395816988	1.4996132530833481	-4.992539782966611	-4.349945318345845	5.671296296296297	55.05977966952583	40.11532843215007	-1.720046412801537	-1.6389752190997702	-0.08107119370176674	5.3665503103051	-1.7437952316441538	234.69175127062488	213.5672483631642	0.13267752459317936	0.0	0.0	0.0	0.0
2025-10-13 00:00:00+00:00	220.07000732421875	220.6699981689453	217.0399932861328	217.6999969482422	35923144	AMZN	0.6146886634324455	1.6725050659335925	1.7366335511067585	1.220614741375285	0.7735973353782081	1.7100394188331414	1.0886588926044076	1.6725050659335925	-50.0835194152835	45.20379975018743	-1.7827606746040772	-1.6677323102006316	-0.11502836440344555	5.2903683632660075	0.880134531952108	233.70581520152624	213.41718589710658	0.3279088659608428	0.22247	0.2175341295154638	0.9778089257272354	0.21901489066082463
