timestamp	open	high	low	close	volume	quoteVolume	symbol	gap_apertura_pct	volatilidad_diaria	vol_5d	vol_10d	vol_rel_5d	return_pct	close_open_pct	range_pct	volume_change_pct	rsi_14	macd	macd_signal	macd_diff	atr_14	momentum_12	bb_upper	bb_lower	bb_pctb	vader	finbert	sentiment_ratio	sentiment_combined
2025-07-15 16:00:00+00:00	4.559	4.718	4.543	4.675	1370502.0435	6371014.1167763	ATOMUSDT	0.0	3.8520801232665605	0.0	0.0	0.0	0.0	2.5444176354463623	3.8520801232665605	0.0	0.0	0.0	0.0	0.0	0.0	0.0	0.0	0.0	0.0	0.0	0.0	0.0	0.0
2025-07-16 16:00:00+00:00	4.675	4.883	4.636	4.823	3405783.0373	16240113.4048287	ATOMUSDT	0.0	5.327868852459014	0.0	0.0	0.0	3.165775401069531	3.165775401069531	5.327868852459014	148.50623561292048	0.0	0.0	0.0	0.0	0.0	0.0	0.0	0.0	0.0	0.0	0.0	0.0	0.0
2025-07-17 16:00:00+00:00	4.823	5.159	4.688	4.95	2670734.007	13251874.1688182	ATOMUSDT	0.0	10.046928327645054	0.0	0.0	0.0	2.6332158407630057	2.6332158407630057	10.046928327645054	-21.58237980076159	0.0	0.0	0.0	0.0	0.0	0.0	0.0	0.0	0.0	0.0	0.0	0.0	0.0
2025-07-18 16:00:00+00:00	4.95	5.019	4.751	4.809	1856983.1721	9056669.5099867	ATOMUSDT	0.0	5.640917701536514	0.0	0.0	0.0	-2.8484848484848486	-2.8484848484848486	5.640917701536514	-30.469183107234088	0.0	0.0	0.0	0.0	0.0	0.0	0.0	0.0	0.0	0.0	0.0	0.0	0.0
2025-07-19 16:00:00+00:00	4.809	5.261	4.799	5.255	1629708.5103	8230368.9158946	ATOMUSDT	0.0	9.627005626172114	2.769765889573577	0.0	0.7452677981668383	9.274277396548133	9.274277396548133	9.627005626172114	-12.238918758912758	0.0	0.0	0.0	0.0	0.0	0.0	0.0	0.0	0.0	0.0	0.0	0.0	0.0
2025-07-20 16:00:00+00:00	5.255	5.319	5.064	5.242	2325551.9621	12166364.569606	ATOMUSDT	0.0	5.03554502369668	2.479674000246579	0.0	0.9780464183667286	-0.24738344433872314	-0.24738344433872314	5.03554502369668	42.69741781442302	0.0	0.0	0.0	0.0	0.0	0.0	0.0	0.0	0.0	0.0	0.0	0.0	0.0
2025-07-21 16:00:00+00:00	5.242	5.276	4.919	5.06	3022324.0	15343951.19	ATOMUSDT	0.0	7.257572677373454	2.269204799758369	0.0	1.3134483960296532	-3.4719572682182447	-3.4719572682182447	7.257572677373454	29.961576832314975	0.0	0.0	0.0	0.0	0.0	0.0	0.0	0.0	0.0	0.0	0.0	0.0	0.0
2025-07-22 16:00:00+00:00	5.06	5.14	4.742	4.818	3018340.0	14961818.662	ATOMUSDT	0.0	8.393083087304928	1.899493367607891	0.0	1.2732487633110738	-4.782608695652174	-4.782608695652174	8.393083087304928	-0.13181909021005028	0.0	0.0	0.0	0.0	0.0	0.0	0.0	0.0	0.0	0.0	0.0	0.0	0.0
2025-07-23 16:00:00+00:00	4.818	4.818	4.454	4.74	2777678.0	12921719.392	ATOMUSDT	0.0	8.17242927705433	1.7111345111437066	0.0	1.0872727588014994	-1.618929016189278	-1.618929016189278	8.17242927705433	-7.973323084874467	0.0	0.0	0.0	0.0	0.0	0.0	0.0	0.0	0.0	0.0	0.0	0.0	0.0
2025-07-24 16:00:00+00:00	4.74	4.749	4.496	4.563	1500782.0	6946811.89	ATOMUSDT	0.0	5.627224199288238	1.506016448074139	2.101818326629686	0.5934442307965452	-3.7341772151898835	-3.7341772151898835	5.627224199288238	-45.96990723906803	0.0	0.0	0.0	0.0	0.0	0.0	0.0	0.0	0.0	0.0	0.0	0.0	0.0
2025-07-25 16:00:00+00:00	4.563	4.764	4.53	4.75	809524.0	3795686.084	ATOMUSDT	0.0	5.1655629139072845	1.4664392728254	1.9238207678758719	0.3637117464763015	4.098181021257951	4.098181021257951	5.1655629139072845	-46.059854129380554	0.0	0.0	0.0	0.0	0.0	0.0	0.0	0.0	0.0	0.0	0.0	0.0	0.0
2025-07-26 16:00:00+00:00	4.75	4.835	4.72	4.796	673504.0	3223173.668	ATOMUSDT	0.0	2.4364406779661065	2.448064102290544	2.3728531382953855	0.3835519329080251	0.9684210526315845	0.9684210526315845	2.4364406779661065	-16.802466634713735	0.0	0.0	0.0	0.0	0.0	0.0	0.0	0.0	0.0	0.0	0.0	0.0	0.0
2025-07-27 16:00:00+00:00	4.796	4.946	4.73	4.757	969714.0	4703247.338	ATOMUSDT	0.0	4.5665961945031555	2.0650242839128117	2.146349952230312	0.720312657382738	-0.8131776480400456	-0.8131776480400456	4.5665961945031555	43.98043664180168	0.0	0.0	0.0	0.0	0.0	1.7540106951871626	0.0	0.0	0.0	0.0	0.0	0.0	0.0
2025-07-28 16:00:00+00:00	4.757	4.793	4.545	4.599	1496450.0	6978261.08	ATOMUSDT	0.0	5.456545654565462	1.3017380775971292	2.1523953790747017	1.3728964578546612	-3.3214210636955954	-3.3214210636955954	5.456545654565462	54.31869602790101	42.72894858708251	0.0	0.0	0.0	0.2902142857142856	-4.644412191582006	0.0	0.0	0.0	0.0	0.0	0.0	0.0
2025-07-29 16:00:00+00:00	4.599	4.645	4.382	4.438	1326670.0	5967406.63	ATOMUSDT	0.0	6.001825650387948	1.3804105572561198	1.7790762200630417	1.2573016504222438	-3.5007610350076206	-3.5007610350076206	6.001825650387948	-11.34551772528317	37.534429427745636	0.0	0.0	0.0	0.28827040816326516	-10.343434343434351	0.0	0.0	0.0	0.0	0.0	0.0	0.0
2025-07-30 16:00:00+00:00	4.438	4.513	4.242	4.319	1197964.0	5265668.6	ATOMUSDT	0.0	6.388495992456386	1.5728301874413662	1.7649163916661474	1.0574683341389637	-2.681388012618292	-2.681388012618292	6.388495992456386	-9.701432910972585	34.22278108338378	0.0	0.0	0.0	0.2870368075801748	-10.189228529839887	0.0	0.0	0.0	0.3291	0.9999444484710693	3.038412063381969	0.7986911139297485
2025-07-31 16:00:00+00:00	4.319	4.413	4.08	4.222	1467796.0	6172617.02	ATOMUSDT	0.0	8.161764705882357	1.3330388884077427	1.8601361439462545	1.136312330516518	-2.245890252373224	-2.245890252373224	8.161764705882357	22.52421608662698	31.76274288435846	0.0	0.0	0.0	0.29031989275301945	-19.657469077069447	0.0	0.0	0.0	0.0	0.0	0.0	0.0
2025-08-01 16:00:00+00:00	4.222	4.241	4.028	4.076	1101256.0	4563911.728	ATOMUSDT	0.0	5.287984111221452	1.1500245317507543	1.672877492198896	0.8355335914160194	-3.458076740881118	-3.458076740881118	5.287984111221452	-24.972135092342533	28.448039314783074	0.0	0.0	0.0	0.2847970432706609	-22.243418542541022	0.0	0.0	0.0	0.0	0.0	0.0	0.0
2025-08-02 16:00:00+00:00	4.076	4.253	4.003	4.225	648334.0	2682564.434	ATOMUSDT	0.0	6.245316012990257	1.0631954590469594	1.4568552533876196	0.5645521959171163	3.655544651619235	3.655544651619235	6.245316012990257	-41.1277668407709	35.81028399922103	0.0	0.0	0.0	0.2823115401798994	-16.50197628458498	0.0	0.0	0.0	0.0	0.0	0.0	0.0
2025-08-03 16:00:00+00:00	4.225	4.328	4.213	4.263	1442706.0	6148108.168	ATOMUSDT	0.0	2.729646332779497	1.9877638195549312	1.703481979385376	1.231386316552795	0.8994082840236747	0.8994082840236747	2.729646332779497	122.52511822609951	37.57442491115131	0.0	0.0	0.0	0.27036071588133515	-11.519302615193022	5.3186186573675345	4.019381342632465	0.18750897515379011	0.0	0.0	0.0	0.0
2025-08-04 16:00:00+00:00	4.263	4.338	4.155	4.168	2523280.0	10733384.034	ATOMUSDT	0.0	4.404332129963895	2.02920852724218	1.7242591758343107	1.7563339334229107	-2.2284775979357203	-2.2284775979357203	4.404332129963895	74.8991131942336	34.98571568209982	0.0	0.0	0.0	0.26412066474695406	-12.067510548523208	5.328943302170683	3.958356697829317	0.15295881450076398	0.0	0.0	0.0	0.0
2025-08-05 16:00:00+00:00	4.168	4.294	4.127	4.292	1016110.0	4266765.424	ATOMUSDT	0.0	4.04652289798885	1.3235228237729386	1.5016666432990853	0.7547217740102554	2.9750479846449056	2.9750479846449056	4.04652289798885	-59.73058875749025	40.72605453027815	0.0	0.0	0.0	0.2571834744078859	-5.939075169844399	5.31359519739909	3.920604802600909	0.2666171990747282	0.0	0.0	0.0	0.0
2025-08-06 16:00:00+00:00	4.292	4.426	4.259	4.388	1294290.0	5618067.268	ATOMUSDT	0.0	3.9211082413712095	1.2712467774226495	1.5511333947353438	0.9345432017467854	2.2367194780987907	2.2367194780987907	3.9211082413712095	27.37695721919871	44.790286326221135	0.0	0.0	0.0	0.25074179766446547	-7.621052631578949	5.2747696406228535	3.9032303593771456	0.35344933043591703	0.0	0.0	0.0	0.0
2025-08-07 16:00:00+00:00	4.388	4.66	4.306	4.548	2874414.0	12909706.88	ATOMUSDT	0.0	8.221086855550396	2.0853766502072104	1.8133822009305904	1.5705807142544914	3.6463081130355546	3.6463081130355546	8.221086855550396	122.08423150916718	50.840311580204464	0.0	0.0	0.0	0.2581173835455751	-5.170975813177652	5.2543709533910326	3.897529046608967	0.47940069520237116	0.0	0.0	0.0	0.0
2025-08-08 16:00:00+00:00	4.548	4.789	4.529	4.724	906466.0	4238338.342	ATOMUSDT	0.0	5.740781629498781	1.8025178741206453	1.8078788366883642	0.5261243754759384	3.8698328935795985	3.8698328935795985	5.740781629498781	-68.46432003183953	56.48866047235018	0.0	0.0	0.0	0.2582518561494626	-0.6937145259617296	5.157345194898355	3.941454805101646	0.6435984702775652	0.0	0.0	0.0	0.0
2025-08-09 16:00:00+00:00	4.724	4.799	4.567	4.659	853564.0	4000785.552	ATOMUSDT	0.0	5.079921173636965	1.7461469704588513	1.7848161922897938	0.6145307223603582	-1.3759525825571632	-1.3759525825571632	5.079921173636965	-5.836071071612173	54.0200490207804	-0.05742912214985463	0.0	0.0	0.25637672356735813	1.3046314416177345	5.042420422371851	3.9980795776281486	0.6328589231172428	0.0	0.0	0.0	0.0
2025-08-10 16:00:00+00:00	4.659	4.775	4.457	4.595	1818018.0	8370066.306	ATOMUSDT	0.0	7.134844065514932	1.6922409202731756	1.6300588159574623	1.1734066096345928	-1.3736853402017615	-1.3736853402017615	7.134844065514932	112.99141013444802	51.627694724271436	-0.044537215620995774	0.0	0.0	0.26077838616968974	3.537629562866157	4.958899556180775	4.035100443819225	0.6060836698029272	0.0	0.0	0.0	0.0
2025-08-11 16:00:00+00:00	4.595	4.651	4.444	4.627	1059066.0	4800348.28	ATOMUSDT	0.0	4.657965796579655	1.4829515850486066	1.6418976387395996	0.7049604288235363	0.696409140369968	0.696409140369968	4.657965796579655	-41.74612132553143	52.754339825504196	-0.03137646588333176	0.0	0.0	0.25693707287185474	7.131280388978927	4.929895691582591	4.0450043084174085	0.6577029708446714	0.0	0.0	0.0	0.0
2025-08-12 16:00:00+00:00	4.627	4.884	4.611	4.83	2047146.0	9738808.944	ATOMUSDT	0.0	5.9206245933637085	0.9459407759423515	1.6224230994085462	1.5313183508720487	4.387291981845695	4.387291981845695	5.9206245933637085	93.2973015846038	59.24001386948612	-0.004514038414981769	0.0	0.0	0.25808442480957944	14.400757934628128	4.946250550296824	4.037649449703176	0.8720554595180767	0.0	0.0	0.0	0.0
2025-08-13 16:00:00+00:00	4.83	4.921	4.426	4.589	3486857.5	16323908.86	ATOMUSDT	0.0	11.183913239945777	2.6292106850745784	2.27277341943292	1.8818071570204231	-4.989648033126287	-4.989648033126287	11.183913239945777	70.32773920375	50.395211098384685	-0.002641606200006308	0.0	0.0	0.2750069658946095	12.585868498527988	4.948504159783298	4.037995840216701	0.6051610380074042	0.0	0.0	0.0	0.0
2025-08-14 16:00:00+00:00	4.589	4.625	4.331	4.354	1159998.0	5189628.5562	ATOMUSDT	0.0	6.788270607250048	2.4558248738564203	2.2072622692646644	0.6059908251786069	-5.120941381564617	-5.120941381564617	6.788270607250048	-66.73227971031223	43.56483553841783	-0.019890935875453764	0.0	0.0	0.27636361118785163	3.0532544378698336	4.916600301816435	4.030299698183565	0.36522631316013515	0.0	0.0	0.0	0.0
2025-08-15 16:00:00+00:00	4.354	4.596	4.327	4.591	855883.2	3815445.8332	ATOMUSDT	0.0	6.216778368384565	2.490118700964899	2.0666181459322712	0.49708915164306844	5.443270555810751	5.443270555810751	6.216778368384565	-26.21683830489363	50.80635183807616	-0.014272707719459987	0.0	0.0	0.27583763896014796	7.694112127609672	4.885003082018135	4.041396917981866	0.6514924919331259	0.0	0.0	0.0	0.0
2025-08-16 16:00:00+00:00	4.591	4.729	4.537	4.727	883360.8	4074261.4341	ATOMUSDT	0.0	4.2318712805818866	2.5934652419844895	2.025686033642198	0.5237371543375561	2.9623175778697477	2.9623175778697477	4.2318712805818866	3.210438059772653	54.42064316751441	0.0011406927756292262	0.0	0.0	0.26984923617728024	13.411708253358928	4.879507659096859	4.04389234090314	0.8174905895376331	0.0	0.0	0.0	0.0
2025-08-17 16:00:00+00:00	4.727	4.756	4.375	4.465	1292083.4	5809127.0035	ATOMUSDT	0.0	8.708571428571434	2.638099473412638	2.076464777722528	0.8413992065752952	-5.542627459276506	-5.542627459276506	8.708571428571434	46.26904431349001	47.222648328424945	-0.0076965654436094155	-0.018880837608596348	0.011184272164986932	0.27778857645033167	4.030754892823859	4.868056412612124	4.041943587387876	0.512104884096534	0.0	0.0	0.0	0.0
2025-08-18 16:00:00+00:00	4.465	4.535	4.313	4.334	1126296.0	4959263.368	ATOMUSDT	0.0	5.147229306747054	1.7043629151065025	2.1108836679711263	1.059022366654384	-2.933930571108628	-2.933930571108628	5.147229306747054	-12.831013849415596	44.0830493658778	-0.02498277555334294	-0.020101225197545668	-0.004881550355797272	0.2738036781324509	-1.230628988149505	4.866186647240275	4.033413352759725	0.3609465495981935	0.0	0.0	0.0	0.0
2025-08-19 16:00:00+00:00	4.334	4.448	4.262	4.415	1191726.0	5162606.078	ATOMUSDT	0.0	4.364148287189133	1.841082154275125	2.1757883294159934	1.1138980751565788	1.8689432395016248	1.8689432395016248	4.364148287189133	5.809307677555456	46.45361717526042	-0.03177986010594491	-0.022436952179225516	-0.009342907926719397	0.26753198683727586	-2.9243623570800357	4.8670392803795455	4.042160719620455	0.45199293340396873	0.0	0.0	0.0	0.0
2025-08-20 16:00:00+00:00	4.415	4.521	4.408	4.463	942240.0	4222525.386	ATOMUSDT	0.0	2.563520871143365	2.2751863173644487	2.4724980277383466	0.8667135100127378	1.087202718006796	1.087202718006796	2.563520871143365	-20.934845761525718	47.864159696514754	-0.03291398777415466	-0.024532359298211345	-0.008381628475943318	0.2564939877774704	-5.524978831498732	4.865045419150367	4.068254580849632	0.49541912403538224	0.0	0.0	0.0	0.0
2025-08-21 16:00:00+00:00	4.463	4.657	4.292	4.623	1907964.0	8455818.442	ATOMUSDT	0.0	8.50419384902144	2.6794812423813603	2.5424574832815634	1.4766815967049503	3.585032489356938	3.585032489356938	8.50419384902144	102.49235863474273	52.36833453118669	-0.020663928394271558	-0.02375867311742339	0.0030947447231518335	0.2642444172219368	-0.7726980038634812	4.854686013036266	4.133313986963735	0.6788258975085749	0.0	0.0	0.0	0.0
2025-08-22 16:00:00+00:00	4.623	4.91	4.623	4.88	1453658.0	6968955.706	ATOMUSDT	0.0	6.208089984858315	2.205814262573782	2.5385231589008557	1.0976166299500263	5.559160718148381	5.559160718148381	6.208089984858315	-23.811036266931662	58.56110337222277	0.009670607340898307	-0.01707281702575905	0.02674342436665736	0.26586981599179843	6.202393906420025	4.902424260497039	4.151075739502961	0.9701546487808741	0.0	0.0	0.0	0.0
2025-08-23 16:00:00+00:00	4.88	4.93	4.653	4.691	1428880.0	6843386.778	ATOMUSDT	0.0	5.953148506339999	2.216035361171643	1.8999238678601003	1.0317615735967007	-3.8729508196721323	-3.8729508196721323	5.953148506339999	-1.7045274748255779	53.094106984154216	0.018249852063998873	-0.010008283207807467	0.028258135271806338	0.2666648291352414	1.383185649448888	4.909788092573221	4.18651190742678	0.6975040834105116	0.0	0.0	0.0	0.0
2025-08-24 16:00:00+00:00	4.691	4.968	4.49	4.609	4608516.0	21795545.35	ATOMUSDT	0.0	10.645879732739415	3.0293235450731806	2.4261543893405886	2.2282182689959	-1.7480281389895511	-1.7480281389895511	10.645879732739415	222.52645428587425	50.87498800608983	0.018222196481652908	-0.004362187269915393	0.0225843837515683	0.28176019848272416	-4.575569358178056	4.887493302797265	4.252906697202735	0.5611421666608443	0.0	0.0	0.0	0.0
2025-08-25 16:00:00+00:00	4.609	4.617	4.383	4.448	3730072.0	16647527.946	ATOMUSDT	0.0	5.338809034907597	2.207545762338404	2.4434887330429733	1.4205371430921716	-3.4931655456715034	-3.4931655456715034	5.338809034907597	-19.061320390338235	46.74397453937693	0.005149563800537216	-0.0024598370558248715	0.007609400856362088	0.2783487557339582	-3.072564828938767	4.874545443397798	4.281454556602203	0.2808093111961717	0.0	0.0	0.0	0.0
2025-08-26 16:00:00+00:00	4.448	4.581	4.436	4.55	686394.0	3106681.726	ATOMUSDT	0.0	3.268710550045096	2.698451895116053	2.545092255519594	0.288218705490312	2.293165467625886	2.293165467625886	3.268710550045096	-81.5983712914925	49.539496142345165	0.0029855403176055617	-0.001370761581138785	0.004356301898744346	0.26882384461010406	4.501607717041795	4.870025271858629	4.302174728141371	0.43642693416531264	0.0	0.0	0.0	0.0
2025-08-27 16:00:00+00:00	4.55	4.719	4.458	4.653	1435710.0	6565551.458	ATOMUSDT	0.0	5.8546433378196525	2.705522700335998	2.370386601099247	0.6037685797268396	2.2637362637362584	2.2637362637362584	5.8546433378196525	109.1670381734106	52.264441782669714	0.00947258128889672	0.0007979069928683161	0.008674674296028403	0.2682649985665252	1.3504683075582529	4.876144855992865	4.3065551440071355	0.6082358032505051	0.0	0.0	0.0	0.0
2025-08-28 16:00:00+00:00	4.653	4.806	4.49	4.548	2709504.0	12544253.71	ATOMUSDT	0.0	7.03786191536748	2.722986351048239	2.389204217618438	1.0286498393797632	-2.2566086395873532	-2.2566086395873532	7.03786191536748	88.72223499174623	49.33936943102032	0.0060710027759327545	0.0018525261494812038	0.004218476626451551	0.2716746415260591	-3.7867569282843294	4.86121644936195	4.303883550638049	0.43800832486453445	0.0	0.0	0.0	0.0
2025-08-29 16:00:00+00:00	4.548	4.553	4.414	4.514	801896.0	3597996.942	ATOMUSDT	0.0	3.149071137290445	1.6879545366037205	2.5081066097980926	0.4281996536366021	-0.7475813544415085	-0.7475813544415085	3.149071137290445	-70.40432492441421	48.39486525393264	0.0006245124563628579	0.0016069234108575347	-0.0009824109544946768	0.26219788141705486	1.0974244120940735	4.85317702315952	4.297422976840481	0.38969940856749086	0.0	0.0	0.0	0.0
2025-08-30 16:00:00+00:00	4.514	4.614	4.461	4.56	727228.0	3310136.396	ATOMUSDT	0.0	3.4297242770679124	1.7854168436269837	2.394275629479073	0.5716543316083746	1.019051838723956	1.019051838723956	3.4297242770679124	-9.311431906381875	49.79516004440704	1.9717904491400873e-05	0.001289482309584308	-0.0012697644050929072	0.25439803274440803	5.214582371942778	4.851349550035626	4.295750449964372	0.4756119115415022	0.0	0.0	0.0	0.0
2025-08-31 16:00:00+00:00	4.56	4.595	4.364	4.41	1285924.0	5738012.348	ATOMUSDT	0.0	5.293308890925753	1.6469629849612109	2.221080977799584	0.9237612032420619	-3.289473684210515	-3.289473684210515	5.293308890925753	76.82542476362296	45.463015797688776	-0.012420160652154344	-0.0014524462827634225	-0.01096771436939092	0.252726744691236	-0.1132502831257054	4.848147087916477	4.277252912083524	0.2325248593100356	0.0	0.0	0.0	0.0
2025-09-01 16:00:00+00:00	4.41	4.468	4.312	4.352	1112624.0	4889795.462	ATOMUSDT	0.0	3.6178107606678966	1.6445884405337683	2.2944380246523135	0.8381757542665736	-1.3151927437641684	-1.3151927437641684	3.6178107606678966	-13.476690690896195	43.873589615411724	-0.026651744585114656	-0.00649230594323367	-0.020159438641880988	0.24581769149900484	-2.4871162894913685	4.810432545914506	4.267167454085494	0.15615313258744482	0.0	0.0	0.0	0.0
2025-09-02 16:00:00+00:00	4.352	4.533	4.352	4.533	1086762.0	4831537.612	ATOMUSDT	0.0	4.1590073529411775	0.8468534519420877	2.3128798316036603	1.0836337660441837	4.1590073529411775	4.1590073529411775	4.1590073529411775	-2.3244150764319302	49.77477523057933	-0.02305937593332974	-0.009805719941252886	-0.013253655992076854	0.24118785639193305	-1.9467878001297827	4.806657717421832	4.2653422825781675	0.49445794483790095	0.0	0.0	0.0	0.0
2025-09-03 16:00:00+00:00	4.533	4.561	4.368	4.388	756688.0	3384369.412	ATOMUSDT	0.0	4.418498168498159	0.7375096295981661	1.2894568559061423	0.7613741053435686	-3.198764615045234	-3.198764615045234	4.418498168498159	-30.372243416681847	45.63528479402395	-0.03154900874536981	-0.014154377702076271	-0.01739463104329354	0.23774586664965208	-10.081967213114753	4.804158326948129	4.271241673051871	0.2190930347071834	0.0	0.0	0.0	0.0
2025-09-04 16:00:00+00:00	4.388	4.553	4.333	4.421	1599516.0	7120696.618	ATOMUSDT	0.0	5.0773136395107255	0.6824472209018638	1.2743983408091661	1.3690936972846421	0.7520510483135907	0.7520510483135907	5.0773136395107255	111.38382001564713	46.72126547140092	-0.035208418968530886	-0.018365185955367194	-0.01684323301316369	0.23647830474610548	-5.755702408868036	4.799138215153016	4.2592617848469825	0.29958376782875107	0.0	0.0	0.0	0.0
2025-09-05 16:00:00+00:00	4.421	4.463	4.358	4.368	849010.0	3740607.106	ATOMUSDT	0.0	2.4093620927030845	1.0021228073696282	1.392449835104434	0.7854512822410539	-1.1988237955213736	-1.1988237955213736	2.4093620927030845	-46.92081854761065	45.1609421926843	-0.04190216294430016	-0.023072581353153786	-0.018829581591146373	0.22708699726424084	-5.228899978303312	4.773833224902118	4.248666775097883	0.2272293383299733	0.0	0.0	0.0	0.0
2025-09-06 16:00:00+00:00	4.368	4.486	4.357	4.458	716496.0	3172877.954	ATOMUSDT	0.0	2.960752811567582	1.0932796632795625	1.3673460544263694	0.7152840227518492	2.060439560439557	2.060439560439557	2.960752811567582	-15.608061153578875	48.31737040175635	-0.03948954454418452	-0.026355973991359933	-0.013133570552824585	0.2200807831739379	0.22482014388488727	4.773747408204829	4.2480525917951715	0.3993712733153967	0.0	0.0	0.0	0.0
2025-09-07 16:00:00+00:00	4.458	4.584	4.434	4.563	960942.0087	4332085.1677562	ATOMUSDT	0.0	3.3829499323409893	1.0855152291139945	0.9296372735776796	0.984036960844	2.355316285329734	2.355316285329734	3.3829499323409893	34.116869975547665	51.80282169218459	-0.02877322477720945	-0.026839424148529835	-0.0019338006286796147	0.21507501294722803	0.28571428571428353	4.773046051025931	4.27165394897407	0.5810742726773044	0.0	0.0	0.0	0.0
2025-09-08 16:00:00+00:00	4.563	4.676	4.488	4.525	1240909.6211	5683470.5320402	ATOMUSDT	0.0	4.188948306595359	1.0491195497298917	0.9079110563450395	1.1560823923724877	-0.8327854481700498	-0.8327854481700498	4.188948306595359	29.13470426573933	50.47610190964783	-0.023080686785679205	-0.02608767667595971	0.0030069898902805037	0.21314108345099744	-2.750913389211245	4.773663160754253	4.282036839245747	0.4942029141335341	0.0	0.0	0.0	0.0
2025-09-09 16:00:00+00:00	4.525	4.712	4.504	4.688	1079643.1747	4991664.70249	ATOMUSDT	0.0	4.618117229129667	0.8969520706684886	0.9181406766804743	1.1137229167546756	3.6022099447513667	3.6022099447513667	4.618117229129667	-12.995825292823978	55.71533632734891	-0.0053548443503128595	-0.021941110210830343	0.016586265860517483	0.21277386320449762	3.0782761653473987	4.7924897393344805	4.285710260665518	0.793816159231784	0.0	0.0	0.0	0.0
2025-09-10 16:00:00+00:00	4.688	4.712	4.581	4.625	1547480.7642	7187129.9351376	ATOMUSDT	0.0	2.8596376337044167	0.7725421148232035	0.8617621333448492	1.3952652583545468	-1.3438566552900966	-1.3438566552900966	2.8596376337044167	43.33261215030584	53.365429481142264	0.003568306781103203	-0.016839226812443635	0.02040753359354684	0.20693287297560486	2.4590163934426177	4.792723647812183	4.285676352187815	0.6692149839678139	0.0	0.0	0.0	0.0
2025-09-11 16:00:00+00:00	4.625	4.734	4.597	4.651	1211521.3685	5651535.4609425	ATOMUSDT	0.0	2.9802044811833706	0.7685437781094459	0.8970753445751607	1.002832532733297	0.5621621621621579	0.5621621621621579	2.9802044811833706	-21.71008541574219	54.22352516459922	0.012592789214194156	-0.010952823607116078	0.023545612821310236	0.20193766776306163	1.9956140350877238	4.735164440191602	4.320335559808396	0.7971104612729614	0.0	0.0	0.0	0.0
2025-09-12 16:00:00+00:00	4.651	4.887	4.645	4.845	1812802.7422	8675643.3886503	ATOMUSDT	0.0	5.209903121636168	1.026881752069106	1.0104928938868825	1.315081738942814	4.171145990109653	4.171145990109653	5.209903121636168	49.630273912911164	60.12004141532259	0.034995528565315404	-0.001763153172629782	0.036758681737945186	0.20479926292284295	9.863945578231283	4.7754145598833215	4.295485440116678	1.1449910773293208	0.0	0.0	0.0	0.0
2025-09-13 16:00:00+00:00	4.845	4.88	4.608	4.635	2164010.4577	10272460.6986567	ATOMUSDT	0.0	5.902777777777783	1.3521764692618075	1.200801346519517	1.3844424199032686	-4.334365325077399	-4.334365325077399	5.902777777777783	19.37374140739537	52.27100643253884	0.03539658613596153	0.00566879468908848	0.02972779144687305	0.2095993155712113	6.502757352941164	4.778568837148796	4.294931162851203	0.7031479457068612	0.0	0.0	0.0	0.0
2025-09-14 16:00:00+00:00	4.635	4.691	4.462	4.488	1963799.5027	8962704.5572463	ATOMUSDT	0.0	5.132227700582701	1.399780386287094	1.2065953713772892	1.1286703721247446	-3.1715210355986914	-3.1715210355986914	5.132227700582701	-9.251847849792396	47.587485412640206	0.02358092940486145	0.009251221632243074	0.014329707772618376	0.21098507874469624	-0.9927200529450678	4.778250208768168	4.299249791231831	0.39405019673881797	0.0	0.0	0.0	0.0
2025-09-15 16:00:00+00:00	4.488	4.526	4.416	4.524	1651585.8195	7379783.2333396	ATOMUSDT	0.0	2.490942028985494	1.5078658953279414	1.1951339816508462	0.9380045253731032	0.8021390374331459	0.8021390374331459	2.490942028985494	-15.898450059221519	48.79745106558346	0.0169267148217509	0.01078632027014464	0.006140394551606259	0.20377185883436075	3.0993618960802216	4.776974090646424	4.297925909353576	0.4719234921971709	0.0	0.0	0.0	0.0
2025-09-16 16:00:00+00:00	4.524	4.57	4.467	4.476	1278450.1441	5784827.5115357	ATOMUSDT	0.0	2.3057980747705544	1.6805459023963252	1.2722100128542562	0.7206069094875228	-1.0610079575596827	-1.0610079575596827	2.3057980747705544	-22.592569577338885	47.231796563450565	0.007691341973766974	0.010167324610869107	-0.002475982637102133	0.19657386891762071	1.2440624293146283	4.763426233628179	4.293773766371821	0.3880022917642026	0.0	0.0	0.0	0.0
2025-09-17 16:00:00+00:00	4.476	4.642	4.45	4.622	1779395.654	8108128.0869375	ATOMUSDT	0.0	4.314606741573038	1.5925429791860126	1.2636411464999695	1.0067596536173362	3.2618409294012487	3.2618409294012487	4.314606741573038	39.1838126978862	52.25021129999781	0.012014724021940815	0.01053680449308345	0.0014779195288573653	0.19624716399493353	5.815018315018305	4.7705394593680825	4.294060540631918	0.6882559678357317	0.0	0.0	0.0	0.0
2025-09-18 16:00:00+00:00	4.622	4.751	4.518	4.545	1546519.9099	7181351.6199064	ATOMUSDT	0.0	5.157149181053575	1.3960355393105193	1.315718624639808	0.9407340345333858	-1.6659454781479872	-1.6659454781479872	5.157149181053575	-13.087350392056202	49.572535890991894	0.00912261908507439	0.01025396741148164	-0.0011313483264072492	0.19887236656672402	1.951547779273211	4.771996404549799	4.295703595450202	0.5234099692184692	0.0	0.0	0.0	0.0
2025-09-19 16:00:00+00:00	4.545	4.553	4.418	4.474	1121446.5467	5016756.168433	ATOMUSDT	0.0	3.055681303757351	1.2293575721037997	1.3395325293568205	0.7600556018671996	-1.5621562156215563	-1.5621562156215563	3.055681303757351	-27.485799599404174	47.17200908735142	0.0010889457688962878	0.00842096308296457	-0.0073320173140682815	0.19431005466910087	-1.9504711812404016	4.768755748258683	4.290344251741318	0.38388656960716694	0.0	0.0	0.0	0.0
2025-09-20 16:00:00+00:00	4.474	4.511	4.423	4.434	2048861.0149	9137006.0009674	ATOMUSDT	0.0	1.9895998191272908	1.343769245932015	1.4419069767099375	1.3176508798841216	-0.8940545373267778	-0.8940545373267778	1.9895998191272908	82.6980537707335	45.82565157370831	-0.008408535555958885	0.005055063355179879	-0.013463598911138764	0.18671647933559368	-2.0110497237569103	4.76777563152536	4.2937243684746385	0.2959081484618947	0.0	0.0	0.0	0.0
2025-09-21 16:00:00+00:00	4.434	4.45	4.002	4.12	3230409.1429	13676964.1797512	ATOMUSDT	0.0	11.19440279860071	3.5918915951874992	2.6891629010616436	1.6606000174361437	-7.081641858367164	-7.081641858367164	11.19440279860071	57.6685348302002	36.91791226977209	-0.04080219145941033	-0.004116387607738163	-0.036685803851672166	0.2053795879544799	-12.116040955631393	4.8072397603178505	4.231060239682151	-0.19275284126658618	0.0	0.0	0.0	0.0
2025-09-22 16:00:00+00:00	4.12	4.212	4.078	4.183	903577.3169	3756298.9171961	ATOMUSDT	0.0	3.2859244727807617	3.679542522508191	2.715363747327503	0.5104487134819268	1.5291262135922263	1.5291262135922263	3.2859244727807617	-72.0290131395294	39.4605972999617	-0.06069121313351822	-0.015431352712894175	-0.04525986042062404	0.2002810459577313	-9.55675675675676	4.824654195019192	4.178645804980808	0.006740152428876944	0.0	0.0	0.0	0.0
2025-09-23 16:00:00+00:00	4.183	4.226	4.065	4.169	1774192.2447	7406805.2349403	ATOMUSDT	0.0	3.9606396063960534	3.7004576200307326	2.671627846624656	0.9771410082565284	-0.33468802295004146	-0.33468802295004146	3.9606396063960534	96.3520123310435	39.08358710508676	-0.07669895133250737	-0.027684872436816815	-0.04901407889569055	0.19747525696075047	-10.363362717695123	4.8419834183390895	4.139416581660909	0.042107621360216924	0.0	0.0	0.0	0.0
2025-09-24 16:00:00+00:00	4.169	4.194	3.992	4.06	2054615.9121	8392264.1980558	ATOMUSDT	0.0	5.060120240480961	3.5849309592489536	2.669194385478011	1.026111957764256	-2.6145358599184454	-2.6145358599184454	5.060120240480961	15.805709231212276	36.1849085065473	-0.09706172113134581	-0.041560242175722614	-0.0555014789556232	0.19779845289212544	-16.20227038183695	4.870425954527163	4.0748740454728365	-0.01869651157083851	0.0	0.0	0.0	0.0
2025-09-25 16:00:00+00:00	4.06	4.075	3.937	4.054	2222895.9904	8912372.8942044	ATOMUSDT	0.0	3.50520701041403	3.3099066554435663	2.6122590299033988	1.0911857016707047	-0.14778325123151084	-0.14778325123151084	3.50520701041403	8.19034240458124	36.02651501348537	-0.11238797415173085	-0.055725788570924265	-0.05666218558080659	0.19352713482840223	-12.535059331175827	4.892958015981353	4.020941984018647	0.0379098718024113	0.0	0.0	0.0	0.0
2025-09-26 16:00:00+00:00	4.054	4.178	4.053	4.094	835464.0722	3434203.1921504	ATOMUSDT	0.0	3.08413520848754	0.7866360279058554	2.5544495327970314	0.5361900657050472	0.9866798223976329	0.9866798223976329	3.08413520848754	-62.41551220533436	37.975752634877395	-0.11992406441953296	-0.068565443740646	-0.051358620678886954	0.18863233948351635	-8.77896613190731	4.902564995445378	3.9749350045546232	0.1283539736905716	0.0	0.0	0.0	0.0
2025-09-27 16:00:00+00:00	4.094	4.158	4.018	4.088	862921.0655	3514312.7451163	ATOMUSDT	0.0	3.4843205574913036	0.7600894345592872	2.5731525248986036	0.5567168543343655	-0.14655593551539392	-0.14655593551539392	3.4843205574913036	3.286436151311495	37.78975185816722	-0.12494038512029526	-0.07984043201657587	-0.04509995310371939	0.18515860094897948	-9.637488947833774	4.8991338657850685	3.930866134214931	0.1622834890203989	0.0	0.0	0.0	0.0
2025-09-28 16:00:00+00:00	4.088	4.184	4.006	4.085	1001728.3078	4105724.93387	ATOMUSDT	0.0	4.443334997503742	0.8115091983209279	2.558989922940058	0.7178146273553694	-0.07338551859100083	-0.07338551859100083	4.443334997503742	16.085740382241244	37.690350291487235	-0.1276860450981543	-0.08940955463289156	-0.03827649046526273	0.18464727230976666	-8.735478105451296	4.894806337146109	3.891193662853891	0.19310869831609884	0.0	0.0	0.0	0.0
2025-09-29 16:00:00+00:00	4.085	4.161	3.971	4.012	1067174.3873	4329100.6054684	ATOMUSDT	0.0	4.784688995215299	0.7183850241755124	2.523260686106471	0.890769314262803	-1.7870257037943795	-1.7870257037943795	4.784688995215299	6.533316368360706	35.25990098879477	-0.13420545339877776	-0.0983687343860688	-0.03583671901270896	0.18502961000192616	-13.197749891821731	4.867989779771561	3.8504102202284383	0.1587981777504578	0.0	0.0	0.0	0.0
2025-09-30 16:00:00+00:00	4.012	4.254	3.994	4.19	1916245.9808	7908413.0180399	ATOMUSDT	0.0	6.5097646469704395	1.3371782112371218	2.430892778048127	1.6857874375750683	4.4366899302093925	4.4366899302093925	6.5097646469704395	79.56259104457986	44.63495679138355	-0.1235844148491374	-0.10341187047868253	-0.020172544370454876	0.1903846378589314	-7.810781078107801	4.8360185409249095	3.83888145907509	0.35212665070437416	0.0	0.0	0.0	0.0
2025-10-01 16:00:00+00:00	4.19	4.279	4.064	4.229	2829664.3975	11827195.9319051	ATOMUSDT	0.0	5.290354330708658	1.11463844928574	1.0852187131129127	1.8427731061715364	0.9307875894987996	0.9307875894987996	5.290354330708658	47.667075409528756	46.464210735125604	-0.11074360783902915	-0.10487821795075185	-0.005865389888277298	0.19214287801186486	-5.476084041126511	4.795389987892444	3.837310012107557	0.40882807050795417	0.0	0.0	0.0	0.0
2025-10-02 16:00:00+00:00	4.229	4.317	4.192	4.306	2095568.764	8933369.7803335	ATOMUSDT	0.0	2.9818702290076335	1.2842081879395708	1.1217055241024896	1.1759141203153396	1.8207614093166222	1.8207614093166222	2.9818702290076335	-25.94285153209587	49.978260809923555	-0.09327866094690496	-0.10255830654998248	0.009279645603077522	0.1873469581538745	-2.8867839422643238	4.702560211056186	3.8762397889438134	0.5200890593476618	0.0	0.0	0.0	0.0
2025-10-03 16:00:00+00:00	4.306	4.35	4.088	4.1	2205197.0356	9362308.9067021	ATOMUSDT	0.0	6.409001956947153	1.4385581052008871	1.2912589100762208	1.0901866808214962	-4.784022294472838	-4.784022294472838	6.409001956947153	5.231432796829	42.02981230080449	-0.09496534174712767	-0.10103971358941152	0.006074371842283849	0.19267931828574056	-0.4854368932038947	4.65139890353542	3.873901096464579	0.29080326848409976	0.0	0.0	0.0	0.0
2025-10-04 16:00:00+00:00	4.1	4.303	4.085	4.216	1438688.5682	6036042.8046635	ATOMUSDT	0.0	5.336597307221542	1.4202483632995653	1.3061434056873502	0.6860460284584358	2.8292682926829404	2.8292682926829404	5.336597307221542	-34.759182740849496	47.12892723141662	-0.08595102793821852	-0.09802197645917293	0.012070948520954417	0.19448793840818765	0.7889074826679504	4.624102782951936	3.873997217048065	0.4559395350437438	0.0	0.0	0.0	0.0
2025-10-05 16:00:00+00:00	4.216	4.274	4.108	4.255	1540961.3485	6429637.7586515	ATOMUSDT	0.0	4.0408958130477215	1.322726045793954	1.2674434454591208	0.7620915616665724	0.9250474383301637	0.9250474383301637	4.0408958130477215	7.108750466263696	48.76079067965449	-0.07479792135929308	-0.09337716543919697	0.018579244079903884	0.1924530856647457	2.0628448069081387	4.588910854630863	3.882289145369136	0.5274545768205583	0.0	0.0	0.0	0.0
2025-10-06 16:00:00+00:00	4.255	4.307	4.034	4.062	2993885.4817	12488456.1905308	ATOMUSDT	0.0	6.7674764501735405	1.5935699388670554	1.300951207156001	1.4569776688475862	-4.535840188014093	-4.535840188014093	6.7674764501735405	94.28686414583355	41.87303793713432	-0.08060334587598295	-0.09082240152655416	0.010219055650571213	0.19820643668869248	0.04926108374385882	4.557804593145077	3.871995406854923	0.2770516886379085	0.0	0.0	0.0	0.0
2025-10-07 16:00:00+00:00	4.062	4.138	4.004	4.107	1841780.5193	7490879.3221455	ATOMUSDT	0.0	3.3466533466533557	1.4759546257118303	1.319426313000898	0.9190051087621502	1.1078286558345625	1.1078286558345625	3.3466533466533557	-38.48193157160464	43.864111465449525	-0.08064345515970395	-0.08878661225318413	0.00814315709348018	0.1936202626395002	1.3073507646768607	4.479173636967731	3.8991263630322686	0.3583736124770756	0.0	0.0	0.0	0.0
2025-10-08 16:00:00+00:00	4.107	4.2	3.987	4.009	2726188.3738	11153934.3812713	ATOMUSDT	0.0	5.342362678705795	1.3231030566436568	1.308542494095581	1.2930736915784522	-2.386169953737518	-2.386169953737518	5.342362678705795	48.01917737929677	40.60230209389401	-0.08757352989584088	-0.08854399578171548	0.0009704658858745996	0.1950045295938216	-2.0762090864680007	4.412161348821446	3.9125386511785547	0.1930683879586113	0.0	0.0	0.0	0.0
2025-10-09 16:00:00+00:00	4.009	4.186	3.907	3.963	3409273.5037	13800043.9346476	ATOMUSDT	0.0	7.141028922446887	1.6539153438527774	1.453401902561013	1.3623917804003047	-1.1474183088051948	-1.1474183088051948	7.141028922446887	25.05641710106245	39.131376175446285	-0.09567460235411573	-0.08997011709619554	-0.005704485257920194	0.20100420605140576	-3.057729941291585	4.356612283551192	3.9169877164488085	0.1046626758246563	0.0	0.0	0.0	0.0
2025-10-10 16:00:00+00:00	3.963	4.006	1.459	3.184	18312602.0593	53997970.6062027	ATOMUSDT	0.0	174.57162440027417	75.55900276270222	53.58313579571724	3.126753678270633	-19.656825637143577	-19.656825637143577	174.57162440027417	437.14089055705824	23.563178768586084	-0.16307373772907008	-0.10459084122277046	-0.05848289650629962	0.3685753341905911	-22.0563035495716	4.5176874603549235	3.630912539645077	-0.5039751680024191	0.0	0.0	0.0	0.0
2025-10-11 16:00:00+00:00	3.184	3.445	3.011	3.434	8182322.6253	26102336.2380414	ATOMUSDT	0.0	14.413816007970764	74.8061975223641	53.34181773403794	1.1868013121975876	7.851758793969848	7.851758793969848	14.413816007970764	-55.31862376081813	32.8027523385672	-0.19407791800598284	-0.12248825657941295	-0.07158966142656989	0.37324852460554886	-14.406779661016936	4.562939384632663	3.5170606153673374	-0.07941705846623402	0.0	0.0	0.0	0.0
2025-10-12 16:00:00+00:00	3.434	3.597	3.429	3.542	5753847.7562	20196318.059826	ATOMUSDT	0.0	4.899387576552935	74.61397466013715	53.265112514533385	0.7495066475061618	3.14502038439137	3.14502038439137	4.899387576552935	-29.67952964346675	36.38048662633677	-0.20754184365876638	-0.13949897399528366	-0.06804286966348272	0.3585879157051525	-15.465393794749415	4.569080813625475	3.4468191863745252	0.08481160837569218	-0.6007	0.9999397397041321	1.6646214001710202	0.5197478177928925
