timestamp	close	high	low	open	volume	symbol	gap_apertura_pct	volatilidad_diaria	vol_5d	vol_10d	vol_rel_5d	return_pct	close_open_pct	range_pct	volume_change_pct	rsi_14	macd	macd_signal	macd_diff	atr_14	momentum_12	bb_upper	bb_lower	bb_pctb	vader	finbert	sentiment_ratio	sentiment_combined
2025-06-05 00:00:00+00:00	266.2534484863281	267.85809072770155	262.7650640489441	262.83480862130494	8642900	CRM	0.0	1.9382434636777985	0.0	0.0	0.0	0.0	1.3006800290097007	1.9382434636777985	0.0	0.0	0.0	0.0	0.0	0.0	0.0	0.0	0.0	0.0	0.0	0.0	0.0	0.0
2025-06-06 00:00:00+00:00	273.5989685058594	273.9876583610231	267.3198586373146	269.07402729894693	7507000	CRM	1.0593586031106896	2.4943151465432227	0.0	0.0	0.0	2.758845025779426	1.681671491052215	2.4943151465432227	-13.142579458283679	0.0	0.0	0.0	0.0	0.0	0.0	0.0	0.0	0.0	0.0	0.0	0.0	0.0
2025-06-09 00:00:00+00:00	271.3464660644531	273.2900066380453	268.76506531732184	271.94448088835054	5728300	CRM	-0.6047126663320744	1.6836047182624123	0.0	0.0	0.0	-0.8232861599249818	-0.21990327655994463	1.6836047182624123	-23.693885706673772	0.0	0.0	0.0	0.0	0.0	0.0	0.0	0.0	0.0	0.0	0.0	0.0	0.0
2025-06-10 00:00:00+00:00	267.329833984375	272.8414798306025	265.95440905505984	271.1670627063478	6309700	CRM	-0.06611597368757288	2.5895681895301297	0.0	0.0	0.0	-1.4802595878009523	-1.415079207509875	2.5895681895301297	10.149608086168671	0.0	0.0	0.0	0.0	0.0	0.0	0.0	0.0	0.0	0.0	0.0	0.0	0.0
2025-06-11 00:00:00+00:00	265.0274963378906	268.615554670695	264.52915574767604	267.60889694524684	6568100	CRM	0.10438900765866305	1.5447820530289036	0.47183946625984347	0.0	0.9448872137184946	-0.8612348319562951	-0.9646168856203513	1.5447820530289036	4.095281867600678	0.0	0.0	0.0	0.0	0.0	0.0	0.0	0.0	0.0	0.0	0.0	0.0	0.0
2025-06-12 00:00:00+00:00	266.0242004394531	268.12718331153366	262.5258394615067	263.82154335748237	8054000	CRM	-0.45502938263837883	2.1336352495877975	0.4683373597682769	0.0	1.1786191980004157	0.37607573377660986	0.8349041757314416	2.1336352495877975	22.622980770694724	0.0	0.0	0.0	0.0	0.0	0.0	0.0	0.0	0.0	0.0	0.0	0.0	0.0
2025-06-13 00:00:00+00:00	257.54241943359375	264.8182105404656	257.1437530315329	262.6055770302866	7659300	CRM	-1.2850798549602593	2.984500855438466	0.6055507867296736	0.0	1.1158848930925367	-3.1883494027415833	-1.9280464847511294	2.984500855438466	-4.900670474298485	0.0	0.0	0.0	0.0	0.0	0.0	0.0	0.0	0.0	0.0	0.0	0.0	0.0
2025-06-16 00:00:00+00:00	263.0042419433594	263.1039161473845	259.09723822617013	259.52583426184844	7177000	CRM	0.7701313176356606	1.5463993165827834	0.6364008687053683	0.0	1.0032682753626836	2.1207467576710926	1.3402934206547594	1.5463993165827834	-6.296920084080791	0.0	0.0	0.0	0.0	0.0	0.0	0.0	0.0	0.0	0.0	0.0	0.0	0.0
2025-06-17 00:00:00+00:00	261.8879699707031	269.60227296483674	261.23015670833786	262.9743488624542	9110100	CRM	-0.011366007135213617	3.2048812288721744	0.7829151382204822	0.0	1.1810285595758196	-0.42443116674013587	-0.4131121139572711	3.2048812288721744	26.93465236171102	0.0	0.0	0.0	0.0	0.0	0.0	0.0	0.0	0.0	0.0	0.0	0.0	0.0
2025-06-18 00:00:00+00:00	259.0489196777344	264.6192067427119	257.0224495786054	264.33969467609177	7628000	CRM	0.936173091747174	2.9556784539878094	0.7003002048289902	0.6249496372990305	0.9624410776110063	-1.0840705257619694	-2.0015060563796276	2.9556784539878094	-16.268756654701924	0.0	0.0	0.0	0.0	0.0	0.0	0.0	0.0	0.0	0.0	0.0	0.0	0.0
2025-06-20 00:00:00+00:00	260.17694091796875	262.4130372842634	258.80932732020716	260.2368341803139	12859200	CRM	0.45856763427438213	1.3924188905284745	0.8718801920179844	0.6820195084601126	1.4470130711893703	0.4354471895260832	-0.02301490583906233	1.3924188905284745	68.57891976927111	0.0	0.0	0.0	0.0	0.0	0.0	0.0	0.0	0.0	0.0	0.0	0.0	0.0
2025-06-23 00:00:00+00:00	262.9521179199219	264.2797925758583	258.3002147445281	260.1869439795492	9283800	CRM	0.003844714887166872	2.3149720712560518	0.8122651523355634	0.6773099478518385	1.0078357552743167	1.0666498699545057	1.0627642948102807	2.3149720712560518	-27.804217991787983	0.0	0.0	0.0	0.0	0.0	0.0	0.0	0.0	0.0	0.0	0.0	0.0	0.0
2025-06-24 00:00:00+00:00	270.6986389160156	272.9047887455767	264.9785884009678	265.2481080930584	9713900	CRM	0.8731590341614036	2.9912606873031224	0.7384108198367855	0.6852023710712569	0.9994752546558288	2.9459815944334156	2.0548801882669663	2.9912606873031224	4.632801223636872	0.0	0.0	0.0	0.0	0.0	1.6695334670625899	0.0	0.0	0.0	0.0	0.0	0.0	0.0
2025-06-25 00:00:00+00:00	267.2945556640625	273.5236987631583	266.5159127766755	271.52717541452205	6074300	CRM	0.30607338914750776	2.6294062194908667	0.6552371972803432	0.6867618995865694	0.666638132364045	-1.2575176829792791	-1.5588199391084505	2.6294062194908667	-37.46795828657903	53.23285270151509	0.0	0.0	0.0	6.51360824574421	-2.304253146941912	0.0	0.0	0.0	0.0	0.0	0.0	0.0
2025-06-26 00:00:00+00:00	270.26934814453125	270.53889828610454	264.6990615672291	268.31276384948774	6708000	CRM	0.38093113527719136	2.2062173867557293	0.5955748585103702	0.6277951491958655	0.7513575512105952	1.1129267010613892	0.729217748336816	2.2062173867557293	10.432477816373902	57.37268698483004	0.0	0.0	0.0	6.465481708110729	-0.39695299354516983	0.0	0.0	0.0	0.0	0.0	0.0	0.0
2025-06-27 00:00:00+00:00	272.9447326660156	273.69342895541	268.961647690557	271.38741635670766	21741400	CRM	0.41368664994837084	1.7592773190834101	0.4624847316134321	0.6582475353869106	2.031094104414309	0.9898956503397739	0.5738351211026861	1.7592773190834101	224.11150864639237	60.738736979973105	0.0	0.0	0.0	6.3416459621637475	2.100363658613878	0.0	0.0	0.0	0.0	0.0	0.0	0.0
2025-06-30 00:00:00+00:00	272.2159729003906	275.89956084127255	269.92994518237754	273.98288506096105	8541900	CRM	0.3803526028163899	2.2115425744489565	0.4684082490169434	0.6264024184031126	0.8092062259021021	-0.2669990215626308	-0.6448987352539524	2.2115425744489565	-60.71136173383499	59.36363177042908	0.0	0.0	0.0	6.315072369073123	2.7123512321661973	0.0	0.0	0.0	0.0	0.0	0.0	0.0
2025-07-01 00:00:00+00:00	271.4373474121094	273.52371074710095	270.1695659974102	271.60703484404195	6256800	CRM	-0.22369666623916293	1.2414961460621783	0.5282622275338648	0.6739247344123412	0.6342757043452873	-0.286032255927232	-0.06247534495194806	1.2414961460621783	-26.75165946686334	57.856499947715015	0.0	0.0	0.0	6.10357753911724	2.0348325316697182	0.0	0.0	0.0	0.0	0.0	0.0	0.0
2025-07-02 00:00:00+00:00	268.7420349121094	271.2376892659797	265.1882255493604	271.04801709792315	6115200	CRM	-0.1434328466211853	2.2811961971868513	0.4420379560815925	0.5931687430261628	0.6194075355577929	-0.9929777628971025	-0.8507651930103142	2.2811961971868513	-2.263137706175681	52.854139554833985	0.0	0.0	0.0	6.113973562233791	4.3486488568161485	0.0	0.0	0.0	0.0	0.0	0.0	0.0
2025-07-03 00:00:00+00:00	271.6769104003906	274.2524425975935	268.8518432474582	269.23118756057556	5031800	CRM	0.18201568229777038	2.008764115172694	0.4206031714731154	0.5311797889923245	0.5275850282361477	1.092079059846773	0.9084099290186385	2.008764115172694	-17.716509680795394	57.19415371451228	0.0	0.0	0.0	6.070861713894527	3.2975393829955784	276.5364419766704	257.41081449305614	0.7459151821061482	0.0	0.0	0.0	0.0
2025-07-07 00:00:00+00:00	269.33099365234375	273.52370496536173	267.7437612099306	271.038043088596	6283500	CRM	-0.2351570145777498	2.1587594531845085	0.4250002215391003	0.46878322155539626	0.9748147642510518	-0.8634950775130361	-0.629819126791088	2.1587594531845085	24.875789975754202	52.99474643513497	0.0	0.0	0.0	6.0500818597185715	2.842063987312308	276.7379371372825	257.51707384904563	0.6146404365993401	0.0	0.0	0.0	0.0
2025-07-08 00:00:00+00:00	273.17431640625	276.3188347638184	269.2611474835743	270.3193024805398	6661200	CRM	0.36694953476902514	2.621130952684016	0.5113944313938503	0.4881538939870778	1.0974512743628186	1.4269886661715827	1.0561635441907495	2.621130952684016	6.010981141083791	58.38561544538738	0.0	0.0	0.0	6.122053675470397	5.452791212597257	276.66113609133845	257.5514096850287	0.8175369123057065	0.0	0.0	0.0	0.0
2025-07-09 00:00:00+00:00	270.4490661621094	275.08098448855907	268.90174228847684	273.88305829378095	6373600	CRM	0.25944675065167755	2.2979554343880597	0.2262493326173431	0.4075950776289265	1.046042546766321	-0.9976231587188383	-1.2538169221069884	2.2979554343880597	-4.317540383114154	53.68405617808366	0.0	0.0	0.0	6.126138570085528	3.9481305329742216	276.54435408481993	257.57845170131293	0.6786186177984815	0.0	0.0	0.0	0.0
2025-07-10 00:00:00+00:00	263.5111389160156	271.0180558401543	262.75245028472796	270.42908510016537	7244600	CRM	-0.007388105356604118	3.1457767744770626	0.45165163276368486	0.4987742987479771	1.1464897593583734	-2.5653359963665396	-2.5581368888584506	3.1457767744770626	13.665746203087735	43.975495820436066	0.0	0.0	0.0	6.2789576404670155	0.21259421696842598	276.4770805912945	257.26385568800237	0.3251553687347303	0.0	0.0	0.0	0.0
2025-07-11 00:00:00+00:00	257.62139892578125	262.492920795796	256.81280940259336	262.1235383841973	7011200	CRM	-0.5265813572535908	2.2117710586227837	0.40963660560164283	0.49879348076905194	1.0441381898546795	-2.2351009579566616	-1.717563972380531	2.2117710586227837	-3.2217099632829966	37.73640753630895	0.0	0.0	0.0	6.308912774249533	-4.830921959046715	276.9005597643459	256.09976677374	0.07315260301510924	0.0	0.0	0.0	0.0
2025-07-14 00:00:00+00:00	259.22857666015625	261.7741621336037	257.05237358555934	258.1504674879566	6533900	CRM	0.20536669872200566	1.8368974704186918	0.49128191835097673	0.4918363003703221	0.9658531537790654	0.623852576329661	0.417628208343249	1.8368974704186918	-6.807679141944317	40.22846065227758	-0.6763457541344451	0.0	0.0	6.19554675809202	-3.0176368478090603	277.03403502989636	255.2867291302599	0.18125682087187786	0.0	0.0	0.0	0.0
2025-07-15 00:00:00+00:00	257.1322326660156	261.35489058129264	256.782865446193	260.5463010496801	5201500	CRM	0.5083252805308413	1.7805024206561288	0.5470726577339842	0.509434335525259	0.8035736355546766	-0.8086855319538679	-1.3103499723120184	1.7805024206561288	-20.392108847701984	38.08712552247758	-1.3202593642855618	0.0	0.0	6.079580927878277	-4.860749311272369	277.07981269923715	255.19993278416126	0.08831400763415297	0.0	0.0	0.0	0.0
2025-07-16 00:00:00+00:00	257.5016174316406	258.5298257629847	254.0775718834422	258.4798943993192	5649500	CRM	0.5241123290264622	1.7523206973911631	0.5890658253188571	0.4260644300211758	0.8927583776591542	0.14365556655232217	-0.378473138095329	1.7523206973911631	8.612900124963954	38.706236677662325	-1.780237802738327	0.0	0.0	5.9633432815685765	-5.657964190601075	277.36852143268925	254.3609615995373	0.13650538583313446	0.0	0.0	0.0	0.0
2025-07-17 00:00:00+00:00	259.4282531738281	259.7477042264874	256.20385694414034	257.5415239545556	5837400	CRM	0.015497581457160977	1.3832138690713345	0.2945470413858984	0.4978579314686472	0.9653860783567897	0.7482033555377442	0.7325922400014401	1.3832138690713345	3.3259580493849015	41.96592476992833	-1.9666404197818679	0.0	0.0	5.790522138767037	-4.697637537692098	277.46349549393335	254.02001585860566	0.230692601923847	0.0	0.0	0.0	0.0
2025-07-18 00:00:00+00:00	261.9239196777344	262.5228828134107	258.6695766633665	259.8475182026605	6381200	CRM	0.16161116752055268	1.489663453951104	0.1995637497346029	0.5362902391534845	1.0777779654432753	0.9619871673090462	0.7990845898533547	1.489663453951104	9.315791276938363	45.973985646069146	-1.8911859921421978	0.0	0.0	5.652149568143978	-3.5048337397474087	277.3429439460003	254.4280674065388	0.32711728812010193	0.0	0.0	0.0	0.0
2025-07-21 00:00:00+00:00	261.8240661621094	263.8505361071046	261.18519454322615	263.1617331266578	6714700	CRM	0.47258511190822045	1.0204795752453395	0.3102189334349465	0.627827064978344	1.1272213884496194	-0.03812309916095393	-0.508306032436946	1.0204795752453395	5.226289726070331	45.83757935234964	-1.8184828208260342	0.0	0.0	5.438806139267867	-2.5742042000472627	277.2827758733895	254.6529480035637	0.31688787912114535	0.0	0.0	0.0	0.0
2025-07-22 00:00:00+00:00	263.1318054199219	265.42782567471664	261.54457292698646	262.5428346557154	5001400	CRM	0.27452346308035974	1.484738415434161	0.26470071195718275	0.5956732713398207	0.8452822790543602	0.49947251869612636	0.22433320832343784	1.484738415434161	-25.515659672062785	48.01307811929369	-1.6364771153731112	0.0	0.0	5.327695182729461	-3.14531881560166	277.28244914555535	254.67124348139785	0.3741756217774541	0.0	0.0	0.0	0.0
2025-07-23 00:00:00+00:00	266.7554931640625	268.01331265693506	262.0436967131534	263.4612417340518	5620700	CRM	0.1251982114454665	2.278099423363086	0.4594774074267595	0.5940091184803422	0.95087530535875	1.3771378714016431	1.2503742138041185	2.278099423363086	12.382532890790579	53.577311682776575	-1.186161633045458	0.0	0.0	5.373546665661761	-0.9562584882472689	276.8847943617054	254.6745836900524	0.543934933918885	0.0	0.0	0.0	0.0
2025-07-24 00:00:00+00:00	267.23468017578125	268.8318745893041	265.1782634270665	267.5141922446008	5877100	CRM	0.2844174159411481	1.377794361807669	0.4599200731008065	0.3895551612148309	0.9929177465188495	0.17963529299246178	-0.10448494955511425	1.377794361807669	4.561709395626879	54.27427639321434	-0.7816071017052764	-1.2877841073925622	0.5061770056872859	5.250694129702893	-2.174302587669203	276.8801975967622	254.67319290616751	0.5656542809185746	0.0	0.0	0.0	0.0
2025-07-25 00:00:00+00:00	268.6421813964844	270.62874282091667	266.5458562766691	267.54411793925857	4015400	CRM	0.11579251737602995	1.5317764084877088	0.45937845350246154	0.3388928203911748	0.7373307429864153	0.526691079083486	0.41042332221076994	1.5317764084877088	-31.677187728641677	56.347371958709225	-0.3434619202093927	-1.0989196699559283	0.7554577497465356	5.16727930217037	-0.6681053816403043	276.6892763254704	254.7013975026546	0.6340213172070086	0.0	0.0	0.0	0.0
2025-07-28 00:00:00+00:00	269.78021240234375	269.8700522955965	266.1265710874234	269.0315161607091	4533700	CRM	0.1449268920468231	1.406654432466795	0.37525530659202166	0.33180230921659115	0.9049915563132029	0.42362334907479576	0.2782931354360056	1.406654432466795	12.907804950938887	58.005217515781794	0.09451141527858908	-0.8602334529090249	0.954744868187614	5.065579438313425	2.379054453681428	276.19511520252854	254.87910659922935	0.6990570364476245	0.0	0.0	0.0	0.0
2025-07-29 00:00:00+00:00	266.9252014160156	273.52369640335655	266.84532342262327	271.1278744985686	5137100	CRM	0.4995407499401649	2.502713142982925	0.5304299637269569	0.44627467466546555	1.0199134371029226	-1.0582729403705229	-1.5500704567265549	2.502713142982925	13.309217636808787	52.607392251078636	0.20882570012440738	-0.6464216223023385	0.8552473224267458	5.180778977057701	3.6114245668368294	275.5086385925125	255.03650606080782	0.5807257908669784	0.0	0.0	0.0	0.0
2025-07-30 00:00:00+00:00	264.34967041015625	267.3045164234517	262.87223217124426	266.4060870133077	3928200	CRM	-0.19447935225077428	1.6860983054764276	0.46440926063996835	0.4446265669997677	0.8360896494476726	-0.9648886625153418	-0.7719105168376689	1.6860983054764276	-23.532732475521208	48.245708874911365	0.09055292909317814	-0.4990267120232352	0.5895796411164134	5.127315068139823	1.9755128142039897	274.759131529174	255.07724542395098	0.4711146552029192	0.0	0.0	0.0	0.0
2025-07-31 00:00:00+00:00	257.88092041015625	264.57927806209267	257.41173621285475	264.5393390657507	7340300	CRM	0.07174915531393557	2.784465834654506	0.6197528997071325	0.5670255997144368	1.4707249536159521	-2.4470429601683636	-2.516986199145044	2.784465834654506	86.86166692123619	39.40816068518713	-0.519168506091944	-0.503055070836977	-0.016113435254967	5.273045552503973	0.29116837526669864	274.5065092688814	254.24375623404825	0.17950000031365174	0.0	0.0	0.0	0.0
2025-08-01 00:00:00+00:00	250.30413818359375	255.54501198384455	249.69519795179784	254.54675030760632	7646900	CRM	-1.292910734631697	2.3427819517682433	0.5770045155082194	0.5863100567283293	1.3375160042258152	-2.938093370580393	-1.666731992801163	2.3427819517682433	4.176940996961977	32.01160303094407	-1.595369711206672	-0.7215179989109161	-0.873851712295756	5.481093902922147	-2.7951200151034397	274.576464081769	252.03652419948094	-0.07685850206053559	0.0	0.0	0.0	0.0
2025-08-04 00:00:00+00:00	251.8813934326172	253.05933489896373	250.20430589594127	250.56368070863866	4403500	CRM	0.10369086461308798	1.1410790844702106	0.6671002437192737	0.5685147632079102	0.7737384031487208	0.630135506535872	0.5258993323580675	1.1410790844702106	-42.41457322575161	34.756842973847185	-2.294545510605758	-1.0361235012498844	-1.2584220093558736	5.293517838643597	-2.9090354072400184	274.384537271338	250.48349098793938	0.05848708161570223	0.0	0.0	0.0	0.0
2025-08-05 00:00:00+00:00	247.05978393554688	252.84968938285692	246.58060737109287	252.57017733639083	6761000	CRM	0.2734556508469936	2.542406752340165	0.6734244978215249	0.5902323809472204	1.1238401723409985	-1.9142380591761254	-2.181727652471345	2.542406752340165	53.536959236970596	30.678743525128326	-3.200813968469788	-1.4690615946938652	-1.7317523737759228	5.363200993866487	-5.674982170576867	273.78521792039606	248.47135709181092	-0.05576285521290577	0.0	0.0	0.0	0.0
2025-08-06 00:00:00+00:00	248.7368621826172	249.82496376334453	246.59060565312643	248.93651147313142	5834700	CRM	0.7596248598979366	1.3116307093903636	0.7476118663102713	0.6110076139703131	0.9120595002876223	0.6788147469228865	-0.08020088709878914	1.3116307093903636	-13.70063600059163	33.5971783566049	-3.740592826363695	-1.9233678410278314	-1.8172249853358637	5.211140787891602	-4.998472512984805	273.03566737310024	247.04968724115756	0.0649263538605461	0.0	0.0	0.0	0.0
2025-08-07 00:00:00+00:00	240.46127319335938	252.57017675400954	236.5580664525636	250.25421762687853	10010200	CRM	0.6100243570441648	6.768786430141375	2.2908324779093934	1.6427555249507053	1.4442107207059034	-3.327045664499078	-3.913198557204793	6.768786430141375	71.56323375666273	27.45485126259213	-4.781029596490782	-2.4949001921204217	-2.2861294043703606	5.98263861028834	-8.615656397136588	274.3104648220383	243.46990321995395	-0.09755432035943333	0.0	0.0	0.0	0.0
2025-08-08 00:00:00+00:00	240.0919189453125	242.52767996052398	237.41658486779494	240.87056186233718	8812000	CRM	0.1702098069857144	2.1527961475712196	2.302301390887691	1.6177576364034676	1.229991010959929	-0.15360238392727396	-0.32326196734231677	2.1527961475712196	-11.969790813370363	27.215696815020777	-5.571166098896185	-3.1101533734755744	-2.461012725420611	5.920385501891248	-9.995510833717345	275.4798264806104	240.54759356333486	-0.013044531653658053	0.0	0.0	0.0	0.0
2025-08-11 00:00:00+00:00	232.27552795410156	241.44955552918194	231.16747207619568	238.5046865237461	10740100	CRM	-0.6610936463579741	4.4478937112731645	2.1845526707191683	1.681519024674577	1.2737914512073627	-3.255582705801662	-2.611755207176757	4.4478937112731645	21.880390376758964	22.707727933963824	-6.750259607499572	-3.838174620280374	-2.912084987219198	6.231935355540892	-13.081817149886499	277.4024068035222	235.92970836981766	-0.08811050531369272	0.0	0.0	0.0	0.0
2025-08-12 00:00:00+00:00	231.25730895996094	233.2638094923237	226.08630543581694	232.59497598153612	13178000	CRM	0.13752978208607702	3.1746743981998353	2.13704856359107	1.683162440061777	1.3564590838908903	-0.43836688398005863	-0.5751057244165809	3.1746743981998353	22.699043770542175	22.19205008436711	-7.678350229356738	-4.606209742095647	-3.072140487261091	6.299475977038454	-13.916233199933611	278.8750452761623	231.86957752657207	-0.013025475459000667	0.0	0.0	0.0	0.0
2025-08-13 00:00:00+00:00	236.6179656982422	236.93741674855283	229.21086583213918	232.6049494642353	10209200	CRM	0.5827450428854025	3.370935705147651	1.757440704309273	1.6390995448421812	0.9640506520363743	2.318048567800888	1.7252497177081474	3.370935705147651	-22.528456518439825	31.067498817275677	-7.890353452779635	-5.263038484232445	-2.62731496854719	6.40140990127954	-12.292319888400185	279.17678145842376	229.47947617097077	0.1436393680901178	0.0	0.0	0.0	0.0
2025-08-14 00:00:00+00:00	232.96432495117188	236.58801974822248	232.46519410782122	236.58801974822248	7544800	CRM	-0.012655822617416431	1.773523841375163	1.0589160888184965	1.684668987700898	0.7472451722423495	-1.5441096098889566	-1.5316476298787014	1.773523841375163	-26.098029228538966	28.667307916303372	-8.257992807617654	-5.862029348909487	-2.3959634587081675	6.240792879075356	-12.72299366439893	279.3968310212644	226.61303378586453	0.12032653007100824	0.0	0.0	0.0	0.0
2025-08-15 00:00:00+00:00	242.01856994628906	244.07498661929336	234.22214847548955	235.7394952982848	12942800	CRM	1.1912426281125148	4.206621025353146	1.054232052835802	1.7186067264731797	1.1849147393843071	3.886537132676821	2.663564983058634	4.206621025353146	71.54596543314601	40.8607516359655	-7.729645205015629	-6.235552520130716	-1.4940926848849134	6.5886406497215075	-8.447561303639603	278.482300758117	225.53702907586742	0.3112939143902295	0.0	0.0	0.0	0.0
2025-08-18 00:00:00+00:00	243.5458984375	244.09494539701757	239.0736904652066	239.35320251145842	8809200	CRM	-1.101306992856856	2.1002959054341184	0.9886584821712333	1.6218489175036221	0.8360413028623491	0.6310790496571796	1.7516773880812668	2.1002959054341184	-31.937447847451867	42.64188933554795	-7.1057723580369725	-6.409596487711967	-0.6961758703250052	6.476684527013612	-5.558775713168925	277.4115713284638	224.77994173305962	0.3565528342690538	0.0	0.0	0.0	0.0
2025-08-19 00:00:00+00:00	245.57237243652344	248.0680266279515	243.0268021148139	244.5741107599522	8642200	CRM	0.4221842080071228	2.074349194931986	1.040357063206817	1.6489800142319473	0.8974582642757154	0.8320706741622592	0.4081632653061278	2.074349194931986	-1.8957453571266405	45.008414896174884	-6.374349582185289	-6.402547106606632	0.028197524421343267	6.374151668879611	-1.890406519607616	276.03574435553196	224.39982540765163	0.4100352518223353	0.0	0.0	0.0	0.0
2025-08-20 00:00:00+00:00	246.02159118652344	247.13965464059214	244.02506780057922	245.27289491679437	8195100	CRM	-0.12195081912419795	1.276338889313701	1.1236229698814506	1.6533554829689436	0.8881824940770493	0.18292723466525776	0.30525030904171124	1.276338889313701	-5.173451204554396	45.54477619274407	-5.692820275382019	-6.26060174036171	0.5677814649796913	6.141325609674847	-2.3264133035937617	273.90133520512035	224.46084436030935	0.43609491851307103	0.0	0.0	0.0	0.0
2025-08-21 00:00:00+00:00	245.40267944335938	245.86187130259714	239.60278131124227	244.61404415774354	5646800	CRM	-0.5721233742093628	2.6122776860525496	1.0900526700101016	1.050940912330013	0.6382569892011276	-0.25156805960775575	0.32239983944146505	2.6122776860525496	-31.095410672230965	44.89507240095075	-5.143354999986457	-6.03715239228666	0.8937973923002032	6.161145914361013	-0.6707301632789441	271.41314775478827	224.76583173739925	0.44240160995044586	0.0	0.0	0.0	0.0
2025-08-22 00:00:00+00:00	247.85838317871094	249.09623313231006	243.68565671234853	245.35275187227782	6694300	CRM	-0.020345161346568552	2.2203097601055295	0.4864694949183864	1.0471094879577707	0.8811164695848119	1.0006833425461257	1.0212362760607885	2.2203097601055295	18.550329390097044	48.06100938016739	-4.458351936386521	-5.721392301106632	1.2630403647201112	6.107533807618192	-0.3531760416199549	268.38574957166145	225.71485009874868	0.5189375746348829	0.0	0.0	0.0	0.0
2025-08-25 00:00:00+00:00	247.43911743164062	248.93650994973055	246.36099299074417	248.93650994973055	4957700	CRM	0.4349769239970635	1.0454240047178032	0.6604672608250619	0.9756929467547518	0.7261667267203927	-0.16915536270887935	-0.6015158316441019	1.0454240047178032	-25.94147259608921	47.558621466375094	-3.9043068955957665	-5.35797522000446	1.4536683244086932	5.855246889858777	2.901857810870957	264.5587818836232	227.30770828971663	0.5404249381208982	0.0	0.0	0.0	0.0
2025-08-26 00:00:00+00:00	243.31631469726562	248.39746314580316	242.42786238458956	246.27116082901892	8862300	CRM	-0.47201776935870643	2.4624235442638085	0.7146300043180488	0.9369066036738692	1.2897672035906182	-1.6661887486379336	-1.1998344109015628	2.4624235442638085	78.7582951771991	42.818734564360014	-3.754617045916774	-5.037303585186923	1.2826865392701485	5.863415023526978	1.3429838730588717	260.7081774144041	228.7974240870608	0.4549842638081524	0.0	0.0	0.0	0.0
2025-08-27 00:00:00+00:00	249.7251434326172	249.93476985359308	245.18304978021303	245.3228058049517	6506900	CRM	0.8246430619264336	1.938029597739156	0.6198393027940898	0.8640846698080543	0.9959134321048121	2.633949451077883	1.794508102587752	1.938029597739156	-26.57775069677172	50.99491814826396	-3.083305417896156	-4.64650395172877	1.5631985338326135	5.917346461584155	7.51246402589761	257.4593069057416	230.58384189796934	0.7122221524022853	0.0	0.0	0.0	0.0
2025-08-28 00:00:00+00:00	254.08753967285156	255.2055878602424	249.85490474131413	252.04110021879478	8461200	CRM	0.9274023249495115	2.141516142926255	0.545449076795088	0.8530436317247181	1.1923094266453227	1.7468790608229128	0.811946723086149	2.141516142926255	30.034271311991883	55.644127729191844	-2.174214209623159	-4.152046003307648	1.977831793684489	5.88613917344423	9.87222017568464	256.57071199997904	231.0930987300014	0.9025351275720319	0.0	0.0	0.0	0.0
2025-08-29 00:00:00+00:00	255.8045654296875	257.1921638417244	252.4304359459877	254.956036875844	7363200	CRM	0.341810229699052	1.8863525223858233	0.52593846351571	0.48518462713381266	1.0183866140360098	0.6757614950527211	0.33281367416952035	1.8863525223858233	-12.976882711672102	57.35888609118924	-1.3002151774152821	-3.581679838129175	2.2814646607138926	5.805824082179404	8.108682565513178	257.60750470596156	230.60634874862833	0.9332273300030919	0.0	0.0	0.0	0.0
2025-09-02 00:00:00+00:00	252.4204559326172	254.54675824362107	248.31759970607249	254.37705558124145	9312500	CRM	-0.5580470567631158	2.5085449218750053	0.28883062373771323	0.513197389316462	1.149518220712436	-1.3229277168630114	-0.7691730074292707	2.5085449218750053	26.473544111255976	53.00922388548513	-0.8705982866777902	-3.039463527838898	2.168865241161108	5.925905627996234	8.351549528247821	257.698436127138	230.56932357745183	0.8054495817047335	0.0	0.0	0.0	0.0
2025-09-03 00:00:00+00:00	256.00421142578125	257.5515047920152	250.11445857218692	254.61661311419977	17417900	CRM	0.8700393054391895	2.973457137297728	0.453799671037411	0.5964546309589456	1.775101555796069	1.4197563663860644	0.5449755593752729	2.973457137297728	87.03785234899328	56.749665984165325	-0.2381988795321206	-2.4792105981775427	2.241011718645422	6.033844241698522	5.778747260012324	259.0609468922179	230.10125556139542	0.8944486171652223	0.0	0.0	0.0	0.0
2025-09-04 00:00:00+00:00	243.58583068847656	244.79373404149973	234.21215398267375	239.6427000400819	30967500	CRM	-6.391110245638575	4.517946604773025	1.0409817386140345	0.8992057952464935	2.105993691709862	-4.850850174746022	1.6454207233248253	4.517946604773025	77.79123774967131	43.7530581484051	-0.7306548002196962	-2.1294994385859733	1.3988446383662771	7.15943089894202	0.01639619112157215	258.68128770877547	229.9658115954238	0.47430935984794437	0.0	0.0	0.0	0.0
2025-09-05 00:00:00+00:00	250.3240966796875	250.69346386407673	243.93522793671386	244.40441215105494	13029400	CRM	0.33605463021585524	2.770504278749038	0.9766930179215019	0.9041358802726103	0.8342500048021206	2.7662799482899922	2.422085786640332	2.770504278749038	-57.925567126826515	50.39183041450287	-0.5706300459015097	-1.8177255600490807	1.247095514147571	7.155731061560459	1.9349588050228688	259.28699719049155	230.3463844623405	0.6903002505511684	0.0	0.0	0.0	0.0
2025-09-08 00:00:00+00:00	251.83148193359375	252.50031544102913	246.8701200934058	250.3640360241148	12602200	CRM	0.015955053851008996	2.2806305378281855	0.8826144850809199	0.9026595232087846	0.7561667836720489	0.6021734518970768	0.5861248815055894	2.2806305378281855	-3.2787388521344036	51.76342608356648	-0.31850436290866924	-1.5178813206209985	1.1993769577123292	7.046764224850664	2.361536936270562	260.0114873573826	230.7958505942776	0.7200127626819703	0.0	0.0	0.0	0.0
2025-09-09 00:00:00+00:00	251.62184143066406	254.89613858503566	250.77332812581258	250.88313752200096	10901900	CRM	-0.37657897428521553	1.6440386583515245	1.070201728991377	0.8145265363140092	0.6419006840644427	-0.08324634446815043	0.29444143435041253	1.6440386583515245	-13.492088682928378	51.54995610043978	-0.1340637754652505	-1.241117811589849	1.1070540361245984	6.837910384448693	2.534268167491673	259.8953728360208	232.8465964632956	0.6941254831142973	0.0	0.0	0.0	0.0
2025-09-10 00:00:00+00:00	242.14834594726562	253.54849264237936	241.30979454943912	252.3106426606466	11363600	CRM	0.2737446105895176	5.07177842316417	1.4726699194252713	1.146900096007987	0.7204499864324424	-3.7649734337584984	-4.0276924533259155	5.07177842316417	4.235041598253515	42.93348083641064	-0.7437516868223497	-1.1416445866363492	0.39789289981399945	7.223680935055232	-2.3037498906495566	258.7309681839157	235.10010481413116	0.29826422432566113	0.0	0.0	0.0	0.0
2025-09-11 00:00:00+00:00	245.8518829345703	246.74033521181664	243.07671670981154	243.27636599741192	6944900	CRM	0.4658384288084078	1.5071861063430387	1.4434187801414746	1.1890802361694146	0.6331734801794245	1.529449632545181	1.0586794679372171	1.5071861063430387	-38.88468443099018	46.68528010947478	-0.9175127501596592	-1.0968182193410112	0.17930546918135204	7.035702958590646	-0.6414646615076186	258.2294235002687	236.52504122141102	0.42972159231846047	0.0	0.0	0.0	0.0
2025-09-12 00:00:00+00:00	242.33799743652344	247.15960312872315	240.83062779899254	245.6722029896189	8386400	CRM	-0.07308463242448367	2.627977756638596	1.4419698469363404	1.1721512431529064	0.8353154445307676	-1.429269304796027	-1.3571765598716767	2.627977756638596	20.756238390761567	43.74656318440147	-1.323504303898801	-1.1421554362525692	-0.18134886764623181	6.985222413672071	-0.40207631040253533	256.81384734594144	238.8779846242734	0.19291030857802238	0.0	0.0	0.0	0.0
2025-09-15 00:00:00+00:00	242.0984344482422	244.2846300327789	240.4213468527663	242.8271612323328	7244600	CRM	0.20185187671095192	1.6068802669084357	1.5121242948265445	1.1988231740068105	0.8078026109800318	-0.09885490134249363	-0.3001010185155432	1.6068802669084357	-13.614900314795383	43.545313131726594	-1.6456166222308184	-1.2428476734482192	-0.40276894878259917	6.762226754124965	-3.054041286969127	256.8075230409827	238.89229537942748	0.1789616704505995	0.0	0.0	0.0	0.0
2025-09-16 00:00:00+00:00	238.8939971923828	242.25813413725334	236.82760346160717	242.0984238469874	8779800	CRM	-4.378902660062846e-06	2.2930311316208236	1.447665938906512	1.2055821063448673	1.0276151528700141	-1.323609243142151	-1.3236049221988622	2.2930311316208236	21.190956022416696	40.838965803130044	-2.13485498182186	-1.4212491351229475	-0.7136058466989126	6.667105605662194	-5.979648785623678	257.2276842738745	238.00694402202396	0.04615083283659951	0.0	0.0	0.0	0.0
2025-09-17 00:00:00+00:00	242.2100067138672	243.0	239.3800048828125	239.97000122070312	10124000	CRM	0.4504106595251951	1.5122378825915948	0.5183046330434927	1.2600304750952964	1.2203559813595566	1.388067327122486	0.9334522989412765	1.5122378825915948	15.310143739037334	44.671117506962055	-2.2293075811343215	-1.5828608243252225	-0.646446756809099	6.484169691516121	-5.314431622041172	257.3111224657543	237.58726925787855	0.23437293957058952	0.0	0.0	0.0	0.0
2025-09-18 00:00:00+00:00	244.27999877929688	247.2899932861328	242.9499969482422	244.16000366210938	9344400	CRM	0.8050852129102165	1.7863743125772558	0.4775703855706459	1.0767618555457872	1.0647869605644589	0.854626979914606	0.04914609902838962	1.7863743125772558	-7.700513630975898	46.9799104588025	-2.1127761186111513	-1.6888438831824084	-0.4239322354287429	6.383870897283943	-3.224959373139466	257.3033644482003	237.42086803470988	0.3449833764301865	0.0	0.0	0.0	0.0
2025-09-19 00:00:00+00:00	247.08999633789062	247.1999969482422	243.35000610351562	246.02000427246094	11813900	CRM	0.7122996159567406	1.5820796170799611	0.3167135640833911	1.0858414751549188	1.248649768426037	1.1503183120336178	0.43492075719367046	1.5820796170799611	26.42759299687513	50.028357527727806	-1.7732399695828178	-1.7057231004624904	-0.0675168691203274	6.202879464958416	-3.4820579857823803	257.3483443787166	237.54461979364666	0.4819990554423403	0.0	0.0	0.0	0.0
2025-09-22 00:00:00+00:00	249.69000244140625	250.47999572753906	243.16000366210938	245.27999877929688	7523800	CRM	-0.7325256325305111	3.0103602381917267	0.6241239851583699	1.11660244492396	0.7905493013686827	1.0522506544377332	1.7979467074596245	3.0103602381917267	-36.31400299647026	52.73617965560115	-1.2796058620057238	-1.6204996527711373	0.3408937907654135	6.282673222134936	2.5059633951928633	257.48723752682696	237.58888857180585	0.6081466305045791	0.0	0.0	0.0	0.0
2025-09-23 00:00:00+00:00	244.55999755859375	251.36000061035156	244.1300048828125	249.74000549316406	7669800	CRM	0.020026052813046254	2.9615350767758395	0.7513657260042794	1.1130199294783392	0.8251373292394553	-2.0545495745334605	-2.07416025491843	2.9615350767758395	1.9405087854541587	47.29110245464052	-1.2875042485784434	-1.5539005719325987	0.2663963233541553	6.350339115378088	-2.3026545177028805	257.42780010647385	237.36041400485425	0.358770370853553	0.0	0.0	0.0	0.0
2025-09-24 00:00:00+00:00	245.88999938964844	248.83999633789062	243.00999450683594	245.6699981689453	6707100	CRM	0.45387660346439906	2.3990790349533087	0.6557081713224451	0.6032236061373023	0.7788267261199749	0.5438345781533771	0.08955152128581526	2.3990790349533087	-12.551826644762576	48.76801805334044	-1.172923017933556	-1.4777050611327902	0.3047820431992343	6.3131721664978455	-2.3593088911385753	257.4089203395857	237.63666224098077	0.4174200593330313	0.0	0.0	0.0	0.0
2025-09-25 00:00:00+00:00	240.9499969482422	244.66000366210938	239.49000549316406	244.5	8145500	CRM	-0.5652931770705247	2.1587532048776388	0.5942549350253453	0.562446231869872	0.9729432084490959	-2.00902942521794	-1.451943988449003	2.1587532048776388	21.445930431930343	43.85294357637074	-1.4638590232335673	-1.4749358535529455	0.011076830319378228	6.31937371863974	-4.24122342549606	257.3131966748116	236.8548712573173	0.20016915399258725	0.0	0.0	0.0	0.0
2025-09-26 00:00:00+00:00	243.42999267578125	244.52999877929688	240.35000610351562	240.69000244140625	4974600	CRM	-0.10790392617925047	1.7391273433049057	0.5404530979347171	0.5564149245521489	0.7102350603070176	1.0292574222658253	1.138389715643476	1.7391273433049057	-38.92824258793199	46.75421704714691	-1.4772837668047316	-1.4754054362033027	-0.0018783306014289458	6.166560787006992	0.5292816366355599	256.36749614555146	236.73481708687044	0.34102200565186724	0.0	0.0	0.0	0.0
2025-09-29 00:00:00+00:00	245.10000610351562	245.82000732421875	242.8699951171875	244.72000122070312	6373500	CRM	0.5299299937292474	1.2146466283773902	0.6612636171871802	0.6069556765749822	0.9408629928699015	0.6860343745557381	0.15528149759601745	1.2146466283773902	28.120853938005062	48.677414669270014	-1.3377461412727882	-1.4478735772172	0.11012743594441177	5.936807317008724	-0.3058251261206683	254.87655495281402	237.15530234699068	0.44831502226395975	0.0	0.0	0.0	0.0
2025-09-30 00:00:00+00:00	237.0	245.2100067138672	235.80999755859375	245.0500030517578	10801100	CRM	-0.020401081400501554	3.9862640484264182	1.0447275870385193	0.8605982269116175	1.4595371036003655	-3.30477596972995	-3.2850450730488445	3.9862640484264182	69.46889464187652	40.95137025659904	-1.8593311535578039	-1.5301650924853207	-0.32916606107248314	6.184178876884775	-2.202707579079356	254.42023112320982	236.06958058333316	0.05070225791968521	0.0	0.0	0.0	0.0
2025-10-01 00:00:00+00:00	235.69000244140625	242.47000122070312	233.50999450683594	236.49000549316406	10016600	CRM	-0.21518755562697786	3.8370977365617156	1.2556194891598933	0.9527320858305172	1.2424059754957046	-0.5527415859045358	-0.33828197098204105	3.8370977365617156	-7.263149123700365	39.84976676546417	-2.3512926504375287	-1.6943906040757624	-0.6569020463617663	6.382452293812089	-2.64703570737298	252.89906434793215	235.55932646017334	0.00753621433488704	0.0	0.0	0.0	0.0
2025-10-02 00:00:00+00:00	238.8800048828125	239.39999389648438	233.60000610351562	235.42999267578125	7679200	CRM	-0.11031853830526382	2.4828714218434524	1.2361879786588235	0.9223782612268026	0.9636340820680136	1.3534738038790173	1.4654089599290692	2.4828714218434524	-23.335263462651998	43.81341167412242	-2.4554640825765546	-1.846605299775921	-0.6088587828006335	6.340847686608994	-0.00585712062034125	252.9708280721178	235.01698015542127	0.2151641667744517	0.0	0.0	0.0	0.0
2025-10-03 00:00:00+00:00	240.36000061035156	242.80999755859375	238.5	238.75	8849800	CRM	-0.054422672536479796	1.8071268589491614	1.2239477143009567	0.8989333485580236	1.0120950956308525	0.6195561358369466	0.6743458053828535	1.8071268589491614	15.24377539327013	45.60433041618786	-2.391035043080393	-1.9554912484368154	-0.4355437946435776	6.195786963179333	-0.7638025070124846	252.11075096419816	234.88064765640732	0.31801045275605944	0.0	0.0	0.0	0.0
2025-10-06 00:00:00+00:00	245.77999877929688	250.47000122070312	235.41000366210938	239.3300018310547	13922600	CRM	-0.42852337189273415	6.397348168861078	1.7635743399038541	1.5147461957129382	1.3577911147606851	2.25495013945007	2.6950223118267056	6.397348168861078	57.32106940269836	51.678749426733376	-1.8809436619856683	-1.9405817311465863	0.05963806916091796	6.828944862851791	0.6140494545176522	251.00334031863008	235.3829099865457	0.6656083457185901	0.0	0.0	0.0	0.0
2025-10-07 00:00:00+00:00	239.74000549316406	247.36000061035156	237.5500030517578	246.47999572753906	8387400	CRM	0.2848063112209403	4.129655833536795	1.7705019351429891	1.5643846419378897	0.8583867560729987	-2.4574795817932062	-2.734497870498764	4.129655833536795	-39.756941950497755	45.57137494220058	-1.94168698837521	-1.940802782592311	-0.0008842057828988281	7.041877198261931	-2.974620969549733	249.5101719120302	235.6878947993956	0.29315796961301965	0.0	0.0	0.0	0.0
2025-10-08 00:00:00+00:00	240.42999267578125	241.32000732421875	235.64999389648438	239.74000549316406	7120200	CRM	0.0	2.406116517968204	1.8623044413515812	1.5640782342293025	0.774621838500235	0.2878064431498738	0.2878064431498738	2.406116517968204	-15.108376850990771	46.35136750500386	-1.9121087139887436	-1.9350639688715978	0.022955254882854215	6.943886928938534	-3.7086025371792806	249.48696917720505	235.5392622070723	0.3506476354272298	0.0	0.0	0.0	0.0
2025-10-09 00:00:00+00:00	245.3300018310547	245.9600067138672	237.14999389648438	239.27000427246094	7929100	CRM	-0.48246410125901035	3.714953845298588	1.7830603399752627	1.5466402187378212	0.8579587137598439	2.0380190926849453	2.532702574658345	3.714953845298588	11.360635937192775	51.65039947779147	-1.4762605183765345	-1.8433032787725852	0.36704276039605066	7.077181635255982	0.314852911411423	249.41446019651767	235.5595830774081	0.7051970702916289	0.0	0.0	0.0	0.0
2025-10-10 00:00:00+00:00	241.67999267578125	249.0500030517578	240.72000122070312	246.52000427246094	7973500	CRM	0.4850619298595772	3.4604527205104825	1.472630332401292	1.4630371033367295	0.8794404934175696	-1.4877956744104206	-1.963334217425361	3.4604527205104825	0.5599626691553896	47.85832285193033	-1.4091293516551104	-1.7564684933490904	0.34733914169397995	7.166668792098747	-1.7121504430100145	249.39032301076847	235.51791978708312	0.44419649496470687	0.0	0.0	0.0	0.0
2025-10-13 00:00:00+00:00	248.75	249.3498992919922	242.36500549316406	242.88999938964844	7891988	CRM	0.5006648256111281	2.881972908842706	0.6815972871161496	1.2765743880774507	1.004013822334777	2.9253589616345743	2.4126150212347137	2.881972908842706	-1.0222863234464161	54.783224389150305	-0.7764860658057273	-1.5604720078404177	0.7839859420346904	7.202614350963904	3.237187445755938	250.24128044190564	235.3321189111217	0.8999755661090331	0.5361	0.47289066503882193	0.8820924882416222	0.49185346552717535
