timestamp	close	high	low	open	volume	symbol	gap_apertura_pct	volatilidad_diaria	vol_5d	vol_10d	vol_rel_5d	return_pct	close_open_pct	range_pct	volume_change_pct	rsi_14	macd	macd_signal	macd_diff	atr_14	momentum_12	bb_upper	bb_lower	bb_pctb	vader	finbert	sentiment_ratio	sentiment_combined	download_date	added_date
2025-06-05	266.2534484863281	267.85809072770155	262.7650640489441	262.83480862130494	8642900	CRM	0.0	1.9382434636777985	0.0	0.0	0.0	0.0	1.3006800290097007	1.9382434636777985	0.0	0.0	0.0	0.0	0.0	0.0	0.0	0.0	0.0	0.0	0.0	0.0	0.0	0.0	0	0
2025-06-06	273.5989685058594	273.9876583610231	267.3198586373146	269.07402729894693	7507000	CRM	1.0593586031106896	2.4943151465432227	0.0	0.0	0.0	2.758845025779426	1.681671491052215	2.4943151465432227	-13.142579458283679	0.0	0.0	0.0	0.0	0.0	0.0	0.0	0.0	0.0	0.0	0.0	0.0	0.0	0	0
2025-06-09	271.3464660644531	273.2900066380453	268.76506531732184	271.94448088835054	5728300	CRM	-0.6047126663320744	1.6836047182624123	0.0	0.0	0.0	-0.8232861599249818	-0.21990327655994463	1.6836047182624123	-23.693885706673772	0.0	0.0	0.0	0.0	0.0	0.0	0.0	0.0	0.0	0.0	0.0	0.0	0.0	0	0
2025-06-10	267.329833984375	272.8414798306025	265.95440905505984	271.1670627063478	6309700	CRM	-0.06611597368757288	2.5895681895301297	0.0	0.0	0.0	-1.4802595878009523	-1.415079207509875	2.5895681895301297	10.149608086168671	0.0	0.0	0.0	0.0	0.0	0.0	0.0	0.0	0.0	0.0	0.0	0.0	0.0	0	0
2025-06-11	265.0274963378906	268.615554670695	264.52915574767604	267.60889694524684	6568100	CRM	0.10438900765866305	1.5447820530289036	0.47183946625984347	0.0	0.9448872137184946	-0.8612348319562951	-0.9646168856203513	1.5447820530289036	4.095281867600678	0.0	0.0	0.0	0.0	0.0	0.0	0.0	0.0	0.0	0.0	0.0	0.0	0.0	0	0
2025-06-12	266.0242004394531	268.12718331153366	262.5258394615067	263.8215433574824	8054000	CRM	-0.4550293826383574	2.1336352495877975	0.4683373597682769	0.0	1.1786191980004157	0.37607573377660986	0.83490417573142	2.1336352495877975	22.622980770694724	0.0	0.0	0.0	0.0	0.0	0.0	0.0	0.0	0.0	0.0	0.0	0.0	0.0	0	0
2025-06-13	257.5424194335937	264.8182105404656	257.1437530315329	262.6055770302866	7659300	CRM	-1.2850798549602593	2.984500855438466	0.6055507867296736	0.0	1.1158848930925367	-3.188349402741604	-1.9280464847511514	2.984500855438466	-4.900670474298485	0.0	0.0	0.0	0.0	0.0	0.0	0.0	0.0	0.0	0.0	0.0	0.0	0.0	0	0
2025-06-16	263.0042419433594	263.1039161473845	259.09723822617013	259.52583426184844	7177000	CRM	0.7701313176356828	1.5463993165827834	0.6364008687053683	0.0	1.0032682753626836	2.120746757671115	1.3402934206547594	1.5463993165827834	-6.296920084080791	0.0	0.0	0.0	0.0	0.0	0.0	0.0	0.0	0.0	0.0	0.0	0.0	0.0	0	0
2025-06-17	261.8879699707031	269.60227296483674	261.23015670833786	262.9743488624542	9110100	CRM	-0.011366007135213617	3.2048812288721744	0.7829151382204822	0.0	1.1810285595758196	-0.42443116674013587	-0.4131121139572711	3.2048812288721744	26.93465236171102	0.0	0.0	0.0	0.0	0.0	0.0	0.0	0.0	0.0	0.0	0.0	0.0	0.0	0	0
2025-06-18	259.0489196777344	264.6192067427119	257.0224495786054	264.33969467609177	7628000	CRM	0.936173091747174	2.9556784539878094	0.7003002048289902	0.6249496372990305	0.9624410776110063	-1.0840705257619694	-2.0015060563796276	2.9556784539878094	-16.268756654701924	0.0	0.0	0.0	0.0	0.0	0.0	0.0	0.0	0.0	0.0	0.0	0.0	0.0	0	0
2025-06-20	260.17694091796875	262.4130372842634	258.8093273202072	260.2368341803139	12859200	CRM	0.45856763427438213	1.392418890528452	0.871880192017991	0.6820195084601157	1.4470130711893703	0.4354471895260832	-0.02301490583906233	1.392418890528452	68.57891976927111	0.0	0.0	0.0	0.0	0.0	0.0	0.0	0.0	0.0	0.0	0.0	0.0	0.0	0	0
2025-06-23	262.9521179199219	264.2797925758583	258.3002147445281	260.1869439795492	9283800	CRM	0.003844714887166872	2.3149720712560518	0.8122651523355695	0.6773099478518416	1.0078357552743167	1.0666498699545057	1.0627642948102807	2.3149720712560518	-27.804217991787983	0.0	0.0	0.0	0.0	0.0	0.0	0.0	0.0	0.0	0.0	0.0	0.0	0.0	0	0
2025-06-24	270.6986389160156	272.9047887455767	264.9785884009678	265.2481080930584	9713900	CRM	0.8731590341614036	2.9912606873031224	0.7384108198367945	0.6852023710712605	0.9994752546558288	2.9459815944334156	2.0548801882669663	2.9912606873031224	4.632801223636872	0.0	0.0	0.0	0.0	0.0	1.6695334670625899	0.0	0.0	0.0	0.0	0.0	0.0	0.0	0	0
2025-06-25	267.2945556640625	273.5236987631583	266.5159127766755	271.52717541452205	6074300	CRM	0.30607338914750776	2.6294062194908667	0.6552371972803523	0.686761899586573	0.666638132364045	-1.2575176829792791	-1.5588199391084505	2.6294062194908667	-37.46795828657903	53.23285270151509	0.0	0.0	0.0	6.51360824574421	-2.304253146941912	0.0	0.0	0.0	0.0	0.0	0.0	0.0	0	0
2025-06-26	270.26934814453125	270.53889828610454	264.6990615672291	268.31276384948774	6708000	CRM	0.38093113527719136	2.2062173867557293	0.5955748585103788	0.6277951491958697	0.7513575512105952	1.1129267010613892	0.729217748336816	2.2062173867557293	10.432477816373902	57.37268698483004	0.0	0.0	0.0	6.465481708110729	-0.39695299354516983	0.0	0.0	0.0	0.0	0.0	0.0	0.0	0	0
2025-06-27	272.9447326660156	273.69342895541	268.961647690557	271.38741635670766	21741400	CRM	0.41368664994837084	1.7592773190834101	0.46248473161343223	0.6582475353869145	2.031094104414309	0.9898956503397739	0.5738351211026861	1.7592773190834101	224.11150864639237	60.73873697997309	0.0	0.0	0.0	6.3416459621637475	2.100363658613878	0.0	0.0	0.0	0.0	0.0	0.0	0.0	0	0
2025-06-30	272.2159729003906	275.89956084127255	269.92994518237754	273.98288506096105	8541900	CRM	0.3803526028163899	2.2115425744489565	0.4684082490169435	0.6264024184031164	0.8092062259021021	-0.2669990215626308	-0.6448987352539524	2.2115425744489565	-60.71136173383499	59.36363177042908	0.0	0.0	0.0	6.315072369073123	2.7123512321661973	0.0	0.0	0.0	0.0	0.0	0.0	0.0	0	0
2025-07-01	271.4373474121094	273.5237107471009	270.1695659974102	271.60703484404195	6256800	CRM	-0.22369666623916293	1.2414961460621572	0.5282622275338728	0.6739247344123483	0.6342757043452873	-0.286032255927232	-0.06247534495194806	1.2414961460621572	-26.75165946686334	57.856499947715	0.0	0.0	0.0	6.103577539117237	2.0348325316697182	0.0	0.0	0.0	0.0	0.0	0.0	0.0	0	0
2025-07-02	268.7420349121094	271.2376892659797	265.1882255493604	271.04801709792315	6115200	CRM	-0.1434328466211853	2.2811961971868513	0.4420379560816014	0.5931687430261702	0.6194075355577929	-0.9929777628971025	-0.8507651930103142	2.2811961971868513	-2.263137706175681	52.85413955483397	0.0	0.0	0.0	6.113973562233788	4.348648856816172	0.0	0.0	0.0	0.0	0.0	0.0	0.0	0	0
2025-07-03	271.6769104003906	274.2524425975935	268.8518432474582	269.2311875605756	5031800	CRM	0.1820156822977915	2.008764115172694	0.42060317147312415	0.5311797889923321	0.5275850282361477	1.092079059846773	0.9084099290186172	2.008764115172694	-17.716509680795394	57.19415371451226	0.0	0.0	0.0	6.070861713894524	3.2975393829955784	276.5364419766704	257.41081449305614	0.7459151821061482	0.0	0.0	0.0	0.0	0	0
2025-07-07	269.3309936523437	273.52370496536173	267.7437612099306	271.038043088596	6283500	CRM	-0.2351570145777498	2.1587594531845085	0.42500022153911	0.46878322155540125	0.9748147642510518	-0.8634950775130571	-0.629819126791109	2.1587594531845085	24.875789975754202	52.99474643513487	0.0	0.0	0.0	6.050081859718567	2.842063987312286	276.7379371372825	257.51707384904563	0.6146404365993371	0.0	0.0	0.0	0.0	0	0
2025-07-08	273.17431640625	276.3188347638184	269.2611474835743	270.3193024805398	6661200	CRM	0.36694953476904635	2.621130952684016	0.5113944313938592	0.48815389398708275	1.0974512743628186	1.426988666171604	1.0561635441907495	2.621130952684016	6.010981141083791	58.385615445387344	0.0	0.0	0.0	6.122053675470393	5.452791212597257	276.6611360913384	257.5514096850288	0.8175369123057084	0.0	0.0	0.0	0.0	0	0
2025-07-09	270.4490661621094	275.08098448855907	268.90174228847684	273.88305829378095	6373600	CRM	0.25944675065167755	2.2979554343880597	0.2262493326173444	0.40759507762893205	1.046042546766321	-0.9976231587188383	-1.2538169221069884	2.2979554343880597	-4.317540383114154	53.684056178083644	0.0	0.0	0.0	6.126138570085524	3.9481305329742216	276.54435408481993	257.57845170131293	0.6786186177984815	0.0	0.0	0.0	0.0	0	0
2025-07-10	263.5111389160156	271.0180558401543	262.752450284728	270.42908510016537	7244600	CRM	-0.007388105356604118	3.1457767744770404	0.451651632763677	0.4987742987479771	1.1464897593583734	-2.5653359963665396	-2.5581368888584506	3.1457767744770404	13.665746203087735	43.975495820436095	0.0	0.0	0.0	6.2789576404670076	0.21259421696842598	276.47708059129445	257.2638556880024	0.3251553687347292	0.0	0.0	0.0	0.0	0	0
2025-07-11	257.62139892578125	262.492920795796	256.81280940259336	262.1235383841973	7011200	CRM	-0.5265813572535908	2.2117710586227837	0.4096366056016346	0.49879348076905194	1.0441381898546795	-2.2351009579566616	-1.717563972380531	2.2117710586227837	-3.2217099632829966	37.73640753630899	0.0	0.0	0.0	6.308912774249526	-4.830921959046715	276.9005597643459	256.09976677374	0.07315260301510924	0.0	0.0	0.0	0.0	0	0
2025-07-14	259.22857666015625	261.7741621336037	257.05237358555934	258.1504674879566	6533900	CRM	0.20536669872200566	1.8368974704186918	0.4912819183509691	0.4918363003703222	0.9658531537790654	0.623852576329661	0.417628208343249	1.8368974704186918	-6.807679141944317	40.22846065227761	-0.6763457541344451	0.0	0.0	6.195546758092013	-3.0176368478090603	277.03403502989636	255.2867291302599	0.18125682087187786	0.0	0.0	0.0	0.0	0	0
2025-07-15	257.1322326660156	261.35489058129264	256.782865446193	260.5463010496801	5201500	CRM	0.5083252805308413	1.7805024206561288	0.5470726577339754	0.5094343355252587	0.8035736355546766	-0.8086855319538679	-1.3103499723120184	1.7805024206561288	-20.392108847701984	38.0871255224776	-1.3202593642855618	0.0	0.0	6.079580927878273	-4.860749311272369	277.0798126992371	255.1999327841613	0.08831400763415202	0.0	0.0	0.0	0.0	0	0
2025-07-16	257.5016174316406	258.5298257629847	254.0775718834422	258.4798943993192	5649500	CRM	0.5241123290264622	1.7523206973911631	0.5890658253188478	0.42606443002117067	0.8927583776591542	0.14365556655232217	-0.378473138095329	1.7523206973911631	8.612900124963954	38.706236677662346	-1.780237802738327	0.0	0.0	5.963343281568572	-5.657964190601075	277.36852143268925	254.36096159953732	0.13650538583313337	0.0	0.0	0.0	0.0	0	0
2025-07-17	259.4282531738281	259.7477042264874	256.20385694414034	257.5415239545556	5837400	CRM	0.015497581457160977	1.3832138690713345	0.29454704138589793	0.49785793146864227	0.9653860783567897	0.7482033555377442	0.7325922400014401	1.3832138690713345	3.3259580493849015	41.96592476992835	-1.9666404197818679	0.0	0.0	5.790522138767033	-4.697637537692098	277.46349549393335	254.0200158586057	0.23069260192384605	0.0	0.0	0.0	0.0	0	0
2025-07-18	261.9239196777344	262.5228828134107	258.6695766633665	259.8475182026605	6381200	CRM	0.16161116752055268	1.489663453951104	0.19956374973460173	0.5362902391534797	1.0777779654432753	0.9619871673090462	0.7990845898533547	1.489663453951104	9.315791276938363	45.97398564606915	-1.8911859921421978	0.0	0.0	5.652149568143974	-3.5048337397474087	277.3429439460003	254.4280674065388	0.32711728812010193	0.0	0.0	0.0	0.0	0	0
2025-07-21	261.8240661621094	263.8505361071046	261.18519454322615	263.1617331266578	6714700	CRM	0.47258511190822045	1.0204795752453395	0.31021893343494533	0.6278270649783393	1.1272213884496194	-0.03812309916095393	-0.508306032436946	1.0204795752453395	5.226289726070331	45.83757935234966	-1.8184828208260342	0.0	0.0	5.4388061392678635	-2.5742042000472627	277.2827758733894	254.65294800356372	0.3168878791211453	0.0	0.0	0.0	0.0	0	0
2025-07-22	263.1318054199219	265.42782567471664	261.54457292698646	262.5428346557154	5001400	CRM	0.27452346308035974	1.484738415434161	0.26470071195718115	0.5956732713398154	0.8452822790543602	0.49947251869612636	0.22433320832343784	1.484738415434161	-25.515659672062785	48.01307811929369	-1.6364771153731112	0.0	0.0	5.327695182729458	-3.14531881560166	277.2824491455553	254.67124348139788	0.3741756217774543	0.0	0.0	0.0	0.0	0	0
2025-07-23	266.7554931640625	268.01331265693506	262.0436967131534	263.4612417340518	5620700	CRM	0.1251982114454665	2.278099423363086	0.45947740742675885	0.5940091184803369	0.95087530535875	1.3771378714016431	1.2503742138041185	2.278099423363086	12.382532890790579	53.577311682776575	-1.186161633045458	0.0	0.0	5.373546665661758	-0.9562584882472479	276.88479436170536	254.67458369005243	0.5439349339188858	0.0	0.0	0.0	0.0	0	0
2025-07-24	267.23468017578125	268.8318745893041	265.1782634270665	267.5141922446008	5877100	CRM	0.2844174159411481	1.377794361807669	0.45992007310080585	0.3895551612148309	0.9929177465188495	0.17963529299246178	-0.10448494955511425	1.377794361807669	4.561709395626879	54.27427639321434	-0.7816071017052764	-1.2877841073925622	0.5061770056872859	5.25069412970289	-2.174302587669203	276.8801975967622	254.67319290616751	0.5656542809185746	0.0	0.0	0.0	0.0	0	0
2025-07-25	268.6421813964844	270.62874282091667	266.5458562766691	267.54411793925857	4015400	CRM	0.11579251737602995	1.5317764084877088	0.45937845350246087	0.3388928203911748	0.7373307429864153	0.526691079083486	0.41042332221076994	1.5317764084877088	-31.677187728641677	56.34737195870922	-0.3434619202093927	-1.0989196699559283	0.7554577497465356	5.1672793021703685	-0.6681053816403043	276.6892763254704	254.70139750265463	0.6340213172070082	0.0	0.0	0.0	0.0	0	0
2025-07-28	269.7802124023437	269.8700522955965	266.1265710874234	269.0315161607091	4533700	CRM	0.1449268920468231	1.406654432466795	0.37525530659202094	0.3318023092165911	0.9049915563132029	0.4236233490747746	0.27829313543598444	1.406654432466795	12.907804950938887	58.005217515781695	0.09451141527858908	-0.8602334529090249	0.954744868187614	5.065579438313423	2.3790544536814067	276.1951152025285	254.87910659922935	0.6990570364476237	0.0	0.0	0.0	0.0	0	0
2025-07-29	266.9252014160156	273.5236964033565	266.84532342262327	271.1278744985686	5137100	CRM	0.49954074994018605	2.5027131429829037	0.53042996372695	0.44627467466546084	1.0199134371029226	-1.058272940370502	-1.5500704567265549	2.5027131429829037	13.309217636808787	52.60739225107866	0.20882570012440738	-0.6464216223023385	0.8552473224267458	5.180778977057694	3.6114245668368294	275.5086385925125	255.03650606080782	0.5807257908669784	0.0	0.0	0.0	0.0	0	0
2025-07-30	264.34967041015625	267.3045164234517	262.87223217124426	266.4060870133077	3928200	CRM	-0.19447935225077428	1.6860983054764276	0.46440926063995874	0.444626566999763	0.8360896494476726	-0.9648886625153418	-0.7719105168376689	1.6860983054764276	-23.532732475521208	48.245708874911365	0.09055292909317814	-0.4990267120232352	0.5895796411164134	5.127315068139817	1.9755128142039897	274.75913152917394	255.077245423951	0.47111465520291973	0.0	0.0	0.0	0.0	0	0
2025-07-31	257.88092041015625	264.57927806209267	257.41173621285475	264.5393390657507	7340300	CRM	0.07174915531393557	2.784465834654506	0.6197528997071281	0.5670255997144338	1.4707249536159521	-2.4470429601683636	-2.516986199145044	2.784465834654506	86.86166692123619	39.40816068518711	-0.519168506091944	-0.503055070836977	-0.016113435254967	5.273045552503967	0.29116837526669864	274.5065092688814	254.24375623404828	0.1795000003136506	0.0	0.0	0.0	0.0	0	0
2025-08-01	250.3041381835937	255.5450119838445	249.69519795179784	254.54675030760632	7646900	CRM	-1.292910734631697	2.3427819517682207	0.5770045155082144	0.5863100567283246	1.3375160042258152	-2.938093370580415	-1.6667319928011852	2.3427819517682207	4.176940996961977	32.011603030944	-1.5953697112067289	-0.7215179989109274	-0.8738517122958015	5.481093902922141	-2.795120015103462	274.576464081769	252.03652419948097	-0.07685850206053946	0.0	0.0	0.0	0.0	0	0
2025-08-04	251.8813934326172	253.05933489896373	250.20430589594127	250.56368070863863	4403500	CRM	0.10369086461309936	1.1410790844702106	0.6671002437192685	0.5685147632079054	0.7737384031487208	0.6301355065358949	0.5258993323580788	1.1410790844702106	-42.41457322575161	34.75684297384723	-2.294545510605815	-1.036123501249905	-1.2584220093559098	5.293517838643592	-2.9090354072400184	274.384537271338	250.48349098793938	0.05848708161570223	0.0	0.0	0.0	0.0	0	0
2025-08-05	247.05978393554688	252.84968938285687	246.58060737109287	252.57017733639083	6761000	CRM	0.2734556508469936	2.542406752340142	0.6734244978215194	0.5902323809472143	1.1238401723409985	-1.9142380591761254	-2.181727652471345	2.542406752340142	53.536959236970596	30.678743525128354	-3.200813968469845	-1.4690615946938932	-1.7317523737759517	5.363200993866479	-5.674982170576867	273.78521792039606	248.47135709181094	-0.055762855212906956	0.0	0.0	0.0	0.0	0	0
2025-08-06	248.7368621826172	249.82496376334453	246.59060565312643	248.93651147313145	5834700	CRM	0.7596248598979481	1.3116307093903636	0.7476118663102652	0.6110076139703059	0.9120595002876223	0.6788147469228865	-0.08020088709880055	1.3116307093903636	-13.70063600059163	33.597178356604914	-3.740592826363752	-1.923367841027865	-1.817224985335887	5.211140787891594	-4.998472512984805	273.03566737310024	247.04968724115756	0.0649263538605461	0.0	0.0	0.0	0.0	0	0
2025-08-07	240.46127319335932	252.5701767540096	236.5580664525636	250.25421762687853	10010200	CRM	0.6100243570441648	6.7687864301414	2.290832477909406	1.6427555249507124	1.4442107207059034	-3.327045664499101	-3.913198557204816	6.7687864301414	71.56323375666273	27.45485126259213	-4.781029596490839	-2.49490019212046	-2.2861294043703793	5.982638610288338	-8.615656397136611	274.3104648220383	243.46990321995392	-0.09755432035943416	0.0	0.0	0.0	0.0	0	0
2025-08-08	240.0919189453125	242.527679960524	237.4165848677949	240.8705618623372	8812000	CRM	0.1702098069857499	2.152796147571244	2.3023013908877004	1.6177576364034745	1.229991010959929	-0.15360238392725037	-0.32326196734232854	2.152796147571244	-11.969790813370363	27.21569681502079	-5.571166098896242	-3.110153373475616	-2.461012725420626	5.920385501891249	-9.995510833717345	275.4798264806104	240.54759356333486	-0.013044531653658053	0.0	0.0	0.0	0.0	0	0
2025-08-11	232.2755279541016	241.449555529182	231.16747207619568	238.5046865237461	10740100	CRM	-0.6610936463579741	4.447893711273189	2.184552670719179	1.6815190246745868	1.2737914512073627	-3.2555827058016495	-2.6117552071767447	4.447893711273189	21.880390376758964	22.70772793396388	-6.7502596074996575	-3.8381746202804248	-2.9120849872192327	6.231935355540896	-13.081817149886488	277.4024068035222	235.92970836981766	-0.08811050531369204	0.0	0.0	0.0	0.0	0	0
2025-08-12	231.2573089599609	233.2638094923237	226.0863054358169	232.59497598153607	13178000	CRM	0.1375297820860403	3.174674398199848	2.1370485635910765	1.6831624400617868	1.3564590838908903	-0.438366883980083	-0.5751057244165689	3.174674398199848	22.699043770542175	22.19205008436711	-7.678350229356823	-4.606209742095705	-3.0721404872611187	6.29947597703846	-13.916233199933622	278.8750452761623	231.86957752657204	-0.013025475459000659	0.0	0.0	0.0	0.0	0	0
2025-08-13	236.6179656982422	236.93741674855283	229.2108658321392	232.6049494642353	10209200	CRM	0.5827450428854148	3.3709357051476383	1.757440704309277	1.639099544842191	0.9640506520363743	2.318048567800901	1.7252497177081474	3.3709357051476383	-22.528456518439825	31.06749881727572	-7.8903534527797206	-5.263038484232508	-2.6273149685472124	6.401409901279544	-12.292319888400167	279.17678145842376	229.47947617097077	0.1436393680901178	0.0	0.0	0.0	0.0	0	0
2025-08-14	232.96432495117188	236.58801974822248	232.4651941078212	236.58801974822248	7544800	CRM	-0.012655822617416431	1.7735238413751753	1.0589160888184967	1.6846689877009065	0.7472451722423495	-1.5441096098889566	-1.5316476298787014	1.7735238413751753	-26.098029228538966	28.6673079163034	-8.257992807617711	-5.862029348909549	-2.395963458708162	6.240792879075362	-12.72299366439893	279.3968310212644	226.6130337858645	0.12032653007100871	0.0	0.0	0.0	0.0	0	0
2025-08-15	242.01856994628903	244.07498661929336	234.22214847548955	235.7394952982848	12942800	CRM	1.1912426281125148	4.206621025353146	1.054232052835803	1.7186067264731868	1.1849147393843071	3.886537132676809	2.6635649830586217	4.206621025353146	71.54596543314601	40.860751635965485	-7.729645205015686	-6.235552520130776	-1.4940926848849099	6.588640649721513	-8.447561303639613	278.482300758117	225.5370290758674	0.31129391439022935	0.0	0.0	0.0	0.0	0	0
2025-08-18	243.5458984375	244.0949453970176	239.0736904652066	239.3532025114584	8809200	CRM	-1.101306992856856	2.10029590543413	0.9886584821712272	1.6218489175036286	0.8360413028623491	0.6310790496571914	1.751677388081279	2.10029590543413	-31.937447847451867	42.641889335547965	-7.105772358037001	-6.409596487712021	-0.6961758703249803	6.476684527013619	-5.558775713168925	277.4115713284638	224.77994173305962	0.3565528342690538	0.0	0.0	0.0	0.0	0	0
2025-08-19	245.57237243652344	248.0680266279515	243.0268021148139	244.5741107599522	8642200	CRM	0.4221842080071228	2.074349194931986	1.0403570632068113	1.6489800142319528	0.8974582642757154	0.8320706741622592	0.4081632653061278	2.074349194931986	-1.8957453571266405	45.0084148961749	-6.374349582185317	-6.402547106606681	0.028197524421363696	6.374151668879618	-1.8904065196075939	276.03574435553196	224.3998254076516	0.41003525182233563	0.0	0.0	0.0	0.0	0	0
2025-08-20	246.02159118652344	247.1396546405921	244.0250678005792	245.2728949167944	8195100	CRM	-0.12195081912418637	1.2763388893137013	1.1236229698814497	1.653355482968949	0.8881824940770493	0.18292723466525776	0.30525030904169964	1.2763388893137013	-5.173451204554396	45.544776192744074	-5.692820275382019	-6.260601740361749	0.5677814649797304	6.141325609674853	-2.3264133035937617	273.90133520512035	224.46084436030935	0.43609491851307103	0.0	0.0	0.0	0.0	0	0
2025-08-21	245.40267944335932	245.8618713025972	239.60278131124227	244.6140441577436	5646800	CRM	-0.5721233742093397	2.612277686052573	1.0900526700101023	1.0509409123300142	0.6382569892011276	-0.2515680596077789	0.3223998394414185	2.612277686052573	-31.095410672230965	44.89507240095071	-5.143354999986457	-6.037152392286691	0.8937973923002343	6.161145914361019	-0.6707301632789671	271.41314775478827	224.76583173739925	0.44240160995044464	0.0	0.0	0.0	0.0	0	0
2025-08-22	247.8583831787109	249.0962331323101	243.68565671234853	245.35275187227785	6694300	CRM	-0.02034516134653381	2.220309760105541	0.48646949491839686	1.0471094879577727	0.8811164695848119	1.0006833425461374	1.0212362760607652	2.220309760105541	18.550329390097044	48.06100938016737	-4.458351936386521	-5.721392301106657	1.263040364720136	6.107533807618201	-0.35317604161996635	268.38574957166145	225.71485009874866	0.5189375746348825	0.0	0.0	0.0	0.0	0	0
2025-08-25	247.43911743164065	248.9365099497305	246.36099299074417	248.9365099497305	4957700	CRM	0.43497692399705207	1.04542400471778	0.6604672608250797	0.9756929467547543	0.7261667267203927	-0.16915536270885645	-0.6015158316440679	1.04542400471778	-25.94147259608921	47.558621466375136	-3.9043068955957665	-5.357975220004479	1.4536683244087127	5.8552468898587815	2.901857810870993	264.5587818836232	227.3077082897166	0.5404249381208993	0.0	0.0	0.0	0.0	0	0
2025-08-26	243.3163146972656	248.3974631458032	242.4278623845896	246.27116082901887	8862300	CRM	-0.47201776935874085	2.4624235442638085	0.7146300043180647	0.9369066036738707	1.2897672035906182	-1.6661887486379565	-1.1998344109015517	2.4624235442638085	78.7582951771991	42.81873456436	-3.754617045916774	-5.0373035851869385	1.2826865392701645	5.863415023526983	1.34298387305886	260.7081774144041	228.79742408706076	0.454984263808152	0.0	0.0	0.0	0.0	0	0
2025-08-27	249.7251434326172	249.93476985359308	245.18304978021305	245.3228058049517	6506900	CRM	0.8246430619264453	1.9380295977391437	0.6198393027941078	0.8640846698080585	0.9959134321048121	2.6339494510778954	1.794508102587752	1.9380295977391437	-26.57775069677172	50.99491814826396	-3.083305417896156	-4.646503951728782	1.563198533832626	5.917346461584161	7.512464025897596	257.45930690574164	230.5838418979693	0.712222152402284	0.0	0.0	0.0	0.0	0	0
2025-08-28	254.0875396728516	255.2055878602424	249.85490474131413	252.0411002187948	8461200	CRM	0.9274023249495229	2.141516142926255	0.5454490767951017	0.853043631724723	1.1923094266453227	1.7468790608229243	0.811946723086149	2.141516142926255	30.034271311991883	55.64412772919185	-2.174214209623159	-4.152046003307658	1.9778317936844987	5.886139173444236	9.872220175684665	256.5707119999791	231.09309873000137	0.9025351275720311	0.0	0.0	0.0	0.0	0	0
2025-08-29	255.8045654296875	257.1921638417244	252.4304359459877	254.956036875844	7363200	CRM	0.3418102296990408	1.8863525223858233	0.5259384635157219	0.48518462713382116	1.0183866140360098	0.6757614950527099	0.33281367416952035	1.8863525223858233	-12.976882711672102	57.35888609118922	-1.3002151774152821	-3.581679838129183	2.2814646607139006	5.80582408217941	8.108682565513178	257.6075047059616	230.60634874862828	0.9332273300030901	0.0	0.0	0.0	0.0	0	0
2025-09-02	252.4204559326172	254.54675824362107	248.31759970607249	254.37705558124145	9312500	CRM	-0.5580470567631158	2.5085449218750053	0.2888306237377195	0.5131973893164697	1.149518220712436	-1.3229277168630114	-0.7691730074292707	2.5085449218750053	26.473544111255976	53.00922388548513	-0.8705982866777902	-3.0394635278389046	2.1688652411611145	5.925905627996239	8.351549528247821	257.69843612713805	230.56932357745177	0.8054495817047322	0.0	0.0	0.0	0.0	0	0
2025-09-03	256.00421142578125	257.5515047920152	250.1144585721869	254.61661311419977	17417900	CRM	0.8700393054391895	2.9734571372977396	0.45379967103741975	0.5964546309589543	1.775101555796069	1.4197563663860644	0.5449755593752729	2.9734571372977396	87.03785234899328	56.74966598416532	-0.2381988795321206	-2.479210598177548	2.2410117186454275	6.033844241698529	5.778747260012336	259.06094689221794	230.10125556139536	0.8944486171652207	0.0	0.0	0.0	0.0	0	0
2025-09-04	243.58583068847656	244.79373404149973	234.21215398267373	239.6427000400819	30967500	CRM	-6.391110245638575	4.517946604773037	1.0409817386140405	0.8992057952465026	2.105993691709862	-4.850850174746022	1.6454207233248253	4.517946604773037	77.79123774967131	43.75305814840512	-0.7306548002196962	-2.129499438585978	1.3988446383662816	7.159430898942029	0.01639619112157215	258.68128770877547	229.96581159542373	0.4743093598479454	0.0	0.0	0.0	0.0	0	0
2025-09-05	250.3240966796875	250.6934638640768	243.93522793671383	244.4044121510549	13029400	CRM	0.3360546302158436	2.770504278749073	0.9766930179215059	0.9041358802726203	0.8342500048021206	2.7662799482899922	2.422085786640344	2.770504278749073	-57.925567126826515	50.39183041450287	-0.5706300459015097	-1.8177255600490843	1.2470955141475746	7.155731061560472	1.9349588050228688	259.2869971904916	230.34638446234044	0.6903002505511676	0.0	0.0	0.0	0.0	0	0
2025-09-08	251.8314819335937	252.5003154410292	246.8701200934058	250.3640360241148	12602200	CRM	0.015955053851008996	2.2806305378282086	0.8826144850809182	0.9026595232087944	0.7561667836720489	0.6021734518970541	0.5861248815055667	2.2806305378282086	-3.2787388521344036	51.763426083566436	-0.31850436290866924	-1.5178813206210013	1.199376957712332	7.046764224850679	2.3615369362705385	260.01148735738263	230.79585059427754	0.7200127626819675	0.0	0.0	0.0	0.0	0	0
2025-09-09	251.6218414306641	254.8961385850357	250.77332812581253	250.88313752200096	10901900	CRM	-0.3765789742851931	1.6440386583515587	1.0702017289913692	0.8145265363140111	0.6419006840644427	-0.0832463444681166	0.2944414343504239	1.6440386583515587	-13.492088682928378	51.54995610043981	-0.13406377546527892	-1.241117811589857	1.107054036124578	6.837910384448713	2.534268167491708	259.89537283602084	232.84659646329555	0.6941254831142976	0.0	0.0	0.0	0.0	0	0
2025-09-10	242.1483459472656	253.54849264237936	241.30979454943912	252.3106426606466	11363600	CRM	0.2737446105895063	5.07177842316417	1.472669919425258	1.146900096007986	0.7204499864324424	-3.7649734337585206	-4.027692453325927	5.07177842316417	4.235041598253515	42.93348083641061	-0.7437516868224066	-1.141644586636367	0.39789289981396037	7.22368093505525	-2.303749890649557	258.73096818391576	235.1001048141311	0.2982642243256609	0.0	0.0	0.0	0.0	0	0
2025-09-11	245.8518829345703	246.74033521181664	243.0767167098116	243.27636599741192	6944900	CRM	0.4658384288084196	1.507186106343015	1.4434187801414726	1.189080236169416	0.6331734801794245	1.529449632545193	1.0586794679372171	1.507186106343015	-38.88468443099018	46.68528010947479	-0.917512750159716	-1.0968182193410367	0.17930546918132073	7.035702958590663	-0.64146466150763	258.2294235002688	236.52504122141093	0.4297215923184604	0.0	0.0	0.0	0.0	0	0
2025-09-12	242.33799743652344	247.15960312872315	240.8306277989925	245.6722029896189	8386400	CRM	-0.07308463242448367	2.6279777566386078	1.441969846936338	1.172151243152907	0.8353154445307676	-1.429269304796027	-1.3571765598716767	2.6279777566386078	20.756238390761567	43.746563184401474	-1.3235043038988579	-1.142155436252601	-0.1813488676462569	6.985222413672091	-0.40207631040252373	256.81384734594155	238.87798462427327	0.19291030857802755	0.0	0.0	0.0	0.0	0	0
2025-09-15	242.0984344482422	244.2846300327789	240.4213468527663	242.8271612323328	7244600	CRM	0.20185187671095192	1.6068802669084357	1.5121242948265439	1.1988231740068114	0.8078026109800318	-0.09885490134249363	-0.3001010185155432	1.6068802669084357	-13.614900314795383	43.545313131726594	-1.6456166222308752	-1.2428476734482559	-0.4027689487826194	6.762226754124983	-3.054041286969127	256.8075230409828	238.89229537942737	0.17896167045060357	0.0	0.0	0.0	0.0	0	0
2025-09-16	238.8939971923828	242.2581341372533	236.8276034616072	242.0984238469874	8779800	CRM	-4.378902660062846e-06	2.293031131620799	1.4476659389065183	1.2055821063448693	1.0276151528700141	-1.323609243142151	-1.3236049221988622	2.293031131620799	21.190956022416696	40.83896580313005	-2.134854981821917	-1.4212491351229881	-0.7136058466989288	6.667105605662207	-5.979648785623689	257.2276842738746	238.00694402202384	0.04615083283660488	0.0	0.0	0.0	0.0	0	0
2025-09-17	242.2100067138672	243.0	239.3800048828125	239.97000122070312	10124000	CRM	0.4504106595251951	1.5122378825915948	0.5183046330434976	1.2600304750952989	1.2203559813595566	1.388067327122486	0.9334522989412765	1.5122378825915948	15.310143739037334	44.67111750696207	-2.2293075811343783	-1.5828608243252662	-0.6464467568091121	6.484169691516135	-5.314431622041172	257.31112246575435	237.58726925787843	0.23437293957059327	0.0	0.0	0.0	0.0	0	0
2025-09-18	244.27999877929688	247.2899932861328	242.9499969482422	244.16000366210932	9344400	CRM	0.8050852129101931	1.7863743125772558	0.47757038557064657	1.0767618555457887	1.0647869605644589	0.854626979914606	0.04914609902841291	1.7863743125772558	-7.700513630975898	46.979910458802514	-2.1127761186111798	-1.6888438831824488	-0.42393223542873093	6.3838708972839555	-3.224959373139466	257.3033644482004	237.42086803470977	0.3449833764301882	0.0	0.0	0.0	0.0	0	0
2025-09-19	247.08999633789065	247.1999969482422	243.3500061035156	246.0200042724609	11813900	CRM	0.7122996159567291	1.5820796170799734	0.3167135640833802	1.0858414751549184	1.248649768426037	1.1503183120336296	0.4349207571936936	1.5820796170799734	26.42759299687513	50.02835752772784	-1.7732399695828178	-1.7057231004625228	-0.06751686912029498	6.202879464958429	-3.4820579857823692	257.3483443787167	237.54461979364658	0.4819990554423412	0.0	0.0	0.0	0.0	0	0
2025-09-22	249.69000244140625	250.47999572753903	243.16000366210932	245.27999877929688	7523800	CRM	-0.7325256325305225	3.0103602381917396	0.6241239851583705	1.11660244492396	0.7905493013686827	1.0522506544377217	1.7979467074596245	3.0103602381917396	-36.31400299647026	52.73617965560116	-1.2796058620057238	-1.620499652771163	0.34089379076543924	6.28267322213495	2.5059633951928633	257.4872375268271	237.58888857180574	0.6081466305045778	0.0	0.0	0.0	0.0	0	0
2025-09-23	244.5599975585937	251.3600006103516	244.1300048828125	249.7400054931641	7669800	CRM	0.020026052813057638	2.9615350767758515	0.7513657260042841	1.1130199294783425	0.8251373292394553	-2.0545495745334836	-2.0741602549184637	2.9615350767758515	1.9405087854541587	47.29110245464047	-1.2875042485784718	-1.5539005719326249	0.2663963233541531	6.3503391153781035	-2.3026545177029027	257.42780010647397	237.36041400485416	0.3587703708535509	0.0	0.0	0.0	0.0	0	0
2025-09-24	245.88999938964844	248.83999633789065	243.009994506836	245.6699981689453	6707100	CRM	0.4538766034644224	2.399079034953296	0.6557081713224476	0.603223606137307	0.7788267261199749	0.5438345781534004	0.08955152128581526	2.399079034953296	-12.551826644762576	48.768018053340455	-1.1729230179335843	-1.4777050611328169	0.3047820431992325	6.313172166497857	-2.3593088911385536	257.40892033958573	237.63666224098066	0.4174200593330334	0.0	0.0	0.0	0.0	0	0
2025-09-25	240.9499969482422	244.66000366210932	239.4900054931641	244.5	8145500	CRM	-0.5652931770705247	2.1587532048776032	0.5942549350253512	0.5624462318698744	0.9729432084490959	-2.00902942521794	-1.451943988449003	2.1587532048776032	21.445930431930343	43.85294357637076	-1.4638590232335673	-1.4749358535529669	0.011076830319399544	6.319373718639748	-4.241223425496071	257.3131966748117	236.85487125731723	0.20016915399258947	0.0	0.0	0.0	0.0	0	0
2025-09-26	243.42999267578125	244.52999877929688	240.3500061035156	240.69000244140625	4974600	CRM	-0.10790392617925047	1.739127343304918	0.5404530979347246	0.5564149245521485	0.7102350603070176	1.0292574222658253	1.138389715643476	1.739127343304918	-38.92824258793199	46.75421704714692	-1.4772837668047316	-1.47540543620332	-0.0018783306014116263	6.1665607870070005	0.5292816366355717	256.3674961455515	236.73481708687032	0.3410220056518701	0.0	0.0	0.0	0.0	0	0
2025-09-29	245.1000061035156	245.82000732421875	242.8699951171875	244.72000122070312	6373500	CRM	0.5299299937292474	1.2146466283773902	0.6612636171871805	0.6069556765749815	0.9408629928699015	0.6860343745557264	0.15528149759600585	1.2146466283773902	28.120853938005062	48.67741466926999	-1.3377461412727882	-1.4478735772172138	0.11012743594442553	5.936807317008733	-0.3058251261206799	254.87655495281413	237.15530234699057	0.4483150222639588	0.0	0.0	0.0	0.0	0	0
2025-09-30	237.0	245.2100067138672	235.8099975585937	245.0500030517578	10801100	CRM	-0.020401081400489962	3.986264048426443	1.0447275870385289	0.8605982269116235	1.4595371036003655	-3.304775969729939	-3.2850450730488445	3.986264048426443	69.46889464187652	40.951370256599056	-1.8593311535578039	-1.5301650924853318	-0.32916606107247204	6.184178876884787	-2.202707579079356	254.42023112320993	236.06958058333305	0.050702257919690776	0.0	0.0	0.0	0.0	0	0
2025-10-01	235.69000244140625	242.47000122070312	233.509994506836	236.4900054931641	10016600	CRM	-0.21518755562696584	3.83709773656169	1.2556194891598949	0.9527320858305183	1.2424059754957046	-0.5527415859045358	-0.338281970982053	3.83709773656169	-7.263149123700365	39.849766765464175	-2.3512926504375287	-1.6943906040757712	-0.6569020463617574	6.382452293812098	-2.64703570737298	252.89906434793227	235.55932646017322	0.007536214334893498	0.0	0.0	0.0	0.0	0	0
2025-10-02	238.8800048828125	239.3999938964844	233.6000061035156	235.42999267578125	7679200	CRM	-0.11031853830526382	2.4828714218434773	1.236187978658821	0.9223782612268037	0.9636340820680136	1.3534738038790173	1.4654089599290692	2.4828714218434773	-23.335263462651998	43.813411674122435	-2.4554640825765546	-1.8466052997759281	-0.6088587828006264	6.340847686609005	-0.00585712062034125	252.9708280721179	235.01698015542115	0.2151641667744553	0.0	0.0	0.0	0.0	0	0
2025-10-03	240.3600006103516	242.8099975585937	238.5	238.75	8849800	CRM	-0.054422672536479796	1.8071268589491378	1.2239477143009605	0.8989333485580283	1.0120950956308525	0.6195561358369586	0.6743458053828654	1.8071268589491378	15.24377539327013	45.60433041618789	-2.391035043080393	-1.9554912484368212	-0.43554379464357185	6.19578696317934	-0.763802507012473	252.11075096419827	234.8806476564072	0.3180104527560635	0.0	0.0	0.0	0.0	0	0
2025-10-06	245.77999877929688	250.47000122070312	235.41000366210932	239.3300018310547	13922600	CRM	-0.428523371892746	6.397348168861103	1.7635743399038661	1.514746195712948	1.3577911147606851	2.254950139450058	2.6950223118267056	6.397348168861103	57.32106940269836	51.678749426733376	-1.8809436619856683	-1.9405817311465907	0.0596380691609224	6.8289448628518015	0.6140494545176522	251.00334031863022	235.38290998654557	0.6656083457185871	0.0	0.0	0.0	0.0	0	0
2025-10-07	239.7400054931641	247.3600006103516	237.5500030517578	246.47999572753903	8387400	CRM	0.2848063112209287	4.129655833536806	1.7705019351430007	1.5643846419379002	0.8583867560729987	-2.4574795817931947	-2.7344978704987413	4.129655833536806	-39.756941950497755	45.5713749422006	-1.94168698837521	-1.9408027825923146	-0.0008842057828952754	7.041877198261942	-2.9746209695497328	249.51017191203033	235.68789479939545	0.2931579696130259	0.0	0.0	0.0	0.0	0	0
2025-10-08	240.42999267578125	241.32000732421875	235.6499938964844	239.7400054931641	7120200	CRM	0.0	2.406116517968192	1.8623044413515957	1.5640782342293131	0.774621838500235	0.2878064431498619	0.2878064431498619	2.406116517968192	-15.108376850990771	46.35136750500385	-1.9121087139887436	-1.9350639688716005	0.02295525488285688	6.943886928938542	-3.7086025371792806	249.4869691772052	235.53926220707217	0.3506476354272329	0.0	0.0	0.0	0.0	0	0
2025-10-09	245.3300018310547	245.9600067138672	237.1499938964844	239.2700042724609	7929100	CRM	-0.4824641012590222	3.7149538452985755	1.7830603399752811	1.546640218737829	0.8579587137598439	2.0380190926849453	2.5327025746583574	3.7149538452985755	11.360635937192775	51.65039947779147	-1.4762605183765345	-1.8433032787725874	0.3670427603960529	7.077181635255988	0.31485291141144633	249.4144601965178	235.55958307740795	0.7051970702916247	0.0	0.0	0.0	0.0	0	0
2025-10-10	241.67999267578125	249.0500030517578	240.72000122070312	246.5200042724609	7973500	CRM	0.48506192985956564	3.4604527205104825	1.472630332401306	1.4630371033367389	0.8794404934175696	-1.4877956744104206	-1.9633342174253499	3.4604527205104825	0.5599626691553896	47.85832285193033	-1.4091293516551104	-1.7564684933490922	0.3473391416939817	7.166668792098752	-1.7121504430100145	249.3903230107686	235.51791978708297	0.444196494964708	0.0	0.0	0.0	0.0	0	0
2025-10-13	248.75	249.3498992919922	242.3650054931641	242.88999938964844	7891988	CRM	0.5006648256111281	2.881972908842694	0.6815972871161581	1.2765743880774618	1.004013822334777	2.9253589616345743	2.4126150212347137	2.881972908842694	-1.0222863234464161	54.783224389150305	-0.7764860658057273	-1.5604720078404193	0.783985942034692	7.202614350963908	3.237187445755938	250.2412804419058	235.33211891112157	0.8999755661090255	0.5361	0.4728906650388219	0.8820924882416222	0.4918534655271753	0	0
2025-10-14	239.7700042724609	248.27999877929688	239.5500030517578	248.1100006103516	9123900	CRM	-0.2572861867933303	3.6443312946453337	0.561139521595884	1.2669547542122215	1.139385486357595	-3.6100485336840564	-3.3614107925413155	3.6443312946453337	15.60965373997021	46.36107314074994	-0.9883294632395803	-1.4460434989202515	0.45771403568067126	7.345284536483786	-1.5035075847021835	250.20291918639074	235.45808087464442	0.292436126232828	0.0	0.0	0.0	0.0	0	0
2025-10-15	236.5800018310547	241.32000732421875	235.8999938964844	240.8699951171875	8149700	CRM	0.4587691642515151	2.2975894734921907	0.6012339962403054	1.310996812795212	0.992215677984137	-1.330442667791458	-1.781040965291528	2.2975894734921907	-10.677451528403424	43.785883972172	-1.3975137504211546	-1.4363375492204322	0.038823798799277665	7.207765171573112	-3.476133847529391	250.40853780188243	234.68946177087147	0.12027043170053453	0.0	0.0	0.0	0.0	0	0
2025-10-16	246.3800048828125	256.739990234375	244.1999969482422	253.19000244140625	19579317	CRM	7.020881089608332	5.135132449977322	1.0633091586361412	1.388324099832486	1.8569716781074845	4.142363249602196	-2.6896786969974196	5.135132449977322	140.2458618108642	52.512652344058004	-0.9204070225694352	-1.3331514438902328	0.4127444213207976	8.13292397384077	3.9578079674314344	250.65801696234413	234.64998322076136	0.732758429386678	0.0	0.0	0.0	0.0	0	0
2025-10-17	243.0800018310547	250.77999877929688	242.16000366210938	246.57000732421875	10851200	CRM	0.07711763846121451	3.5596279265072814	1.063687466566356	1.2414609996250834	0.9758957034849833	-1.3393956434603598	-1.4154217420998003	3.5596279265072814	-44.578250610069794	49.71393513341869	-0.7993645929389572	-1.2263940736999777	0.42702948076102043	8.167714769794108	3.1354742726033233	250.19973612723518	234.70726460518668	0.5404390909450525	0.0	0.0	0.0	0.0	2025-10-22 17:57:47.598620+00:00	2025-10-22 17:57:47.601446+00:00
2025-10-20	254.27999877929688	255.39999389648438	244.3000030517578	245.0	9963900	CRM	0.7898626602281124	4.543590137563322	1.0803071639967947	0.8941707784636043	0.8639017360350711	4.6075353232992	3.787754603794643	4.543590137563322	-8.176975818342672	57.91247791908675	0.19802583746252367	-0.9415100914674774	1.139535928930001	8.464306005196649	6.446748820203331	251.47466147592363	233.8913388902873	1.1595453470019885	0.0	0.0	0.0	0.0	2025-10-22 17:57:47.598620+00:00	2025-10-22 17:57:47.601446+00:00
2025-10-21	263.4100036621094	267.1300048828125	254.0	254.5	13346200	CRM	0.08651927865316524	5.169293260949804	1.2190078982180552	1.0174611885412443	1.0782138989528847	3.590532061759571	3.5009837572138998	5.169293260949804	33.945543411716294	63.18216738801014	1.7055198594833314	-0.41210410127731567	2.117623960760647	8.79757021074064	9.589783238985849	256.2333231314193	231.01767784514323	1.2846122099677566	0.0	0.0	0.0	0.0	2025-10-22 17:57:47.598620+00:00	2025-10-22 17:57:47.601446+00:00
2025-10-22	256.9049987792969	262.3999938964844	256.6499938964844	262.20001220703125	5362580	CRM	-0.45935668283511666	2.240405274398397	1.2407024516521747	1.0416005906390262	0.4536624304773226	-2.469536005609275	-2.0194558280773345	2.240405274398397	-59.819424255593354	57.644221062635246	2.3482510272868637	0.13996692443552022	2.2082841028513434	8.652030178946665	4.526405751181535	258.03219912981945	230.32030178570787	0.9593243170424025	0.0	0.0	0.0	0.0	2025-10-22 17:57:47.598620+00:00	2025-10-22 17:57:47.601446+00:00
