timestamp	close	high	low	open	volume	symbol	gap_apertura_pct	volatilidad_diaria	vol_5d	vol_10d	vol_rel_5d	return_pct	close_open_pct	range_pct	volume_change_pct	rsi_14	macd	macd_signal	macd_diff	atr_14	momentum_12	bb_upper	bb_lower	bb_pctb	vader	finbert	sentiment_ratio	sentiment_combined
2025-06-05 00:00:00+00:00	462.94000244140625	468.6000061035156	452.7099914550781	462.32501220703125	6178300	CRWD	0.0	3.509976574045693	0.0	0.0	0.0	0.0	0.13302119031786333	3.509976574045693	0.0	0.0	0.0	0.0	0.0	0.0	0.0	0.0	0.0	0.0	0.0	0.0	0.0	0.0
2025-06-06 00:00:00+00:00	468.4100036621094	478.46600341796875	463.1199951171875	463.1199951171875	4343000	CRWD	0.03888034622888988	3.3136138500990677	0.0	0.0	0.0	1.1815788637525348	1.1422544050561443	3.3136138500990677	-29.70558244177201	0.0	0.0	0.0	0.0	0.0	0.0	0.0	0.0	0.0	0.0	0.0	0.0	0.0
2025-06-09 00:00:00+00:00	464.3900146484375	471.7699890136719	458.12799072265625	470.30999755859375	2724600	CRWD	0.4056262423154712	2.9777700920427463	0.0	0.0	0.0	-0.8582201452238241	-1.258740605321431	2.9777700920427463	-37.264563665668895	0.0	0.0	0.0	0.0	0.0	0.0	0.0	0.0	0.0	0.0	0.0	0.0	0.0
2025-06-10 00:00:00+00:00	467.6499938964844	470.010009765625	457.2300109863281	465.489990234375	2472500	CRWD	0.23686460760148498	2.7950918514137113	0.0	0.0	0.0	0.7019916762238771	0.4640279506379524	2.7950918514137113	-9.252734346326067	0.0	0.0	0.0	0.0	0.0	0.0	0.0	0.0	0.0	0.0	0.0	0.0	0.0
2025-06-11 00:00:00+00:00	476.9800109863281	479.94000244140625	465.552001953125	466.0199890136719	2756500	CRWD	-0.34855231563914146	3.090524888287331	0.280498875484374	0.0	0.7460121570346795	1.9950854723862086	2.351835163949311	3.090524888287331	11.486349848331647	0.0	0.0	0.0	0.0	0.0	0.0	0.0	0.0	0.0	0.0	0.0	0.0	0.0
2025-06-12 00:00:00+00:00	481.7300109863281	488.7359924316406	473.0	474.0199890136719	3520200	CRWD	-0.620575685453849	3.326848294215777	0.22643264441933939	0.0	1.1128041070254413	0.995848859615241	1.6265183222967154	3.326848294215777	27.705423544349717	0.0	0.0	0.0	0.0	0.0	0.0	0.0	0.0	0.0	0.0	0.0	0.0	0.0
2025-06-13 00:00:00+00:00	480.6199951171875	485.4949951171875	473.05999755859375	475.0	2610700	CRWD	-1.397050387736613	2.628630115158604	0.2687283536343542	0.0	0.9267989633994816	-0.23042281855512797	1.1831568667763157	2.628630115158604	-25.836600193170845	0.0	0.0	0.0	0.0	0.0	0.0	0.0	0.0	0.0	0.0	0.0	0.0	0.0
2025-06-16 00:00:00+00:00	479.3900146484375	487.4599914550781	477.2799987792969	481.8399963378906	2710300	CRWD	0.25383904812484076	2.132918350196499	0.45722763232499447	0.0	0.9631348523830507	-0.2559153762319229	-0.5084637448268353	2.132918350196499	3.815068755506186	0.0	0.0	0.0	0.0	0.0	0.0	0.0	0.0	0.0	0.0	0.0	0.0	0.0
2025-06-17 00:00:00+00:00	492.0299987792969	493.20001220703125	474.0	479.45001220703125	3398700	CRWD	0.012515395974142147	4.0506354867154535	0.7242351779572976	0.0	1.133171961270705	2.636680728556467	2.623836948998442	4.0506354867154535	25.399402280190387	0.0	0.0	0.0	0.0	0.0	0.0	0.0	0.0	0.0	0.0	0.0	0.0	0.0
2025-06-18 00:00:00+00:00	485.1600036621094	490.7099914550781	478.82000732421875	490.7099914550781	2830300	CRWD	-0.26827781385151833	2.4831844845631994	0.764683782598542	0.5544822533616369	0.9390386325330785	-1.39625533691678	-1.1310117767342875	2.4831844845631994	-16.724041545296732	0.0	0.0	0.0	0.0	0.0	0.0	0.0	0.0	0.0	0.0	0.0	0.0	0.0
2025-06-20 00:00:00+00:00	476.29998779296875	490.0	474.2900085449219	484.5400085449219	5183100	CRWD	-0.12779188566815514	3.3123176056933885	0.7627974207291474	0.5388091179730972	1.5487566559693065	-1.8262049225540034	-1.7005862481197338	3.3123176056933885	83.1289969261209	0.0	0.0	0.0	0.0	0.0	0.0	0.0	0.0	0.0	0.0	0.0	0.0	0.0
2025-06-23 00:00:00+00:00	491.80999755859375	494.29998779296875	461.510009765625	470.7550048828125	4431700	CRWD	-1.1641786798798877	7.104933226474533	1.983367678318484	1.4080316166234454	1.1942643404961706	3.2563531730273043	4.4726009192451555	7.104933226474533	-14.497115625783795	0.0	0.0	0.0	0.0	0.0	0.0	0.0	0.0	0.0	0.0	0.0	0.0	0.0
2025-06-24 00:00:00+00:00	485.3800048828125	493.5	481.1199951171875	490.8999938964844	3633500	CRWD	-0.18503155011625358	2.573163661551226	1.8978541859524058	1.426889614683812	0.9327524862275572	-1.3074139825746807	-1.1244630438589638	2.573163661551226	-18.01114696391904	0.0	0.0	0.0	0.0	0.0	4.847280926915892	0.0	0.0	0.0	0.0	0.0	0.0	0.0
2025-06-25 00:00:00+00:00	494.0899963378906	500.4100036621094	487.5450134277344	488.0799865722656	2957600	CRWD	0.5562614162701229	2.6387287081302278	1.9742407932078883	1.4344805415078834	0.7768357130099495	1.7944685334083794	1.231357550190219	2.6387287081302278	-18.601898995458924	66.25911606058372	0.0	0.0	0.0	15.635498046875	5.4823749439616325	0.0	0.0	0.0	0.0	0.0	0.0	0.0
2025-06-26 00:00:00+00:00	505.2200012207031	506.3500061035156	494.0899963378906	497.0799865722656	3017000	CRWD	0.6051509353632515	2.4813313073517107	1.974508303669918	1.4587091533782601	0.7847411160646937	2.252627044729941	1.6375663612146054	2.4813313073517107	2.0083851771706787	71.6219705121633	0.0	0.0	0.0	15.394391741071429	8.79217581867595	0.0	0.0	0.0	0.0	0.0	0.0	0.0
2025-06-27 00:00:00+00:00	499.3299865722656	505.3699951171875	495.57000732421875	504.5899963378906	3466300	CRWD	-0.12469911747165473	1.9775183421375346	2.112289305336952	1.5145414332257647	0.9900263336779751	-1.165831644472934	-1.0424324310430282	1.9775183421375346	14.89227709645343	65.67312186855128	0.0	0.0	0.0	14.994791459064094	6.774295539239055	0.0	0.0	0.0	0.0	0.0	0.0	0.0
2025-06-30 00:00:00+00:00	509.30999755859375	510.0199890136719	499.7200012207031	502.625	2702800	CRWD	0.6598869517838388	2.0611517985688397	0.3051739262998141	1.5460646987176556	0.8565524934715919	1.9986804827880622	1.3300169228736634	2.0611517985688397	-22.02636817355682	70.19098985539055	0.0	0.0	0.0	14.68730652923139	6.778059001971953	0.0	0.0	0.0	0.0	0.0	0.0	0.0
2025-07-01 00:00:00+00:00	492.07000732421875	516.6199951171875	481.5	509.3699951171875	4089100	CRWD	0.011780165102069797	7.293872298481309	2.2550924250715956	1.9914445272966137	1.259517766497462	-3.3849699234289266	-3.3963499928943897	7.293872298481309	51.29125351487347	56.385358973503344	0.0	0.0	0.0	16.14678428551397	2.1464297639916152	0.0	0.0	0.0	0.0	0.0	0.0	0.0
2025-07-02 00:00:00+00:00	496.1000061035156	496.5	489.1440124511719	491.0	2113200	CRWD	-0.21745022218225457	1.5038490427320577	2.3901641861577017	2.087609686766731	0.686621091211562	0.8189889079424341	1.0386977807567466	1.5038490427320577	-48.32114646254677	58.44300925799456	0.0	0.0	0.0	15.518870232893551	3.2208420672456004	0.0	0.0	0.0	0.0	0.0	0.0	0.0
2025-07-03 00:00:00+00:00	514.0999755859375	517.97998046875	499.989990234375	499.989990234375	2654000	CRWD	0.7841128971983314	3.598070078551377	2.374282181721417	2.0662498939769045	0.8831711634964793	3.628294549681183	2.822053566502064	3.598070078551377	25.591519969714177	66.12927351544425	0.0	0.0	0.0	15.973234813775038	7.240443037378383	514.6682982500994	457.6327027264631	0.9900356495107276	0.0	0.0	0.0	0.0
2025-07-07 00:00:00+00:00	505.4599914550781	508.1549987792969	498.9100036621094	507.70001220703125	3269400	CRWD	-1.2448869252740171	1.853038634087751	2.392030552216493	2.1280139964650724	1.1024041541625924	-1.6806038788490674	-0.4412095131169079	1.853038634087751	23.187641296156745	60.358481954738814	0.0	0.0	0.0	15.917287464493116	2.7295068815113765	515.8810491816041	460.67195069632555	0.8112438345772889	0.0	0.0	0.0	0.0
2025-07-08 00:00:00+00:00	507.7099914550781	509.385009765625	497.739990234375	507.6400146484375	2143300	CRWD	0.43129490567269174	2.3395788483393933	2.3601145483747668	1.6670553248009636	0.7510337094400449	0.44513908875811875	0.013784730246114846	2.3395788483393933	-34.44362880039151	61.30547206971837	0.0	0.0	0.0	15.612125469261466	4.647948640192057	517.5025123714503	462.9804862857763	0.8203933048822409	0.0	0.0	0.0	0.0
2025-07-09 00:00:00+00:00	513.510009765625	513.9199829101562	507.0400085449219	512.0	1869300	CRWD	0.8449722513096244	1.356889840897996	0.9035519603020248	1.7311767440512336	0.7756946519270989	1.142388057781616	0.2949237823486328	1.356889840897996	-12.784024634908786	63.71199389313465	0.0	0.0	0.0	14.988400390402388	7.812307983688248	519.0349241005254	466.36007406842003	0.8951128606624807	0.0	0.0	0.0	0.0
2025-07-10 00:00:00+00:00	487.1099853515625	514.5	486.57000732421875	512.989990234375	4178700	CRWD	-0.10126765230678678	5.740179677201211	1.7546538301717647	1.9772390023943225	1.480265255372059	-5.141092464022646	-5.044933697631885	5.740179677201211	123.54357246027925	48.82670372151889	0.0	0.0	0.0	15.912799839358021	-0.9556560928738125	517.5586045368586	469.78239277759457	0.3626824299356053	0.0	0.0	0.0	0.0
2025-07-11 00:00:00+00:00	478.45001220703125	489.32598876953125	477.4700012207031	488.0	3384400	CRWD	0.18271328348876867	2.4830853286105987	1.7267060662586715	1.9771859303115418	1.1399047497153942	-1.7778270626665715	-1.9569647116739242	2.4830853286105987	-19.00830401799603	45.10408240004971	0.0	0.0	0.0	15.6230275328916	-1.4277458086585972	517.4344642961742	470.05353314034926	0.17721220039065755	0.0	0.0	0.0	0.0
2025-07-14 00:00:00+00:00	476.17999267578125	480.7170104980469	463.5	466.82000732421875	3340500	CRWD	-2.43076697378786	3.714565371746899	1.683886066708581	1.9514890188505567	1.1197557018543598	-0.4744528108127071	2.005052312391946	3.714565371746899	-1.2971279990544853	44.15379017550079	4.3810580247757684	0.0	0.0	15.73688345897412	-3.624846443938395	517.8337260750108	469.0992695304579	0.14529192787551018	0.0	0.0	0.0	0.0
2025-07-15 00:00:00+00:00	473.2799987792969	480.7200012207031	470.5199890136719	479.0899963378906	2529100	CRWD	0.6111142229553357	2.1678169780657006	1.705574724004381	1.9448868002538267	0.826395242451967	-0.6090121258956184	-1.2127152733316726	2.1678169780657006	-24.28977697949409	42.9099863906761	2.5119230909640464	0.0	0.0	15.341392655263915	-6.321998805319151	518.4316017383023	467.7673942333774	0.10880668656237483	0.0	0.0	0.0	0.0
2025-07-16 00:00:00+00:00	470.45001220703125	476.6499938964844	464.8349914550781	475.82000732421875	1980400	CRWD	0.5366819961699563	2.541762702592939	1.470213176217264	1.3126272917499147	0.6424405213746748	-0.5979518634983185	-1.128576990149227	2.541762702592939	-21.69546478984619	41.67618897139991	0.7931213155068235	0.0	0.0	15.089507639988367	-5.783745247003049	519.2217676810262	466.0832280465129	0.08217734605717598	0.0	0.0	0.0	0.0
2025-07-17 00:00:00+00:00	469.8299865722656	474.30999755859375	466.94000244140625	470.3500061035156	2256600	CRWD	-0.02125754084827513	1.5783601915992023	0.7805323891187527	1.3050842411837915	0.8363353346675562	-0.1317941585030228	-0.1105601200174223	1.5783601915992023	13.946677438901231	41.39535666695021	-0.612017406106304	0.0	0.0	14.538113888359733	-7.751666210280142	519.9166685454645	463.1683259613715	0.11738951848721338	0.0	0.0	0.0	0.0
2025-07-18 00:00:00+00:00	475.9599914550781	477.260009765625	465.760009765625	472.30999755859375	2903400	CRWD	0.5278528525651414	2.4690827376499995	0.780620440838398	1.2707319202486846	1.1158339738662568	1.3047283183295986	0.7727962387735747	2.4690827376499995	28.662589736772137	45.31850983860347	-1.2169317710648215	0.0	0.0	14.321105753476896	-3.2739276178899352	520.1455805600691	462.0194127260637	0.23983309494658958	0.0	0.0	0.0	0.0
2025-07-21 00:00:00+00:00	481.5799865722656	490.0400085449219	474.1099853515625	478.7149963378906	3416200	CRWD	0.5788311900733619	3.3599847473254396	0.646665019480577	1.2583819341305975	1.3053180189061342	1.1807704887140549	0.5984751378778217	3.3599847473254396	17.66205138802783	48.70857322519523	-1.2286806599482816	0.0	0.0	14.436028427754215	-2.926833169242145	519.9601137746222	462.7328793894403	0.32933807452532576	0.0	0.0	0.0	0.0
2025-07-22 00:00:00+00:00	471.2300109863281	485.45599365234375	470.0	481.5	1975600	CRWD	-0.016609197744064115	3.2885092877327127	0.7253620543618773	1.257666763830914	0.7882095721421618	-2.149170620566141	-2.1329156830055815	3.2885092877327127	-42.1696621977636	43.375254003592886	-2.0495226491487983	0.0	0.0	14.508883086653467	-8.338838092872694	520.2406548789822	460.39433962785375	0.18105828759891862	0.0	0.0	0.0	0.0
2025-07-23 00:00:00+00:00	461.5199890136719	472.0	454.0400085449219	471.2300109863281	3024000	CRWD	0.0	3.9555966692528144	0.9225831594340409	1.1761093178889475	1.1137465195421263	-2.060569519401422	-2.060569519401422	3.9555966692528144	53.06742255517312	39.05477515837	-3.4438647336728536	0.0	0.0	14.755390827255228	-8.693072287465375	521.5387817165156	456.71021120340623	0.0741922546216414	0.0	0.0	0.0	0.0
2025-07-24 00:00:00+00:00	462.0299987792969	468.5	460.1199951171875	463.9800109863281	2486100	CRWD	0.5330260944739655	1.8212650986137224	0.8359204634063883	0.803618910491375	0.9004150579849768	0.11050653877743347	-0.4202793570537482	1.8212650986137224	-17.787698412698415	39.39622935958941	-4.456367129319403	-1.088288147923863	-3.3680789813955405	14.30000611693789	-8.99726092544763	521.9060654664115	453.13692769765106	0.12931776331919698	0.0	0.0	0.0	0.0
2025-07-25 00:00:00+00:00	467.9200134277344	470.80999755859375	460.29998779296875	462.0	1794700	CRWD	-0.006492820677473988	2.283295686367069	0.8677695361802369	0.8130883699429884	0.7067640155632217	1.2748121689066017	1.2813881878212932	2.283295686367069	-27.810627086601503	43.34407936969932	-4.728994708035259	-1.8164294599461424	-2.9125652480891167	14.029292091844113	-8.878112494574099	520.0451857621981	451.26780862256743	0.24211747376408257	0.0	0.0	0.0	0.0
2025-07-28 00:00:00+00:00	472.17999267578125	476.57000732421875	468.0	471.0	1825800	CRWD	0.658229287886892	1.8311981462005875	0.9490789025024062	0.7737837952042455	0.8219733122039942	0.9104075751837417	0.25052923052680465	1.8311981462005875	1.7328801470997939	46.079899155519676	-4.548872731879726	-2.3629181143328593	-2.1859546175468667	13.645056506461275	-3.065014704021271	518.5647391690708	450.0332558260465	0.3231614984733732	0.0	0.0	0.0	0.0
2025-07-29 00:00:00+00:00	465.510009765625	480.7200012207031	458.0	473.8699951171875	2749900	CRWD	0.35791487729694577	4.960698956485398	1.4161838365653185	1.0743225900032032	1.1573166112537352	-1.4125932935782273	-1.7641938585909172	4.960698956485398	50.61342972943367	42.61045221963554	-4.887990928785882	-2.8679326772234637	-2.0200582515624186	14.293266843192836	-2.704567271660336	515.2820572098334	448.93593900598694	0.2498122152183	0.0	0.0	0.0	0.0
2025-07-30 00:00:00+00:00	463.1499938964844	466.67999267578125	453.4200134277344	463.5199890136719	2117500	CRWD	-0.42749258022508707	2.92443625234029	1.3077816108280929	1.07055571797448	0.9647803900127574	-0.5069742475202297	-0.07982290428829526	2.92443625234029	-22.997199898178117	41.42207194750382	-5.286241597646267	-3.351594461308024	-1.934647136338243	14.219460586396695	-2.7363599856595964	514.4880267141069	446.83796815893993	0.24112360116055748	0.0	0.0	0.0	0.0
2025-07-31 00:00:00+00:00	454.57000732421875	467.8999938964844	453.760009765625	465.760009765625	2832800	CRWD	0.5635357667140491	3.116181202958569	1.1979804666531328	0.9741424389128319	1.251159380603673	-1.8525287024365764	-2.402525379333698	3.116181202958569	33.78040141676505	37.34432498941336	-6.2224626562487515	-3.92576810029617	-2.2966945559525813	14.213783696715456	-3.953260544146319	513.4489956427935	443.7239993523237	0.1555540846027627	0.0	0.0	0.0	0.0
2025-08-01 00:00:00+00:00	446.6600036621094	454.0	438.0899963378906	448.95001220703125	3014400	CRWD	-1.2363321439241106	3.6316747232544166	1.140163259036672	0.972978028449767	1.2018755382603425	-1.7401068118573917	-0.510080962836871	3.6316747232544166	6.410618469358938	34.01934412740253	-7.51605537143314	-4.6438255545235645	-2.8722298169095755	14.375657074544932	-5.056862137874192	508.7037666648445	441.7252311378898	0.07367692478486078	0.0	0.0	0.0	0.0
2025-08-04 00:00:00+00:00	454.8599853515625	457.489990234375	448.0	452.8999938964844	1882800	CRWD	1.397033578832692	2.1183013916015625	1.0519682313550751	1.0168066149310089	0.7472970612983632	1.8358441817540194	0.43276473426628137	2.1183013916015625	-37.539808917197455	39.98483795351669	-7.789771291334262	-5.273014701885704	-2.5167565894485575	14.122394895810697	-3.186259210468797	504.2412843888485	441.12771280353434	0.21758034291349648	0.0	0.0	0.0	0.0
2025-08-05 00:00:00+00:00	441.75	457.79998779296875	438.5	454.6300048828125	3104600	CRWD	-0.05056071673841512	4.401365517210661	0.8478333214093476	1.1094105749568322	1.1984929084858826	-2.8822023861759916	-2.833074092004224	4.401365517210661	64.89271298066708	34.59884929514877	-8.961259560995927	-6.010663673707749	-2.950595887288178	14.492222959893414	-7.18757712186969	499.35907207804985	439.4139259688252	0.038970194966549875	0.0	0.0	0.0	0.0
2025-08-06 00:00:00+00:00	451.69000244140625	451.8999938964844	442.010009765625	445.0	2035700	CRWD	0.7357102433503113	2.2375022991229363	0.9597032670853036	1.0958975079023876	0.790851806096206	2.2501420354060557	1.503371335147472	2.2375022991229363	-34.42955614249823	41.0793235075465	-8.98403496713155	-6.60533793239251	-2.378697034739039	14.182063741078483	-6.206649978045569	489.39083066763055	443.2001666468226	0.183799821339636	0.0	0.0	0.0	0.0
2025-08-07 00:00:00+00:00	425.0	451.9849853515625	422.0	451.69000244140625	5710100	CRWD	0.0	7.105446765773104	2.0332607322694725	1.6395912337082097	1.8130064263760828	-5.908920342966526	-5.908920342966526	7.105446765773104	180.49810875865796	31.930357990986963	-11.028613785302866	-7.489993102974582	-3.5386206823282844	15.310843856113056	-9.810498038858864	490.5621189361348	435.8178798431621	-0.197607639130575	0.0	0.0	0.0	0.0
2025-08-08 00:00:00+00:00	424.489990234375	434.5	420.4200134277344	431.0	3632100	CRWD	1.411764705882353	3.3490286196106176	2.0464325410662414	1.5883703975652854	1.1096955142893805	-0.12000229779411764	-1.5104431010730859	3.3490286196106176	-36.39165688867095	31.784684284153826	-12.54549410807607	-8.50109330399488	-4.0444008040811905	15.222925478695384	-8.023487532671075	491.6862386606826	429.2977579213487	-0.07706178496413627	0.0	0.0	0.0	0.0
2025-08-11 00:00:00+00:00	426.42999267578125	434.0	419.739990234375	423.82000732421875	2525400	CRWD	-0.15783244023877457	3.3973436168573015	1.8473018014456553	1.4710144416797672	0.7424196990810152	0.45701959670123443	0.6158240069978299	3.3973436168573015	-30.469976046915008	33.03617067821354	-13.436206484061643	-9.488115940008232	-3.948090544053411	15.154145784904642	-7.705128714060207	491.6370928829249	424.3719036991064	0.030596642953766736	0.0	0.0	0.0	0.0
2025-08-12 00:00:00+00:00	435.79998779296875	438.29998779296875	427.489990234375	428.010009765625	2311000	CRWD	0.3705220357342575	2.5287136086314157	1.9570305540732078	1.444673900596691	0.7126425439272741	2.1973114645131435	1.8200457581843663	2.5287136086314157	-8.489744198938782	38.86959151045797	-13.233474900524755	-10.237187732111536	-2.996287168413218	14.919563594353418	-6.864426550057416	490.3217799786445	421.939215504754	0.20269453763330308	0.0	0.0	0.0	0.0
2025-08-13 00:00:00+00:00	432.1199951171875	442.42498779296875	427.8599853515625	440.0	2461100	CRWD	0.963747665139107	3.404151577633167	1.7986943095900738	1.432048822995225	0.7395265539643142	-0.8444223907434959	-1.7909102006392046	3.404151577633167	6.495023799221117	37.488343850493344	-13.217391452795766	-10.833228476248383	-2.3841629765473833	14.894237797714336	-8.484052306320535	489.26600149831506	419.161992276099	0.184839682991798	0.0	0.0	0.0	0.0
2025-08-14 00:00:00+00:00	424.8599853515625	435.0	419.80999755859375	432.3399963378906	2911600	CRWD	0.05091206683075668	3.6183041208508024	0.421523861113847	1.4247513154727693	1.0517874172759587	-1.680091143122443	-1.730122368896493	3.6183041208508024	18.304823046605176	34.856724413253474	-13.633310995533293	-11.393244980105367	-2.240066015427926	14.91536384369233	-8.732363120296592	488.4617951184291	415.46919853391466	0.12865396296424006	0.0	0.0	0.0	0.0
2025-08-15 00:00:00+00:00	427.8999938964844	428.9320068359375	423.0	425.2799987792969	2264400	CRWD	0.09885925768858249	1.4023656822547281	0.9211127771040948	1.5814214481929985	0.9076842906962761	0.7155318574909645	0.6160635639361849	1.4023656822547281	-22.228328067042177	36.85559192821977	-13.56130071351862	-11.82685612678802	-1.7344445867306	14.273695485995557	-7.6109252865235915	485.75040497200797	413.3745889244764	0.20069417887417867	0.0	0.0	0.0	0.0
2025-08-18 00:00:00+00:00	426.3399963378906	428.9700012207031	421.6990051269531	426.0	2252700	CRWD	-0.4440275586785853	1.7242146662312035	0.98351965472718	1.6201350471383242	0.9231771687102485	-0.36457059613119264	0.07981134692268192	1.7242146662312035	-0.5166931637519873	36.241053522398765	-13.47478191361131	-12.156441284152677	-1.318340629458632	13.773502672263731	-6.210266962508434	481.17902417168557	412.42197070136126	0.20242324145749518	0.0	0.0	0.0	0.0
2025-08-19 00:00:00+00:00	418.6000061035156	436.0	415.8999938964844	431.0	2786800	CRWD	1.0930252151187207	4.832894060709803	1.4217188055523668	1.657546299668133	1.0991906347127778	-1.815450180808456	-2.877028746284078	4.832894060709803	23.70932658587473	33.27634228779121	-13.870872879233957	-12.499327603168934	-1.3715452760650226	14.22539577449601	-6.282182718070422	478.72152593007723	409.61646845468834	0.12999826607519546	0.0	0.0	0.0	0.0
2025-08-20 00:00:00+00:00	419.1700134277344	420.94000244140625	409.30999755859375	417.42498779296875	2212600	CRWD	-0.2807019334482056	2.841368388796229	1.403526823972243	1.622743016522724	0.8901602014789066	0.1361699273548966	0.4180453221049405	2.841368388796229	-20.60427730730587	33.706450332450785	-13.97765726371017	-12.794993535277182	-1.1826637284329884	14.04001071080433	-7.846364391944315	477.2753609534782	406.8276358726937	0.17519909324094304	0.0	0.0	0.0	0.0
2025-08-21 00:00:00+00:00	414.05999755859375	417.92999267578125	413.6600036621094	417.7900085449219	1800400	CRWD	-0.3292231883496636	1.0322460416452874	1.535490038884163	1.161167128107673	0.7954475165460506	-1.219079539434087	-0.8927956413603568	1.0322460416452874	-18.629666455753412	31.7316770557305	-14.309667295083557	-13.097928287238458	-1.2117390078450985	13.430724929005805	-6.268251826011602	475.6333542526554	403.6726424514461	0.14434758699778566	0.0	0.0	0.0	0.0
2025-08-22 00:00:00+00:00	420.54998779296875	423.9930114746094	412.5509948730469	415.0	2202300	CRWD	0.22702082957753728	2.7734793380109335	1.439677251950617	1.1458118888674398	0.9783825567757757	1.5674033407336334	1.337346456137048	2.7734793380109335	22.322817151744058	36.79636570223525	-13.888995964271203	-13.256141822645008	-0.6328541416261952	13.288674334188427	-6.894111997193699	471.7130751948022	402.85591894582285	0.2569677548571167	0.0	0.0	0.0	0.0
2025-08-25 00:00:00+00:00	418.8299865722656	426.0	418.5249938964844	422.6099853515625	2413300	CRWD	0.4898341739122484	1.7860357714656465	1.4300704697874245	1.1587472384054593	1.057036985125357	-0.40898853183414174	-0.89444142597633	1.7860357714656465	9.58089270308314	36.03339459746332	-13.53833908207514	-13.312581274531036	-0.22575780754410424	12.873412317711798	-1.4517678653492647	465.9449304505217	403.2890630797517	0.24803620386498723	0.0	0.0	0.0	0.0
2025-08-26 00:00:00+00:00	417.6000061035156	425.0	416.70001220703125	419.32000732421875	3146700	CRWD	0.11699753304759519	1.9918376649446852	0.7504076668169603	1.174458513702788	1.3361443020559987	-0.2936705842903579	-0.4101882072546131	1.9918376649446852	30.38992251274189	35.46704792982321	-13.207442940174303	-13.29155360765969	0.08411066748538687	12.54673913737301	-1.6231205185910713	460.9534594156547	403.4895337484078	0.2455535745472133	0.0	0.0	0.0	0.0
2025-08-27 00:00:00+00:00	422.6099853515625	427.4150085449219	419.9800109863281	421.6000061035156	8119600	CRWD	0.9578543921305573	1.770321768679554	0.6224816649561736	1.1544664788371348	2.2959682846688496	1.1997076568061615	0.23955864170431118	1.770321768679554	158.03540216734993	39.62927669404655	-12.398025191659372	-13.112847924459627	0.7148227328002559	12.351615087661099	-0.8958111272260199	455.4185443180986	404.9704479914717	0.3496571455518037	0.0	0.0	0.0	0.0
2025-08-28 00:00:00+00:00	442.0	442.1700134277344	409.25	410.0	9981800	CRWD	-2.9838351644891814	8.043986176599725	2.6982545892826275	2.1241377528353333	1.929692967363525	4.588158188526297	7.804878048780488	8.043986176599725	22.934627321542933	52.42001487512592	-10.07579615529329	-12.50543757062636	2.4296414153330694	13.820786397666334	1.4226737908897396	452.8836592683804	406.24833230876806	0.7666220014323902	0.0	0.0	0.0	0.0
2025-08-29 00:00:00+00:00	423.70001220703125	448.0	420.3900146484375	444.864990234375	5485100	CRWD	0.648187835831448	6.5677072217455255	3.035113271544444	2.3564683925767116	0.9409534592489665	-4.1402687314408935	-4.757618264407159	6.5677072217455255	-45.048989160271695	43.131942447241386	-9.601390139855368	-11.924628084472163	2.3232379446167943	14.805729180087488	-1.9485288820927662	450.48341598796617	406.3525764436745	0.39309099809773856	0.0	0.0	0.0	0.0
2025-09-02 00:00:00+00:00	413.5	418.0199890136719	407.69500732421875	417.1090087890625	3762800	CRWD	-1.5555825414392974	2.532525908820414	2.9129152612213516	2.3083955499975675	0.6169333683105981	-2.4073665124293764	-0.8652435485726042	2.532525908820414	-31.3996098521449	38.985582023220466	-9.933963151228568	-11.526495097823446	1.5925319465948782	14.891391730282132	-2.6738186092442566	445.70070314120306	406.99929075528127	0.16797085284369265	0.0	0.0	0.0	0.0
2025-09-03 00:00:00+00:00	413.20001220703125	414.4800109863281	404.2799987792969	412.9849853515625	3036500	CRWD	-0.1245500963573156	2.523006885779577	2.8213511668924522	2.266182050787252	0.4996577348629952	-0.07254843844467956	0.052066506797021614	2.523006885779577	-19.30211544594451	38.867239912931225	-10.105249144749507	-11.242245907208659	1.1369967624591517	14.556293192907068	-3.4353778684580396	443.72279577634805	406.1221993408395	0.18823671795556304	0.0	0.0	0.0	0.0
2025-09-04 00:00:00+00:00	412.4599914550781	415.489990234375	402.6600036621094	413.20001220703125	2763400	CRWD	0.0	3.186307667903331	2.5649316537279647	2.2629721632903084	0.552026400741522	-0.17909504600458295	-0.17909504600458295	3.186307667903331	-8.993907459245843	38.556314797917835	-10.183321032766457	-11.030460932320219	0.8471398995537616	14.432985577146965	-3.25561875546203	437.98844601442704	407.9335480041276	0.15060584964884485	0.0	0.0	0.0	0.0
2025-09-05 00:00:00+00:00	417.6300048828125	418.11199951171875	407.05999755859375	414.07000732421875	2169300	CRWD	0.39034473706426753	2.7150793542502623	1.7331857417644898	2.14145233347664	0.6299841436711177	1.2534581619651348	0.8597574071106907	2.7150793542502623	-21.49887819352971	42.044497576173356	-9.716016500279409	-10.767572045912058	1.0515555456326489	14.191486746859681	-0.2317250851791085	437.762647025037	407.4223474817989	0.3364389130854368	0.0	0.0	0.0	0.0
2025-09-08 00:00:00+00:00	428.05999755859375	428.8450012207031	416.4200134277344	419.0	2545800	CRWD	0.32804039488779607	2.983763362066407	0.290593350455707	2.1357611153636245	0.8915239042429506	2.497424168243831	2.1622905867765514	2.983763362066407	17.355829069285022	48.40780622536848	-8.407148673051665	-10.295487371339979	1.8883386982883135	14.065308250153185	2.120854032033955	438.1093355532274	407.43265968603043	0.6724111165714804	0.0	0.0	0.0	0.0
2025-09-09 00:00:00+00:00	423.510009765625	431.0069885253906	420.6300048828125	428.1700134277344	2126800	CRWD	0.025701039519714943	2.467009847637748	0.30606579390115185	2.0885614412787152	0.8411776803936148	-1.0629322569077335	-1.0883535782441898	2.467009847637748	-16.458480634770993	46.033310283584285	-7.648836453744821	-9.766157187820948	2.1173207340761273	13.801856492469252	2.28228089232261	437.8765861419511	407.373410806291	0.5290137430534747	0.0	0.0	0.0	0.0
2025-09-10 00:00:00+00:00	424.8699951171875	433.8070068359375	422.1700134277344	427.56500244140625	2278800	CRWD	0.9574726883138669	2.7564708619919793	0.27414922401365593	2.0415686523762013	0.9587600238974765	0.3211223631562169	-0.6303152289897898	2.7564708619919793	7.146887342486365	46.87216515296283	-6.859062106257284	-9.184738171508215	2.3256760652509314	13.64722341502167	1.027228022735179	436.13937407147273	408.01762360919133	0.5992646699073585	0.0	0.0	0.0	0.0
2025-09-11 00:00:00+00:00	433.3800048828125	438.260009765625	427.1000061035156	428.25	2411900	CRWD	0.7955386169080327	2.6129720212189693	0.19075318955414455	1.9760792096108786	1.0456878761077293	2.002967934527307	1.1978995639959136	2.6129720212189693	5.840793400035106	51.909500350196375	-5.483265902776907	-8.444443717761954	2.9611778149850476	13.628851360265658	3.4739676663615366	436.39179105508805	407.89120760213854	0.8943254555736521	0.0	0.0	0.0	0.0
2025-09-12 00:00:00+00:00	436.1000061035156	443.0	435.0	435.3900146484375	2764700	CRWD	0.4637984546999379	1.839080459770115	0.4316812717671688	1.2965025696088013	1.1398004617414248	0.6276249919371852	0.1630702200764569	1.839080459770115	14.627472117417803	53.429397884857345	-4.1258953792786315	-7.58073405006529	3.4548386707866587	13.342504485760076	4.430076563603827	438.1727402521975	407.2342604802244	0.9330046542700666	0.0	0.0	0.0	0.0
2025-09-15 00:00:00+00:00	444.7699890136719	448.8699951171875	436.75	441.57501220703125	2879400	CRWD	1.2554473806212332	2.7750418127504295	0.38457847123260147	0.35768120829607514	1.155309109584644	1.988072182713587	0.7235411240033367	2.7750418127504295	4.148732231345173	57.987342093194464	-2.3237871258213545	-6.529344665216503	4.205557539395149	13.30161052346806	5.243606263509089	441.6698224889459	405.4241777551947	1.0855321114439762	0.0	0.0	0.0	0.0
2025-09-16 00:00:00+00:00	444.9800109863281	448.32000732421875	434.79998779296875	444.79998779296875	2908000	CRWD	0.0067447849535443504	3.1094802002817894	0.47226268477555716	0.38413028743320676	1.0979551152324283	0.04722035610406126	0.04047284134440364	3.1094802002817894	0.9932624852399806	58.0943364934115	-0.8686431559113998	-5.397204363355483	4.528561207444083	13.317211166881055	0.6742106303909785	444.8573426528218	404.1006590561626	1.0030097722062057	0.0	0.0	0.0	0.0
2025-09-17 00:00:00+00:00	445.5	454.0	434.3399963378906	445.0	3872800	CRWD	0.004492114966595467	4.52640876453272	0.9856832572467491	0.6866846147666373	1.3051331823573817	0.11685671284858042	0.11235955056179776	4.52640876453272	33.17744154057772	58.37697326692089	0.32280657836702176	-4.2532021750109825	4.576008753378004	13.770267773683077	5.145146840901361	447.948753268656	403.6992478299768	0.9446603245758427	0.0	0.0	0.0	0.0
2025-09-18 00:00:00+00:00	502.6300048828125	504.2200012207031	462.1199951171875	468.92498779296875	10120500	CRWD	5.258134184729236	9.110189247024385	2.8715950528320233	2.0883990037881035	2.2444711559786032	12.823794586489898	7.187720417391059	9.110189247024385	161.32255732286717	76.85055970644365	5.809979191848015	-2.240565901639183	8.050545093487198	16.980963019898795	21.555019318697095	469.88216443873915	390.1118358054014	1.4105265830682228	0.0	0.0	0.0	0.0
2025-09-19 00:00:00+00:00	502.54998779296875	507.1960144042969	495.80999755859375	499.0	7092800	CRWD	-0.7222021860113248	2.2964476113367502	2.7805605873936408	2.1097355422911335	1.3196643533592574	-0.015919680294933024	0.711420399392535	2.2964476113367502	-29.916506101477196	76.7991462116624	10.036452335506908	0.21483774579003523	9.821614589716873	16.58132400745625	21.62390439165071	484.5664010964894	384.27659817108866	1.1793162033617335	0.0	0.0	0.0	0.0
2025-09-22 00:00:00+00:00	493.1400146484375	500.29998779296875	486.3299865722656	496.0	3875400	CRWD	-1.303350502849299	2.8725354402195125	2.766945110922901	2.112744224047246	0.695276197994223	-1.872445204079439	-0.5766099499117944	2.8725354402195125	-45.36149334536431	70.80045566680303	12.482763039544807	2.66842280454099	9.814340235003817	16.555515236973882	19.560690700869202	493.844432988496	382.25756896462894	0.9936872646595047	0.0	0.0	0.0	0.0
2025-09-23 00:00:00+00:00	484.1000061035156	495.05999755859375	481.1000061035156	493.1400146484375	2734500	CRWD	0.0	2.9016818287203328	2.7923001670333716	2.0949771528965737	0.49366334488734837	-1.8331525076841617	-1.8331525076841617	2.9016818287203328	-29.43954172472519	65.50684620386306	13.53599424237791	4.841937092108374	8.694057150269536	16.370120681124185	15.916002309114424	499.7996966340401	382.82930727220986	0.8657806422960612	0.0	0.0	0.0	0.0
2025-09-24 00:00:00+00:00	476.3299865722656	486.9599914550781	474.4800109863281	482.3900146484375	2218200	CRWD	-0.35323103357128977	2.630243673027904	2.888022662970288	2.1001949458096254	0.4258987612033147	-1.6050442952459967	-1.256250729109387	2.630243673027904	-18.880965441579814	61.26672323935711	13.587088421678686	6.5909673580224375	6.996121063656249	16.092253523097458	11.276454069283728	503.5701990556699	384.93180289745516	0.7703929472623935	0.0	0.0	0.0	0.0
2025-09-25 00:00:00+00:00	473.0899963378906	481.54998779296875	469.0	476.8999938964844	2714800	CRWD	0.11966647918192155	2.6759035805903517	0.2427499233127655	2.097442666314922	0.728386913290083	-0.6801986701887915	-0.7989091229514139	2.6759035805903517	22.387521413758904	59.53619337773366	13.213820099907991	7.915537906399549	5.2982821935084425	15.839234542373978	11.706922015775666	506.49062565299005	387.05937739876777	0.7203359271268556	0.0	0.0	0.0	0.0
2025-09-26 00:00:00+00:00	481.4200134277344	483.70001220703125	470.2900085449219	472.1000061035156	2359700	CRWD	-0.20926044558928458	2.8514328219729674	0.12402895929034635	2.033227832249416	0.8486542085653044	1.7607679626128216	1.9741595432589736	2.8514328219729674	-13.080153234124062	62.471180640942386	13.435291352412548	9.019488595602148	4.4158027568104	15.665718050926506	13.30995809552267	510.2757643642487	387.21624003028256	0.7655138755598966	0.0	0.0	0.0	0.0
2025-09-29 00:00:00+00:00	488.45001220703125	490.5	482.6499938964844	486.4200134277344	2197900	CRWD	1.0385941299780523	1.6264386621331322	0.5217689322996495	2.114264309917926	0.8989292521124571	1.4602630931861214	0.41733455105840633	1.6264386621331322	-6.8568038309954655	64.79216816593538	14.016497605544714	10.018890397590662	3.9976072079540526	15.195308659593584	12.70709462913728	514.7035736782392	389.2634307162921	0.7907084538386401	0.0	0.0	0.0	0.0
2025-09-30 00:00:00+00:00	490.3800048828125	490.8810119628906	479.2539978027344	486.4200134277344	2288200	CRWD	-0.415600108212599	2.42606513737253	0.4804102453684524	2.13777084922779	0.9713213570142969	0.3951259345988543	0.814109482702534	2.42606513737253	4.108467173210792	65.42438050678435	14.466085993325521	10.908329516737634	3.557756476587887	14.940430481062347	12.446686085671049	518.06386087033	393.59114401248246	0.7775909718502128	0.0	0.0	0.0	0.0
2025-10-01 00:00:00+00:00	499.9599914550781	500.8370056152344	485.3599853515625	487.75	2512400	CRWD	-0.5363197635762086	3.1887713719253865	0.5880047704311389	2.1004062906529475	1.0405036030812558	1.9535842564696295	2.503329872901717	3.1887713719253865	9.798094572152785	68.45256076115244	15.417687379906226	11.810201089371352	3.607486290534874	14.978758322677312	12.408661511491898	522.0056671787665	398.32533562885067	0.8217527763111546	0.0	0.0	0.0	0.0
2025-10-02 00:00:00+00:00	496.79998779296875	502.2699890136719	492.3450012207031	501.2250061035156	2588800	CRWD	0.2530231758656958	2.0158603760292233	0.6265449379909398	0.4674741303562892	1.0834519126140454	-0.6320513073281193	-0.8828406916379979	2.0158603760292233	3.040917051424932	66.38716516786678	15.735463816518745	12.595253634800832	3.1402101817179133	14.617774713412414	11.64546171226392	524.101239787064	404.6637626543423	0.7714180452442292	0.0	0.0	0.0	0.0
2025-10-03 00:00:00+00:00	489.8800048828125	501.8699951171875	486.29998779296875	499.8399963378906	1983500	CRWD	0.6119179991181354	3.201728915289903	0.7016868955023682	0.499771487301144	0.8571144605385972	-1.392911248025234	-1.992635949113843	3.201728915289903	-23.38148949320148	61.97708189318331	15.253091005458941	13.126821108932456	2.1262698965264857	14.685791328470009	9.961841724537036	524.625315247665	411.36468719374125	0.6932269318839542	0.0	0.0	0.0	0.0
2025-10-06 00:00:00+00:00	495.95001220703125	503.5	494.3800048828125	495.510009765625	1949400	CRWD	1.1492620288021944	1.844733813486105	0.6383149070331285	0.5496223200022649	0.8608674915873983	1.2390804408664928	0.08879789161360636	1.844733813486105	-1.7191832619107636	64.222229100236	15.18555629894854	13.538568146935674	1.6469881520128666	14.609663027664114	-1.3290079404110944	526.1456664485795	416.6333374576705	0.7242716457609545	0.0	0.0	0.0	0.0
2025-10-07 00:00:00+00:00	484.6199951171875	497.8559875488281	476.5199890136719	497.0	2857500	CRWD	0.21171242405987464	4.477461392400078	1.0662616623149324	0.8236168111165149	1.2014783544687007	-2.284507875990152	-2.4909466565015093	4.477461392400078	46.583564173591874	57.40826512309844	14.055770692105853	13.642008655969711	0.4137620361361414	15.090115563913553	-3.5678028278388334	524.8177446699424	424.0722577714639	0.6009970194172343	0.0	0.0	0.0	0.0
2025-10-08 00:00:00+00:00	509.95001220703125	510.0	490.3299865722656	491.7699890136719	3617500	CRWD	1.4753815295539783	4.011586883608918	1.17145885818089	0.9217517790771047	1.391699431394123	5.226779197114766	3.6968549524184056	4.011586883608918	26.596675415573053	66.07449778714329	15.031059449557347	13.91981881468724	1.1112406348701072	15.82510765812062	3.4087677047618414	525.8753955842155	431.5226085661751	0.8312144889356652	0.0	0.0	0.0	0.0
2025-10-09 00:00:00+00:00	509.1300048828125	511.4599914550781	501.8999938964844	509.95001220703125	2203800	CRWD	0.0	1.9047614414925609	1.198156317090967	0.9673890222652821	0.87371250505483	-0.16080151085197752	-0.16080151085197752	1.9047614414925609	-39.07947477539737	65.60908753703433	15.558466758454188	14.24754840344063	1.3109183550135572	15.3775997938687	5.170419017500421	526.5623272471502	438.41067690324047	0.8022462166467874	0.0	0.0	0.0	0.0
2025-10-10 00:00:00+00:00	493.6600036621094	517.4099731445312	493.2869873046875	509.0	3133900	CRWD	-0.025534712463553096	4.890253840193793	1.4497492526057503	1.18121297900495	1.1385980337303174	-3.038516895947605	-3.013751736324288	4.890253840193793	42.20437426263726	57.39542841974735	14.560298977067077	14.31009851816592	0.2502004589011566	16.00227022572406	3.6382376878165648	524.1481951402842	446.5808087659658	0.6069457422344052	0.2581	-0.5456618566057614	-2.1141408076906383	-0.30453329962403297
2025-10-13 00:00:00+00:00	508.6099853515625	511.07000732421875	497.5	500.6131896972656	2337238	CRWD	1.408496937887524	2.7276396631595476	1.2488911246094945	1.0910970725686029	0.8258827706524227	3.0283963818316124	1.5974001122768569	2.7276396631595476	-25.420785602603786	62.306478734217556	14.804920491354778	14.409062912803693	0.3958575785510856	16.102822614037297	7.508082878231644	523.7972028050244	453.31580073501453	0.7845216325524241	0.496275	0.00013299124535337548	0.0002679783937836516	0.14897559387174736
