timestamp	close	high	low	open	volume	symbol	gap_apertura_pct	volatilidad_diaria	vol_5d	vol_10d	vol_rel_5d	return_pct	close_open_pct	range_pct	volume_change_pct	rsi_14	macd	macd_signal	macd_diff	atr_14	momentum_12	bb_upper	bb_lower	bb_pctb	vader	finbert	sentiment_ratio	sentiment_combined	download_date	added_date
2025-06-05	167.8564910888672	170.57076063975376	167.23778374687686	169.98200425737	36379100	GOOGL	0.0	1.9929568654901184	0.0	0.0	0.0	0.0	-1.2504342314287362	1.9929568654901184	0.0	0.0	0.0	0.0	0.0	0.0	0.0	0.0	0.0	0.0	0.0	0.0	0.0	0.0	0	0
2025-06-06	173.31497192382812	174.1332558504034	170.47097086402252	170.47097086402252	35731800	GOOGL	1.5575684670848766	2.148333506765872	0.0	0.0	0.0	3.2518735495734203	1.6683198584433154	2.148333506765872	-1.7793183448738426	0.0	0.0	0.0	0.0	0.0	0.0	0.0	0.0	0.0	0.0	0.0	0.0	0.0	0	0
2025-06-09	175.93264770507812	176.31231302715454	174.21418342483807	174.38402968862113	28935900	GOOGL	0.616829436560652	1.2043391422384853	0.0	0.0	0.0	1.5103575601076562	0.8880503674689707	1.2043391422384853	-19.019192987758803	0.0	0.0	0.0	0.0	0.0	0.0	0.0	0.0	0.0	0.0	0.0	0.0	0.0	0	0
2025-06-10	178.44041442871094	180.94816607880887	174.7537092641778	176.04254985052344	61766100	GOOGL	0.06246830641095714	3.544678302230958	0.0	0.0	0.0	1.4254129386131147	1.3620937553014913	3.544678302230958	113.45836832446892	0.0	0.0	0.0	0.0	0.0	0.0	0.0	0.0	0.0	0.0	0.0	0.0	0.0	0	0
2025-06-11	177.1915283203125	180.20881870896204	176.59205837486806	179.60936400867158	31646800	GOOGL	0.6550923924398574	2.048087760785004	0.8466632851507698	0.0	0.8137110157014539	-0.6998897152289356	-1.3461634930361108	2.048087760785004	-48.76348029096867	0.0	0.0	0.0	0.0	0.0	0.0	0.0	0.0	0.0	0.0	0.0	0.0	0.0	0	0
2025-06-12	175.54299926757812	176.56209210971562	174.59385119423692	176.02256609234394	20941900	GOOGL	-0.6597167703499958	1.1273254481848964	0.9751826070930636	0.0	0.5848957533270958	-0.9303656153099473	-0.2724462183526081	1.1273254481848964	-33.82616883855556	0.0	0.0	0.0	0.0	0.0	0.0	0.0	0.0	0.0	0.0	0.0	0.0	0.0	0	0
2025-06-13	174.513916015625	176.9717245091389	172.2359546046385	172.28591297451578	27663100	GOOGL	-1.855435025407994	2.749582638172852	1.031260868073169	0.0	0.8090811669585584	-0.5862285914259135	1.2932009371182778	2.749582638172852	32.09450909420826	0.0	0.0	0.0	0.0	0.0	0.0	0.0	0.0	0.0	0.0	0.0	0.0	0.0	0	0
2025-06-16	176.61204528808594	176.78189154925582	174.49392932110277	174.57385966373928	27389200	GOOGL	0.03434892155472433	1.3111987546241526	1.0080021270002364	0.0	0.8083840641862118	1.2022704666561277	1.1675205143957783	1.3111987546241526	-0.9901276429612009	0.0	0.0	0.0	0.0	0.0	0.0	0.0	0.0	0.0	0.0	0.0	0.0	0.0	0	0
2025-06-17	175.7927703857422	177.20151408744945	174.4239994778565	175.5429937823964	24973000	GOOGL	-0.6053106422870131	1.5923924562603282	0.6503646759306906	0.0	0.9415672553425731	-0.4638839332885623	0.14228799336498577	1.5923924562603282	-8.82172535159844	0.0	0.0	0.0	0.0	0.0	0.0	0.0	0.0	0.0	0.0	0.0	0.0	0.0	0	0
2025-06-18	173.16513061523438	176.4022256326498	173.04522747911062	175.8527140571151	28707500	GOOGL	0.03409905381283417	1.9399541972022376	0.6403482873871109	0.7453161371533783	1.1069044308565974	-1.4947371070732778	-1.5283150199250382	1.9399541972022376	14.954150482521122	0.0	0.0	0.0	0.0	0.0	0.0	0.0	0.0	0.0	0.0	0.0	0.0	0.0	0	0
2025-06-20	166.4910888671875	174.18420505107113	165.312150640077	173.7945541672621	75659900	GOOGL	0.36348169506843947	5.366849548954611	1.6423651472564262	1.3092397165415175	2.051596944998365	-3.8541487679042694	-4.20235566935294	5.366849548954611	163.55447182791954	0.0	0.0	0.0	0.0	0.0	0.0	0.0	0.0	0.0	0.0	0.0	0.0	0.0	0	0
2025-06-23	165.04238891601562	167.19046158134836	161.85523705575486	166.1214256591391	57671000	GOOGL	-0.2220318279876707	3.2962940357349444	1.6733855755432336	1.344010508086289	1.3449356018593233	-0.8701366307523674	-0.6495470038509861	3.2962940357349444	-23.77600287602812	0.0	0.0	0.0	0.0	0.0	0.0	0.0	0.0	0.0	0.0	0.0	0.0	0.0	0	0
2025-06-24	166.62098693847656	168.06968824197463	165.98155942026995	166.77084680791774	40524300	GOOGL	1.047281188338629	1.2580486826355723	1.6845555097995952	1.3387181504983299	0.8905042153824653	0.9564803520047396	-0.08985975205473246	1.2580486826355723	-29.73192765861525	0.0	0.0	0.0	0.0	0.0	-0.7360478837464319	0.0	0.0	0.0	0.0	0.0	0.0	0.0	0	0
2025-06-25	170.52748107910156	172.2059878377665	167.40028826627824	167.48021861146748	35479000	GOOGL	0.5156803406213049	2.8707833309366686	1.5692500645011453	1.2921569157423012	0.7452265716469005	2.3445390718201913	1.819476050902071	2.8707833309366686	-12.450060827700911	50.08289591233547	0.0	0.0	0.0	4.356700077868737	-1.6083381682406896	0.0	0.0	0.0	0.0	0.0	0.0	0.0	0	0
2025-06-26	173.38491821289062	173.53479332021178	169.78814431449064	172.275909497391	31796700	GOOGL	1.0253059549260666	2.206661142830677	1.5305427512185008	1.2889266274142643	0.6593244582092134	1.6756461279479056	0.6437398698025203	2.206661142830677	-10.378815637419319	56.067252097388646	0.0	0.0	0.0	4.313125001286766	-1.448127749693363	0.0	0.0	0.0	0.0	0.0	0.0	0.0	0	0
2025-06-27	178.37046813964844	178.52032800475203	171.57654142712704	173.3849216100962	108140200	GOOGL	1.959343182581608e-06	4.047048926309192	1.0624834929587776	1.306250510114626	1.9761654493675698	2.8754230634041114	2.8754210477215625	4.047048926309192	240.098815285863	64.14421907125453	0.0	0.0	0.0	4.501029399596638	-0.03919868113198335	0.0	0.0	0.0	0.0	0.0	0.0	0.0	0	0
2025-06-30	176.07252502441406	181.0680572633364	174.4240054836315	180.6184624108643	63378900	GOOGL	1.260295100787587	3.809138404592141	1.1511752914821904	1.3559997000728377	1.1345249930992904	-1.2882979672595167	-2.516873040425577	3.809138404592141	-41.391915309940245	58.78006902154969	0.0	0.0	0.0	4.6541024267472295	-0.6315218941368315	0.0	0.0	0.0	0.0	0.0	0.0	0.0	0	0
2025-07-01	175.682861328125	175.9326379218849	173.37492804100808	175.5829598377131	35904500	GOOGL	-0.2780474617678567	1.4752478399136486	1.0784345595004676	1.3372551094079335	0.6535236893577814	-0.22130863190326375	0.056897030614036545	1.4752478399136486	-43.34944279563072	57.895917513540994	0.0	0.0	0.0	4.514352037937141	0.0796739608702281	0.0	0.0	0.0	0.0	0.0	0.0	0.0	0	0
2025-07-02	178.48036193847656	178.70016656024188	174.91356011283625	175.38312608280393	29128900	GOOGL	-0.17061154574506537	2.164844420845875	1.1254204100688174	1.291955851761428	0.542742441564946	1.592358292210779	1.7659828085230578	2.164844420845875	-18.871172137197288	62.28230208806306	0.0	0.0	0.0	4.4623702100420335	2.2728536574105807	0.0	0.0	0.0	0.0	0.0	0.0	0.0	0	0
2025-07-03	179.36956787109375	179.50944215502514	176.89178830781478	178.34048951535135	21689700	GOOGL	-0.07836852279211914	1.4798051804729928	1.2515106993500351	1.3351833924094596	0.4199487922578107	0.4982093956777738	0.5770301284576307	1.4798051804729928	-25.53889779565998	63.58105548874705	0.0	0.0	0.0	4.330604755554057	1.561344572228807	182.4495835295061	165.3909728059431	0.8194451055643156	0.0	0.0	0.0	0.0	0	0
2025-07-07	176.63201904296875	179.13978593904164	175.52301029591823	178.89999490759814	34175600	GOOGL	-0.26179076477068436	2.060570655110013	0.9557624611735727	0.9940158624692501	0.9272857905681429	-1.5262058445122502	-1.2677338899874209	2.060570655110013	57.56603364730724	57.06620143674982	0.0	0.0	0.0	4.29602995695559	0.4774079476562083	182.48898420922936	166.22912492163002	0.6397899229836848	0.0	0.0	0.0	0.0	0	0
2025-07-08	174.20419311523438	177.7909814447806	172.6555751408571	177.691079951528	40442500	GOOGL	0.5995860287944801	2.974364598266751	0.6167255679826376	0.969067932593484	1.2533221520603541	-1.3745106583103512	-1.9623308256355931	2.974364598266751	18.337351794847788	51.97935957752567	0.0	0.0	0.0	4.355985410310441	0.6000414149825308	182.51983397577413	166.2871972742259	0.48772087902721156	0.0	0.0	0.0	0.0	0	0
2025-07-09	176.46217346191406	179.27966092294577	172.61562283881983	175.09340252603724	43025600	GOOGL	0.5104408768247385	3.8606227956252215	0.9249618524854455	0.9674419656971003	1.2770097523303434	1.29616876970697	0.7817375847004182	3.8606227956252215	6.387092786054274	55.915266228139856	0.0	0.0	0.0	4.520846315582976	5.988959927267128	182.56951186367883	166.29047196200474	0.6248342384653345	0.0	0.0	0.0	0.0	0	0
2025-07-10	177.46127319335938	178.27054693495992	174.22417822695712	175.47306122205768	29252400	GOOGL	-0.5605236637697104	2.3225069844965534	0.9129464701231167	0.9718931183783499	0.8675819671644943	0.5661835122193759	1.133058235523487	2.3225069844965534	-32.01163958201629	57.572330623218775	0.0	0.0	0.0	4.486955057898678	7.524663426717177	182.4348062250115	166.32726347713694	0.6912295618580061	0.0	0.0	0.0	0.0	0	0
2025-07-11	180.02899169921875	181.26787392679407	176.32230010231936	176.6320206592132	34282900	GOOGL	-0.4672864784660009	2.8048487466445273	0.6946217614190352	0.9605958096294516	0.9461057848867694	1.4469176624590223	1.923190952199734	2.8048487466445273	17.196879572274412	61.57031623128337	0.0	0.0	0.0	4.519713541225537	8.047008367375104	182.86454035206103	166.18127568797806	0.8300363442086448	0.0	0.0	0.0	0.0	0	0
2025-07-14	181.3977508544922	183.5058659137902	179.5194259926096	180.84823929966976	32536600	GOOGL	0.455064260882911	2.220617573356492	0.654281264212775	0.842352164582671	0.9061100590397683	0.7602992953269856	0.30385231117007283	2.220617573356492	-5.093793115518232	63.54248218240317	2.234741459476936	0.0	0.0	4.481622568365183	6.374497357612582	183.6748004332411	165.95649076548938	0.8714860716712008	0.0	0.0	0.0	0.0	0	0
2025-07-15	181.83737182617188	184.05538933948807	181.4377353487915	182.6466456022175	33448300	GOOGL	0.6884841415300128	1.442728540270001	0.8898073627725636	0.7682358925723042	0.9692585968479094	0.2423519418563952	-0.4430816527603337	1.442728540270001	2.802075201465427	64.17833767856845	2.4514625486182524	0.0	0.0	4.351337990981662	4.87496473188222	184.55150429780858	165.8121324819766	0.8551641699459923	0.0	0.0	0.0	0.0	0	0
2025-07-16	182.80650329589844	184.1652886399438	181.86734081977315	183.07626629854497	33104200	GOOGL	0.6813200498505972	1.2635296748787253	0.6428094938952063	0.7953365205446643	1.0178115953079612	0.5329660564237628	-0.14735006787096117	1.2635296748787253	-1.0287518349213562	65.60258722141226	2.67063101150066	0.0	0.0	4.206807906895253	2.486978479406677	185.42257120162702	165.5605113789394	0.8682881871727949	0.0	0.0	0.0	0.0	0	0
2025-07-17	183.4159545898437	183.8955213928044	180.31871865434172	181.9772389358081	31992600	GOOGL	-0.4536295728757888	1.983600352284642	0.6191636703580793	0.7997845053159317	0.967335209591412	0.3333860026624828	0.7906019799229437	1.983600352284642	-3.3578820814277344	66.50450660991035	2.8605268504668686	0.0	0.0	4.161807537721497	4.170684531508478	186.3886570980009	165.3567439029757	0.8586575324559466	0.0	0.0	0.0	0.0	0	0
2025-07-18	184.8946228027344	186.25340807875185	183.54583834733725	185.2343153104504	34014500	GOOGL	0.9913863407755006	1.4751463480696638	0.40500292837895674	0.8002785878824241	1.0301418203447446	0.806182982389575	-0.1833853015553163	1.4751463480696638	6.319898976638348	68.65216829047479	3.0946634837283398	0.0	0.0	4.067210819949116	5.243403599514744	187.59570790781476	165.3226423119118	0.8787286333149754	0.0	0.0	0.0	0.0	0	0
2025-07-21	189.9301300048828	190.11994741222205	185.98364758555132	186.08356432217508	45803100	GOOGL	0.643037369836962	2.2240126378680953	0.4061431697255879	0.7978528620149521	1.2839876274579831	2.723447078026078	2.067117371015098	2.2240126378680953	34.6575725058431	74.62013024630146	3.64452992780852	0.0	0.0	4.149933233487582	6.415141667156113	189.2478931863315	166.0143611471646	1.0293643178058847	0.0	0.0	0.0	0.0	0	0
2025-07-22	191.1690216064453	191.47874216205827	187.2924990055048	191.328882294876	44660200	GOOGL	0.7364562378582185	2.235136579831974	0.44429351370821013	0.7572343991002152	1.1779056898972753	0.6522880816912251	-0.08355282616678124	2.235136579831974	-2.495245954968113	75.83886886396039	4.132632825969665	0.0	0.0	4.15252679942086	6.578291889419832	190.47361476499196	167.40130283754712	1.0301403189953475	0.0	0.0	0.0	0.0	0	0
2025-07-23	190.0600128173828	192.35796066638144	189.01094801184496	191.3288822581821	58681900	GOOGL	0.08362267609753185	1.7708035908728068	0.3218542264356117	0.4808023524567078	1.3637293210437444	-0.5801195087693588	-0.6631876096401623	1.7708035908728068	31.396411122207248	72.4834525056936	4.379486158153952	0.0	0.0	4.094990074786262	7.602242134336626	191.15441624354656	169.06440394688315	0.9504570929401857	0.0	0.0	0.0	0.0	0	0
2025-07-24	191.998275756836	197.7731095502254	190.8293230940032	196.85393348830104	74881700	GOOGL	3.5746186534492628	3.6387418577184105	0.8303261956700762	0.711526328488811	1.4509629075024395	1.0198162731450207	-2.4666297723502764	3.6387418577184105	27.606127272634325	74.59875266069523	4.677600357648998	3.5971642160343262	1.0804361416146722	4.353426264647427	10.214497322593726	192.46517315545879	169.90072650274436	0.9793082717334606	0.0	0.0	0.0	0.0	0	0
2025-07-25	193.0073699951172	194.1563515198352	191.08908750710864	191.80844534575607	39785900	GOOGL	-0.0988708936742447	1.605148704586519	0.8007717265876249	0.6810744568534498	0.7540555272526579	0.5255746356593335	0.6250635352368987	1.605148704586519	-46.86832697441431	75.64832092106087	4.938357172755559	3.865402807378573	1.0729543653769862	4.261557532367365	9.376058454121946	193.96405886233015	170.36408597409564	0.9594622895651754	0.0	0.0	0.0	0.0	0	0
2025-07-28	192.4079132080078	193.8766008422349	190.6694625759226	193.47694913334269	38139500	GOOGL	0.24329596234453524	1.6820408590784355	0.8480306169778558	0.6817496667324532	0.7444782181634766	-0.3105875113082679	-0.5525391681662825	1.6820408590784355	-4.138149444903847	73.70011591467	5.038556333508325	4.100033512604523	0.9385228209038017	4.186241870506288	8.422479871629672	195.33102187081994	170.4008674724418	0.8827480722300584	0.0	0.0	0.0	0.0	0	0
2025-07-29	195.5750732421875	195.7449194968108	191.9083546690576	192.2580327538162	41389200	GOOGL	-0.07789724013564082	1.9991650881324614	0.8511986751214602	0.6597227487344907	0.8183623578465838	1.6460653729744177	1.7253065793192266	1.9991650881324614	8.520562671246346	77.06135856137558	5.312291446984148	4.342485099480449	0.9698063475036989	4.161264938881069	8.635321120357203	197.0565529824273	170.62559118261177	0.9439490794372026	0.0	0.0	0.0	0.0	0	0
2025-07-30	196.35438537597656	197.42343657324804	194.51603320447785	195.42522371418744	32445400	GOOGL	-0.0766199523875403	1.494685718638879	0.8891822413366817	0.6351193238515865	0.7157861946852675	0.3984721165483153	0.47545636337509717	1.494685718638879	-21.609018777845428	77.81276569455702	5.5283846953146565	4.57966501864729	0.9487196766673662	4.0717033981588635	8.245214977048864	198.5998491112984	171.1494474585258	0.9181992393508371	0.0	0.0	0.0	0.0	0	0
2025-07-31	191.728515625	195.8148724632573	190.9192418651852	195.5351238856708	51329200	GOOGL	-0.4172361563186139	2.564241587303746	0.4315629173948814	0.6584642403034363	1.2637107241547063	-2.355877991784606	-1.9467644405904891	2.564241587303746	58.201778988701015	64.34003678990507	5.265671736574717	4.716866362232776	0.5488053743419412	4.169091977632613	5.439554971286982	199.24266510895475	171.8314468295218	0.7258732024474543	0.0	0.0	0.0	0.0	0	0
2025-08-01	188.96099853515625	190.65947636814528	187.65217158882444	188.86108179697592	34832200	GOOGL	-1.4955698262602017	1.6025952451593863	0.43195462086540143	0.6468252099776021	0.8789994725831565	-1.4434561707329496	0.05290488502429302	1.6025952451593863	-32.139600850977615	57.88294536096807	4.779064246217473	4.729305939029715	0.049758307187757644	4.1624671246713945	3.3666719335995845	199.4947898816248	172.538465123258	0.6092274655060672	0.0	0.0	0.0	0.0	0	0
2025-08-04	194.8657073974609	195.0955128481526	189.95010569222904	190.11995195242244	31547400	GOOGL	0.6133294310733473	2.7088203700504976	0.5492634639341326	0.6761829470150302	0.823505273478491	3.1248294135184125	2.496190113821455	2.7088203700504976	-9.430354671826644	65.77502754804603	4.814387697247156	4.746322290673204	0.0680654065739521	4.303327638123177	6.242506456551858	200.20924769366152	173.6473761466705	0.7988266645011338	0.0	0.0	0.0	0.0	0	0
2025-08-05	194.4960479736328	197.6831999421724	193.71674617353807	194.5360207683401	31602300	GOOGL	-0.16918658163303715	2.0475533721184016	0.5480423817491054	0.6755481032764956	0.8693581797624844	-0.18969957760403422	-0.020547760023783466	2.0475533721184016	0.17402384982597613	64.95442973005527	4.757709447608931	4.74859972206035	0.009109725548581693	4.279265218873973	5.192917471235629	200.2449023547763	175.64090697139557	0.766344681359083	0.0	0.0	0.0	0.0	0	0
2025-08-06	195.91476440429688	196.45429038129967	193.4969288186876	194.32618893507828	21562900	GOOGL	-0.08733289972943906	1.5283764867313292	0.5391264489155259	0.6932460441572194	0.6309590692557089	0.7294320092593312	0.8174788369617634	1.5283764867313292	-31.76794094100746	66.67291249387776	4.77225846076459	4.753331469801198	0.018926990963391788	4.18484352914098	3.1509663049565684	200.48721455605948	177.34385386435065	0.8024292922418695	0.0	0.0	0.0	0.0	0	0
2025-08-07	196.34439086914065	197.3634684043973	194.15634544876863	196.88390160867925	26321800	GOOGL	0.49467287844750213	1.6518249497413047	0.49086658156744795	0.43621420375360304	0.9022558968262783	0.2192925408914999	-0.27402481113509985	1.6518249497413047	22.06985145782803	67.19747760317748	4.763544745067691	4.755374124854497	0.00817062021319348	4.1150063453186725	2.707221713646544	200.58981720686916	179.12956298111914	0.8021725980937149	0.0	0.0	0.0	0.0	0	0
2025-08-08	201.2400054931641	202.4289445261424	196.99380337261508	197.04376174071103	39161800	GOOGL	0.35619600258226686	2.759041685817254	0.5761314868311941	0.5007860301062789	1.3036881092863868	2.493381452025416	2.1295998997293175	2.759041685817254	48.78085845192958	72.50771315891883	5.0929657099557915	4.822892441874756	0.2700732680810356	4.255688296153179	5.882348690844012	201.74661350625618	180.09386806112664	0.9766030587494832	0.0	0.0	0.0	0.0	0	0
2025-08-11	200.8203887939453	201.29995560301907	198.8921207366326	200.7604448484553	25832400	GOOGL	-0.23830283821229253	1.2106235568652155	0.5950521956213628	0.5538239683668499	0.8939709803074726	-0.20851554748791357	0.029858444244459572	1.2106235568652155	-34.03673988427498	71.44018500060504	5.259545866440931	4.910223126787991	0.3493227396529397	4.123698765455557	4.594891804279764	202.6107467723389	181.17199858898923	0.9164896213583934	0.0	0.0	0.0	0.0	0	0
2025-08-12	203.1582946777344	204.31726177746063	200.4107520376952	201.19005382143945	30397900	GOOGL	0.18407743840862514	1.949251574601472	0.5880416380266922	0.5536235416413807	1.0608102637691517	1.164177550810308	0.9782992841394691	1.949251574601472	17.67354175376659	73.75835426574272	5.516619155084072	5.031502332447207	0.48511682263686495	4.108185263620547	5.259345631658531	203.70596677289726	182.20887087358713	0.9745234380621418	0.0	0.0	0.0	0.0	0	0
2025-08-13	201.779541015625	204.3472366094903	197.33350521250264	203.9476001361364	28342900	GOOGL	0.38851746597600456	3.554252679713347	0.9334933863511143	0.7221585445957553	0.944405718367978	-0.6786597929936804	-1.063047135177961	3.554252679713347	-6.760335417907158	70.14246504631478	5.54517634943582	5.134237135844931	0.4109392135908898	4.315724273146769	4.870708096857604	204.24479752686446	183.56734389159257	0.8807756237917908	0.0	0.0	0.0	0.0	0	0
2025-08-14	202.75865173339844	204.2573113073674	201.05017311120625	201.31993610316368	25230400	GOOGL	-0.22777577456464032	1.5951929543413945	0.9424867802242296	0.7265418970022838	0.8468543702094581	0.48523785555524634	0.7146414101271634	1.5951929543413945	-10.981586217359549	71.22141941389548	5.582463025067312	5.2238823136894075	0.3585807113779049	4.236539553362081	3.673054225225962	204.7125654947804	185.03384563803212	0.9007093055033296	0.0	0.0	0.0	0.0	0	0
2025-08-15	203.71778869628903	206.25552748751167	201.1001348088668	203.6678455724528	34931400	GOOGL	0.4484118587698178	2.5635948397273522	0.9179465562952798	0.722753759026261	1.206736449372992	0.47304366777489637	0.02452185012114569	2.5635948397273522	38.44964804362991	72.27824508583754	5.624570770535456	5.304020005058617	0.32055076547683914	4.302171919453708	3.750057991428678	205.2483871497728	186.38034057239517	0.9188788067059931	0.0	0.0	0.0	0.0	0	0
2025-08-18	203.3181610107422	205.0865836822799	202.30906899226144	204.01753247133053	18526600	GOOGL	0.1471367704115237	1.3729066639739678	0.8773117262315627	0.7327872938841435	0.6740416156100741	-0.19616729992226067	-0.34279968594690124	1.3729066639739678	-46.962904435550826	71.106580238956	5.561584365197234	5.355532877086341	0.20605148811089347	4.193267831636904	6.044820901033973	206.05167816114297	186.91585266161096	0.85715185631957	0.0	0.0	0.0	0.0	0	0
2025-08-19	201.389892578125	203.2582167438639	199.7813305987235	202.84857944432244	24240200	GOOGL	-0.2309589876700381	1.7403458745221707	0.8974023022753251	0.7380762310354992	0.9232849476085823	-0.9483995050079707	-0.7191013465281956	1.7403458745221707	30.83998143210303	65.58226070096788	5.295034179892156	5.343433137647504	-0.048398957755348526	4.146379444521316	6.5774917254453165	206.46396989247162	187.52564802745027	0.7320735516847282	0.0	0.0	0.0	0.0	0	0
2025-08-20	199.1418914794922	201.10013145192505	196.4243208994537	200.55061989251405	28955500	GOOGL	-0.4167402220969814	2.380464155894837	0.5154552726378655	0.7276475665174575	1.0977631117018656	-1.11624325821652	-0.702430345903132	2.380464155894837	19.45239725744837	59.753868887759424	4.846528571800491	5.244052224478102	-0.39752365267761114	4.204893175532029	2.194426171306423	206.4012163776784	188.49658940845444	0.5945559262047642	0.0	0.0	0.0	0.0	0	0
2025-08-21	199.57150268554688	202.29905887913927	199.25178132101763	199.57150268554688	19774600	GOOGL	0.2157312069615093	1.5293602586227921	0.5268757346458512	0.7365880956139517	0.7820480066567375	0.2157312069615093	0.0	1.5293602586227921	-31.706929598867227	60.47676944138298	4.47417517367262	5.090076814317006	-0.6159016406443856	4.130055620111675	2.6095413067735573	206.46061687491388	189.19451160409002	0.6010035800599349	0.0	0.0	0.0	0.0	0	0
2025-08-22	205.9058380126953	208.353645687597	201.12012497867053	202.54883983863883	42827000	GOOGL	1.4918648770126102	3.596617051472903	0.9081991706482907	0.8612793180323016	1.5941690198095797	3.173967847067363	1.657377142584894	3.596617051472903	116.57580937161813	69.24764472462202	4.636760655097987	4.999413582473203	-0.3626529273752155	4.462347575964422	5.099704271282226	207.4875162012896	189.4574590794721	0.9122754754514697	0.0	0.0	0.0	0.0	0	0
2025-08-25	208.3036956787109	210.3318804204715	205.0965574752735	206.2455237198617	29928900	GOOGL	0.16497138228078703	2.5526137589262876	0.8125075564630541	0.8012336395288604	1.026888095620417	1.1645408839101272	0.9979232139092532	2.5526137589262876	-30.11674877997525	71.79895207238215	4.902583958288943	4.980047657636351	-0.07746369934740738	4.517560102338249	6.090983682615551	208.79191316851788	189.74264035931415	0.9743708069753148	0.0	0.0	0.0	0.0	0	0
2025-08-26	206.95489501953125	207.66426725745976	205.5161793925774	207.32455950181813	28464100	GOOGL	-0.47005223488833653	1.045215939314958	0.9859706331073584	0.8892945463314085	0.9491190736118216	-0.6475164325745131	-0.1783023116871194	1.045215939314958	-4.894266077269796	68.36324507998489	4.94738354258331	4.9735148346257425	-0.026131292042432364	4.393985544037909	2.839837691497821	209.7618467639937	189.91068894157272	0.8586000993205481	0.0	0.0	0.0	0.0	0	0
2025-08-27	207.29458618164065	208.72331622375268	205.46621968804243	205.5161780557665	23022900	GOOGL	-0.6951838291280733	1.5852223984338973	1.0174260376338902	0.7635081326364973	0.7993091117398927	0.1641377760489044	0.8653372900850642	1.5852223984338973	-19.11600928889373	68.7685771302309	4.95320036323767	4.9694519403481285	-0.016251577110458548	4.312779186300219	3.223874541114591	210.6799199733001	190.08663581283272	0.8356098150600859	0.0	0.0	0.0	0.0	0	0
2025-08-28	211.4508819580078	212.0303655105851	206.71511204255788	207.0648053873533	32339300	GOOGL	-0.11084746520394922	2.5712940943248253	0.9873674142151536	0.7689272638343309	1.0326620778096105	2.005018969827427	2.118214422025776	2.5712940943248253	40.465797097672315	73.27954510724624	5.232867331799696	5.022135018638442	0.21073231316125351	4.384384492137863	4.081835444340464	211.93578209870537	190.80301032072822	0.9770545886837767	0.0	0.0	0.0	0.0	0	0
2025-08-29	212.71974182128903	214.45817715575657	210.01215683893824	210.3218773757616	39728400	GOOGL	-0.533932311746243	2.1170299775684223	0.6568483781877379	0.7513765190436787	1.2942229658413016	0.600073100443821	1.1400927356897834	2.1170299775684223	22.848670193850825	74.49088298315579	5.493565403592413	5.116421095629237	0.3771443079631762	4.388787051043611	5.421858306644115	212.60602157000562	192.50864517804126	1.0056584625309042	0.0	0.0	0.0	0.0	0	0
2025-09-02	211.16114807128903	211.4908397743193	206.01574085860813	208.25374472878948	47523000	GOOGL	-2.0994746675894054	2.65761193435643	0.6811879037833358	0.7325059433499022	1.3889302930773562	-0.7326982143995887	1.3960869449362765	2.65761193435643	19.619717884435318	70.27648601387932	5.510879030739517	5.195312682651293	0.3155663480882236	4.554159473303417	4.144087695423621	213.4365787684446	193.3076320469851	0.8869572894874956	0.0	0.0	0.0	0.0	0	0
2025-09-03	230.45388793945312	231.1033010071871	224.5891229524102	226.00786746880672	103336100	GOOGL	7.030990091276339	2.90048688429013	0.5206867121128733	0.7472853298453432	2.1007567807563903	9.136500745700989	1.967197213282868	2.90048688429013	117.44439534541169	83.05565756004886	7.000663781882196	5.556382902497473	1.4442808793847224	5.65330186348875	13.124086715384184	219.97849737674596	190.36149743526573	1.3536951947666989	0.0	0.0	0.0	0.0	0	0
2025-09-04	232.0924224853516	232.16235200669	225.90795135774627	229.4447813472723	51684200	GOOGL	-0.4378778770900733	2.768561536392899	0.29835534985144324	0.7622267003454365	0.941043876610915	0.7110032122039773	1.1539339106048294	2.768561536392899	-49.984371386185465	83.69675349166202	8.218803721260741	6.088867066250127	2.1299366550106145	5.696237491021249	14.152332153490772	225.2555038710045	188.7022567491127	1.187039980102136	0.0	0.0	0.0	0.0	0	0
2025-09-05	234.79000854492188	235.54932393536487	231.692772546906	231.9925075217388	46588900	GOOGL	-0.043049644853920176	1.6645108719039126	0.5175334354388396	0.747461035990764	0.8064253138018823	1.1622895873477046	1.2058583499387148	1.6645108719039126	-9.858525429434914	84.72164808035885	9.294717334115518	6.730037119823206	2.564680214292312	5.564831340838221	16.584802513780573	230.14563367986625	187.65668870782906	1.1093078415600146	0.0	0.0	0.0	0.0	0	0
2025-09-08	234.0399932861328	238.1300048828125	233.6699981689453	235.47000122070312	32474700	GOOGL	0.2896173819300954	1.9086775147927064	0.5552082094334171	0.6119453396986301	0.576596312093205	-0.31944087546023653	-0.6072994127307043	1.9086775147927064	-30.295199071023355	83.15641033491198	9.971916613182486	7.3784130184950625	2.593503594687424	5.485915296054576	17.524239399038983	234.10432534708013	186.97799581991205	0.9986349019413822	0.0	0.0	0.0	0.0	0	0
2025-09-09	239.6300048828125	240.47000122070312	233.22999572753903	234.1699981689453	38061000	GOOGL	0.0555481484113523	3.1042342862373147	0.6404303739756387	0.6715163567909763	0.699278215391874	2.3884856251236712	2.3316422925912086	3.1042342862373147	17.20200648504836	85.33159486760158	10.834772624571968	8.069684939710443	2.765087684861525	5.6112074529909695	20.07225563680976	238.75890080293976	186.20438197293913	1.0165752460352746	0.0	0.0	0.0	0.0	0	0
2025-09-10	239.1699981689453	241.66000366210932	237.8500061035156	238.8999938964844	35141100	GOOGL	-0.3046408928151955	1.6018488378493285	0.6837116487362912	0.5788629895650436	0.8615130480573906	-0.19196540687471378	0.11301979043913336	1.6018488378493285	-7.671632379601166	84.36606570575529	11.350630529545043	8.725874057677364	2.624756471867679	5.482549603391166	16.155034979726544	242.61232810199587	185.95212502300413	0.9392460713871515	0.0	0.0	0.0	0.0	0	0
2025-09-11	240.3699951171875	242.25	236.25	239.8800048828125	30599300	GOOGL	0.2968627835024909	2.5396825396825395	0.643403169576122	0.5264334035183104	0.836663658983403	0.5017338953168079	0.2042647258634052	2.5396825396825395	-12.924467361579461	84.8477186430682	11.721167043220817	9.324932654786055	2.3962343884347614	5.519510346006082	15.394013694282158	246.08738024361404	186.3361182915422	0.9043135669500569	0.0	0.0	0.0	0.0	0	0
2025-09-12	240.8000030517578	242.0800018310547	238.0	240.3699951171875	26771600	GOOGL	0.0	1.714286483636423	0.6340640178646784	0.5610645746764513	0.8209744755675793	0.17889418118125386	0.17889418118125386	1.714286483636423	-12.509109685515682	85.02574818485104	11.912201502639391	9.842386424356723	2.0698150782826676	5.416688309223839	16.35385721561814	249.14285420646695	187.08477946052523	0.8655638095628366	0.0	0.0	0.0	0.0	0	0
2025-09-15	251.6100006103516	252.41000366210932	244.66000366210932	244.66000366210932	58383800	GOOGL	1.6029902663754672	3.1676611967615407	0.7430926959888995	0.6188666945241619	1.5448980931091127	4.489201587040789	2.8406755678139572	3.1676611967615407	118.08110086808409	88.63941781467832	12.788456778907715	10.431600495266922	2.356856283640793	5.859067759304387	21.37798928809449	254.01684817638053	187.00000668201793	0.9640859295609835	0.0	0.0	0.0	0.0	0	0
2025-09-16	251.16000366210932	253.0399932861328	249.47000122070312	252.0800018310547	34109700	GOOGL	0.18679751184888319	1.4310306040650387	0.7377765316064236	0.681160195212198	0.9218563772428388	-0.1788470041535222	-0.3649627746202401	1.4310306040650387	-41.576773008951115	87.69072495877806	13.293346976364603	11.003949791486459	2.289397184878144	5.695562352599052	18.779359696398604	257.9537450209492	187.84729410258592	0.9030939197485408	0.0	0.0	0.0	0.0	0	0
2025-09-17	249.52999877929688	251.6000061035156	246.27999877929688	251.22000122070312	34108000	GOOGL	0.02388818192347329	2.160145911396658	0.6856638238286605	0.6455410027386006	0.9269868741180742	-0.6489906271084953	-0.6727181089062809	2.160145911396658	-0.004983919530221609	84.17631310332172	13.407396206212013	11.484639074431572	1.9227571317804415	5.668736993429029	17.304579557516114	260.7312222349629	189.88382750868945	0.8418964663564107	0.0	0.0	0.0	0.0	0	0
2025-09-18	252.02999877929688	253.9900054931641	249.8000030517578	251.67999267578125	31239500	GOOGL	0.8616174035194829	1.6773428303514162	0.6881165152489384	0.631978849758216	0.8460825534118473	1.0018835459584112	0.13906790913114386	1.6773428303514162	-8.41005042805207	85.1587512681258	13.543390375394893	11.896389334624237	1.6470010407706557	5.582399116317471	19.35434197118985	263.06256771494014	192.84129275869267	0.8428885128827796	0.0	0.0	0.0	0.0	0	0
2025-09-19	254.72000122070312	256.0	251.8099975585937	253.25	55571400	GOOGL	0.4840698435155262	1.6639539660975275	0.6942324464709333	0.6320212131581633	1.3019721440741026	1.0673342278439995	0.5804545787574038	1.6639539660975275	77.88825045215192	86.15482896986283	13.710184971927902	12.25914846208497	1.4510365098429308	5.482942210966674	10.529704444658972	265.1267851439564	196.29192518319203	0.8488152089045419	0.0	0.0	0.0	0.0	0	0
2025-09-22	252.52999877929688	255.77999877929688	250.3000030517578	254.42999267578125	32290500	GOOGL	-0.113853856600211	2.189371019067024	0.33467797191111553	0.6289593920210697	0.8619115722849405	-0.8597685422860508	-0.7467649063314351	2.189371019067024	-41.893671924767055	81.36690568743784	13.509922025487668	12.509303174765511	1.000618850722157	5.482731747864702	8.805792138791258	266.73042173132967	199.3507046724789	0.7892478096987278	0.0	0.0	0.0	0.0	0	0
2025-09-23	251.66000366210932	254.3600006103516	250.47999572753903	253.0399932861328	26628000	GOOGL	0.20195402894752965	1.5490278461330913	0.30263443235040394	0.5468240726193544	0.7403354363441642	-0.3445115912537206	-0.545364235155914	1.5490278461330913	-17.536117433920193	79.47731540441313	13.129660311372959	12.633374602087	0.4962857092859583	5.368251257503835	7.185141830240934	267.81455996215055	202.6021972399979	0.7522777027897268	0.0	0.0	0.0	0.0	0	0
2025-09-24	247.13999938964844	252.3500061035156	246.44000244140625	251.66000366210932	28201000	GOOGL	0.0	2.398151113277364	0.37425504785043207	0.5453252942220036	0.8106978423553329	-1.7960757397626255	-1.7960757397626255	2.398151113277364	5.907315607631065	70.33794580367726	12.321538567054034	12.571007395080409	-0.24946882802637482	5.4069478578328	5.597336557559976	267.4804077315828	206.95485990757737	0.6639368155563062	0.0	0.0	0.0	0.0	0	0
2025-09-25	245.7899932861328	246.4900054931641	240.7400054931641	244.3999938964844	31020400	GOOGL	-1.1086855628109225	2.3884688330969044	0.4044917812758658	0.5321465992668867	0.8928722541366049	-0.5462515605930566	0.5687395353361355	2.3884688330969044	9.997517818517073	67.82911834756543	11.440285561770963	12.34486302841852	-0.9045774666475559	5.477879717736482	2.5706248290287204	266.28344016357755	212.0013681860318	0.6224638056203522	0.0	0.0	0.0	0.0	0	0
2025-09-26	246.5399932861328	249.4199981689453	245.97000122070312	247.07000732421875	18503200	GOOGL	0.5207754884454665	1.40260882673517	0.47552557025488057	0.5612791831392537	0.6770630935627192	0.3051385412289338	-0.21451978078036163	1.40260882673517	-40.35151061881858	68.50129591454382	10.679300608209928	12.011750544376802	-1.3324499361668742	5.345888658099056	3.081488135473192	265.01954950834147	216.77416997408042	0.6169673365490771	0.0	0.0	0.0	0.0	0	0
2025-09-29	244.0500030517578	251.1499938964844	242.7700042724609	247.8500061035156	32505800	GOOGL	0.5313591518851026	3.4518224972384264	0.8207032568993139	0.6298158669067312	1.187570510834556	-1.009974163293309	-1.5331865879279811	3.4518224972384264	75.67663971637339	63.73970414895266	9.762754194464577	11.561951274394357	-1.7991970799297796	5.562610155665086	1.5309764152452554	262.84195902961136	222.0847865758574	0.5389288597196907	0.0	0.0	0.0	0.0	0	0
2025-09-30	243.1000061035156	243.2899932861328	239.25	242.8099975585937	34724300	GOOGL	-0.5080948484565848	1.6886074341202977	0.793325909807183	0.6074123585195422	1.1977638531210095	-0.38926323964877874	0.1194384695185049	1.6886074341202977	6.8249358576007975	61.969827862649076	8.857622584468515	11.021085536409188	-2.163462951940673	5.508138219671709	0.9551507568973822	258.52410068085106	229.59653072784033	0.46680296331873	0.0	0.0	0.0	0.0	0	0
2025-10-01	244.8999938964844	246.3000030517578	238.6100006103516	240.75	31658200	GOOGL	-0.9666828648761651	3.2228332516389115	0.9054863899656516	0.7115126158458612	1.0665654169241146	0.740430994560463	1.7237773194120054	3.2228332516389115	-8.829839622396996	64.0090218859535	8.191121089073448	10.455092646942042	-2.2639715578685937	5.663985664081317	-2.666828304753451	257.8297744335932	231.73546757080135	0.5044980269031214	0.0	0.0	0.0	0.0	0	0
2025-10-02	245.69000244140625	246.8099975585937	242.3000030517578	245.1499938964844	25483300	GOOGL	0.10208248519012675	1.861326640541766	0.9416244580396214	0.6998357148848028	0.8918052728682735	0.3225841423482319	0.22027679313337753	1.861326640541766	-19.504899204629446	64.89863499940336	7.638607823169991	9.891795682187631	-2.2531878590176397	5.581557724278071	-2.1778950234695698	257.13878842533563	233.7862115746644	0.5097420701304615	0.0	0.0	0.0	0.0	0	0
2025-10-03	245.3500061035156	246.3000030517578	241.66000366210932	244.4900054931641	30249600	GOOGL	-0.4884191201586814	1.9200526853157602	0.8375259145957062	0.6832774282793562	0.9781841041202629	-0.13838427877086204	0.35175286965894037	1.9200526853157602	18.703621587471012	64.16357429033206	7.091555182494574	9.33174758224902	-2.240192399754447	5.514303557518816	-1.6751463536367739	256.59439973179747	235.38660002406192	0.46979914072931966	0.0	0.0	0.0	0.0	0	0
2025-10-06	250.42999267578125	251.32000732421875	244.5800018310547	244.77999877929688	28894700	GOOGL	-0.23232415326626477	2.755746766990282	0.6650925496776882	0.7047686246985039	0.9567141535566164	2.0705059897664553	2.3081926320208166	2.755746766990282	-4.479067491801544	69.68787206730721	6.987378336647595	8.862873733128737	-1.875495396481142	5.601853695779191	-0.6348474829445813	256.03687738053503	237.5831223142892	0.6961656484208216	0.0	0.0	0.0	0.0	0	0
2025-10-07	245.759994506836	250.44000244140625	245.5200042724609	248.2700042724609	23181300	GOOGL	-0.8625118661871968	2.0039092877684506	0.6061899419816408	0.6671817015429147	0.8310669684821725	-1.8647918801767729	-1.0110000090346536	2.0039092877684506	-19.77317639567118	60.460777892350364	6.453594591106395	8.381017904724269	-1.927423313617874	5.5531497295767736	-3.51759055862429	255.75765307033402	238.47534558689256	0.42150904483808144	0.0	0.0	0.0	0.0	0	0
2025-10-08	244.6199951171875	246.009994506836	243.82000732421875	244.9600067138672	21307100	GOOGL	-0.32551587355547185	0.8981983089292246	0.661034327314786	0.8003241442334943	0.8251146256079804	-0.4638669495155707	-0.13880290143723262	0.8981983089292246	-8.084965036473363	58.427043411705505	5.870902593105171	7.87899484240045	-2.008092249295279	5.312923833365379	-3.1323025780483467	255.3256007056543	239.45239764639646	0.32555480147890536	0.0	0.0	0.0	0.0	0	0
2025-10-09	241.52999877929688	244.759994506836	239.1499938964844	244.47000122070312	27892100	GOOGL	-0.06131710386655801	2.3458083853348826	0.6910040828922531	0.799079926255903	1.0603361495322554	-1.263182241668484	-1.2026025388497743	2.3458083853348826	30.905191227337365	53.203132585435995	5.100977216228614	7.323391317166084	-2.2224141009374696	5.334143603150109	-4.0252740743076	255.19222248627983	239.7017762319819	0.11802258742595703	0.0	0.0	0.0	0.0	0	0
2025-10-10	236.57000732421875	244.08999633789065	235.83999633789065	241.42999267578125	33073600	GOOGL	-0.04140525153026962	3.4981343826770295	0.9615152842992346	0.8527843426834669	1.2308855754573171	-2.053571597791636	-2.0129998339058988	3.4981343826770295	18.576944726284502	46.0809810746587	4.043959699852081	6.667504993703283	-2.623545293851202	5.5424190600679575	-4.276924856977407	255.8746448901007	238.59635425540708	-0.11727704864042289	0.0	0.0	0.0	0.0	0	0
2025-10-13	244.1499938964844	244.3950042724609	239.7100067138672	240.2100067138672	24450526	GOOGL	1.5386563287626842	1.9544438810958888	0.9329937351333838	0.7679165817813561	0.9410952770842819	3.204119853569306	1.6402260823840036	1.9544438810958888	-26.072377969135502	55.8155302417533	3.7743983557508898	6.088883666112805	-2.314485310361915	5.705460337794686	-0.6672360284982098	255.35691693355957	238.36808154056152	0.34033600433293376	0.273	-0.1522755914250054	-0.5577840060109869	-0.0246929139975038	0	0
2025-10-14	245.4499969482422	247.1199951171875	240.50999450683597	241.22999572753903	22111600	GOOGL	-1.195985354062061	2.748326789456419	0.9646853614718464	0.7603003587051625	0.8581368688797943	0.532460816816143	1.7493683602554548	2.748326789456419	-9.565953714042799	57.24133041867264	3.6238944309599503	5.595885819082234	-1.9719913881222837	5.770070357263032	-0.4421174525731336	254.8555503400183	238.29844746271604	0.43193241828134266	0.0	0.0	0.0	0.0	0	0
2025-10-15	251.02999877929688	252.1100006103516	245.9900054931641	247.25	26970700	GOOGL	0.7333481662814514	2.487903971918717	0.5749626361615989	0.6962496414968028	1.0026392408196354	2.2733762071430528	1.5288164931433266	2.487903971918717	21.975343258742015	62.79149532199894	3.9098086595302846	5.258670387171845	-1.3488617276415606	5.833637021894916	2.860067871443031	255.0623326550984	238.24166514763598	0.7602750381925926	0.0	0.0	0.0	0.0	0	0
2025-10-16	252.00999450683597	256.9599914550781	250.1009979248047	251.77999877929688	20374897	GOOGL	0.2987690728785736	2.7424894691286523	0.5570130156833686	0.6977196556636218	0.8022792848047424	0.3903898865890899	0.09134789445316448	2.7424894691286523	-24.455438679752472	63.68308529012458	4.167435607079625	5.0404234311534015	-0.8729878240737765	5.906876772493382	3.6651535086866116	255.05877822170456	238.2432191537837	0.8186926939179336	0.0	0.0	0.0	0.0	0	0
2025-10-17	253.3000030517578	254.22000122070312	247.80999755859375	250.75999450683594	29671600	GOOGL	-0.4960120738251598	2.5866606372867396	0.32621947814713076	0.6853515871750275	1.200508275967817	0.5118878508950779	1.012924150806931	2.5866606372867396	45.62822084450292	64.87618761769619	4.424694602537016	4.917277665430125	-0.49258306289310827	5.942814407465953	3.4299752407605077	254.73418078455288	238.4258167740409	0.9120587612668796	0.0	0.0	0.0	0.0	2025-10-22 17:57:45.644153+00:00	2025-10-22 17:57:45.646862+00:00
2025-10-20	256.54998779296875	257.3299865722656	254.22999572753906	254.69000244140625	22350200	GOOGL	0.5487561677464383	1.21936470787218	0.6453357052896589	0.764874864413861	0.919920338163477	1.2830575215377533	0.7302938214036911	1.21936470787218	-24.674773183785167	67.75068950912629	4.835084967478792	4.900839125839858	-0.06575415836106568	5.806183629826086	4.420198316434329	255.6764306109661	237.88556584899484	1.0491014458088581	0.0	0.0	0.0	0.0	2025-10-22 17:57:45.644153+00:00	2025-10-22 17:57:45.646862+00:00
2025-10-21	250.4600067138672	254.8800048828125	244.14999389648438	254.74000549316406	46947200	GOOGL	-0.7055086283088468	4.394843847867338	1.1317538892255055	1.0132729057707728	1.6043238666064195	-2.3737990133977585	-1.6801439455930798	4.394843847867338	110.05270646347685	58.147579652059065	4.615704740339794	4.843812248739845	-0.22810750840005145	6.277170077444536	2.082739141321085	255.49940365923922	237.9425931058975	0.7129662628607197	0.0	0.0	0.0	0.0	2025-10-22 17:57:45.644153+00:00	2025-10-22 17:57:45.646862+00:00
2025-10-22	250.22999572753906	256.34930419921875	249.2899932861328	254.22500610351562	23484749	GOOGL	1.5032337653610632	2.8317666585932004	1.1271259209787452	0.8471399396015383	0.8221302118904075	-0.09183541490154803	-1.571446663413539	2.8317666585932004	-49.97625204485038	57.81426797471762	4.372876566431643	4.7496251122782045	-0.3767485458465618	6.33303727999035	-0.07986141999417505	255.78574053805374	237.96525586087205	0.6882382880624703	0.0	0.0	0.0	0.0	2025-10-22 17:57:45.644153+00:00	2025-10-22 17:57:45.646862+00:00
