timestamp	close	high	low	open	volume	symbol	gap_apertura_pct	volatilidad_diaria	vol_5d	vol_10d	vol_rel_5d	return_pct	close_open_pct	range_pct	volume_change_pct	rsi_14	macd	macd_signal	macd_diff	atr_14	momentum_12	bb_upper	bb_lower	bb_pctb	vader	finbert	sentiment_ratio	sentiment_combined
2025-06-05 00:00:00+00:00	170.48126220703125	171.5969463365439	168.11041823176058	168.34949991668026	7707800	ORCL	0.0	2.0739512407712475	0.0	0.0	0.0	0.0	1.266271828194349	2.0739512407712475	0.0	0.0	0.0	0.0	0.0	0.0	0.0	0.0	0.0	0.0	0.0	0.0	0.0	0.0
2025-06-06 00:00:00+00:00	173.35018920898438	174.11721448154944	171.99542333528828	173.3302619343553	6833700	ORCL	1.671151239990373	1.2336323287654782	0.0	0.0	0.0	1.682840075684752	0.011496708310883438	1.2336323287654782	-11.340460312929759	0.0	0.0	0.0	0.0	0.0	0.0	0.0	0.0	0.0	0.0	0.0	0.0	0.0
2025-06-09 00:00:00+00:00	176.4681396484375	178.03210397971034	173.12107175481495	174.1869605971562	9668900	ORCL	0.4827057830107392	2.836761680779512	0.0	0.0	0.0	1.7986426514333034	1.3096152797321052	2.836761680779512	41.4885054948271	0.0	0.0	0.0	0.0	0.0	0.0	0.0	0.0	0.0	0.0	0.0	0.0	0.0
2025-06-10 00:00:00+00:00	176.79685974121094	177.16544591497188	173.60917986037978	177.0259853951873	11056700	ORCL	0.31611697605082706	2.0484320342116273	0.0	0.0	0.0	0.18627730389650995	-0.1294305203074344	2.0484320342116273	14.353235631767832	0.0	0.0	0.0	0.0	0.0	0.0	0.0	0.0	0.0	0.0	0.0	0.0	0.0
2025-06-11 00:00:00+00:00	175.70111083984375	178.8589075527649	175.52179576337005	176.86660563672197	18002900	ORCL	0.03944973661473688	1.9012520780574576	0.5708079391893106	0.0	1.689778486953257	-0.6197784864341518	-0.6589682618052319	1.9012520780574576	62.823446417104556	0.0	0.0	0.0	0.0	0.0	0.0	0.0	0.0	0.0	0.0	0.0	0.0	0.0
2025-06-12 00:00:00+00:00	199.0907287597656	201.710610612872	188.15299562407563	189.2288404702175	54610000	ORCL	7.699285204124089	7.205633343135334	2.3946081502065137	0.0	2.7258061617893987	13.312162801999646	5.211620102433721	7.205633343135334	203.3400174416344	0.0	0.0	0.0	0.0	0.0	0.0	0.0	0.0	0.0	0.0	0.0	0.0	0.0
2025-06-13 00:00:00+00:00	214.39161682128903	215.7663100485419	200.4255757156024	200.80411795500424	53707400	ORCL	0.8606072246117107	7.654080213149799	2.857135933339826	0.0	1.826212087518251	7.685384526361534	6.766543935781959	7.654080213149799	-1.6528108405054018	0.0	0.0	0.0	0.0	0.0	0.0	0.0	0.0	0.0	0.0	0.0	0.0	0.0
2025-06-16 00:00:00+00:00	210.28746032714844	214.3417865717965	209.17176098705144	212.37936808972452	22665300	ORCL	-0.9385855479796429	2.471665180973015	2.9090088782034464	0.0	0.7081034201582956	-1.9143269475698337	-0.9849863390177858	2.471665180973015	-57.79855289960043	0.0	0.0	0.0	0.0	0.0	0.0	0.0	0.0	0.0	0.0	0.0	0.0	0.0
2025-06-17 00:00:00+00:00	207.37869262695312	215.04906692268383	206.68139001826583	209.8491578692407	17819200	ORCL	-0.20843014472943294	4.048587491925856	2.6560317920762277	0.0	0.5341333103124131	-1.3832340243541312	-1.177257639426393	4.048587491925856	-21.38114209827357	0.0	0.0	0.0	0.0	0.0	0.0	0.0	0.0	0.0	0.0	0.0	0.0	0.0
2025-06-18 00:00:00+00:00	210.05833435058597	213.8935213761021	208.7633503472176	210.2774887634758	15055400	ORCL	1.3978273755140378	2.457409799350284	2.519972666937204	2.2507355227484007	0.4594058366639753	1.2921490099530921	-0.10422152850433299	2.457409799350284	-15.510236149771034	0.0	0.0	0.0	0.0	0.0	0.0	0.0	0.0	0.0	0.0	0.0	0.0	0.0
2025-06-20 00:00:00+00:00	204.3802795410156	212.97706672301464	203.85232077688923	212.5288018553676	20879100	ORCL	1.1760864011510392	4.476155047610274	2.1243405415974776	2.222308490637998	0.802262261923791	-2.703084753635023	-3.8340790722084406	4.476155047610274	38.681801878395795	0.0	0.0	0.0	0.0	0.0	0.0	0.0	0.0	0.0	0.0	0.0	0.0	0.0
2025-06-23 00:00:00+00:00	206.2430877685547	206.4722134330607	201.7604084551147	204.71897801798968	13418400	ORCL	0.16571974445612633	2.335346668865513	1.0209455527697167	2.114832840369476	0.7468159140847799	0.9114422544692027	0.7444887451670807	2.335346668865513	-35.73286204865152	0.0	0.0	0.0	0.0	0.0	0.0	0.0	0.0	0.0	0.0	0.0	0.0	0.0
2025-06-24 00:00:00+00:00	214.44142150878903	215.5371784452328	207.74728583866343	209.18174565369856	19030600	ORCL	1.4248515753612168	3.7496964521688136	0.9646402160558449	2.090909462871063	1.1038285343730532	3.9750829125650458	2.514404800788831	3.7496964521688136	41.82465867763668	0.0	0.0	0.0	0.0	0.0	25.785918483154397	0.0	0.0	0.0	0.0	0.0	0.0	0.0
2025-06-25 00:00:00+00:00	209.90892028808597	216.0950089070225	209.42080087175407	214.11267833060992	11804600	ORCL	-0.15330208868515457	3.1869842954882084	0.8974295594939838	2.0123503994142444	0.736056846340043	-2.1136314005068746	-1.9633391517493253	3.1869842954882084	-37.97042657614579	71.57798558841795	0.0	0.0	0.0	7.9656559024150635	21.08952476251859	0.0	0.0	0.0	0.0	0.0	0.0	0.0
2025-06-26 00:00:00+00:00	212.0008544921875	213.59468690731828	209.5503164438458	211.1840034093878	10531100	ORCL	0.6074458958446676	1.9300235533437045	1.0332790751169532	2.0091158111543885	0.6959140302231714	0.9965913793613412	0.3867959076503564	1.9300235533437045	-10.788167324602274	72.79770647028447	0.0	0.0	0.0	7.685564085347736	20.135484464526463	0.0	0.0	0.0	0.0	0.0	0.0	0.0
2025-06-27 00:00:00+00:00	209.4307861328125	213.82380037373912	209.1518650762476	212.8675039512472	14127500	ORCL	0.40879526695097546	2.233752635095244	0.755217600416323	1.706810159123199	1.0250362054904647	-1.2122915096409246	-1.6144868308418718	2.233752635095244	34.15027869833161	68.88641206809496	0.0	0.0	0.0	7.470304886215151	18.45843101476461	0.0	0.0	0.0	0.0	0.0	0.0	0.0
2025-06-30 00:00:00+00:00	217.7884826660156	227.34156643565348	217.5394449335429	225.628185620237	31844200	ORCL	7.734010737634704	4.505905356660747	1.0633917922126084	0.982958649247743	1.823043806819483	3.9906723779869617	-3.4746115307671195	4.505905356660747	125.40576889046187	73.81365811325581	0.0	0.0	0.0	8.216053130259853	23.953958870832416	0.0	0.0	0.0	0.0	0.0	0.0	0.0
2025-07-01 00:00:00+00:00	218.11721801757807	222.31100499192453	215.47740888830324	218.4559056915047	16962200	ORCL	0.30645469279136545	3.1713747343061898	1.007957183539056	0.9546290137845734	0.9946217643802715	0.15094248673681976	-0.155037087623955	3.1713747343061898	-46.73378511628491	73.98814786541033	0.0	0.0	0.0	8.11730619978567	9.556692758290586	0.0	0.0	0.0	0.0	0.0	0.0	0.0
2025-07-02 00:00:00+00:00	229.09478759765625	231.0073955673665	215.8858316818183	216.8421280666449	22326900	ORCL	-0.5845893151041405	7.0044262598181986	2.068029698881697	1.528449056528883	1.1653855910572815	5.032876212089547	5.65049773319213	7.0044262598181986	31.62738324038156	79.01642350351202	0.0	0.0	0.0	8.61761032019728	6.858090346239319	0.0	0.0	0.0	0.0	0.0	0.0	0.0
2025-07-03 00:00:00+00:00	236.40655517578125	237.0739745007691	230.31010091161096	232.32233012429785	18441400	ORCL	1.408824076918727	2.936854945738576	1.885118175142086	1.4991724536924775	0.889151821272837	3.191590544157716	1.757999349136282	2.936854945738576	-17.402774231980256	81.57167951778123	0.0	0.0	0.0	8.572008647548392	12.420662082274811	240.71258662117856	166.4690921507941	0.9420012288468591	0.0	0.0	0.0	0.0
2025-07-07 00:00:00+00:00	231.3660125732422	234.3445093651428	228.61664144229655	234.20504884111057	16584300	ORCL	-0.9312374324957875	2.505446623093703	1.825515599873522	1.493863410865296	0.7811066419239066	-2.1321500999797327	-1.21220113824038	2.505446623093703	-10.070276660123419	74.80857807155017	0.0	0.0	0.0	8.516144725115272	11.566916370448475	242.35618856735294	170.91396524124082	0.8461669376673241	0.0	0.0	0.0	0.0
2025-07-08 00:00:00+00:00	233.59739685058597	240.5106868482372	232.2924415432592	236.2172787027366	20401800	ORCL	2.096792902094325	3.5378875224605837	1.8130252052280391	1.4503423251384493	1.0769917839111625	0.9644390948032621	-1.1090983125953162	3.5378875224605837	23.018758705522693	75.76644544469777	0.0	0.0	0.0	8.561039692963826	11.205964558737032	243.75780444590362	175.53707012685027	0.8510656958366988	0.0	0.0	0.0	0.0
2025-07-09 00:00:00+00:00	234.90235900878903	235.5996616513549	231.1070262256274	234.6035106762444	10871600	ORCL	0.4307042112725161	1.9439631494982637	1.9983257004551882	1.5230979096580324	0.6133414573601427	0.5586372861157142	0.1273844247612461	1.9439631494982637	-46.71254497152212	76.33320694935064	0.0	0.0	0.0	8.27043938816123	14.933965026527025	244.76791567997805	180.370380828811	0.8468022620122047	0.0	0.0	0.0	0.0
2025-07-10 00:00:00+00:00	234.5928955078125	239.64412733135703	233.09549404712436	239.52434008885567	11486300	ORCL	1.9676179922457473	2.8094207959716044	0.5849487454659542	1.5307517890548306	0.7383326434009467	-0.13174133383860792	-2.0588490419026986	2.8094207959716044	5.654181537216233	75.87998943415798	0.0	0.0	0.0	8.147453237880619	13.745822003533942	244.5181064266576	186.39979365879162	0.8292240354862329	0.0	0.0	0.0	0.0
2025-07-11 00:00:00+00:00	230.16058349609372	233.59462659778504	229.471776390744	230.96917784329383	10208200	ORCL	-1.5446834639534028	1.79666984405989	0.7026890190633791	1.5441275936546073	0.7338516969988009	-1.8893632742476518	-0.3500875548635854	1.79666984405989	-11.127168888153713	69.51393128963215	0.0	0.0	0.0	7.9312865149654685	7.330282497059658	241.4599536125598	194.90389373851445	0.7572953951207245	0.0	0.0	0.0	0.0
2025-07-14 00:00:00+00:00	228.8828125	230.2404571543801	224.73001529456025	229.05251617775303	11337000	ORCL	-0.4814322685098221	2.45202753739733	0.7033462662539756	1.5297268298046276	0.8815035868184229	-0.5551649968403074	-0.07408941869965667	2.45202753739733	11.05777708117004	67.74929382106117	12.6125581722915	0.0	0.0	7.758369039597924	9.039107145076844	241.64874458526828	197.69431113982938	0.7095644037565685	0.0	0.0	0.0	0.0
2025-07-15 00:00:00+00:00	234.552978515625	235.191869215322	228.80294698599664	232.0073929098921	10728800	ORCL	1.3651441870027283	2.7923251485551734	0.47110891034559965	1.4702723604603578	0.9819171582903029	2.477322763422876	1.0972002115128978	2.7923251485551734	-5.364734938696304	71.23847117842256	12.387127383688096	0.0	0.0	7.66055141029274	10.637751473906713	243.43150295329363	197.92768894123762	0.8048839502702716	0.0	0.0	0.0	0.0
2025-07-16 00:00:00+00:00	240.88198852539065	240.9119353364929	232.78603722304197	235.0920330720495	12597500	ORCL	0.22982208959183753	3.4907154270877316	0.6160716952547489	1.4755730242551288	1.1176358906841644	2.6983285609157335	2.4628463064789106	3.4907154270877316	17.417604951159497	74.54843333535109	12.574222266516443	0.0	0.0	7.693790460518324	15.017468526634417	246.04872372300426	198.36992099135122	0.8916345440406055	0.0	0.0	0.0	0.0
2025-07-17 00:00:00+00:00	248.31907653808597	251.1641454174946	241.59074713135576	242.9184449262561	17631300	ORCL	0.8454166346483709	3.962651053408798	0.8526101562790125	0.6939677024376991	1.4104408122516112	3.0874404758209604	2.2232282993040626	3.962651053408798	39.958721968644575	77.78385952055801	13.170782574400164	0.0	0.0	7.878673777060155	14.018461168531967	249.63172813445067	198.88095497101807	0.9741353379555899	0.0	0.0	0.0	0.0
2025-07-18 00:00:00+00:00	245.02479553222656	249.24746349364037	244.57557812907288	248.0695149594882	9678100	ORCL	-0.10050036512578883	1.910201092155626	0.816672777114667	0.7489799862198226	0.780835755098616	-1.3266322715863283	-1.2273654131822154	1.910201092155626	-45.10841514806055	73.33671896231877	13.225287093506608	0.0	0.0	7.649617461882108	12.33629227403772	252.03604499267752	199.97328423095527	0.8653308169242191	0.0	0.0	0.0	0.0
2025-07-21 00:00:00+00:00	243.11810302734372	246.37246539869432	242.81863491053127	244.8850410783168	7348400	ORCL	-0.057036861761769204	1.4635740331348477	1.0461500283965774	0.8480719951978865	0.6336564678937847	-0.778163083756993	-0.7215377644925163	1.4635740331348477	-24.07187361155599	70.81317914995502	12.965173715283072	0.0	0.0	7.357061249473603	6.121184849615905	252.9950530228632	202.88805854940244	0.8028828090906386	0.0	0.0	0.0	0.0
2025-07-22 00:00:00+00:00	237.697509765625	241.87026121379984	235.0021901682672	241.5608006807593	11380900	ORCL	-0.6405538407846513	2.9225561858019034	1.04989422254022	0.7943692360613009	0.9704670493654091	-2.2296131773901933	-1.5993037381259199	2.9225561858019034	54.875891350498065	64.0639630957304	12.181217916990363	0.0	0.0	7.411264935873812	0.546073939821108	252.80923217478613	206.21932159718654	0.6756438846562878	0.0	0.0	0.0	0.0
2025-07-23 00:00:00+00:00	241.4809417724609	242.99831288644745	238.2465642905613	239.5343228745851	7255800	ORCL	0.7727523568804843	1.9944667869757788	0.9979165466076374	0.790206603679595	0.6807269042771769	1.591700312959297	0.8126680446104709	1.9944667869757788	-36.245815357309176	66.46635469658057	11.730002475374846	0.0	0.0	7.260517663370144	4.3718301952481875	253.63784935622454	208.0946564421153	0.733068614519615	0.0	0.0	0.0	0.0
2025-07-24 00:00:00+00:00	242.40933227539065	243.65716682243743	240.14326047289407	241.99006169546556	8237900	ORCL	0.2108323411643694	1.4632542019391757	0.5964384276047798	0.854908098956189	0.9382338939115421	0.3844570491217209	0.1732594210636352	1.4632542019391757	13.535378593676784	67.04848267984218	11.316870503113478	12.268421395395237	-0.9515508922817588	6.992902569525374	3.7722746672733667	253.62866727525991	211.3538797218104	0.734609310911752	0.0	0.0	0.0	0.0
2025-07-25 00:00:00+00:00	244.6953582763672	245.04475804221545	241.0117482591228	241.920175464444	7149600	ORCL	-0.20178959545623346	1.6733664695700077	0.6097259858070032	0.8657948235003623	0.864050120127814	0.9430437267074684	1.1471481477703713	1.6733664695700077	-13.210891125165395	68.49859867764646	11.046585470757407	12.024054210467671	-0.9774687397102646	6.78148165620875	4.168965909453358	253.66868511354414	214.58331226194412	0.7704172639916466	0.0	0.0	0.0	0.0
2025-07-28 00:00:00+00:00	247.2808837890625	247.35075460303275	242.99830708364783	245.57383942254748	6756800	ORCL	0.3590101391249545	1.7911431448313224	0.5667294339297615	0.8873975319107923	0.8284250018390917	1.0566303876410819	0.69512468043381	1.7911431448313224	-5.494013651113349	70.10122778445721	10.915189426810144	11.802281253736167	-0.8870918269260226	6.607979217864191	5.408513439328541	252.75856897038108	219.27843817073222	0.8363899706934231	0.0	0.0	0.0	0.0
2025-07-29 00:00:00+00:00	249.54693603515625	252.63159456561309	246.16280940380028	248.269154696803	8415300	ORCL	0.3996551988157469	2.6278482836136083	0.4450126354874067	0.8797055310035399	1.1126816059065883	0.9163879598662208	0.5146758323295207	2.6278482836136083	24.54564290788539	71.47114182573249	10.86862188577851	11.615549380144635	-0.7469274943661262	6.598036785289092	8.422968105393055	253.10741848274586	222.1054339952815	0.8851530795059496	0.0	0.0	0.0	0.0
2025-07-30 00:00:00+00:00	250.16587829589844	250.6150956903345	245.17454006359685	248.20926700659984	8441400	ORCL	-0.5360390513341963	2.219054076873724	0.46648413433539987	0.7794738987762332	1.0822030204353734	0.24802639157829237	0.7882909904595007	2.219054076873724	0.3101493707889202	71.85052249836538	10.757652717613183	11.443970047638345	-0.6863173300251617	6.5153595596782745	9.298673658992389	252.83206423773544	225.58565426812396	0.9021454222845998	0.0	0.0	0.0	0.0
2025-07-31 00:00:00+00:00	253.33038330078125	260.4180744062891	252.88116590919395	255.3269185810407	15548700	ORCL	2.063047255004833	2.9804151171153515	0.5522542801384408	0.5656234988939709	1.678697437802029	1.264962682536508	-0.7819525224191163	2.9804151171153515	84.19574952022177	73.77101505951376	10.800555874367603	11.315287212984197	-0.5147313386165937	6.7822764561577324	8.005613445623064	254.5324309960334	226.30884708013846	0.9574098137630497	0.0	0.0	0.0	0.0
2025-08-01 00:00:00+00:00	243.99658203125	247.9796755175081	241.5807760981512	247.4006784411257	12718200	ORCL	-2.3407002280556126	2.648761843846839	0.4582154327826286	0.5852977662228109	1.225723009074718	-3.6844381427588773	-1.375944654365927	2.648761843846839	-18.204094232958383	60.6315319966094	9.96650946144203	11.045531662675764	-1.0790222012337338	7.137085795191469	1.2929955971079368	254.86788671760684	226.7323940441119	0.6136088742956983	0.0	0.0	0.0	0.0
2025-08-04 00:00:00+00:00	252.092529296875	252.47187587952436	245.47400988041724	245.47400988041724	8614800	ORCL	0.6055116989212658	2.850756380488563	0.28918123605080215	0.5609217233359765	0.8015497298021527	3.318057654015869	2.696220027400038	2.850756380488563	-32.2639996225881	66.2471413090449	9.84530639032289	10.80548660820519	-0.9601802178823	7.23267208469739	1.5195984180499642	256.02479444936426	227.64813798471778	0.8614260578095823	0.0	0.0	0.0	0.0
2025-08-05 00:00:00+00:00	255.22708129882807	258.04218807435944	250.9345274742257	254.9675372005424	11197300	ORCL	1.1404573993867453	2.8324761329880386	0.29692018649034996	0.550750372586113	0.9905538531220586	1.243413285866034	0.10179495834464473	2.8324761329880386	29.977480614756004	68.1419281089343	9.888199227746384	10.622029132113429	-0.7338299043670453	7.223742692942845	4.163776871822616	257.71374332741624	228.12215755149003	0.9159672601726144	0.0	0.0	0.0	0.0
2025-08-06 00:00:00+00:00	255.9857635498047	256.3950569378679	251.28393149669677	256.3950569378679	9930200	ORCL	0.457622143032818	2.0340040888123	0.3742887233241205	0.5483850961605403	0.8559159581583611	0.29725773891851615	-0.15963388411281826	2.0340040888123	-11.31612085056219	68.6013689843926	9.869640357113354	10.471551377113414	-0.6019110200000597	7.072841460673436	5.292761156915463	259.327054545028	228.61718678797985	0.8911981314391548	0.0	0.0	0.0	0.0
2025-08-07 00:00:00+00:00	248.9579620361328	257.3134724035261	246.0929388308025	257.2635407435208	11954200	ORCL	0.4991594751196109	4.559469940922641	0.9404373651563022	0.8217842253269395	1.0984347979498188	-2.7453876403968627	-3.228432090837257	4.559469940922641	20.382268232261183	59.97332211107852	9.182003054448558	10.213641712580444	-1.031638658131886	7.369105182962732	4.73730342468075	259.559408694855	229.82133929098484	0.643505887529387	0.0	0.0	0.0	0.0
2025-08-08 00:00:00+00:00	249.6168365478516	250.4553777436805	247.43062789044657	249.5968669291825	8313300	ORCL	0.256631636853201	1.2224637988524059	1.23739338076239	0.8892059256090089	0.831167091250115	0.26465291823972753	0.00800074893357777	1.2224637988524059	-30.457077847116494	60.47522195054505	8.591177458657995	9.889148861795954	-1.297971403137959	7.058794087982102	3.3691664094373346	259.0771263883241	232.24924690269154	0.6473709431437222	0.0	0.0	0.0	0.0
2025-08-11 00:00:00+00:00	252.2422637939453	254.24879152952167	245.13460296356985	247.9696794484549	9012100	ORCL	-0.6598741984621374	3.71803427821502	1.3217497349725809	0.9086419671148886	0.893931608840818	1.0517829175318576	1.7230269261119633	3.71803427821502	8.405807561377552	62.493389826598126	8.239810547585591	9.559281198953881	-1.31947065136829	7.205607979265653	4.056333733630311	258.0925001476217	235.56981827278844	0.7402513436815258	0.0	0.0	0.0	0.0
2025-08-12 00:00:00+00:00	253.42022705078125	257.4232748564674	250.64504419347224	252.14244567327304	9998400	ORCL	-0.039572321930082394	2.704314655335079	1.3239799073114031	0.9076402538435782	1.0159282396023428	0.46699678282232915	0.5067696452678809	2.704314655335079	10.94417505353913	63.396471930520256	7.964590685637319	9.24034309629057	-1.2757524106532507	7.175081028103475	3.5656045279616224	257.86364884419214	237.68539442973366	0.7797915665972072	0.0	0.0	0.0	0.0
2025-08-13 00:00:00+00:00	243.75698852539065	257.2236398984508	242.2196630399424	256.7245060712804	14182100	ORCL	1.303873435421176	6.194367818947153	1.876726220028746	1.3824809909121287	1.3264191425006686	-3.8131283512165126	-5.0511412970794805	6.194367818947153	41.843694991198596	52.276544917033185	6.887341387947117	8.769742754621879	-1.8824013666747614	7.7342878731324	-1.425057695392996	257.68733215859675	238.14921111532902	0.2870172314749739	0.0	0.0	0.0	0.0
2025-08-14 00:00:00+00:00	244.53564453125	248.4887758027432	242.1497855128036	244.52565210627603	10285600	ORCL	0.3153401203122046	2.61779719379699	1.8498747195388503	1.3928542938263855	0.9929814737939623	0.31943945918015754	0.004086452643271138	2.61779719379699	-27.474774539736714	52.99205496134709	6.0269694385096955	8.221188091399442	-2.194218652889747	7.6346237600472	-2.008155893847664	257.6057241669275	237.85247590631477	0.33833263961255633	0.0	0.0	0.0	0.0
2025-08-15 00:00:00+00:00	247.84988403320312	250.1958190384285	242.50914616123305	246.49223945765127	11554000	ORCL	0.8001266768907493	3.1696424645711923	1.4717498248169252	1.3822143480632205	1.0497490560072102	1.3553195928986899	0.5507859308427071	3.1696424645711923	12.33180368670763	56.01487714593595	5.548589216872529	7.68666831649406	-2.1380790996215318	7.638341554129219	-0.9257834355634759	257.6687297425639	238.07197918077594	0.49895541720540526	0.0	0.0	0.0	0.0
2025-08-18 00:00:00+00:00	248.63853454589844	248.72837497995155	243.19796358767152	245.77349599035117	6759900	ORCL	-0.8377603447148668	2.2740368836543925	1.598816039221219	1.4097152555630625	0.6403846153846153	0.31819684555093886	1.165723156600967	2.2740368836543925	-41.49298944088628	56.72795046068534	5.173470403589789	7.184028733913206	-2.010558330323417	7.487775113997134	-1.8520671282102557	257.7017225981926	238.5910294770027	0.5257530433448845	0.0	0.0	0.0	0.0
2025-08-19 00:00:00+00:00	234.2135467529297	248.81820707143623	231.8276877237054	248.81820707143623	16819300	ORCL	0.07226254203353547	7.328943110531435	2.2898541986950027	1.9259204856163328	1.41099379371788	-5.801589773408961	-5.869610785481433	7.328943110531435	148.80989363747986	42.99744387343053	3.669905692848374	6.48120412570024	-2.811298432851866	8.166542559263826	-4.009496853143355	258.3727669573743	237.57158881655144	-0.16143518606917281	0.0	0.0	0.0	0.0
2025-08-20 00:00:00+00:00	234.6527862548828	235.47137302156295	227.85458614380417	231.77777061122288	11256400	ORCL	-1.0399808958430121	3.3428279880887093	2.0476652492235603	1.852065892649922	0.9930622212184518	0.18753804297087728	1.2404190600669815	3.3428279880887093	-33.07450369515973	43.446314308080474	2.4851159145845543	5.681986483477103	-3.1968705688925487	8.12727429629918	-6.917992806305813	259.23938869232535	236.02215152984263	-0.05898054386818292	0.0	0.0	0.0	0.0
2025-08-21 00:00:00+00:00	232.75608825683597	235.51130147922223	232.02734190714688	232.6462782063592	7403100	ORCL	-0.8550966219272247	1.5015297522434088	2.252153220067484	1.9468345529178126	0.6881138146997641	-0.8082997983184523	0.0472004329161736	1.5015297522434088	-34.23208130485768	41.911549384455235	1.3772378615184664	4.821036759085375	-3.443798897566909	7.795608958854621	-8.804313761548816	260.28685684612964	234.00935897418287	-0.0476936854282793	0.0	0.0	0.0	0.0
2025-08-22 00:00:00+00:00	235.9605255126953	238.08684053522543	231.0590428040533	233.65452962016	9343600	ORCL	0.38600122989377406	3.0415592680923456	2.257903924449862	1.7993974514332056	0.9056982724694324	1.3767361704083088	0.9869253963465031	3.0415592680923456	26.211992273507047	45.41958526395006	0.7491718419310587	4.006663775654512	-3.257491933723453	7.740765299734444	-7.822793642668045	260.7003960594609	232.7223364844844	0.11574030070002206	0.0	0.0	0.0	0.0
2025-08-25 00:00:00+00:00	235.002197265625	238.61592137843263	234.8624404002776	236.9388389942642	6308600	ORCL	0.41460896030943933	1.5981614479343556	2.367074229162781	1.9043569190864624	0.616905595431343	-0.4061392239180921	-0.8173593391694091	1.5981614479343556	-32.48212680337343	44.553025273881474	0.17211191693894534	3.239753403911399	-3.0676414869724535	7.455959276764487	-5.605671197004066	260.9816971507484	231.2131667408532	0.12728308964530874	0.0	0.0	0.0	0.0
2025-08-26 00:00:00+00:00	233.8042755126953	236.4995951500901	232.3068740216587	234.5929002624048	11805200	ORCL	-0.17416730906458594	1.804820088122102	0.8665770062111986	1.9601044392711473	1.2799212436221863	-0.5097491712282444	-0.336167355801211	1.804820088122102	87.12868148242082	43.437400520587666	-0.3775226589089584	2.5162981913473277	-2.893820850256286	7.222870837597838	-6.334733367284305	261.02359139494286	229.5970064444126	0.1338761139622876	0.0	0.0	0.0	0.0
2025-08-27 00:00:00+00:00	235.4014892578125	236.1202431756944	232.27690667680804	234.5928949082842	5637600	ORCL	0.337298962501676	1.6546356475437407	0.6364505372782273	1.7234442371288783	0.696032653383739	0.683141376099626	0.34467981216755605	1.6546356475437407	-52.24477348964863	45.40052867309896	-0.6764327240350383	1.8777520082708543	-2.5541847323058926	6.9814755276898754	-6.676428558336246	260.68571531272795	228.45844362281892	0.21544006895152654	0.0	0.0	0.0	0.0
2025-08-28 00:00:00+00:00	239.9036865234375	241.5308524184128	234.71268261026492	235.13195319112484	8691500	ORCL	-0.11450057836824772	2.9049004648245993	0.7107922384928606	1.7218442281561945	1.0399889916599858	1.9125610801443056	2.029385316437194	2.9049004648245993	54.17021427557827	50.604694546790505	-0.5437632470436711	1.3934489572079491	-1.9372122042516202	6.969810833436875	-5.3336470749176845	259.6126413829772	228.1888478748353	0.3728015411496037	0.0	0.0	0.0	0.0
2025-08-29 00:00:00+00:00	225.7382659912109	237.80731808613243	222.72349345757624	237.1983742172916	16618600	ORCL	-1.1276660001977987	6.772444340915168	2.2039704391250674	2.123437441719453	1.6936498068750445	-5.904628118685743	-4.831444677433732	6.772444340915168	91.20520048323074	38.25103734757889	-1.563628249156352	0.8020335159350889	-2.365661765091441	7.6991238500386165	-7.392084486760406	260.5805354877856	225.39512216602301	0.009752445482163941	0.0	0.0	0.0	0.0
2025-09-02 00:00:00+00:00	224.90969848632807	225.05943253682145	218.4109665125278	221.61541228428	10461900	ORCL	-1.8263867177447972	3.044016575931544	2.073759396334797	2.0990485148068916	0.9829878154197704	-0.3670478734496442	1.4864878611521244	3.044016575931544	-37.047043673955685	37.671737390348774	-2.410945208475681	0.15943777105293488	-2.570382979528616	7.6725649663703654	-8.025801752764051	260.3609831931702	222.89639137958366	0.053738930795297735	0.0	0.0	0.0	0.0
2025-09-03 00:00:00+00:00	223.0628967285156	225.5086493519874	221.36584482033248	225.5086493519874	8900800	ORCL	0.2663072645112022	1.8714741359568583	2.062441313767347	1.5803383521392553	0.8845884747487597	-0.8211303337480291	-1.0845493645143196	1.8714741359568583	-14.921763733165102	36.35030366124319	-3.194645585107196	-0.5113789001790914	-2.6832666849281046	7.420439221033548	-10.000806496793418	259.3209447390853	220.7200113766374	0.060695044077805516	0.0	0.0	0.0	0.0
2025-09-04 00:00:00+00:00	222.6136932373047	223.1827131279623	219.1796499717137	221.61542555462617	10303100	ORCL	-0.6489071894601582	1.8263845009174975	2.030420187987148	1.5902450813476077	0.9370560554715793	-0.20137974436762726	0.4504504504504596	1.8263845009174975	15.75476361675355	36.01934550983841	-3.8080835309395127	-1.1707198263311756	-2.637363704608337	7.176340930691766	-10.466938021543717	257.6130330414957	219.0907160429769	0.09145288935925734	0.0	0.0	0.0	0.0
2025-09-05 00:00:00+00:00	232.39671325683597	234.2135524690989	225.4986801012698	232.14714634295024	15386100	ORCL	4.282509744574855	3.8647110324172638	2.0310087144931472	1.5841188033301319	1.247444077800569	4.394617364845857	0.10750376122093058	3.8647110324172638	49.33466626549291	47.2776780079331	-3.4648884894387777	-1.6295535589526962	-1.8353349304860815	7.492306523627654	-0.7757166574187475	256.30796627437235	218.73965793217067	0.3635259591745814	0.0	0.0	0.0	0.0
2025-09-08 00:00:00+00:00	238.06686401367188	242.0000409770908	234.90235740292832	239.47442505065575	18803000	ORCL	3.0455300742561584	3.0215463363732113	0.8695784605079502	1.5838461175200713	1.4723224059547506	2.4398584116675845	-0.587770922379765	3.0215463363732113	22.20770695627872	52.49525353111299	-2.704197858208431	-1.8444824188038433	-0.8597154394045878	7.643093751958168	1.454948740766559	254.89961852884514	218.99300842427985	0.5312073608131254	0.0	0.0	0.0	0.0
2025-09-09 00:00:00+00:00	241.09161376953125	243.06819467646235	234.1536566743536	239.52434148569583	41178700	ORCL	0.6122134964319318	3.807131662482012	0.9970555425814926	1.5455544505618841	2.1771153526900755	1.2705463099163887	0.6543269356734743	3.807131662482012	119.00069137903526	55.050755050924224	-1.8361075214983487	-1.8428074393427445	0.006699917844395831	7.733911198397495	3.5812277028377464	253.05375250313196	219.72380944755164	0.6410993348037559	0.0	0.0	0.0	0.0
2025-09-10 00:00:00+00:00	327.7611999511719	345.12108878692953	311.549343270081	318.6370495878733	131618100	ORCL	32.164302443332076	10.775739458948337	3.5169603797412954	2.8177648214236677	3.028641578726949	35.948818304601595	2.8634932363012315	10.775739458948337	219.6266516427182	83.10161780691878	5.7787576801176215	-0.31849441545067125	6.097252095568293	14.612165756897552	38.90509831634421	282.933685419118	197.2779738216047	1.5233453052458827	0.0	0.0	0.0	0.0
2025-09-11 00:00:00+00:00	307.32666015625	330.42658790343654	304.0723283750774	329.76772760713874	69986000	ORCL	0.6121919422633872	8.66710222176179	3.4697523912682398	3.0452657140474444	1.263413364316019	-6.234581700935347	-6.805113287987778	8.66710222176179	-46.82646231787269	71.73485338474671	10.048859633012569	1.754976394241977	8.293883238770592	15.45088674057338	30.776079429111057	295.1965084947593	191.37211790904928	1.116833352866896	0.0	0.0	0.0	0.0
2025-09-12 00:00:00+00:00	291.673828125	307.43648249515866	291.24458035665606	305.2602663784886	51781900	ORCL	-0.6723770000008467	5.559554831432094	3.283458717065493	2.9909223315575626	0.8262162947872419	-5.09322296454588	-4.450771931333816	5.559554831432094	-26.01105935472809	64.46141202248279	12.031205221727788	3.8102221597391397	8.220983061988647	15.503816411854038	24.751280739159295	301.6827409323741	189.59970383080952	0.9107009136600709	0.0	0.0	0.0	0.0
2025-09-15 00:00:00+00:00	301.6166076660156	306.49812071818985	296.77500338594706	305.91913887554267	40004000	ORCL	4.88398662372878	3.2762588564772646	3.2199553351864547	2.9545749274272173	0.5978443291318046	3.4088692855755776	-1.4064276021898219	3.2762588564772646	-22.745206336577066	66.76648943490251	14.24037343585374	5.89625241496206	8.34412102089168	15.455278996235167	28.12858942267952	309.4639703954017	187.19514673106315	0.9358187762488888	0.0	0.0	0.0	0.0
2025-09-16 00:00:00+00:00	306.1187744140625	319.41570706834005	301.7463571522288	313.51594149248206	51923300	ORCL	3.9451852199208917	5.855696182339385	2.921306661706556	2.9267278763463427	0.7518288464417675	1.4926786634481972	-2.35942295093691	5.855696182339385	29.795270472952705	67.78540107758809	16.168066980259823	7.9506153280216125	8.21745165223821	15.622694739527258	27.600696283654685	317.32675961170247	185.08038150157876	0.9152492086527549	0.0	0.0	0.0	0.0
2025-09-17 00:00:00+00:00	300.8878479003906	308.1252881670491	294.51889559137754	307.15696735416293	27707900	ORCL	0.33914709807904464	4.619870839984884	1.9896272178242789	2.7386843528519695	0.5738927959085861	-1.7087898393962655	-2.0410148946886126	4.619870839984884	-46.63686630087071	65.28108359138561	17.076834827575567	9.775859227932404	7.300975599643163	15.47867315639471	33.29058171825669	323.55753487276695	185.51703635526044	0.8357751006708997	0.0	0.0	0.0	0.0
2025-09-18 00:00:00+00:00	296.10614013671875	303.2936792731785	291.49414855111974	302.51503173878785	24673100	ORCL	0.5407941363374407	4.047947713773562	1.0640890688366873	2.522752228873902	0.6291262898400838	-1.589199363496683	-2.1185365782428223	4.047947713773562	-10.952832946560367	62.990137513588046	17.212777851275575	11.263242952601038	5.949534898674537	15.215877268227857	31.655567603154566	328.26789646399186	186.95201015221906	0.7724123085757149	0.0	0.0	0.0	0.0
2025-09-19 00:00:00+00:00	308.12530517578125	310.57104270828063	296.8049533619783	298.4820357496428	40776200	ORCL	0.8023797182412581	4.6380928587514045	0.9450492493760762	2.483727321920855	1.101556316169101	4.059073220674514	3.230770455554952	4.6380928587514045	65.26581580749885	66.20090283660657	18.08192269801674	12.62697890168418	5.454943796332561	15.162236218466003	38.13382220656492	334.3342705036042	188.42255780450125	0.8203779200243457	0.0	0.0	0.0	0.0
2025-09-22 00:00:00+00:00	327.5815124511719	328.92917982716904	306.3883104380224	309.0936071501847	44437500	ORCL	0.31425590762532685	7.356961287759797	1.3236455993875735	2.393973728733266	1.1723820428666407	6.314381502775674	5.981328915678326	7.356961287759797	8.979012266959648	70.64107501056212	20.108876959477413	14.123358513242827	5.985518446234586	15.68928144494319	47.15245396066997	343.32850870286137	188.5904182990917	0.8982345186592411	0.0	0.0	0.0	0.0
2025-09-23 00:00:00+00:00	313.28631591796875	324.43697871393243	309.51286550720744	323.43871108712034	35280200	ORCL	-1.264662750059513	4.821807061967661	1.2963327942380345	2.3175592406632566	1.0203968303090847	-4.3638593723551224	-3.138893033251352	4.821807061967661	-20.607144866385376	63.989561537850086	20.327427988349484	15.36417240826416	4.963255580085324	15.859236123444706	34.806689616017366	348.4928836786256	191.2544551885619	0.7760943803703707	0.0	0.0	0.0	0.0
2025-09-24 00:00:00+00:00	307.9256286621094	311.92869165966863	299.51023974226314	311.31973255572484	33765300	ORCL	-0.627727181917145	4.146252872052693	1.3558446864942044	1.6353145786412016	0.9435216559559119	-1.7111143971136686	-1.0902308908440093	4.146252872052693	-4.2939098984699635	61.64544503906784	19.839372654510044	16.259212457513335	3.580160196996708	15.710438984320486	29.344178131579707	352.0362931156616	195.1231810664673	0.7188847772025391	0.0	0.0	0.0	0.0
2025-09-25 00:00:00+00:00	290.8252868652344	298.232445870919	288.0501041523712	294.7584636513029	39274900	ORCL	-4.276086101704432	3.5349203391232153	1.4614158115054474	1.2111405100884483	1.0146764833690807	-5.553399978810929	-1.3343728072627838	3.5349203391232153	16.31734354500034	54.754780565061886	17.86677357264	16.58072468053867	1.2860488921013307	16.00794509327889	20.628537143247737	353.11471586768334	199.5871380751878	0.5942785661176915	0.0	0.0	0.0	0.0
2025-09-26 00:00:00+00:00	282.96893310546875	293.49068242737167	282.5097385270278	292.49241480006765	25990700	ORCL	0.5732403646199464	3.8869257950530063	1.531929152030281	1.2078929486772576	0.7270182815417855	-2.701399814454987	-3.255975612601321	3.8869257950530063	-33.823637997805214	51.88528698423664	15.49096232740277	16.36277220991149	-0.871809882508721	15.648873579497817	-13.66612852661512	353.4522544180514	203.55612418302286	0.5297855841770642	0.0	0.0	0.0	0.0
2025-09-29 00:00:00+00:00	282.2701721191406	285.48459518959214	279.1256046314187	284.10698095015414	25778500	ORCL	0.40218119784238404	2.278182457166694	0.9401728075231666	1.3624673087652608	0.8051272537379067	-0.24693911754181205	-0.6465201329691287	2.278182457166694	-0.8164458825656871	51.626140586591845	13.39729495028871	15.769676757986936	-2.3723818076982255	14.985310506546076	-8.153047322471222	352.2620322593995	210.3995369544677	0.5066218172053707	0.0	0.0	0.0	0.0
2025-09-30 00:00:00+00:00	280.7527770996094	283.50800549325106	275.4220316380015	283.19854496668523	23880800	ORCL	0.328895129292216	2.935848598298516	0.7544221692710512	1.356955875015877	0.8030388014812005	-0.5375683190821833	-0.8636230342792093	2.935848598298516	-7.361560990748105	51.03009155200739	11.483235779193535	14.912388562228257	-3.4291527830347217	14.492500745739182	-3.7442684164004905	350.1794024603305	218.0664746148648	0.47449029786145985	0.0	0.0	0.0	0.0
2025-10-01 00:00:00+00:00	288.50933837890625	289.48762116188874	277.39861474861294	278.31700391078874	23378300	ORCL	-0.8675864986925617	4.357990909302565	0.81347255841414	1.3510386598483517	0.8451829024924947	2.7627727709154217	3.6621314274368024	4.357990909302565	-2.1042008642926535	53.95650616744339	10.471510709827044	14.024212991748016	-3.552702281920972	14.320822579134655	-4.345672272006733	347.21838673616463	227.57213450406977	0.5093114304711185	0.0	0.0	0.0	0.0
2025-10-02 00:00:00+00:00	288.2797241210937	294.459003169714	285.5544425319498	291.2944813874909	16215500	ORCL	0.9653562772816987	3.1183407825174614	0.8173660983319446	1.3939996642987296	0.7035302549898563	-0.07958642139721624	-1.0349517272134248	3.1183407825174614	-30.6386691932262	53.85390835537536	9.541198356169446	13.127610064632304	-3.586411708462858	13.933946726179622	-5.827493046486375	342.6065151645775	238.75060916403578	0.4769022472039247	0.0	0.0	0.0	0.0
2025-10-03 00:00:00+00:00	285.6443176269531	294.1295925816364	283.50801025059525	289.0983151372111	13688400	ORCL	0.28395719421930454	3.7464840311399517	0.7949233443940084	1.3847775708115257	0.6648630532875468	-0.9141837852715403	-1.1947484054407753	3.7464840311399517	-15.584471647497763	52.61723293807191	8.493357693729365	12.200759590451717	-3.7074018967223523	13.697349269384018	-5.066183423427553	337.993749352638	248.68813541298698	0.41381701086495604	0.0	0.0	0.0	0.0
2025-10-06 00:00:00+00:00	291.0848693847656	296.1660482242034	290.29622938682496	291.8735093827063	14076800	ORCL	2.1807511549690224	2.0220100170701123	0.87993802192486	0.897625649237803	0.7714177365579495	1.9046595440829923	-0.27019923788513256	2.0220100170701123	2.8374389994447853	54.91875135902824	8.009613637526627	11.3625303998667	-3.3529167623400724	13.470519364231608	-1.6957671832251413	332.81218086969596	259.17150443303836	0.4333659941211662	0.0	0.0	0.0	0.0
2025-10-07 00:00:00+00:00	283.7475891113281	292.7120436395696	270.53053507975545	292.7120436395696	31723400	ORCL	0.5590033787201403	8.199262443063871	2.3504745327044954	1.717521428172613	1.6008594866494958	-2.520667009915531	-3.062550627154861	8.199262443063871	125.35945669470334	51.29977035822635	6.954024128517744	10.480829145596909	-3.5268050170791643	14.092732878201787	-7.911624152565455	325.7782000842686	270.4710827526455	0.2400505938336348	0.0	0.0	0.0	0.0
2025-10-08 00:00:00+00:00	288.1300048828125	291.0249750571484	283.1087196791907	284.9255741653583	18982100	ORCL	0.415152445072574	2.7961891766979696	2.441015770273112	1.7421403959693427	1.0023688774076898	1.5444768306965027	1.1246553514338116	2.7961891766979696	-40.163727721492656	53.28007033046155	6.397341593218698	9.664131635121267	-3.266790041902569	13.651555913898639	-12.04326436896828	320.5013743437417	271.7847889863364	0.3355164524886284	0.0	0.0	0.0	0.0
2025-10-09 00:00:00+00:00	296.9599914550781	300.9700012207031	287.260009765625	291.54998779296875	26479800	ORCL	1.1869582661296303	4.7726766653889925	2.4075126102070503	1.7737692569814063	1.2615375820029442	3.064584188605048	1.8556007163859147	4.7726766653889925	39.498790966226075	57.06808283268815	6.592676523256671	9.049840612748348	-2.457164089491677	13.655729881125746	-5.211311070211419	319.44429328795627	271.80520317200467	0.52802831082306	0.0	0.0	0.0	0.0
2025-10-10 00:00:00+00:00	292.9599914550781	307.7200012207031	292.010009765625	300.2799987792969	28738100	ORCL	1.11799818822428	5.379949635181131	2.4231595415540435	1.8423437608908775	1.1974188376352706	-1.3469827973796564	-2.4377272392354343	5.379949635181131	8.528387676644083	54.896682235548624	6.351498174730807	8.51017212514484	-2.158673950414032	13.802462850693773	-4.860146676343472	319.4725047672844	271.90560802568433	0.44262680291650136	0.0	0.0	0.0	0.0
2025-10-13 00:00:00+00:00	308.010009765625	310.69000244140625	297.739990234375	298.70001220703125	20166373	ORCL	1.9593189921407024	4.349436633230645	1.978751405319532	1.7460858877167524	0.7996831352848894	5.137226498333856	3.1168386937128476	4.349436633230645	-29.827048413082284	60.92152837222682	7.290730294821344	8.26628375908014	-0.9755534642587964	14.083002003239084	5.90895072626675	320.26934615712827	271.7481068458014	0.7473408229982819	0.62843	0.1477004606248913	0.2350305134929552	0.2919193224374239
2025-10-14 00:00:00+00:00	299.0	304.4200134277344	291.9800109863281	303.57000732421875	17346200	ORCL	-1.4415123861671881	4.260566468020563	0.9558332092898327	1.6916365159171327	0.7763763529106075	-2.925232778142832	-1.5054212254038297	4.260566468020563	-13.984532568151941	56.090908517128305	7.224763452679156	8.057979697799944	-0.8332162451207878	14.222073201528927	5.665309869389838	319.5152651512022	271.7903104103213	0.5701354718388252	0.0	0.0	0.0	0.0
2025-10-15 00:00:00+00:00	303.6199951171875	311.010009765625	298.9200134277344	304.8999938964844	13668200	ORCL	1.9732421058476173	4.044559010704531	0.5284920099974438	1.6933514543047852	0.6423106423517142	1.545148868624582	-0.4198093817382769	4.044559010704531	-21.203491254568725	57.93285110256512	7.459293161743119	7.938242390588579	-0.47894922884546	14.069781996983334	7.563612845722694	319.80100249362476	271.7777877895784	0.6630586378659513	0.0	0.0	0.0	0.0
2025-10-16 00:00:00+00:00	314.82000732421875	322.5400085449219	303.07000732421875	305.6000061035156	26280513	ORCL	0.6521345820995434	6.424258669672474	0.9996437762387053	1.7649524240637031	1.2373194417527047	3.6888256330774283	3.0170160459944633	6.424258669672474	92.2748642835194	62.08518476653479	8.451483586650454	8.040890629800954	0.41059295684950037	14.455511941534748	12.134245144981248	322.1311502561418	271.3190267458113	0.8561142021463318	0.0	0.0	0.0	0.0
