timestamp	close	high	low	open	volume	symbol	gap_apertura_pct	volatilidad_diaria	vol_5d	vol_10d	vol_rel_5d	return_pct	close_open_pct	range_pct	volume_change_pct	rsi_14	macd	macd_signal	macd_diff	atr_14	momentum_12	bb_upper	bb_lower	bb_pctb	vader	finbert	sentiment_ratio	sentiment_combined
2025-06-05 00:00:00+00:00	33.7599983215332	34.154998779296875	33.439998626708984	33.970001220703125	12541200	PINS	0.0	2.138158438848769	0.0	0.0	0.0	0.0	-0.6182010351001547	2.138158438848769	0.0	0.0	0.0	0.0	0.0	0.0	0.0	0.0	0.0	0.0	0.0	0.0	0.0	0.0
2025-06-06 00:00:00+00:00	34.20000076293945	34.5	33.73500061035156	34.470001220703125	8110300	PINS	2.1030892608695995	2.2676726717286555	0.0	0.0	0.0	1.3033248319968145	-0.7832911174993117	2.2676726717286555	-35.33074984849935	0.0	0.0	0.0	0.0	0.0	0.0	0.0	0.0	0.0	0.0	0.0	0.0	0.0
2025-06-09 00:00:00+00:00	34.13999938964844	34.97999954223633	34.119998931884766	34.540000915527344	9883100	PINS	0.9941524707693251	2.5205176942367995	0.0	0.0	0.0	-0.17544260804823025	-1.1580819782175713	2.5205176942367995	21.858624218586243	0.0	0.0	0.0	0.0	0.0	0.0	0.0	0.0	0.0	0.0	0.0	0.0	0.0
2025-06-10 00:00:00+00:00	35.11000061035156	35.20000076293945	34.529998779296875	34.95000076293945	10773200	PINS	2.3725875447338627	1.9403475451157293	0.0	0.0	0.0	2.84124557130847	0.45779640606409155	1.9403475451157293	9.00628345357226	0.0	0.0	0.0	0.0	0.0	0.0	0.0	0.0	0.0	0.0	0.0	0.0	0.0
2025-06-11 00:00:00+00:00	34.75	35.39799880981445	34.54999923706055	34.9900016784668	9200100	PINS	-0.3417799196773185	2.454412710505323	0.2359335607532122	0.0	0.9107585150045835	-1.0253506240197063	-0.6859150241610201	2.454412710505323	-14.601975271971188	0.0	0.0	0.0	0.0	0.0	0.0	0.0	0.0	0.0	0.0	0.0	0.0	0.0
2025-06-12 00:00:00+00:00	34.02000045776367	34.54999923706055	33.935001373291016	34.380001068115234	6304300	PINS	-1.064745127725944	1.8122818296202376	0.31216071227422015	0.0	0.7120123783063405	-2.100718107154901	-1.0471221616262105	1.8122818296202376	-31.47574482886056	0.0	0.0	0.0	0.0	0.0	0.0	0.0	0.0	0.0	0.0	0.0	0.0	0.0
2025-06-13 00:00:00+00:00	33.84000015258789	34.130001068115234	33.26300048828125	33.52000045776367	6869000	PINS	-1.4697236721697207	2.606501419315536	0.3633614672585883	0.0	0.7981696363209597	-0.5291014190292391	0.9546530144813964	2.606501419315536	8.9573782973526	0.0	0.0	0.0	0.0	0.0	0.0	0.0	0.0	0.0	0.0	0.0	0.0	0.0
2025-06-16 00:00:00+00:00	35.220001220703125	35.290000915527344	34.20500183105469	34.21500015258789	8294100	PINS	1.1081560233720098	3.1720480233612696	0.547337472653306	0.0	1.0007190998221556	4.078017322377877	2.9373113068339998	3.1720480233612696	20.746833600232932	0.0	0.0	0.0	0.0	0.0	0.0	0.0	0.0	0.0	0.0	0.0	0.0	0.0
2025-06-17 00:00:00+00:00	34.540000915527344	35.25	34.45000076293945	35.02000045776367	7667500	PINS	-0.5678613174547197	2.322203829734507	0.49145779130429784	0.0	1.0000652145558888	-1.9307219807137923	-1.3706440204512214	2.322203829734507	-7.554767847023788	0.0	0.0	0.0	0.0	0.0	0.0	0.0	0.0	0.0	0.0	0.0	0.0	0.0
2025-06-18 00:00:00+00:00	34.779998779296875	35.060001373291016	34.5	34.56999969482422	7306700	PINS	0.08685228286542734	1.6231923863507698	0.6226112267247644	0.4444553636803218	1.0025218431682472	0.6948403514999358	0.6074604753441669	1.6231923863507698	-4.705575480925987	0.0	0.0	0.0	0.0	0.0	0.0	0.0	0.0	0.0	0.0	0.0	0.0	0.0
2025-06-20 00:00:00+00:00	34.220001220703125	35.0099983215332	33.98500061035156	34.959999084472656	10862500	PINS	0.5175397110218651	3.0160296977291634	0.6160688236975186	0.49579937741797137	1.3247015839101655	-1.6101137959990206	-2.1166987504247343	3.0160296977291634	48.66492397388698	0.0	0.0	0.0	0.0	0.0	0.0	0.0	0.0	0.0	0.0	0.0	0.0	0.0
2025-06-23 00:00:00+00:00	34.0	34.33000183105469	33.35499954223633	34.02000045776367	7187100	PINS	-0.5844557446083681	2.9231068871212136	0.6394140402139619	0.5228378619364631	0.8697320047727498	-0.6429024338258179	-0.05879029245899845	2.9231068871212136	-33.83567318757193	0.0	0.0	0.0	0.0	0.0	0.0	0.0	0.0	0.0	0.0	0.0	0.0	0.0
2025-06-24 00:00:00+00:00	35.7400016784668	35.775001525878906	34.0620002746582	34.45000076293945	9268400	PINS	1.3235316557042738	5.029068279631127	1.2724780434447491	0.9736779477902981	1.095757610150335	5.117651995490579	3.7445599040888795	5.029068279631127	28.958829013092902	0.0	0.0	0.0	0.0	0.0	5.864939145067091	0.0	0.0	0.0	0.0	0.0	0.0	0.0
2025-06-25 00:00:00+00:00	35.34000015258789	36.25	35.314998626708984	36.0	7649000	PINS	0.727471486633564	2.6476041615470076	1.2381079599897895	0.9382223340251205	0.9046996122884914	-1.1191983970160402	-1.8333329094780817	2.6476041615470076	-17.472271373699883	59.839229683194965	0.0	0.0	0.0	0.960714612688337	3.333331474319113	0.0	0.0	0.0	0.0	0.0	0.0	0.0
2025-06-26 00:00:00+00:00	35.130001068115234	35.70000076293945	34.220001220703125	35.61000061035156	8595200	PINS	0.7640080831858745	4.324954673996117	1.033604986521607	1.0501716494537643	0.9865433793518233	-0.5942249110524646	-1.347934664445908	4.324954673996117	12.370244476402144	57.49692042680715	0.0	0.0	0.0	0.9978063933703364	2.899829221341388	0.0	0.0	0.0	0.0	0.0	0.0	0.0
2025-06-27 00:00:00+00:00	35.95000076293945	36.084999084472656	35.25	35.689998626708984	21660400	PINS	1.5940721365420514	2.3687917290004434	1.1564050084930786	0.9967020873520869	1.9923068574193203	2.334186364624021	0.7285013904032303	2.3687917290004434	152.00577066269545	63.5042505634347	0.0	0.0	0.0	0.9947486521551282	2.3924811677167317	0.0	0.0	0.0	0.0	0.0	0.0	0.0
2025-06-30 00:00:00+00:00	35.86000061035156	36.290000915527344	35.4900016784668	36.15999984741211	11133600	PINS	0.5841420862753987	2.254153843971043	1.267247892534839	1.0182843271282924	0.9547461179351908	-0.2503481242778471	-0.8296439113011145	2.254153843971043	-48.59928717844546	62.460773994898545	0.0	0.0	0.0	0.9808379796483724	3.1942463607239207	0.0	0.0	0.0	0.0	0.0	0.0	0.0
2025-07-01 00:00:00+00:00	35.68000030517578	36.44499969482422	35.4900016784668	36.0	8239400	PINS	0.39040543018848817	2.6908931281816684	0.8408477044065777	1.018944953303472	0.7192515049513247	-0.5019528781709538	-0.8888880411783854	2.6908931281816684	-25.995185744054034	60.32577585316888	0.0	0.0	0.0	0.978992267984733	4.879482143079403	0.0	0.0	0.0	0.0	0.0	0.0	0.0
2025-07-02 00:00:00+00:00	35.7400016784668	36.08000183105469	34.810001373291016	35.099998474121094	8626800	PINS	-1.6255656560926424	3.6483780742913634	0.8957766120995088	1.0187977813059461	0.7404292134291414	0.1681652824490356	1.8233710318180545	3.6483780742913634	4.701798674660776	60.806697834849764	0.0	0.0	0.0	0.9997785672546573	5.614661694183252	0.0	0.0	0.0	0.0	0.0	0.0	0.0
2025-07-03 00:00:00+00:00	35.68000030517578	36.09000015258789	35.68000030517578	35.88999938964844	4177600	PINS	0.4196913937808056	1.1491027015283806	0.8982729724219168	1.1004633569320434	0.38798019235555686	-0.1678829615924898	-0.5851186627025275	1.1491027015283806	-51.574164232392086	60.0231426318516	0.0	0.0	0.0	0.9576515158373324	1.306073448408225	36.35092755367505	33.419073285558355	0.7711594140965796	0.0	0.0	0.0	0.0
2025-07-07 00:00:00+00:00	35.66999816894531	36.29999923706055	35.369998931884766	35.63999938964844	7938400	PINS	-0.11211018829935708	2.629347846367674	0.9019456641127377	1.1068161598717023	0.9894355839843653	-0.028032892782845154	0.08417166052361966	2.629347846367674	90.02297970126388	59.88461077070152	0.0	0.0	0.0	0.9556764293615074	3.27156115653136	36.38854150419631	33.572459319778304	0.7448429100447229	0.0	0.0	0.0	0.0
2025-07-08 00:00:00+00:00	35.7599983215332	36.165000915527344	35.40999984741211	35.970001220703125	6711300	PINS	0.841051491892137	2.13216908039725	0.9109960799019456	1.1380835963364648	0.940129155168308	0.252313308684848	-0.5838278900281251	2.13216908039725	-15.457774866471832	60.762159417734054	0.0	0.0	0.0	0.9413424749867737	2.817710111075916	36.457761256029265	33.65923932380472	0.7506673339017179	0.0	0.0	0.0	0.0
2025-07-09 00:00:00+00:00	35.88999938964844	36.06999969482422	35.0	35.25	7561100	PINS	-1.4261698698853211	3.057141985212054	0.9491358793102994	0.8634884832134802	1.0796882496744271	0.3635376795780023	1.8156011053856385	3.057141985212054	12.662226394290228	62.053440977648286	0.0	0.0	0.0	0.9505322764037342	4.880181500212696	36.52326410672823	33.768736473105754	0.7701004305239135	0.0	0.0	0.0	0.0
2025-07-10 00:00:00+00:00	35.79999923706055	35.9900016784668	35.03499984741211	35.900001525878906	4921000	PINS	0.027868867095477336	2.7258508212187977	0.7430204515756297	0.8634135844426868	0.7858662254786103	-0.25076665956658917	-0.27855789573232087	2.7258508212187977	-34.916877173956166	60.56738328431625	0.0	0.0	0.0	0.9508515303073738	5.294115403119255	36.58669308470897	33.77430735779592	0.7202752666107722	0.0	0.0	0.0	0.0
2025-07-11 00:00:00+00:00	35.41999816894531	35.79999923706055	35.30500030517578	35.709999084472656	4121000	PINS	-0.25139707962541374	1.4020646582807077	0.6437492271197933	0.7369564811456845	0.6593009266369734	-1.0614555201494338	-0.8121000362989125	1.4020646582807077	-16.25685836212152	54.61973047160796	0.0	0.0	0.0	0.9182906304200447	-0.8953651216929996	36.60945530958271	33.818544949816705	0.5738103388110531	0.0	0.0	0.0	0.0
2025-07-14 00:00:00+00:00	35.97999954223633	36.599998474121094	35.43000030517578	35.43000030517578	6650100	PINS	0.02823866953002324	3.302281001601893	0.7653391045690905	0.7890311824820377	1.1096631013365816	1.5810316268790778	1.5523545930655847	3.302281001601893	61.371026449890806	60.73848231172755	0.41832323427703244	0.0	0.0	0.936984178616883	1.810977325651119	36.63150876962251	33.99249139822416	0.7531243126903079	0.0	0.0	0.0	0.0
2025-07-15 00:00:00+00:00	36.529998779296875	37.040000915527344	36.279998779296875	36.380001068115234	11239400	PINS	1.1117329932407338	2.094824040248212	0.7702840430845477	0.7961048161840627	1.629248012617199	1.5286249140023247	0.41230815496897855	2.094824040248212	69.01099231590503	65.63877564023647	0.46188611643498945	0.0	0.0	0.9457711210936067	3.985191200157149	36.684276105807726	34.20872392470986	0.9376796305531999	0.0	0.0	0.0	0.0
2025-07-16 00:00:00+00:00	36.08000183105469	36.880001068115234	35.35499954223633	36.880001068115234	9310500	PINS	0.9581229140821126	4.313397102599551	1.1174110340906878	0.9858589983318853	1.2844903702886155	-1.2318559082384097	-2.169195265431241	4.313397102599551	-17.161948146698222	59.13545588637494	0.4548557277652421	0.0	0.0	0.9871447214354138	0.36161631531660876	36.75231365402299	34.22668643752974	0.7338040156607961	0.0	0.0	0.0	0.0
2025-07-17 00:00:00+00:00	36.08000183105469	36.404998779296875	35.900001525878906	36.10499954223633	8213400	PINS	0.06928411838417552	1.4066775263336297	1.274458060587769	0.98733410764781	1.0387662390222185	0.0	-0.06923614872892553	1.4066775263336297	-11.783470275495409	59.13545588637494	0.44416404743692084	0.0	0.0	0.9527056165770248	0.6135003261534193	36.77497472222945	34.358025460876014	0.7124586344085705	0.0	0.0	0.0	0.0
2025-07-18 00:00:00+00:00	37.11000061035156	37.25	35.939998626708984	36.459999084472656	11534600	PINS	1.0532074116772867	3.64496778894555	1.1810032238359731	0.9445440933640344	1.228444236176195	2.8547636558331244	1.7827798743849246	3.64496778894555	40.43636009447975	67.64509703327974	0.5128908210559402	0.0	0.0	0.9782267420565957	4.007848354665916	37.00922933190761	34.35677103430333	1.037991654208086	0.0	0.0	0.0	0.0
2025-07-21 00:00:00+00:00	38.0	38.900001525878906	37.75	38.84000015258789	13915900	PINS	4.661814911837424	3.046361657957368	1.167519024444197	0.9516856343922223	1.2834278357171052	2.3982737133132215	-2.1627192309161765	3.046361657957368	20.644842473947946	72.89702979902484	0.6318887765293368	0.0	0.0	1.0362106115902205	6.323442124779873	37.37586989200299	34.368130352137634	1.2075080304410106	0.0	0.0	0.0	0.0
2025-07-22 00:00:00+00:00	38.11000061035156	38.63999938964844	37.709999084472656	38.060001373291016	7046400	PINS	0.1578983507658306	2.4661902088422885	1.1139768363413394	0.9347624951197059	0.704346991651473	0.2894752903988487	0.13136950934435418	2.4661902088422885	-49.36439612242112	73.47022518931739	0.7266947586914725	0.0	0.0	1.0286241611320464	6.810538913653772	37.6246121654847	34.53038813969108	1.156869199133818	0.0	0.0	0.0	0.0
2025-07-23 00:00:00+00:00	37.790000915527344	38.380001068115234	37.54999923706055	38.380001068115234	6083200	PINS	0.7084766555745828	2.210391073018996	0.8477548320461545	0.9417687844372631	0.6500048083601355	-0.8396738118584532	-1.5372593438462465	2.210391073018996	-13.669391462306994	68.90486704177036	0.7671644869101115	0.0	0.0	1.0144368518408065	5.943377783595539	37.88741961190981	34.47258061697202	0.9714719503534767	0.0	0.0	0.0	0.0
2025-07-24 00:00:00+00:00	37.66999816894531	38.2400016784668	37.630001068115234	37.90999984741211	7014200	PINS	0.3175414897528088	1.6210486129069765	0.7776917809912299	0.9965637983134653	0.7691970268213352	-0.3175515842147649	-0.6330827734972422	1.6210486129069765	15.30444502893214	67.21802076057048	0.7805560550246113	0.621108060243161	0.15944799478145033	0.985548548877289	5.341163134960176	38.0752330717002	34.517766958817376	0.88608889307831	0.0	0.0	0.0	0.0
2025-07-25 00:00:00+00:00	37.90999984741211	37.91999816894531	37.349998474121094	37.709999084472656	4253700	PINS	0.10618772888691037	1.5261036629470217	0.6271441598337779	0.9813324679991987	0.5551190967128994	0.6371162467022665	0.5303653349114102	1.5261036629470217	-39.35587807590316	68.8599437293099	0.8012982316868928	0.6571460945319074	0.14415213715498543	0.9558664878734984	5.628310092271247	38.26173644955571	34.60926345889155	0.9036990545740782	0.0	0.0	0.0	0.0
2025-07-28 00:00:00+00:00	38.52000045776367	38.56999969482422	37.7599983215332	37.84000015258789	5783700	PINS	-0.1846470459139219	2.1451308508906903	0.4033139860420236	0.952296540912143	0.9581626973082581	1.6090757394007313	1.7970409683766235	2.1451308508906903	35.96868608505536	72.61435051740904	0.8570786383684421	0.6971326032992143	0.15994603506922778	0.9454475511176067	7.59776893483101	38.58661639530872	34.541383482620965	0.9835322368370667	0.0	0.0	0.0	0.0
2025-07-29 00:00:00+00:00	38.31999969482422	39.189998626708984	37.81999969482422	39.099998474121094	9616600	PINS	1.5057061512586867	3.622419203964865	0.8385383562350595	1.0101974588763851	1.468120446759528	-0.5192127740464322	-1.994881866333393	3.622419203964865	66.27072635164342	69.64934807577387	0.8750594814500516	0.7327179789293818	0.1423415025206698	0.9757726497438323	8.187469440417699	38.819614577582975	34.55438520879398	0.8828633024018098	0.0	0.0	0.0	0.0
2025-07-30 00:00:00+00:00	38.29999923706055	38.72999954223633	37.994998931884766	38.400001525878906	6247400	PINS	0.20877304721245377	1.9344667219736706	0.8487587884446453	0.825095472952554	0.9490029043979147	-0.05219326180311344	-0.26042261678287915	1.9344667219736706	-35.03525154420481	69.3444132389332	0.8775793706359849	0.7616902572707025	0.1158891133652824	0.9585746469300986	6.4480259153444655	39.00819279719059	34.62780688237484	0.8383262173922339	0.0	0.0	0.0	0.0
2025-07-31 00:00:00+00:00	38.599998474121094	39.93000030517578	38.137001037597656	39.099998474121094	14505300	PINS	2.088770895552491	4.701468963987186	1.3315197494805862	1.0327673659361258	1.7949127248698855	0.7832878408265245	-1.278772428420764	4.701468963987186	132.1813874571822	71.36923951710723	0.89348430135189	0.78804906608694	0.10543523526495002	1.0181764055478149	5.66657477141055	39.22326341161883	34.698735947512034	0.862247507072923	0.0	0.0	0.0	0.0
2025-08-01 00:00:00+00:00	37.7599983215332	37.90999984741211	37.04999923706055	37.27000045776367	11850700	PINS	-3.4455908521579426	2.3211892795164135	1.1826017878933284	0.9805443890919788	1.2343527686407507	-2.1761662844392564	1.3147245982055265	2.3211892795164135	-18.300896913541948	59.51557419047309	0.8287547129444945	0.7961901954584509	0.03256451748604361	1.0561637506558672	4.656309327103507	39.27272718188209	34.85727197888451	0.6574013797440589	0.0	0.0	0.0	0.0
2025-08-04 00:00:00+00:00	39.06999969482422	39.279998779296875	37.88999938964844	38.11000061035156	8681200	PINS	0.926912882352448	3.6685125680635027	1.1195900356104764	1.0331936307194276	0.8527500333980338	3.469283452123375	2.5190214355753597	3.6685125680635027	-26.745255554524206	68.34545334144129	0.8730976838514408	0.811571693137049	0.0615259907143918	1.0892949440207105	8.287133348191762	39.50947989683293	34.960519416521564	0.9033888722685434	0.0	0.0	0.0	0.0
2025-08-05 00:00:00+00:00	38.880001068115234	39.130001068115234	38.290000915527344	38.88999938964844	11645600	PINS	-0.4607123280823232	2.193784623931033	1.1812612339215085	1.041308215907389	1.1000903076126674	-0.4863031179755918	-0.025709235510722152	2.193784623931033	34.147352900520666	66.09385332912697	0.8827329109629858	0.8258039367022365	0.05692897426074928	1.0714881732040804	4.769605035441426	39.66739965617097	35.114599931841724	0.82705178445517	0.0	0.0	0.0	0.0
2025-08-06 00:00:00+00:00	39.099998474121094	39.275001525878906	38.65999984741211	38.790000915527344	10867300	PINS	-0.23148186758075498	1.5907958636682844	1.2632855846673419	1.0842477001032165	0.9441599580191867	0.5658369340588191	0.7991687323463309	1.5907958636682844	-6.6832108264065395	67.4317655214222	0.897771894381755	0.8401975282381402	0.057574366143614775	1.0388819950085602	2.894732826634457	39.834587623496766	35.26841187296319	0.839123768004367	0.0	0.0	0.0	0.0
2025-08-07 00:00:00+00:00	39.16999816894531	39.83000183105469	38.529998779296875	39.83000183105469	25282300	PINS	1.867016331002563	3.3740023175301435	0.865684753014389	1.061993066039075	1.8500931548390025	0.1790273594781572	-1.6570515485007657	3.3740023175301435	132.6456433520746	67.8662495944629	0.9049075761985961	0.8531395378302313	0.051768038368364744	1.0575334990620782	2.7814157481431003	39.958141320733404	35.48185806891503	0.8239291154178126	0.0	0.0	0.0	0.0
2025-08-08 00:00:00+00:00	35.130001068115234	36.369998931884766	33.099998474121094	33.290000915527344	37478600	PINS	-15.01148207374627	9.879155916941475	3.3178740064233874	2.4313979772061476	1.9944973657602043	-10.31400890907639	5.52718564729647	9.879155916941475	48.24046862824981	37.101991092130014	0.5779069020435941	0.798093010672904	-0.22018610862930987	1.4155667987593739	-7.038898605369324	40.00594634598632	35.40505333357912	-0.05978236501525957	0.0	0.0	0.0	0.0
2025-08-11 00:00:00+00:00	34.189998626708984	35.31999969482422	34.1150016784668	35.27000045776367	17724000	PINS	0.39851803413551284	3.532164611083722	3.3232866991400867	2.3818457159128386	0.8604067271339776	-2.6757825585704778	-3.062097581620406	3.532164611083722	-52.7090126098627	33.31757721515628	0.24013800927956197	0.6865020103942355	-0.44636400111467356	1.4005261714449486	-9.238119754158092	40.287383816491044	34.944615771521654	-0.14124085838298703	0.0	0.0	0.0	0.0
2025-08-12 00:00:00+00:00	34.810001373291016	34.94499969482422	33.90999984741211	34.20500183105469	12890600	PINS	0.04388185126741342	3.052196555792957	3.2198523407681567	2.3902360554546607	0.6182968991623402	1.813403835874066	1.7687458261939035	3.052196555792957	-27.270367862784923	37.82246739895752	0.02222655445639532	0.5536469192066675	-0.5314203647502722	1.3744171482997458	-8.177257944074384	40.4361235397006	34.62387630771151	0.032022909238120414	0.0	0.0	0.0	0.0
2025-08-13 00:00:00+00:00	35.779998779296875	35.80799865722656	34.81999969482422	34.81999969482422	11444800	PINS	0.028722554262450066	2.837446786506445	2.999749567343485	2.3357193567129455	0.5459247874696027	2.78654802567781	2.757033580949038	2.837446786506445	-11.215924782399577	44.176527639367926	-0.07137637695679899	0.42864225997397426	-0.5000186369307733	1.3475300151308744	-7.11319222716819	40.45381864278731	34.576180899449014	0.2048132144945928	0.0	0.0	0.0	0.0
2025-08-14 00:00:00+00:00	36.349998474121094	36.400001525878906	35.388999938964844	35.45000076293945	10089500	PINS	-0.9222974500165894	2.85682440492167	3.0581385671233874	2.32196281676054	0.5628573819419264	1.593067954921322	2.538780512869626	2.85682440492167	-11.842059275828323	47.567374546384414	-0.09842853985059463	0.3232281000090605	-0.4216566398596551	1.3234922702582452	-5.140921806868406	40.44320870803816	34.613790498504805	0.2978355494853527	0.0	0.0	0.0	0.0
2025-08-15 00:00:00+00:00	35.779998779296875	36.6150016784668	35.7599983215332	36.349998474121094	8599900	PINS	0.0	2.390949096937585	0.41290258280459774	2.3180270377844168	0.7078246813105773	-1.5680872592883945	-1.5680872592883945	2.390949096937585	-14.763863422369791	44.6468122487345	-0.1639716227322694	0.22578815546079456	-0.38975977819306395	1.2900287764493417	-6.579635791024306	40.471029731170965	34.45296929226654	0.22050783645368635	0.0	0.0	0.0	0.0
2025-08-18 00:00:00+00:00	36.099998474121094	36.3849983215332	35.65999984741211	35.880001068115234	7163400	PINS	0.2794921526834232	2.0330860269863624	0.4141560586035733	2.364979483630924	0.7136538070701878	0.8943535655159885	0.6131477130901205	2.0330860269863624	-16.703682600960477	46.62802093936954	-0.18792737728057318	0.143045048912521	-0.3309724261930942	1.249669469140181	-6.476684193850668	40.42171435891578	34.312284511933825	0.2926155151892604	0.0	0.0	0.0	0.0
2025-08-19 00:00:00+00:00	35.220001220703125	36.47999954223633	35.119998931884766	36.11000061035156	7627200	PINS	0.027706749731967312	3.8724392133077323	0.6910534883976487	2.3312314447048044	0.8488852482370539	-2.437665624968959	-2.4646894893524416	3.8724392133077323	6.474579110478265	42.159168074093124	-0.27475371940982285	0.059485295248052246	-0.3342390146578751	1.257550264940994	-6.726687536375252	40.394135071854876	34.05086386002989	0.18431142570315345	0.0	0.0	0.0	0.0
2025-08-20 00:00:00+00:00	35.47999954223633	35.56999969482422	34.70000076293945	35.0	7276600	PINS	-0.6246485323055675	2.5072014776839664	0.702052974685473	2.2630255817531606	0.89268977294475	0.7382121309535054	1.371427263532366	2.5072014776839664	-4.596706524019299	43.87080557624375	-0.31890835247242677	-0.016193434296043557	-0.3027149181763832	1.229868026865549	-9.188636244252324	40.35488501272255	33.859113781833116	0.2495293788511811	0.0	0.0	0.0	0.0
2025-08-21 00:00:00+00:00	34.869998931884766	35.45000076293945	34.69499969482422	35.2599983215332	5764800	PINS	-0.6200710922818072	2.1761091648831026	0.7369546391848515	2.3095172413515064	0.7911747671683332	-1.7192802091933561	-1.1060675218758187	2.1761091648831026	-20.776186680592584	40.81882235230443	-0.39852917233615415	-0.09266058190406569	-0.30586859043208847	1.1980917283331607	-10.313791219308882	40.34454317411883	33.589455696730774	0.18956723202186132	0.0	0.0	0.0	0.0
2025-08-22 00:00:00+00:00	35.61000061035156	35.775001525878906	34.81999969482422	35.0	7218500	PINS	0.3728163811222912	2.7426819052977844	0.7292402429117032	0.5762099286420812	1.0297285345430165	2.122172931270574	1.74285888671875	2.7426819052977844	25.21683319456009	45.749404107648196	-0.3973370406441603	-0.15359587365208463	-0.24374116699207568	1.1807281642418412	-8.925826086871684	40.249843046889254	33.45415590025431	0.31723719229258157	0.0	0.0	0.0	0.0
2025-08-25 00:00:00+00:00	35.5099983215332	35.650001525878906	35.290000915527344	35.5099983215332	7752400	PINS	-0.28082641702985384	1.0201207169511997	1.0284574720783644	0.7445790755874818	1.0876134625906648	-0.28082641702985384	0.0	1.0201207169511997	7.396273464016071	45.20134445314993	-0.3998523674505421	-0.20284717241177613	-0.19700519503876596	1.1221047675353928	-9.343885673994807	40.05686637826514	33.346132355255364	0.3224484771499469	0.0	0.0	0.0	0.0
2025-08-26 00:00:00+00:00	36.060001373291016	36.099998474121094	35.40999984741211	35.47999954223633	8506600	PINS	-0.08447981051771493	1.9485982199443923	0.6654867223465312	0.7434795140473439	1.1646845879804704	1.548868143494931	1.6347289699489371	1.9485982199443923	9.728600175429545	48.83196586960133	-0.35339145563497	-0.2329560290564149	-0.12043542657855508	1.0912400431906495	2.64731077967393	39.8696283921454	33.30737050922178	0.41946398833733123	0.0	0.0	0.0	0.0
2025-08-27 00:00:00+00:00	36.15999984741211	36.5	35.85499954223633	36.0	7152400	PINS	-0.16639315309471273	1.7989135852696827	0.62573279366183	0.7540268295721304	0.9826156006231677	0.2773113430748807	0.4444440205891927	1.7989135852696827	-15.919403757082737	49.48724312063971	-0.3049861170389221	-0.24736204665291633	-0.057624070386005755	1.0593657870887225	5.761922491462676	39.670682328713745	33.29231663368859	0.4495952961681367	0.0	0.0	0.0	0.0
2025-08-28 00:00:00+00:00	36.70000076293945	37.15999984741211	36.2599983215332	36.2599983215332	6010300	PINS	0.27654445393547317	2.482078233700401	0.6684320384440384	0.7342468104180881	0.820178383305768	1.4933653700388232	1.213465145542911	2.482078233700401	-15.968066662938316	52.98844221852194	-0.22050908508212785	-0.24199145433875865	0.0214823692566308	1.0551253737252424	5.42947232141908	39.42734294696211	33.34565624432207	0.5515483915278422	0.0	0.0	0.0	0.0
2025-08-29 00:00:00+00:00	36.630001068115234	37.060001373291016	36.45000076293945	36.630001068115234	5154900	PINS	-0.19073485931615058	1.6735270166901635	0.5268638229844171	0.7587123996909555	0.7454318816772036	-0.19073485931615058	0.0	1.6735270166901635	-14.232234663827098	52.480632358617605	-0.15739447347709046	-0.22507205816642503	0.06767758468933457	1.0233307477699796	2.3756353208994243	39.30800547385791	33.351993992084466	0.5503695024870433	0.0	0.0	0.0	0.0
2025-09-02 00:00:00+00:00	36.72999954223633	36.79999923706055	35.60599899291992	35.86000061035156	6370500	PINS	-2.1021032905017374	3.353368190506454	0.6888244235210873	0.8327740865980818	0.959565834304874	0.27299609938624303	2.4260984859928487	3.353368190506454	23.581446778792994	53.17105693588265	-0.09817494823298034	-0.19969263617973612	0.10151768794675578	1.0355214260821686	1.045395004310031	38.92302596080607	33.50297348987752	0.5953864966561775	0.0	0.0	0.0	0.0
2025-09-03 00:00:00+00:00	37.119998931884766	37.46500015258789	36.67499923706055	36.880001068115234	4582300	PINS	0.40838967532906567	2.1540584375228504	0.6721797252064007	0.6405459025073332	0.7827532251011261	1.061800692918528	0.6507534078599104	2.1540584375228504	-28.07001020328075	55.86438940568693	-0.019548019044314913	-0.1636637127526519	0.144115693708337	1.0179842467568239	3.7451095536740078	38.585734549678314	33.664264687382236	0.70217523243966	0.0	0.0	0.0	0.0
2025-09-04 00:00:00+00:00	37.119998931884766	37.387001037597656	36.4900016784668	37.150001525878906	6163800	PINS	0.08082595597374724	2.45820585878512	0.6132589573259629	0.6379954983486185	1.0897114045074925	0.0	-0.08076068038177776	2.45820585878512	34.51323571132401	55.86438940568694	0.042277045351866605	-0.1224755611317482	0.1647526064836148	1.009342469069255	2.8254861520143186	38.13405407811155	33.91794520472537	0.7594807969433814	0.0	0.0	0.0	0.0
2025-09-05 00:00:00+00:00	37.939998626708984	38.16999816894531	37.17399978637695	37.66999816894531	8405100	PINS	1.4816790217849845	2.6792876426855736	0.6241532156996352	0.6571425900972813	1.3699529934868924	2.2090509655695816	0.7167519800578513	2.6792876426855736	36.36230896524871	61.29295136790789	0.1556467774960879	-0.06685109340618099	0.2224978709022689	1.0122465239257759	7.722877091801412	37.74901573154807	34.17998359706522	1.0535111167298548	0.0	0.0	0.0	0.0
2025-09-08 00:00:00+00:00	37.95000076293945	38.41999816894531	37.60100173950195	38.0	9319100	PINS	0.15814806395057665	2.178123963604294	0.49105405198025676	0.6320800945663361	1.3373831829349498	0.026363037934923512	-0.1315769396330181	2.178123963604294	10.874350096964939	61.3553892775615	0.2434933559693917	-0.0047822035310664535	0.24827555950045815	0.9984429457484604	6.961672076017843	38.04305970039596	34.16793959769974	0.9759855346440085	0.0	0.0	0.0	0.0
2025-09-09 00:00:00+00:00	36.5	38.56999969482422	35.09000015258789	38.20000076293945	22049500	PINS	0.6587615150831317	9.917354024233818	3.383344315714749	2.456206810442865	2.1822631918574498	-3.8208187978627643	-4.45026368844669	9.917354024233818	136.60546619308732	49.01230775473896	0.19387459327416678	0.0349491558299802	0.15892543744418658	1.1756969883547366	4.674508511741818	37.952494783023894	34.48950465240091	0.5805662943767634	0.0	0.0	0.0	0.0
2025-09-10 00:00:00+00:00	35.290000915527344	36.099998474121094	34.47999954223633	36.06999969482422	16404200	PINS	-1.1780830278788528	4.69837283466418	3.247977358349538	2.4712920881121105	1.3156683247328835	-3.3150659848565924	-2.16245851371271	4.69837283466418	-25.602848137145966	41.508094422022076	0.05626595373137633	0.03921251541025943	0.0170534383211169	1.2360043790268034	-0.8986231096306054	37.90961366026323	34.5803857293852	0.21314707219670428	0.0	0.0	0.0	0.0
2025-09-11 00:00:00+00:00	34.959999084472656	35.279998779296875	34.43000030517578	35.27000045776367	13487500	PINS	-0.056674574227261694	2.4687727754487283	3.2464122368768042	2.433691267008851	0.9680199927080014	-0.9351142603951849	-0.8789378204353774	2.4687727754487283	-17.780202631033514	39.721831923002554	-0.07851322278921202	0.015667367770365134	-0.09418059055957716	1.209146966978572	-1.5488574008944074	37.950772678265196	34.457226741900826	0.1439146219142179	0.0	0.0	0.0	0.0
2025-09-12 00:00:00+00:00	35.029998779296875	35.29499816894531	34.849998474121094	34.970001220703125	6136400	PINS	0.028610230241428006	1.2769001845284629	3.4829494610230087	2.5130907673577503	0.45524484136463655	0.20022796526704953	0.17156864884016626	1.2769001845284629	-54.50305838739574	40.30862977230523	-0.1776306848887117	-0.022992242761450232	-0.15463844212726147	1.1545650189675467	-2.8563576116695457	37.95601631484418	34.31998313583942	0.195272047449192	0.0	0.0	0.0	0.0
2025-09-15 00:00:00+00:00	36.2599983215332	36.279998779296875	35.22999954223633	35.2400016784668	7724300	PINS	0.599494451864029	2.9804122926590737	3.389033779227121	2.4531992039877992	0.5869359395397398	3.5112748646833287	2.8944284747002986	2.9804122926590737	25.87673554527084	49.59408964549586	-0.15514291325108331	-0.04942237685937685	-0.10572053639170646	1.1613818033270076	0.27654445393547317	37.97313860384166	34.350860801065565	0.5270544183564508	0.0	0.0	0.0	0.0
2025-09-16 00:00:00+00:00	36.25	36.4900016784668	35.529998779296875	36.41999816894531	7078800	PINS	0.4412571837243924	2.70195027343854	1.2321049540372566	2.4636878281672194	0.6963046318009412	-0.02757397130728924	-0.4667714922903728	2.70195027343854	-8.35674430045441	49.526646529933075	-0.13655386524417423	-0.06684867453633633	-0.0697051907078379	1.1469975958872156	-1.2261600915111552	37.98079188538142	34.35820767211369	0.5222217667038934	0.0	0.0	0.0	0.0
2025-09-17 00:00:00+00:00	36.4900016784668	37.040000915527344	36.150001525878906	36.279998779296875	8246300	PINS	0.08275525323275862	2.4619622464228907	0.6510672985999889	2.4489418632751176	0.9662130653125022	0.6620735957704741	0.578839322590495	2.4619622464228907	16.492908402554104	51.240748276009015	-0.10128819384831189	-0.07373657839873145	-0.027551615449580444	1.1286405811558742	-0.3821987047941985	37.99506815306993	34.470931450201554	0.572926193987275	0.0	0.0	0.0	0.0
2025-09-18 00:00:00+00:00	36.29999923706055	37.04999923706055	35.97999954223633	36.7400016784668	8363000	PINS	0.6851191792285615	2.973873564306647	0.7055769280819565	2.43270055895976	1.1136174791205045	-0.5206972668306913	-1.1976113807967899	2.973873564306647	1.4151801413967477	49.79888641612803	-0.08766100282301892	-0.07652146328358894	-0.011139539539429977	1.1244519464178988	-1.1707059911103948	38.00190510405765	34.54609446869626	0.5075234014322296	0.0	0.0	0.0	0.0
2025-09-19 00:00:00+00:00	35.810001373291016	36.45000076293945	35.44499969482422	36.20000076293945	11906200	PINS	-0.2754778959306427	2.8353817936750825	0.21649757194883343	2.427817902580543	1.3742595559413278	-1.3498564023915105	-1.0773463575385003	2.8353817936750825	42.367571445653475	46.1892089067317	-0.11507359154751384	-0.08423188893637393	-0.030841702611139915	1.1159197408248513	-3.5290883520702594	37.94138133470375	34.70061848219078	0.3423215278587862	0.0	0.0	0.0	0.0
2025-09-22 00:00:00+00:00	35.310001373291016	36.150001525878906	35.19499969482422	35.66999816894531	7163800	PINS	-0.39096118116913814	2.7134588416977032	0.1892194287789558	2.40244325021329	0.8377126205327178	-1.3962579749380473	-1.0092425403254268	2.7134588416977032	-39.831348373116526	42.78147971196017	-0.1751253509009203	-0.10241058132928321	-0.07271476957163708	1.1044256044126968	-4.876071149449916	37.95768259721867	34.65431729596981	0.19848972714986096	0.0	0.0	0.0	0.0
2025-09-23 00:00:00+00:00	35.27000045776367	35.71500015258789	34.88999938964844	35.5099983215332	8429500	PINS	0.5664031165783755	2.3645766046766505	0.25403838165862047	0.8426723039141256	0.9555349499419616	-0.11328494469445421	-0.6758599693427667	2.3645766046766505	17.66799743153075	42.511262403850374	-0.22336967583923695	-0.12660240023127398	-0.09676727560796297	1.084466687164608	-7.037422945676357	37.97191985464153	34.61608025216999	0.19486038757992913	0.0	0.0	0.0	0.0
2025-09-24 00:00:00+00:00	33.0	35.314998626708984	32.89500045776367	35.150001525878906	18708400	PINS	-0.34022945939132054	7.356735477333485	2.085069134790189	1.6028785053496146	1.7141370217460221	-6.4360658585248105	-6.1166470342710655	7.356735477333485	121.93961682187555	30.67169498414438	-0.43970507034653394	-0.189222934254326	-0.25048213609220793	1.1798617930060868	-13.04348000902661	38.35027927202971	33.93172069745272	-0.2108653040866197	0.0	0.0	0.0	0.0
2025-09-25 00:00:00+00:00	33.45000076293945	33.73500061035156	32.380001068115234	32.380001068115234	12114400	PINS	-1.8787846420750474	4.18468035064583	2.057211213052828	1.629717502332455	1.0385735816317259	1.3636386755741003	3.3045079046580184	4.18468035064583	-35.246199568108445	34.56242434971878	-0.5682902323004342	-0.2650363938635476	-0.3032538384368866	1.1923716322368183	-8.356162293316567	38.506639207423724	33.50436085361144	-0.010867066329996646	0.0	0.0	0.0	0.0
2025-09-26 00:00:00+00:00	33.599998474121094	34.119998931884766	33.150001525878906	33.5099983215332	8787800	PINS	0.17936489454500584	2.9260855546224347	2.0459449291163643	1.4928736395724225	0.7959401419102636	0.4484236405394313	0.268577013118074	2.9260855546224347	-27.459882453939116	35.85465970585528	-0.6505917214600743	-0.34214745938285296	-0.3084442620772213	1.176487758934607	-4.788898831290937	38.5375835274379	33.16341630471541	0.08123717616373584	0.0	0.0	0.0	0.0
2025-09-29 00:00:00+00:00	33.31999969482422	34.130001068115234	33.119998931884766	33.84000015258789	9419300	PINS	0.71429074216074	3.049523456530475	2.001891844651554	1.4911319705762447	0.8196483081967442	-0.8333297381323742	-1.5366443718053742	3.049523456530475	7.186098909852295	34.48564243111946	-0.7299948794468918	-0.4197169433956607	-0.3102779360512311	1.1645959287414542	-4.691073891866424	38.56076393861989	32.80923575620432	0.08880490930766526	0.0	0.0	0.0	0.0
2025-09-30 00:00:00+00:00	32.16999816894531	33.720001220703125	31.96500015258789	33.59000015258789	12669300	PINS	0.810325510914133	5.490383418543952	1.855452750744631	1.6109678884467011	1.0266988875058347	-3.4513851633004142	-4.227454531682032	5.490383418543952	34.5036255348062	29.503031973525523	-0.8756243143562799	-0.5108984175877845	-0.3647258967684953	1.20676772441101	-8.164432515030104	38.6686544100123	32.245345147482816	-0.011730243003717944	0.0	0.0	0.0	0.0
2025-10-01 00:00:00+00:00	31.850000381469727	32.20500183105469	31.280000686645508	31.860000610351562	12380000	PINS	-0.9636231776133584	2.957164719002369	1.1193669639029493	1.5781571055132388	1.1179177472602888	-0.994708752531076	-0.03138803732033447	2.957164719002369	-2.2834726464761275	28.27866728746193	-1.0052697143334086	-0.6097726769369094	-0.3954970373964992	1.186641540125165	-12.16215704412919	38.66998835502427	31.717011347429334	0.01912691986398406	0.0	0.0	0.0	0.0
2025-10-02 00:00:00+00:00	31.899999618530273	32.099998474121094	31.40999984741211	32.08000183105469	10961100	PINS	0.722139550487338	2.1967482650778614	1.2581886772636233	1.6351795134650724	1.0108452068059206	0.15698347397708773	-0.561104121727839	2.1967482650778614	-11.461227786752827	28.776027935587834	-1.091399137406576	-0.7060979690308427	-0.38530116837573325	1.1511670463097237	-12.000001052330282	38.571268551429576	31.29373121968859	0.0833068071251857	0.0	0.0	0.0	0.0
2025-10-03 00:00:00+00:00	31.950000762939453	32.5099983215332	31.735000610351562	32.04999923706055	10410000	PINS	0.4702182455298235	2.4420913700214206	1.3138410796544089	1.6603490535071546	0.9321325150385836	0.1567434012762016	-0.312007726993834	2.4420913700214206	-5.027780058570764	29.304009916097172	-1.1424531623411553	-0.7933690076929052	-0.34908415464825016	1.124297808086289	-12.441766803772044	38.21795286895392	31.048047115787295	0.12579714130186517	0.0	0.0	0.0	0.0
2025-10-06 00:00:00+00:00	32.040000915527344	32.400001525878906	31.135000228881836	32.2400016784668	12357400	PINS	0.9076710754377558	4.062955797969175	1.3570426755673948	1.6378531487739012	1.0511961999258224	0.28169061170191495	-0.6203497286820375	4.062955797969175	18.707012487992316	30.305483515171474	-1.162253845917185	-0.8671459753377612	-0.2951078705794238	1.134348057294202	-11.73553281286009	37.75024613258442	30.924753867415575	0.16339437578780702	0.0	0.0	0.0	0.0
2025-10-07 00:00:00+00:00	31.389999389648438	32.22999954223633	31.360000610351562	32.099998474121094	10091300	PINS	0.18725829238248792	2.774231233903705	0.7202260779700292	1.6054574132153467	0.8978056861412318	-2.0287188118147026	-2.211835259260386	2.774231233903705	-18.337999902892193	27.29782464286872	-1.2163741174965281	-0.9369916037695146	-0.2793825137270135	1.1154659769078137	-12.342926037805874	37.57312956070309	30.590870378261762	0.11445135313743286	0.0	0.0	0.0	0.0
2025-10-08 00:00:00+00:00	31.790000915527344	31.799999237060547	31.200000762939453	31.510000228881836	6447100	PINS	0.38229003366266845	1.923071985414163	0.8343438854696621	1.0806142550509263	0.6412868110028667	1.2742960613462637	0.8886089641753199	1.923071985414163	-36.11229474894216	31.78447804775118	-1.2130052727379024	-0.9921943375631923	-0.22081093517471007	1.078646869565905	-9.968848260726066	37.488100987079335	30.325898951885506	0.20442064555670064	0.0	0.9996888637542725	999688.8637542725	0.6997822046279907
2025-10-09 00:00:00+00:00	31.8700008392334	31.8700008392334	31.3700008392334	31.770000457763672	8850100	PINS	-0.06291430383036874	1.5938794600689552	0.9562605486847223	1.1280239074480343	0.9189009031084457	0.25165121548323055	0.31476355061017747	1.5938794600689552	37.272572164228876	32.67929942467467	-1.1901606822440485	-1.0317876064993636	-0.15837307574468484	1.0373149503111976	-9.639919405733552	37.40447421796843	30.10052589647249	0.24226279607609522	0.7902	-0.3474406599998474	-0.4396864342108494	-0.00614846199989319
2025-10-10 00:00:00+00:00	30.399999618530273	32.04999923706055	30.270000457763672	31.850000381469727	9399400	PINS	-0.06275637664574649	5.880405524871208	1.754259936170964	1.461179054635905	0.9968544054232341	-4.612491942245221	-4.5525926077635495	5.880405524871208	6.20670952870589	25.944665103505812	-1.2759644687537417	-1.0806229789502393	-0.1953414898035024	1.090363795238746	-7.878789034756747	37.399659350751676	29.642340847612587	0.09767018984860437	0.15086666666666668	-0.22855683337852875	-1.5149490837126272	-0.11472978336497011
2025-10-13 00:00:00+00:00	32.27000045776367	32.290000915527344	30.73590087890625	30.989999771118164	10853470	PINS	1.9407899999717662	5.056302213961321	1.9183545095271413	1.566567810741539	1.1889947650563513	6.151318627298739	4.130366879958592	5.056302213961321	15.469817222375895	42.24919008069154	-1.1794748958666048	-1.1003933623335125	-0.07908153353309233	1.1474807596500547	-3.5276540456260594	37.022496629717196	29.620503782270106	0.3579436957180206	0.63874	0.2487839063658231	0.38949105563260084	0.3657707344560761
