timestamp	close	high	low	open	volume	symbol	gap_apertura_pct	volatilidad_diaria	vol_5d	vol_10d	vol_rel_5d	return_pct	close_open_pct	range_pct	volume_change_pct	rsi_14	macd	macd_signal	macd_diff	atr_14	momentum_12	bb_upper	bb_lower	bb_pctb	vader	finbert	sentiment_ratio	sentiment_combined
2025-06-05 00:00:00+00:00	13.779999732971191	14.270000457763672	13.61299991607666	14.024999618530273	34888200	RIVN	0.0	4.826273016509082	0.0	0.0	0.0	0.0	-1.7468798019458085	4.826273016509082	0.0	0.0	0.0	0.0	0.0	0.0	0.0	0.0	0.0	0.0	0.0	0.0	0.0	0.0
2025-06-06 00:00:00+00:00	14.0	14.135000228881836	13.6899995803833	13.914999961853027	24451500	RIVN	0.9796823766173449	3.250552681799832	0.0	0.0	0.0	1.5965186595934204	0.6108518748113126	3.250552681799832	-29.91469895265448	0.0	0.0	0.0	0.0	0.0	0.0	0.0	0.0	0.0	0.0	0.0	0.0	0.0
2025-06-09 00:00:00+00:00	14.399999618530273	14.550000190734863	13.994999885559082	14.149999618530273	27172700	RIVN	1.0714258466448103	3.9657042494760244	0.0	0.0	0.0	2.857140132359096	1.7667844999275477	3.9657042494760244	11.128969592867513	0.0	0.0	0.0	0.0	0.0	0.0	0.0	0.0	0.0	0.0	0.0	0.0	0.0
2025-06-10 00:00:00+00:00	14.399999618530273	14.734999656677246	14.270000457763672	14.59000015258789	19586300	RIVN	1.3194481881313374	3.258578724575926	0.0	0.0	0.0	0.0	-1.3022654699829868	3.258578724575926	-27.919198313012693	0.0	0.0	0.0	0.0	0.0	0.0	0.0	0.0	0.0	0.0	0.0	0.0	0.0
2025-06-11 00:00:00+00:00	14.199999809265137	14.800000190734863	14.0649995803833	14.604999542236328	20827200	RIVN	1.4236106190048488	5.225742142052252	0.9003068267814582	0.0	0.8204472058106344	-1.3888876011341837	-2.7730211959265665	5.225742142052252	6.335550869740585	0.0	0.0	0.0	0.0	0.0	0.0	0.0	0.0	0.0	0.0	0.0	0.0	0.0
2025-06-12 00:00:00+00:00	13.90999984741211	14.130000114440918	13.880000114440918	13.979999542236328	14829200	RIVN	-1.5492976759426718	1.801152722901616	1.2451562208799252	0.0	0.6938163266642898	-2.0422532799177207	-0.5007131410322003	1.801152722901616	-28.798878389797956	0.0	0.0	0.0	0.0	0.0	0.0	0.0	0.0	0.0	0.0	0.0	0.0	0.0
2025-06-13 00:00:00+00:00	13.420000076293945	13.739999771118164	13.350000381469727	13.574999809265137	26990400	RIVN	-2.408339624887184	2.9213436592089574	1.2701208031992945	0.0	1.2334995036826202	-3.522643971914394	-1.1418028371934252	2.9213436592089574	82.00846977584764	0.0	0.0	0.0	0.0	0.0	0.0	0.0	0.0	0.0	0.0	0.0	0.0	0.0
2025-06-16 00:00:00+00:00	13.760000228881836	14.140000343322754	13.449999809265137	13.630000114440918	26498600	RIVN	1.5648288893673843	5.130115567602498	1.4810959506941972	0.0	1.2185314862179106	2.5335331643439507	0.9537792615510216	5.130115567602498	-1.8221293496947062	0.0	0.0	0.0	0.0	0.0	0.0	0.0	0.0	0.0	0.0	0.0	0.0	0.0
2025-06-17 00:00:00+00:00	13.390000343322754	13.6899995803833	13.260000228881836	13.475000381469727	21409600	RIVN	-2.0712197868565663	3.242830649164514	1.4821989690574044	0.0	0.9682782325539324	-2.6889526119517293	-0.630798038891793	3.242830649164514	-19.20478817748862	0.0	0.0	0.0	0.0	0.0	0.0	0.0	0.0	0.0	0.0	0.0	0.0	0.0
2025-06-18 00:00:00+00:00	13.770000457763672	13.90999984741211	13.359999656677246	13.4399995803833	15930900	RIVN	0.37340728736784684	4.116768000513956	1.2558041536231779	1.0877637505926208	0.7538849143515868	2.837939542177937	2.4553637476449954	4.116768000513956	-25.589922277856665	0.0	0.0	0.0	0.0	0.0	0.0	0.0	0.0	0.0	0.0	0.0	0.0	0.0
2025-06-20 00:00:00+00:00	13.569999694824219	14.029999732971191	13.385000228881836	13.930000305175781	28260200	RIVN	1.161945113239991	4.818823257825509	0.9601436545939431	1.086965193371554	1.1865089928012247	-1.452438317289166	-2.584354647988069	4.818823257825509	77.39236326886743	0.0	0.0	0.0	0.0	0.0	0.0	0.0	0.0	0.0	0.0	0.0	0.0	0.0
2025-06-23 00:00:00+00:00	13.649999618530273	13.930000305175781	13.430000305175781	13.529999732971191	22204000	RIVN	-0.29476759581861944	3.723008106018473	0.7743513685055953	1.0718890009776876	0.9712755449755169	0.5895351916372389	0.8869171317620568	3.723008106018473	-21.43013849866597	0.0	0.0	0.0	0.0	0.0	0.0	0.0	0.0	0.0	0.0	0.0	0.0	0.0
2025-06-24 00:00:00+00:00	13.8100004196167	13.979999542236328	13.6899995803833	13.835000038146973	17736500	RIVN	1.3553144673026638	2.1183343370482977	1.0112535847097754	1.1960665019867045	0.8402642759415281	1.1721670736841634	-0.1806983625684314	2.1183343370482977	-20.120248603855163	0.0	0.0	0.0	0.0	0.0	0.21771180861292497	0.0	0.0	0.0	0.0	0.0	0.0	0.0
2025-06-25 00:00:00+00:00	13.760000228881836	13.90999984741211	13.531999588012695	13.885000228881836	14584900	RIVN	0.5430833235790615	2.793380659974784	1.0696672661607876	1.2211464562893022	0.7387265553377601	-0.36205785094575005	-0.9002520557399104	2.793380659974784	-17.76900741408959	49.13409335105778	0.0	0.0	0.0	0.5257143293108258	-1.7142840794154575	0.0	0.0	0.0	0.0	0.0	0.0	0.0
2025-06-26 00:00:00+00:00	13.90999984741211	14.140000343322754	13.65999984741211	13.789999961853027	17763100	RIVN	0.21802131157107724	3.513912893648976	1.0174492537835038	1.0778053084965034	0.8833082874268887	1.0901134886279191	0.8701949665774842	3.513912893648976	21.7910304493003	52.92554612313993	0.0	0.0	0.0	0.5224490554965272	-3.402776278463371	0.0	0.0	0.0	0.0	0.0	0.0	0.0
2025-06-27 00:00:00+00:00	13.600000381469727	13.951000213623047	13.380000114440918	13.944999694824219	27501900	RIVN	0.2516164471318879	4.267564232423686	0.8385206530042679	0.9401174333594071	1.3779832528980744	-2.2286086940544196	-2.474000149907074	4.267564232423686	54.82601572923645	45.394763780453275	0.0	0.0	0.0	0.5259169871883559	-5.555550404536735	0.0	0.0	0.0	0.0	0.0	0.0	0.0
2025-06-30 00:00:00+00:00	13.739999771118164	13.824999809265137	13.5600004196167	13.600000381469727	18768700	RIVN	0.0	1.954272724542646	0.9694767617617712	1.0663369081516483	0.9739339173536222	1.0294072479526506	1.0294072479526506	1.954272724542646	-31.754896934393624	48.92902599970214	0.0	0.0	0.0	0.5072800159355045	-3.2394369318711846	0.0	0.0	0.0	0.0	0.0	0.0	0.0
2025-07-01 00:00:00+00:00	13.470000267028809	13.550000190734863	12.970000267028809	13.545000076293945	30282100	RIVN	-1.4192117763648961	4.471857453854334	1.045542494304117	0.975645781146977	1.3903537810133453	-1.965061925669762	-0.5537084447596213	4.471857453854334	61.34361996302354	43.131054669778614	0.0	0.0	0.0	0.5260456936607796	-3.1631889662828474	0.0	0.0	0.0	0.0	0.0	0.0	0.0
2025-07-02 00:00:00+00:00	12.869999885559082	13.329999923706055	12.829999923706055	13.300000190734863	42320400	RIVN	-1.2620643869626564	3.8971161572351023	1.0009609494781544	0.9782639293584946	1.548652553276511	-4.454345728102006	-3.233084954956098	3.8971161572351023	39.75384798280172	33.602033415292	0.0	0.0	0.0	0.5341853114937777	-4.098362053711336	0.0	0.0	0.0	0.0	0.0	0.0	0.0
2025-07-03 00:00:00+00:00	13.069999694824219	13.454999923706055	12.890000343322754	12.970000267028809	21513400	RIVN	0.7770037479326868	4.383239451781554	1.051924789484172	0.9983116657064893	0.7662203986850588	1.554000085808459	0.7710055955019515	4.383239451781554	-49.16541431555467	38.48102476962424	0.0	0.0	0.0	0.5378149348261487	-5.014538681542508	14.46851042331437	12.979489530909262	0.06078501945581289	0.0	0.0	0.0	0.0
2025-07-07 00:00:00+00:00	12.75	12.920000076293945	12.444000244140625	12.880000114440918	34462300	RIVN	-1.4537076114740959	3.825135188159847	1.0203501133626511	0.9082599634509051	1.1694273853063757	-2.448352733710775	-1.009317649734826	3.825135188159847	60.18992813781179	34.15636822878855	0.0	0.0	0.0	0.5441138288159663	-4.779688774555599	14.52853433939852	12.816465641527993	-0.038821830929250976	0.0	0.0	0.0	0.0
2025-07-08 00:00:00+00:00	13.130000114440918	13.369999885559082	12.779999732971191	12.789999961853027	28302900	RIVN	0.31372519100413604	4.616589709824062	0.35558754937024195	0.9747331150205839	0.9020493864461685	2.980393054438572	2.6583280187800025	4.616589709824062	-17.872863970193517	42.43039779090048	0.0	0.0	0.0	0.5495342614404745	-4.6477873786991415	14.502290200181562	12.755709792189045	0.21429893553087243	0.0	0.0	0.0	0.0
2025-07-09 00:00:00+00:00	13.199999809265137	13.319999694824219	13.0600004196167	13.1899995803833	16207100	RIVN	0.4569647023566505	1.9908060249139738	1.0336520629255888	0.9966300131986255	0.5674512503317435	0.533127907190421	0.07581674905212796	1.9908060249139738	-42.73696335004541	43.83062963140256	0.0	0.0	0.0	0.5288531909952634	-2.7266020182756896	14.385183767823298	12.752816243620794	0.27394784508642755	0.0	0.0	0.0	0.0
2025-07-10 00:00:00+00:00	13.319999694824219	13.494999885559082	13.194999694824219	13.21500015258789	20665200	RIVN	0.11363896620835631	2.2735899785775615	1.2124995269106298	1.0536396139495872	0.8528702634483112	0.9090900552502553	0.7945481727124013	2.2735899785775615	27.507080230269448	46.24442048440168	0.0	0.0	0.0	0.5125065481195206	-2.417581926215369	14.242172681488638	12.787827337584849	0.36591883727622754	0.0	0.0	0.0	0.0
2025-07-11 00:00:00+00:00	13.029999732971191	13.4399995803833	13.0	13.180000305175781	21163700	RIVN	-1.051046492912739	3.384612156794621	1.0897638686310773	1.0545075669348924	0.875972258553723	-2.177176940670001	-1.1380923272489203	3.384612156794621	2.412267967404138	41.59264820251371	0.0	0.0	0.0	0.5073274789955049	-5.648085901123796	14.140818061582419	12.772181949861672	0.18837569818713373	0.0	0.0	0.0	0.0
2025-07-14 00:00:00+00:00	12.75	12.880000114440918	12.550000190734863	12.85099983215332	28208300	RIVN	-1.3737521449438608	2.629481423830413	1.0538637416681145	1.0503658674530134	1.2312959199351883	-2.148885178122286	-0.7859297601157679	2.629481423830413	33.2862401186938	37.654267716089485	-0.22090786408655205	0.0	0.0	0.5053754835127066	-7.340117820360752	14.115110950646587	12.681889076056295	0.04752294473817957	0.0	0.0	0.0	0.0
2025-07-15 00:00:00+00:00	12.630000114440918	13.029999732971191	12.619999885559082	12.800000190734863	27878300	RIVN	0.39215835870481003	3.2488102308247035	0.6040471606096802	0.9335116470182663	1.2214188951180573	-0.9411755730124081	-1.3281255762558346	3.2488102308247035	-1.1698684429760036	36.0775775282231	-0.24976480607630336	0.0	0.0	0.4985629380769496	-9.202011121584084	14.149769390258566	12.568230640259014	0.03905656701862149	0.0	0.0	0.0	0.0
2025-07-16 00:00:00+00:00	12.390000343322754	12.699999809265137	11.960000038146973	12.699999809265137	41553000	RIVN	0.5542335248610358	6.1872890364372966	1.5451376476928869	1.2437122016164361	1.4896912205981996	-1.9002357002653754	-2.440940713370927	6.1872890364372966	49.051412747549165	33.092999290990406	-0.2886724796209883	0.0	0.0	0.515808426151322	-8.897058854466078	14.163528683826733	12.417471358134936	-0.01573316889884917	0.0	0.0	0.0	0.0
2025-07-17 00:00:00+00:00	12.899999618530273	13.489999771118164	12.6899995803833	12.739999771118164	52110700	RIVN	2.824854060508825	6.3041782284337895	1.7535119401593309	1.5039233658368159	1.5244713715669869	4.1162167964133225	1.2558857950282876	6.3041782284337895	25.407792457824947	43.74332880229612	-0.2751822819015999	0.0	0.0	0.5575363548401855	-6.113538330281436	14.153860384286718	12.378139585195703	0.2938863100560116	0.0	0.0	0.0	0.0
2025-07-18 00:00:00+00:00	13.699999809265137	13.859999656677246	12.800000190734863	13.029999732971191	48648400	RIVN	1.0077528549239536	8.281245704274689	2.3461654967975365	2.052647203131819	1.2260261785989526	6.201552049549666	5.141980736949464	8.281245704274689	-6.64412491100676	55.66513566113957	-0.19765937922064758	0.0	0.0	0.5934265770617709	1.7074947117804404	14.14290608720472	12.38209381742785	0.7484647934696025	0.0	0.0	0.0	0.0
2025-07-21 00:00:00+00:00	13.699999809265137	14.149999618530273	13.619999885559082	13.914999961853027	35627000	RIVN	1.5693442013224608	3.891334342323569	2.029529921879785	2.0511443150799367	0.8655001958046307	0.0	-1.545096321791578	3.891334342323569	-26.766347916889355	55.66513566113957	-0.13466953376724256	0.0	0.0	0.5888960881981582	6.4491059136477915	14.160244014786654	12.377755901290007	0.7417967603617441	0.0	0.0	0.0	0.0
2025-07-22 00:00:00+00:00	14.119999885559082	14.510000228881836	13.619999885559082	13.649999618530273	45193500	RIVN	-0.3649649009560481	6.534510651989045	1.5633735794504036	2.172130959316987	1.01270500142068	3.0656940302284132	3.443225495704553	6.534510651989045	26.851825862407726	60.731960756433125	-0.0502795401177103	0.0	0.0	0.6104035349927722	8.033666528321866	14.245345705623917	12.339654237155623	0.9342255437783	0.0	0.0	0.0	0.0
2025-07-23 00:00:00+00:00	14.020000457763672	14.239999771118164	13.770000457763672	14.210000038146973	38372200	RIVN	0.6373948535221752	3.413212038707679	2.0139388497478796	2.03371838512973	0.8722865646018809	-0.7082112507499547	-1.3370836022043904	3.413212038707679	-15.09354221292885	59.002952364259514	0.008433800155280835	0.0	0.0	0.6003746620186093	9.960787904028798	14.282675451116091	12.323324495478147	0.8659377521946316	0.0	0.0	0.0	0.0
2025-07-24 00:00:00+00:00	13.819999694824219	13.890000343322754	13.40999984741211	13.78499984741211	39294600	RIVN	-1.6761811888631524	3.5794220833140136	2.1672823154796266	1.9045048541067393	0.9485231179366956	-1.4265389187537532	0.2538980616577952	3.5794220833140136	2.403823601461475	55.59395851260258	0.03838369192778224	-0.10809923382508069	0.14648292575286292	0.6010622297566774	5.255137657039398	14.291604298335654	12.32039559485282	0.7607535910945502	0.0	0.0	0.0	0.0
2025-07-25 00:00:00+00:00	14.010000228881836	14.470000267028809	13.800999641418457	13.890000343322754	51134500	RIVN	0.5065170046621011	4.847479479693633	1.2891922046813755	1.8435744020325358	1.2196846892832711	1.3748229974909119	0.8639300402664769	4.847479479693633	30.131112162994405	58.072301183444296	0.07656802361820958	-0.07116578233642264	0.1477338059546322	0.6059149723176542	6.136366903946138	14.309737188796651	12.312262742538797	0.8499420303091465	0.0	0.0	0.0	0.0
2025-07-28 00:00:00+00:00	13.779999732971191	14.069999694824219	13.710000038146973	14.045000076293945	22639700	RIVN	0.24982046281453044	2.625818057444026	1.529000544205998	1.844074170137895	0.5756797510101228	-1.6416880239337535	-1.8867948870291467	2.625818057444026	-55.72519531822937	54.13366928746514	0.08726433482874008	-0.03947975890339009	0.12674409373213016	0.5883495926290536	3.4534538189645443	14.33214614376639	12.307853722719205	0.7272397974450902	0.0	0.0	0.0	0.0
2025-07-29 00:00:00+00:00	13.0600004196167	13.829999923706055	13.055000305175781	13.770000457763672	38882200	RIVN	-0.07256368215736914	5.936419765712432	1.3081616443021027	1.772553177656113	1.021478201291277	-5.224958833865294	-5.1561366343068435	5.936419765712432	71.74344183005958	44.05960061309199	0.03721432761978072	-0.024140941598755933	0.06135526921853665	0.6016817373362836	0.23024318695566734	14.285027461260782	12.286972470074666	0.38689022722199284	0.0	0.0	0.0	0.0
2025-07-30 00:00:00+00:00	13.029999732971191	13.180000305175781	12.850000381469727	13.109999656677246	37652100	RIVN	0.382842537933198	2.568092715249482	1.4615363972984279	1.904117280665986	0.9929188921489153	-0.22971428546392272	-0.610220639214958	2.568092715249482	-3.1636584349651	43.694720492152555	-0.004815953061180878	-0.020275943891240922	0.015459990830060045	0.582275893505553	2.1960763370289524	14.265227152887421	12.262772725042266	0.38314330516602046	0.0	0.0	0.0	0.0
2025-07-31 00:00:00+00:00	12.869999885559082	13.130000114440918	12.800000190734863	12.994999885559082	37911500	RIVN	-0.2686097323820011	2.578124365536506	1.5820352935317321	1.940880882503889	1.0071060461162469	-1.2279343874984492	-0.9619084347888945	2.578124365536506	0.6889389967624648	41.710769647510396	-0.050454298082716065	-0.026311614729535953	-0.024142683353180112	0.5642561813770174	1.9002357002653754	14.265227152887421	12.262772725042266	0.30324143814361565	0.0	0.0	0.0	0.0
2025-08-01 00:00:00+00:00	12.380000114440918	12.699999809265137	12.3100004196167	12.649999618530273	42548400	RIVN	-1.7094037994177622	3.168150904584462	1.4535337091695986	1.4143557419871735	1.1843087524125457	-3.8073020627449536	-2.1343834959002557	3.168150904584462	12.230853434973557	36.27816342213182	-0.12472415927901181	-0.04599412363943113	-0.07873003563958068	0.5639521302745435	-0.080712095276295	14.300228150802823	12.158771769088535	0.1033074253771559	0.0	0.0	0.0	0.0
2025-08-04 00:00:00+00:00	12.40999984741211	12.84000015258789	12.350000381469727	12.5600004196167	45497100	RIVN	1.4539604483994795	3.9676093601857123	1.4035678289192464	1.414424060553536	1.123433451214941	0.24232417361771727	-1.1942720317931925	3.9676093601857123	6.930225343373664	36.82071486937997	-0.17909829793619636	-0.07261495849878419	-0.10648333943741217	0.5586698189062307	-3.7984479504503335	14.323191134522004	12.101808770110564	0.13873841903089087	0.0	0.0	0.0	0.0
2025-08-05 00:00:00+00:00	12.149999618530273	12.520000457763672	12.062000274658203	12.479999542236328	67997400	RIVN	0.564058788758293	3.7970500138995145	0.6579312787769964	1.0773297709473857	1.4679510290082531	-2.0950864792802917	-2.644230254890867	3.7970500138995145	49.454360827393394	34.11004887160756	-0.24039887157628925	-0.1061717411142852	-0.13422713046200405	0.5514791306347477	-11.313870162878526	14.36701604279253	11.959983812248973	0.07894194513481474	0.0	0.0	0.0	0.0
2025-08-06 00:00:00+00:00	11.640000343322754	12.260000228881836	11.569999694824219	11.675000190734863	67072700	RIVN	-3.9094604338174332	5.963703995310263	1.2803196434103896	1.2953725456286984	1.2847842235537996	-4.197525030615694	-0.29978455537743653	5.963703995310263	-1.3599049375417294	29.519420544509188	-0.3263705011219624	-0.15021149311582066	-0.17615900800614176	0.5613735165935242	-15.036492661476034	14.459566475436592	11.711433433010672	-0.025993315674724606	0.0	0.0	0.0	0.0
2025-08-07 00:00:00+00:00	12.069999694824219	12.1899995803833	11.71500015258789	11.770000457763672	33230100	RIVN	1.1168394382006361	4.0546258780071875	1.0502850348774997	1.2908842088164447	0.6481501347594284	3.6941523953487896	2.548846434943533	4.0546258780071875	-50.45659411355141	37.19430335497148	-0.3557059264169222	-0.19131037977604098	-0.16439554664088124	0.5605610680554544	-14.518415066217216	14.460944297519987	11.585055610927277	0.1686240799783849	0.0	0.0	0.0	0.0
2025-08-08 00:00:00+00:00	11.789999961853027	12.28499984741211	11.779999732971191	12.079999923706055	31601200	RIVN	0.08285193980679363	4.286928063567495	0.8841339543535094	1.2594028923737108	0.6438751663111225	-2.3197990062191893	-2.40066195103135	4.286928063567495	-4.901881125846748	34.555573719172145	-0.39697205397714974	-0.23244271461626276	-0.16452933936088698	0.5565924285115589	-15.905851805274132	14.496042615547829	11.42595731578762	0.11857737180587158	0.0	0.0	0.0	0.0
2025-08-11 00:00:00+00:00	11.930000305175781	12.329999923706055	11.829999923706055	11.880000114440918	40349800	RIVN	0.7633600753103426	4.226542715338937	0.8586684888708176	1.1793990814199982	0.8397419034743635	1.1874499047983893	0.4208770223333986	4.226542715338937	27.684391731959547	36.963625704880954	-0.4136110489917275	-0.2686763814913557	-0.14493466750037182	0.5554072523216638	-13.675828012907038	14.517911056312236	11.322088905540792	0.1902206602730521	0.0	0.0	0.0	0.0
2025-08-12 00:00:00+00:00	11.970000267028809	12.104999542236328	11.579999923706055	12.079999923706055	33584100	RIVN	1.2573312212338899	4.533675492134657	0.7742976520467071	1.0005936209537387	0.8157899978575374	0.3352888585901672	-0.910593190165344	4.533675492134657	-16.76761718769362	37.669309735745664	-0.4187429022713758	-0.29868968564735976	-0.12005321662401602	0.5532352784794216	-14.561027327091224	14.53401052696279	11.239989450149027	0.22161692346726136	0.0	0.0	0.0	0.0
2025-08-13 00:00:00+00:00	12.279999732971191	12.345000267028809	11.904999732971191	12.0	25094800	RIVN	0.25062433000795525	3.6959306503722535	0.3108999240637209	0.8893542279819078	0.7657390455266692	2.5898033335577426	2.3333311080932617	3.6959306503722535	-25.277735595117928	42.99547286107686	-0.39326228402759256	-0.31760420532340633	-0.07565807870418623	0.5451470824492927	-10.885341284956437	14.535830893753477	11.227169022323181	0.31820438339106666	0.0	0.0	0.0	0.0
2025-08-14 00:00:00+00:00	12.0600004196167	12.210000038146973	11.789999961853027	12.0649995803833	38053200	RIVN	-1.7508156128914716	3.5623416255544598	0.4134627464415175	0.7555642503637263	1.1279493914920937	-1.7915253920063607	-0.041435233654958326	3.5623416255544598	51.63778950220763	40.35971402848594	-0.38636701798991346	-0.33135676785670776	-0.05501025013320571	0.5412079887827834	-7.6569675947173454	14.532030266406966	11.146969729778338	0.2697235928157728	0.0	0.0	0.0	0.0
2025-08-15 00:00:00+00:00	12.239999771118164	12.449999809265137	12.010000228881836	12.029999732971191	51961800	RIVN	-0.24876190382803748	3.6636100915733785	0.4222204153308137	0.7000014753890907	1.3743330245863787	1.4925318842334314	1.7456362660708595	3.6636100915733785	36.550408375642526	43.416112814821254	-0.36220277846181403	-0.337525969977729	-0.024676808484085044	0.533978816754249	-6.062931527573301	14.429969511225824	11.103030481144781	0.34174635594259345	0.0	0.0	0.0	0.0
2025-08-18 00:00:00+00:00	12.40999984741211	12.479999542236328	12.069999694824219	12.279999732971191	38394400	RIVN	0.3267970800735825	3.3968505201199215	0.44225747964560175	0.7408837144754159	1.026103716801104	1.3888895381769704	1.0586328767733937	3.3968505201199215	-26.110334899868747	46.21934608564305	-0.3255817553270415	-0.3351371270475915	0.009555371720550043	0.5251231760869534	-3.574203902387913	14.314955025197987	11.089044970987315	0.40948286041038134	0.0	0.0	0.0	0.0
2025-08-19 00:00:00+00:00	12.25	12.5	12.069999694824219	12.449999809265137	48702000	RIVN	0.3223204056796878	3.5625543997335085	0.11674805043635549	0.7557372600089477	1.2042657445716303	-1.2892816227187511	-1.606424195414841	3.5625543997335085	26.846623465922114	44.00947091242402	-0.3059432577320802	-0.3292983531844893	0.023355095452409103	0.5183286853075839	-1.050081690138892	14.09354915695026	11.123450850679134	0.3792969232507378	0.0	0.0	0.0	0.0
2025-08-20 00:00:00+00:00	12.069999694824219	12.324999809265137	11.880000114440918	12.175000190734863	45077400	RIVN	-0.6122433409398916	3.745788640888079	0.1308075058346695	0.3766508356405145	1.014394064867356	-1.4693902463329083	-0.8624270576237819	3.745788640888079	-7.4424048293704566	41.59971708120341	-0.30142943629441454	-0.32372456980647435	0.022295133512059806	0.5130909002730578	-2.7397272906396672	13.862619648763136	11.159380282572315	0.3368622933066681	0.0	0.0	0.0	0.0
2025-08-21 00:00:00+00:00	12.119999885559082	12.149999618530273	11.84000015258789	12.039999961853027	42737000	RIVN	-0.24854791822451913	2.6182386988789492	0.45459076883520144	0.5386793415266802	0.9418722225601505	0.4142517978381064	0.6644511956770989	2.6182386988789492	-5.1919587198906765	42.5408880968373	-0.29046925401204327	-0.31707350664758815	0.02660425263554489	0.49858436924943816	-0.24691139023114086	13.644956877050697	11.207043073358237	0.3744828101871698	0.0	0.0	0.0	0.0
2025-08-22 00:00:00+00:00	13.09000015258789	13.109999656677246	12.15999984741211	12.170000076293945	64603100	RIVN	0.41254283174076806	7.812498529490654	2.049762970594872	1.403588871751035	1.3486294532384133	8.003302608810738	7.559573299313464	7.812498529490654	51.164330673655144	57.01408934453092	-0.20119308700205174	-0.2938974227184809	0.09270433571642916	0.5336854693829186	12.45704266750236	13.411387296082971	11.34861264669657	0.8441966777172286	0.0	0.0	0.0	0.0
2025-08-25 00:00:00+00:00	13.109999656677246	13.489999771118164	12.90999984741211	13.050000190734863	46841300	RIVN	-0.30557648118223557	4.492640825416581	1.996682910051091	1.4091491809958687	0.9445303451190672	0.15278459783212126	0.45976601582719334	4.492640825416581	-27.493727081208174	57.25316848057519	-0.1273591713602933	-0.2605897724468434	0.1332306010865501	0.5369936446917141	8.616404210009994	13.226187897544456	11.466812037605692	0.9339605348050791	0.0	0.0	0.0	0.0
2025-08-26 00:00:00+00:00	13.210000038146973	13.260000228881836	12.84000015258789	13.109999656677246	53099500	RIVN	0.0	3.271028592700559	2.032870845051563	1.4233079363475432	1.052065654270139	0.7627794362206097	0.7627794362206097	3.271028592700559	13.360431926526378	58.496167707953624	-0.060083461479731426	-0.220488510253421	0.16040504877368958	0.5286369612347306	12.044105859952563	13.260054996851872	11.4479449001513	0.9723775289393077	0.0	0.0	0.0	0.0
2025-08-27 00:00:00+00:00	13.220000267028809	13.5	13.135000228881836	13.25	38969800	RIVN	0.3028006187548681	2.778833382245293	2.1517616215431827	1.47249556744996	0.7912627253445371	0.07570195952277012	-0.22641307902785965	2.778833382245293	-26.609855083381202	58.62573345515754	-0.005892121104333015	-0.17756923242360342	0.1716771113192704	0.5169485905121187	10.81307568192908	13.301141120434814	11.425858829974121	0.9567313924848768	0.0	0.0	0.0	0.0
2025-08-28 00:00:00+00:00	13.640000343322754	13.65999984741211	13.09000015258789	13.34000015258789	31625800	RIVN	0.9077146984510006	4.3544666782263555	1.965826193348852	1.4741896869551678	0.6724901600964533	3.177005051516086	2.248876966291974	4.3544666782263555	-18.84536230619608	63.74485832730918	0.07013690802353878	-0.128028004334175	0.19816491235771377	0.5207379551058401	13.951545856635745	13.47336553622737	11.330634459957935	1.0777674851225387	0.0	0.0	0.0	0.0
2025-08-29 00:00:00+00:00	13.569999694824219	13.885000228881836	13.3100004196167	13.649999618530273	39634100	RIVN	0.0733084674181443	4.320058535968818	0.7698729229989076	1.4736631983135742	0.9429034997775616	-0.5132012224090806	-0.5860800435294699	4.320058535968818	25.322047189320113	62.359988917192965	0.12332043286716043	-0.07775831689390791	0.20107874976106835	0.5246138018315041	10.504885911271165	13.647421975232453	11.275577978991182	0.9673577686682062	0.0	0.0	0.0	0.0
2025-09-02 00:00:00+00:00	13.869999885559082	13.949999809265137	12.979999542236328	13.300000190734863	51257800	RIVN	-1.9896795148222217	7.473037759920344	1.8266764432897642	1.804133387209553	1.1943360967812588	2.210760482546565	4.2857119296982855	7.473037759920344	29.327523521412118	65.79018207055216	0.18751471475064463	-0.0247037105649974	0.21221842531564203	0.5564271207741687	15.008286923425413	13.869168076435122	11.199831881603208	1.0003116164706307	0.0	0.0	0.0	0.0
2025-09-03 00:00:00+00:00	14.4399995803833	15.029999732971191	13.850000381469727	13.899999618530273	77654700	RIVN	0.2162922366165698	8.519850678706236	2.404217880045535	2.1777401777069456	1.62360930024061	4.109586874745982	3.884891918508733	8.519850678706236	51.49830855011335	71.16669855031468	0.28114252134333384	0.03646553581666885	0.244676985526665	0.600967994397547	17.973854986960998	14.206406658978704	11.09159329524493	1.0749941951978097	0.0	0.0	0.0	0.0
2025-09-04 00:00:00+00:00	13.699999809265137	14.369999885559082	13.380000114440918	14.359999656677246	82734000	RIVN	-0.554016108246529	7.399101365101379	1.9463336486028184	2.260266601509657	1.462215064770539	-5.124652303476876	-4.596099325846547	7.399101365101379	6.540879045312131	58.346211457691055	0.29226241631856986	0.08762491191704905	0.20463750440152081	0.6337559566507496	10.394842689075734	14.301317113538156	11.202682787279715	0.8059411853869503	0.0	0.0	0.0	0.0
2025-09-05 00:00:00+00:00	14.210000038146973	14.569999694824219	13.65999984741211	13.739999771118164	87135100	RIVN	0.29197052853953964	6.661785194562129	1.5740911126891044	2.0809902591166503	1.2873974227555045	3.7226294597240006	3.4206715782977035	6.661785194562129	5.319578407909686	63.25874134410229	0.33832773786160963	0.13776547710596115	0.20056226075564848	0.6534876631337038	16.00000031140386	14.498120353244737	11.21987958190541	0.9121113013977761	0.0	0.0	0.0	0.0
2025-09-08 00:00:00+00:00	13.989999771118164	14.324999809265137	13.819999694824219	14.234999656677246	54560700	RIVN	0.17592975695398705	3.654125366081213	1.8485369034955896	2.02862049872067	0.7720657843683023	-1.5482073640972158	-1.721109177857685	3.654125366081213	-37.383786786266384	59.9729238300976	0.3530133361410499	0.18081504891297892	0.17219828722807098	0.6428814096556476	15.907208987894736	14.60166512756525	11.33633478851141	0.812678873824349	0.0	0.0	0.0	0.0
2025-09-09 00:00:00+00:00	13.9399995803833	14.199999809265137	13.6850004196167	14.0	30599700	RIVN	0.07148126551424996	3.7632398528115063	2.1938160104329096	2.07319825452532	0.4598910919123902	-0.35739951074257215	-0.42857442583356586	3.7632398528115063	-43.916225414996504	59.22004555192109	0.3565075835533147	0.21595355584104609	0.1405540277122686	0.6337469796551325	15.016499274003618	14.681287309301208	11.457712534296203	0.7700417143521182	0.0	0.0	0.0	0.0
2025-09-10 00:00:00+00:00	13.90999984741211	14.270000457763672	13.729999542236328	13.9399995803833	32445400	RIVN	0.0	3.933000244218427	1.8001968238492436	2.0137860789875295	0.5643170934227649	-0.2152061253531725	-0.2152061253531725	3.933000244218427	6.0317584812923	58.74354859193785	0.3527893362056389	0.24332071191396465	0.10946862429167425	0.6270508322174333	6.2643215069948255	14.734852771066361	11.598147030569383	0.7370320993120757	0.0	0.0	0.0	0.0
2025-09-11 00:00:00+00:00	13.970000267028809	14.630000114440918	13.949999809265137	13.970000267028809	40471700	RIVN	0.43134737796465195	4.874554225614736	1.2612995377636247	1.8240143820516135	0.8252369576441014	0.43134737796465195	0.0	4.874554225614736	24.73786730938746	59.446366391936174	0.35064214641599456	0.2647849988143706	0.08585714760162394	0.633690077561103	6.559882783166534	14.801198548906836	11.700801306134668	0.7319058763144733	0.0	0.0	0.0	0.0
2025-09-12 00:00:00+00:00	13.460000038146973	14.039999961853027	12.569999694824219	14.0	67199600	RIVN	0.21474396848792515	11.694513148111618	3.4498937659559576	2.61797309522721	1.4914875946112587	-3.6506815972331017	-3.857142584664481	11.694513148111618	66.0409619561323	51.426955544706956	0.3042801743746608	0.2726840339264287	0.03159614044823211	0.693426519665939	1.8925056720519786	14.773086689638834	11.868913127255698	0.5478621978727898	0.0	0.0	0.0	0.0
2025-09-15 00:00:00+00:00	13.600000381469727	13.770000457763672	13.380000114440918	13.630000114440918	30818500	RIVN	1.2630020491244298	2.9148007472872135	3.5671343059975995	2.76540835628315	0.7645946185995577	1.0401214184693839	-0.2201007536266037	2.9148007472872135	-54.138863921809055	53.289782247401156	0.2756572302270026	0.27327867318654353	0.002378557040459084	0.6717532213557115	2.8744334853657527	14.757179750582445	12.020820127347243	0.5771099093530027	0.0	0.0	0.0	0.0
2025-09-16 00:00:00+00:00	14.319999694824219	14.649999618530273	13.729999542236328	13.770000457763672	62422900	RIVN	1.2500005259233216	6.700656277983362	3.463134686088721	2.7330477154093855	1.3374916062480797	5.2941124496989405	3.9941845953276744	6.700656277983362	102.55009166572026	61.47309138145788	0.3075262963592298	0.2801281978210808	0.027398098538149007	0.6987707939060569	4.985332363531411	14.832498030732044	12.136501831938855	0.8099039100510471	0.0	0.0	0.0	0.0
2025-09-17 00:00:00+00:00	14.109999656677246	14.630000114440918	13.960000038146973	14.385000228881836	47865900	RIVN	0.4539143536512141	4.799427467500781	3.3522836986370024	2.6038338562332837	0.9620180353133267	-1.466480744569251	-1.911717537914603	4.799427467500781	-23.319967511922705	58.26674947575185	0.31223822494273357	0.28655020324541136	0.025688021697322205	0.6967157426480489	3.9793660574582814	14.824879108294152	12.330120720044473	0.7134474204059237	0.0	0.0	0.0	0.0
2025-09-18 00:00:00+00:00	14.680000305175781	14.9399995803833	14.074000358581543	14.289999961853027	48669500	RIVN	1.2756931931646085	6.153184593843779	3.274058562954991	2.5392923686511284	0.946964390504342	4.039692858736498	2.729183655450349	6.153184593843779	1.6788569733359238	63.78778484208617	0.3578417737138224	0.3008085173390936	0.057033256374728836	0.7088074197304567	5.839945395097234	14.837789244620277	12.578210644753502	0.930168864471544	0.0	0.0	0.0	0.0
2025-09-19 00:00:00+00:00	14.380000114440918	14.770000457763672	14.020000457763672	14.720000267028809	68671900	RIVN	0.2724792985114885	5.3495005386014975	1.463225509848763	2.50714377525103	1.3285402480260107	-2.043597987045621	-2.309783603397439	5.3495005386014975	41.098429201039664	59.33835194686084	0.365561441738377	0.31375910221895026	0.051802339519426754	0.7117497468925669	-0.4155087789884143	14.721730692794514	12.920269219467448	0.8103036987394107	0.0	0.0	0.0	0.0
2025-09-22 00:00:00+00:00	15.239999771118164	15.430000305175781	14.109999656677246	14.305000305175781	74244700	RIVN	-0.5215563885136495	9.35507215178332	1.7694303443575092	2.71010896273637	1.2297262872799295	5.980526076725154	6.536172289378316	9.35507215178332	8.115109673680209	66.54303817839967	0.4360476335525103	0.3382168084856623	0.09783082506684798	0.7551962398644217	11.240875790462018	14.958514902387787	12.898484971727203	1.1366411548399757	0.0	0.0	0.0	0.0
2025-09-23 00:00:00+00:00	15.529999732971191	15.699999809265137	14.989999771118164	15.244999885559082	53832600	RIVN	0.032809150367533825	4.736491320800139	1.9176780641527997	2.63925052509832	0.9177536086108852	1.9028869173778864	1.8694644116204764	4.736491320800139	-27.493006234788474	68.56567793558287	0.5094365541979844	0.37246075762812675	0.13697579656985764	0.7519679397417468	9.289230762003225	15.224803562315417	12.874196319428966	1.1298371608355149	0.0	0.0	0.0	0.0
2025-09-24 00:00:00+00:00	15.789999961853027	15.949999809265137	15.064000129699707	15.510000228881836	50644500	RIVN	-0.128779809615162	5.881569781844469	1.7942962498931125	2.5353810448113467	0.8552988010667992	1.6741805109618817	1.8052851633734466	5.881569781844469	-5.922247857246353	70.29931799457647	0.5818702105210747	0.41434264820671635	0.16752756231435834	0.7615416354434384	12.866334668931852	15.512550406037612	12.844449468077379	1.1039876534909232	0.0	0.0	0.0	0.0
2025-09-25 00:00:00+00:00	15.739999771118164	16.049999237060547	15.140000343322754	15.5	44793600	RIVN	-1.8366052093327208	6.010560588521604	1.7982469703969715	2.492187409106176	0.7665220220043787	-0.3166573201751644	1.5483856201171875	6.010560588521604	-11.552883333826971	69.50543551371125	0.6280006074048075	0.4570742400463346	0.17092636735847283	0.7721457253216066	12.912483822939755	15.725801675310633	12.883198149213294	1.0049947506492487	0.0	0.0	0.0	0.0
2025-09-26 00:00:00+00:00	15.59000015258789	16.170000076293945	15.569999694824219	15.8100004196167	36800700	RIVN	0.44473093720739193	3.853567072767373	2.08979532956492	1.7502219424295389	0.7068464071181152	-0.9529836131606089	-1.3915260037301271	3.853567072767373	-17.84384376339477	67.0588283417988	0.6450201726314724	0.49466342656336215	0.15035674606811023	0.7598496293321866	12.077644310602473	15.89339654588741	12.910603259563029	0.898284472246018	0.0	0.0	0.0	0.0
2025-09-29 00:00:00+00:00	15.25	15.789999961853027	15.0	15.75	46005200	RIVN	1.0262979207575562	5.266666412353516	0.8861570719204298	1.4919227638509125	0.9911641242589732	-2.180886140218874	-3.1746031746031744	5.266666412353516	25.011752493838436	61.75273018718323	0.6238814132991255	0.5205070239105148	0.10337438938861065	0.7620032245122467	9.162488965674347	15.96971683868947	13.002282997278547	0.7574615384357595	0.0	0.0	0.0	0.0
2025-09-30 00:00:00+00:00	14.680000305175781	15.510000228881836	14.550000190734863	15.25	48572400	RIVN	0.0	6.597938320016522	1.045763931361267	1.4854540067879207	1.070742679982576	-3.737702916880123	-3.737702916880123	6.597938320016522	5.58023875561893	54.033676970349426	0.5547398864482123	0.5273535964180543	0.02738629003015791	0.7761458540575843	9.063894974526056	15.984749202995694	13.068250674933992	0.5526317310754668	0.0	0.0	0.0	0.0
2025-10-01 00:00:00+00:00	14.609999656677246	15.0600004196167	14.59000015258789	14.78499984741211	27345900	RIVN	0.7152557224355647	3.2213863064658206	1.4250463195790222	1.675294329744531	0.6718306703394002	-0.4768436447092904	-1.1836333617919814	3.2213863064658206	-43.70074363218618	53.15493058653743	0.4886632551440737	0.5196155281632583	-0.030952273019184573	0.7542783121269575	7.4264650505720855	15.993115128199328	13.076884757359753	0.5257180347093475	0.0	0.0	0.0	0.0
2025-10-02 00:00:00+00:00	13.529999732971191	14.149999618530273	13.210000038146973	14.130000114440918	75952400	RIVN	-3.285417888541515	7.115818150407506	1.6849492286294474	1.7345034732580518	1.6182354781005008	-7.392196776763506	-4.246287166385255	7.115818150407506	177.74693829788012	41.84727532031271	0.3451711625714715	0.484726655044901	-0.13955549247342947	0.8004012625843372	-5.516759627715374	16.00581428468097	13.047185593248717	0.16318848699082533	0.0	0.0	0.0	0.0
2025-10-03 00:00:00+00:00	13.649999618530273	13.729999542236328	13.220000267028809	13.524999618530273	45879700	RIVN	-0.036955761563935687	3.857785664947961	1.6841003757695445	1.833055447660912	0.9411004301029392	0.8869171317620568	0.9242144438121871	3.857785664947961	-39.59414054065441	43.29080033140779	0.23838764886179042	0.43545885380827887	-0.19707120494648844	0.7796582634859931	-3.260099570089556	16.02127733233013	12.975722503637888	0.22139713543818204	0.0	0.0	0.0	0.0
2025-10-06 00:00:00+00:00	13.5	13.899999618530273	13.460000038146973	13.729999542236328	29514100	RIVN	0.5860800435294699	3.268941895514847	1.8920067578177866	1.4041386246715477	0.6493337058801528	-1.09889833496145	-1.6751605965375438	3.268941895514847	-35.670677881503146	41.890990995747295	0.14004290189752489	0.3763756634261281	-0.23633276152860322	0.755396928978658	-8.038149050717283	16.04375659632141	12.90424326253479	0.189760855943446	0.0	0.0	0.0	0.0
2025-10-07 00:00:00+00:00	13.260000228881836	13.720000267028809	13.229999542236328	13.529999732971191	31711000	RIVN	0.22222024423104747	3.703709310254846	1.6343457267547046	1.4609593689274736	0.7535772999542307	-1.7777760823567708	-1.995561784316928	3.703709310254846	7.443560874293982	39.68017689122056	0.04225096282609542	0.30955072330612154	-0.2672997604800261	0.7364400572510739	-7.788594413391816	16.08232751204052	12.797672411665534	0.14075383962338114	0.39675	-0.9989935159683228	-2.5179357228294896	-0.580270461177826
2025-10-08 00:00:00+00:00	13.130000114440918	13.399999618530273	13.050000190734863	13.279999732971191	26798600	RIVN	0.15082582009157286	2.681987913256124	1.7327001913450826	1.563467971373049	0.6385003416631801	-0.9803930029937893	-1.1295152224879856	2.681987913256124	-15.491154488978587	38.49507854309655	-0.04521852520892722	0.2385968736031118	-0.283815398812039	0.7088371551470979	-13.84514231211458	16.12674493957579	12.675255010833146	0.13175327554075547	-0.1886	0.00019553303718566895	0.0010367550393988842	-0.056443126873970025
2025-10-09 00:00:00+00:00	13.09000015258789	13.170000076293945	12.859999656677246	13.079999923706055	27776400	RIVN	-0.3808087608458663	2.4105787549981694	0.6287874776656213	1.6056915464258312	0.8589941353217904	-0.30464555601209575	0.07645434969545854	2.4105787549981694	3.6486980663168973	38.117845553723775	-0.11642432019661975	0.1675926348431655	-0.28401695503978525	0.6803488168949265	-15.711523646732745	16.16726062400968	12.546739314955166	0.1500504461261119	0.3736	0.4274296760559082	1.1440806530386918	0.41128077323913576
2025-10-10 00:00:00+00:00	12.800000190734863	13.199999809265137	12.670000076293945	13.119999885559082	25668000	RIVN	0.22918053950717843	4.183107575214946	0.7252871632954396	1.6012163055103055	0.9072009873604014	-2.215431309950706	-2.439022085483674	4.183107575214946	-7.590616494578131	35.408670183404396	-0.1940194634237251	0.0952702151897874	-0.2892896786135125	0.6696095966146597	-18.9360340616953	16.220474476329887	12.427525477893745	0.098201877482321	-0.5267	-0.9999992251396179	-1.8986089358851	-0.8580094575977325
2025-10-13 00:00:00+00:00	13.0600004196167	13.119999885559082	12.800000190734863	12.970000267028809	21114943	RIVN	1.3281255762558346	2.4999975785613424	0.7980508421603293	1.640874122354491	0.7933835846280074	2.0312517578713334	0.6939101829988475	2.4999975785613424	-17.73826164874552	39.55648141640423	-0.23186157204215085	0.029843857743399746	-0.2617054297855506	0.6446374607724853	-17.026679736165452	16.248513089394805	12.345486868643526	0.18306655158356558	-0.1444666666666667	-0.3135983149210612	-2.1707162727604183	-0.26285882044474285
