timestamp	close	high	low	open	volume	symbol	gap_apertura_pct	volatilidad_diaria	vol_5d	vol_10d	vol_rel_5d	return_pct	close_open_pct	range_pct	volume_change_pct	rsi_14	macd	macd_signal	macd_diff	atr_14	momentum_12	bb_upper	bb_lower	bb_pctb	vader	finbert	sentiment_ratio	sentiment_combined
2025-06-05 00:00:00+00:00	26.32999992370605	26.549999237060547	26.26000022888184	26.479999542236328	4173500	SONY	0.0	1.1043374167977136	0.0	0.0	0.0	0.0	-0.5664638259944962	1.1043374167977136	0.0	0.0	0.0	0.0	0.0	0.0	0.0	0.0	0.0	0.0	0.0	0.0	0.0	0.0
2025-06-06 00:00:00+00:00	26.65999984741211	26.739999771118164	26.59000015258789	26.670000076293945	2952300	SONY	1.29130327980661	0.5641204124463859	0.0	0.0	0.0	1.2533229193401738	-0.03749617117821008	0.5641204124463859	-29.260812267880677	0.0	0.0	0.0	0.0	0.0	0.0	0.0	0.0	0.0	0.0	0.0	0.0	0.0
2025-06-09 00:00:00+00:00	26.59000015258789	26.690000534057617	26.46999931335449	26.5	3611200	SONY	-0.6001494685966421	0.8311342138650334	0.0	0.0	0.0	-0.2625644982177809	0.3396232173127948	0.8311342138650334	22.318192595603428	0.0	0.0	0.0	0.0	0.0	0.0	0.0	0.0	0.0	0.0	0.0	0.0	0.0
2025-06-10 00:00:00+00:00	26.200000762939453	26.3700008392334	26.049999237060547	26.34000015258789	3360200	SONY	-0.9402030784707182	1.2284130961416495	0.0	0.0	0.0	-1.466714506996648	-0.5315086895877738	1.2284130961416495	-6.95059813912273	0.0	0.0	0.0	0.0	0.0	0.0	0.0	0.0	0.0	0.0	0.0	0.0	0.0
2025-06-11 00:00:00+00:00	25.90999984741211	26.18000030517578	25.899999618530277	26.11000061035156	4030900	SONY	-0.34351202277521153	1.0810837481448319	0.26497673069345584	0.0	1.1117822606892063	-1.1068736911548385	-0.7659929462435836	1.0810837481448319	19.960121421343967	0.0	0.0	0.0	0.0	0.0	0.0	0.0	0.0	0.0	0.0	0.0	0.0	0.0
2025-06-12 00:00:00+00:00	26.399999618530277	26.399999618530277	26.100000381469727	26.1299991607666	3234300	SONY	0.8490903691628764	1.1494223474170582	0.27172033789922456	0.0	0.9408106394242797	1.891160841388846	1.0332968482030145	1.1494223474170582	-19.76233595474956	0.0	0.0	0.0	0.0	0.0	0.0	0.0	0.0	0.0	0.0	0.0	0.0	0.0
2025-06-13 00:00:00+00:00	25.93000030517578	26.15999984741211	25.84000015258789	25.93000030517578	5147300	SONY	-1.7803004550977386	1.2383889045456165	0.1662594532075756	0.0	1.3277255866982394	-1.7803004550977386	0.0	1.2383889045456165	59.14726525059518	0.0	0.0	0.0	0.0	0.0	0.0	0.0	0.0	0.0	0.0	0.0	0.0	0.0
2025-06-16 00:00:00+00:00	26.09000015258789	26.31999969482422	26.049999237060547	26.059999465942383	3965200	SONY	0.5013465454555084	1.0364701177401587	0.08880793945816919	0.0	1.00446349409005	0.6170452970653165	0.11512159347783367	1.0364701177401587	-22.965438190896197	0.0	0.0	0.0	0.0	0.0	0.0	0.0	0.0	0.0	0.0	0.0	0.0	0.0
2025-06-17 00:00:00+00:00	25.65999984741211	25.940000534057617	25.63999938964844	25.770000457763672	4488000	SONY	-1.226522395372534	1.1700512930990736	0.07864624604631633	0.0	1.075449182150611	-1.6481422102756451	-0.4268552906386265	1.1700512930990736	13.18470695046908	0.0	0.0	0.0	0.0	0.0	0.0	0.0	0.0	0.0	0.0	0.0	0.0	0.0
2025-06-18 00:00:00+00:00	25.8799991607666	26.09000015258789	25.850000381469727	25.96999931335449	2880500	SONY	1.2081039274582992	0.9284323697349155	0.12234080405147543	0.2086073197272746	0.7305240092719867	0.8573628786544197	-0.346554312543268	0.9284323697349155	-35.81773618538324	0.0	0.0	0.0	0.0	0.0	0.0	0.0	0.0	0.0	0.0	0.0	0.0	0.0
2025-06-20 00:00:00+00:00	24.75	25.0	24.690000534057617	25.0	8333700	SONY	-3.4003059864880414	1.2555668660872108	0.1400068619806129	0.2195341024754635	1.6791861275776052	-4.3663029266231606	-1.0	1.2555668660872108	189.31435514667592	0.0	0.0	0.0	0.0	0.0	0.0	0.0	0.0	0.0	0.0	0.0	0.0	0.0
2025-06-23 00:00:00+00:00	24.420000076293945	24.450000762939453	23.899999618530277	24.0	8944600	SONY	-3.0303030303030303	2.3012600551790228	0.5526158709032553	0.4037933530335356	1.5630854187054384	-1.3333330250749684	1.7500003178914387	2.3012600551790228	7.330477458991805	0.0	0.0	0.0	0.0	0.0	0.0	0.0	0.0	0.0	0.0	0.0	0.0	0.0
2025-06-24 00:00:00+00:00	24.989999771118164	25.030000686645508	24.670000076293945	24.739999771118164	6395700	SONY	1.310400056611232	1.4592647314075065	0.5266094052417942	0.38463219469396337	1.030152210678908	2.3341510771638116	1.0105093060342452	1.4592647314075065	-28.496523041835296	0.0	0.0	0.0	0.0	0.0	-5.0892523982935005	0.0	0.0	0.0	0.0	0.0	0.0	0.0
2025-06-25 00:00:00+00:00	24.920000076293945	25.040000915527344	24.86000061035156	25.01000022888184	3554900	SONY	0.08003384532556368	0.7240559161564691	0.6111365454206136	0.42391427539099064	0.5903305944323035	-0.2801108261918429	-0.35985666439123404	0.7240559161564691	-44.417342902262455	35.31301930694974	0.0	0.0	0.0	0.49357155391148183	-6.526630836747984	0.0	0.0	0.0	0.0	0.0	0.0	0.0
2025-06-26 00:00:00+00:00	25.540000915527344	25.61000061035156	25.32999992370605	25.350000381469727	5198000	SONY	1.725522888681026	1.1054113205245548	0.5864203715869398	0.4230054973317635	0.8014950550314708	2.487964836818748	0.7495089988105217	1.1054113205245548	46.22070944330361	45.92202064838786	0.0	0.0	0.0	0.5076021953504912	-3.9488500603049257	0.0	0.0	0.0	0.0	0.0	0.0	0.0
2025-06-27 00:00:00+00:00	26.299999237060547	26.440000534057617	26.149999618530277	26.34000015258789	6148000	SONY	3.1323383256974666	1.108990132917024	0.5970823402783006	0.4241255720614197	1.016494054468738	2.975717675370768	-0.15186376346096445	1.108990132917024	18.276260100038478	55.54634293538354	0.0	0.0	0.0	0.5356305827204757	0.3816735542334184	0.0	0.0	0.0	0.0	0.0	0.0	0.0
2025-06-30 00:00:00+00:00	26.030000686645508	26.049999237060547	25.71999931335449	25.799999237060547	4394800	SONY	-1.9011407395610371	1.2830479491292746	0.27271147563186077	0.42442610306259315	0.8553056664876184	-1.0266104876329107	0.89147851312559	1.2830479491292746	-28.51659076122316	52.005303067624595	0.0	0.0	0.0	0.538799821362303	0.4631448859131665	0.0	0.0	0.0	0.0	0.0	0.0	0.0
2025-07-01 00:00:00+00:00	25.46999931335449	25.600000381469727	25.280000686645508	25.399999618530277	8264300	SONY	-2.420288326916749	1.265821543245696	0.22495292466200792	0.4185263683403606	1.4993287373004354	-2.15136903003742	0.27558935384055744	1.265821543245696	88.04723764448894	45.5231407005436	0.0	0.0	0.0	0.5538855484078528	-3.5227284795982228	0.0	0.0	0.0	0.0	0.0	0.0	0.0
2025-07-02 00:00:00+00:00	25.709999084472656	25.729999542236328	25.46999931335449	25.479999542236328	4646100	SONY	0.03926277640924846	1.0208097208134417	0.11318588256885159	0.42471292014613377	0.8108037359691741	0.9422841679949728	0.9026669794678557	1.0208097208134417	-43.781082487325	48.48659961736213	0.0	0.0	0.0	0.5328937398702804	-0.8484428002849327	0.0	0.0	0.0	0.0	0.0	0.0	0.0
2025-07-03 00:00:00+00:00	25.57999992370605	25.649999618530277	25.36000061035156	25.440000534057617	2282800	SONY	-1.0501694283532763	1.1435291845393132	0.1100995798914084	0.41214475898047004	0.4435032639104756	-0.5056365826365083	0.550312054675513	1.1435291845393132	-50.866317987128994	46.99533070734253	0.0	0.0	0.0	0.5198297923167673	-1.9547728091187921	26.9727007083224	24.563299161977895	0.4219723205833723	0.0	0.0	0.0	0.0
2025-07-07 00:00:00+00:00	25.299999237060547	25.540000915527344	25.149999618530277	25.40999984741211	4072200	SONY	-0.6645820046949867	1.5507010056163881	0.19722392557016966	0.4217091179664671	0.8605590823408086	-1.0946078478523213	-0.4329028375132617	1.5507010056163881	78.38619239530401	43.86590557302032	0.0	0.0	0.0	0.5134134003781249	-1.402964195215573	26.90869580417941	24.524303997456336	0.32532205379042445	0.0	0.0	0.0	0.0
2025-07-08 00:00:00+00:00	25.25	25.309999465942383	25.1299991607666	25.280000686645508	3702700	SONY	-0.0790456561980615	0.7162766063948021	0.30751627221336336	0.274019062119962	0.8060527427170728	-0.1976254488865984	-0.11867359901361106	0.7162766063948021	-9.073719365453563	43.311280064129875	0.0	0.0	0.0	0.4895981792922432	-2.434309046352922	26.77158245892633	24.520417357968203	0.32409113028683556	0.0	0.0	0.0	0.0
2025-07-09 00:00:00+00:00	25.170000076293945	25.190000534057617	25.01000022888184	25.1299991607666	3866900	SONY	-0.4752508484491027	0.7197133287824253	0.34597790685874513	0.27739416193463945	1.0411293058419984	-0.316831381014078	0.15917595249980704	0.7197133287824253	4.434601777081589	42.38780630225616	0.0	0.0	0.0	0.471769721565523	1.6969700052280619	26.630395542121512	24.519604267143627	0.30812890732511306	0.0	0.0	0.0	0.0
2025-07-10 00:00:00+00:00	24.649999618530277	24.770000457763672	24.559999465942383	24.75	6565300	SONY	-1.6686534565787197	0.8550529168882911	0.3549288966779153	0.262244928967162	1.6020820013762878	-2.06595334202412	-0.4040419453322142	0.8550529168882911	69.78199591403967	36.88292749210047	0.0	0.0	0.0	0.4816433564788115	0.9418490643642828	26.58508193968606	24.409917755138157	0.11037413409876473	0.0	0.0	0.0	0.0
2025-07-11 00:00:00+00:00	24.43000030517578	24.489999771118164	24.31999969482422	24.489999771118164	4546700	SONY	-0.6490866121224415	0.6990134803748567	0.3646069654836861	0.287605010791629	0.9991078413276024	-0.8924921572376596	-0.24499577992296304	0.6990134803748567	-30.746500540721673	34.82244752401148	0.0	0.0	0.0	0.4708116827093291	-2.2408942419823235	26.587463196835856	24.25953654376473	0.07322557228603606	0.0	0.0	0.0	0.0
2025-07-14 00:00:00+00:00	24.399999618530277	24.440000534057617	24.270000457763672	24.350000381469727	3246400	SONY	-0.32746591365824	0.7004535355893016	0.06602523615093583	0.3046427691831192	0.7402407880335644	-0.12280264539803654	0.20533567259653798	0.7004535355893016	-28.5987639386808	34.53908112957346	-0.35536423523983984	0.0	0.0	0.44932513939394453	-2.08667919812062	26.47832056068289	24.168679179917696	0.10015426660564239	0.0	0.0	0.0	0.0
2025-07-15 00:00:00+00:00	24.07999992370605	24.239999771118164	24.040000915527344	24.209999084472656	5238600	SONY	-0.7786907255249594	0.8319419632868726	0.07597899263541691	0.29038868676059043	1.1163105877539539	-1.3114741796192737	-0.5369647487924999	0.8319419632868726	61.36643666830951	31.586551166667675	-0.4092167125337305	0.0	0.0	0.4429446796517294	-5.716526779502455	26.469981562454414	23.992018139999196	0.03550568297722525	0.0	0.0	0.0	0.0
2025-07-16 00:00:00+00:00	23.979999542236328	23.979999542236328	23.780000686645508	23.82999992370605	7649000	SONY	-1.0382059833558486	0.8410380564166117	0.07872699520776476	0.2694226640813336	1.4036922851060707	-0.41528397751893503	0.6294570667667421	0.8410380564166117	46.012293360821594	30.703258194964107	-0.4547226244620397	0.0	0.0	0.43273429089521614	-8.82129187119899	26.41234818243287	23.83865145898559	0.05492025612925031	0.0	0.0	0.0	0.0
2025-07-17 00:00:00+00:00	24.40999984741211	24.440000534057617	24.229999542236328	24.299999237060547	5557700	SONY	1.3344441239900715	0.8666982905023481	0.08142510440012835	0.2666367893936431	1.059077535215562	1.7931622743295528	0.45267742306673725	0.8666982905023481	-27.340828866518503	38.648053334883464	-0.45089136160596155	0.0	0.0	0.43468191238993564	-6.223591227427541	26.36130783220703	23.76469180921143	0.24851885395678014	0.0	0.0	0.0	0.0
2025-07-18 00:00:00+00:00	23.920000076293945	24.13999938964844	23.88999938964844	24.100000381469727	3080700	SONY	-1.2699691433027527	1.0464629819468527	0.12387418419319841	0.2581111021160284	0.6218008751675251	-2.007373101930243	-0.7468892212723028	1.0464629819468527	-44.56879644457239	33.88111649378399	-0.4818395976728027	0.0	0.0	0.4407760942023451	-6.085588059862428	26.29728355527859	23.6327161776926	0.10781633859888154	0.0	0.0	0.0	0.0
2025-07-21 00:00:00+00:00	24.06999969482422	24.239999771118164	23.989999771118164	24.0	2751900	SONY	0.3344478405137593	1.0421008853071265	0.10905533741838165	0.1303600919367452	0.5667500072082017	0.6270887042301118	0.2916653951009115	1.0421008853071265	-10.672899016457299	36.464604630494534	-0.4886299600911599	0.0	0.0	0.4321492085324789	-6.3788387710947125	26.317115249096155	23.54488445335746	0.18941974177400125	0.0	0.0	0.0	0.0
2025-07-22 00:00:00+00:00	24.09000015258789	24.15999984741211	24.040000915527344	24.11000061035156	2899500	SONY	0.16618577496675918	0.4991635911596774	0.22278487212927708	0.16518136758600602	0.6608155414152096	0.08309288748338697	-0.08295502802717136	0.4991635911596774	5.3635669900795815	36.819092423755436	-0.4867861339011341	0.0	0.0	0.4098527602004994	-5.824862296959258	26.332053678125444	23.496946031957567	0.2091822232682896	0.0	0.0	0.0	0.0
2025-07-23 00:00:00+00:00	25.26000022888184	25.600000381469727	25.13999938964844	25.149999618530277	5848200	SONY	4.4001637992041065	1.829757370681138	0.48602547065894264	0.35803999050200075	1.4520309861952527	4.856787334508425	0.4373781790060749	1.829757370681138	101.69684428349714	53.25101477214258	-0.38646078098349435	0.0	0.0	0.48843472224916623	-0.15809885132373871	26.353294195980247	23.502705559879125	0.6164672961743948	0.0	0.0	0.0	0.0
2025-07-24 00:00:00+00:00	25.3799991607666	25.690000534057617	25.350000381469727	25.690000534057617	5830300	SONY	1.7022973130622656	1.3412234614261505	0.48594533963743897	0.38037592824459465	1.4282529665957884	0.475055149633599	-1.2067005326840776	1.3412234614261505	-0.3060770835470743	54.55643717259425	-0.29388162067278145	-0.40260087806896194	0.10871925739618049	0.48426083531535274	0.5148481614518874	26.389817323172192	23.51218234113445	0.649080523169583	0.0	0.0	0.0	0.0
2025-07-25 00:00:00+00:00	24.8799991607666	25.040000915527344	24.790000915527344	25.01000022888184	3727000	SONY	-1.4578366592569512	1.0084711204807226	0.48829439466661073	0.36829568347919334	0.8849830696826219	-1.970055226687791	-0.5197963491624089	1.0084711204807226	-36.07533060048368	48.48161886700402	-0.2578850521025977	-0.3736577128756891	0.1157726607730914	0.4918135074527745	-1.152168910005199	26.331316238737514	23.504683250093052	0.48655623711980195	0.0	0.0	0.0	0.0
2025-07-28 00:00:00+00:00	24.36000061035156	24.489999771118164	24.290000915527344	24.43000030517578	2298300	SONY	-1.8086771333193041	0.8233793662106095	0.5090762917984264	0.3590962937581493	0.5577504574509908	-2.0900263985339316	-0.2865316985255708	0.8233793662106095	-38.33378052052589	43.105852975308764	-0.2682251171920811	-0.3525711937389675	0.08434607654688642	0.4988267030089519	-1.17646658282589	26.10166981491316	23.540329811246508	0.32001639685932465	0.0	0.0	0.0	0.0
2025-07-29 00:00:00+00:00	24.149999618530277	24.420000076293945	24.11000061035156	24.34000015258789	3297000	SONY	-0.08210368334378987	1.285771290313817	0.3826758571281414	0.3623313205443864	0.7849700963772809	-0.8620730154335217	-0.7806102418508502	1.285771290313817	43.45385719879911	41.122732513985326	-0.29002182716882174	-0.34006132042493836	0.05003949325611662	0.48533904321848287	-1.14613460150544	25.911264613157115	23.54273490619103	0.2563888941537109	0.0	0.0	0.0	0.0
2025-07-30 00:00:00+00:00	24.200000762939453	24.399999618530277	24.11000061035156	24.3700008392334	2794200	SONY	0.9109781539471109	1.2028162622866454	0.2138577430788354	0.3562259835861746	0.7784674705239931	0.20704407949890935	-0.6975792796045426	1.2028162622866454	-15.250227479526842	41.80918514333445	-0.2998052342670299	-0.33201010319335666	0.03220486892632679	0.4713861835727854	-0.8196674537606845	25.817401994891842	23.5095976694148	0.29916015231574805	0.0	0.0	0.0	0.0
2025-07-31 00:00:00+00:00	24.31999969482422	24.57999992370605	24.21999931335449	24.57999992370605	3787300	SONY	1.570244416473487	1.4863774589500687	0.2551661506313025	0.3659450445257899	1.1906902752801218	0.495863339262928	-1.0577714796128885	1.4863774589500687	35.54147877746761	43.51136758653818	-0.2944811485751977	-0.32450431226972487	0.030023163694527177	0.46485853908662916	0.9966767935156632	25.65075695395936	23.537242771382438	0.3703580178900893	0.0	0.0	0.0	0.0
2025-08-01 00:00:00+00:00	24.3700008392334	24.420000076293945	24.18000030517578	24.31999969482422	4951300	SONY	0.0	0.9925548721634697	0.2576376586859346	0.3681374862403889	1.4453733922618388	0.2055968134729086	0.2055968134729086	0.9925548721634697	30.734296200459433	44.24324177488303	-0.28296525056091326	-0.3161964999279626	0.033231249367049354	0.4487971985174531	1.6263607357879857	25.491461525931033	23.575538290963497	0.41466303752162764	0.0	0.0	0.0	0.0
2025-08-04 00:00:00+00:00	24.76000022888184	24.770000457763672	24.520000457763672	24.520000457763672	2362200	SONY	0.6155092875039554	1.0195758374092667	0.20305771962491226	0.36894695691948215	0.6870055839925546	1.6003257128353436	0.9787918704633525	1.0195758374092667	-52.291317431785586	49.7156317048985	-0.239607085699582	-0.30087861708228647	0.06127153138270447	0.4453116570897974	1.4338401624645498	25.40512708102219	23.60787283505447	0.641048642067341	0.0	0.0	0.0	0.0
2025-08-05 00:00:00+00:00	24.530000686645508	24.670000076293945	24.3799991607666	24.59000015258789	3702600	SONY	-0.6865915780390365	1.1895033860133446	0.19706141531696153	0.2900035499169767	1.0520184570623268	-0.9289157516567537	-0.24399945331463682	1.1895033860133446	56.74371348742697	46.7984801265754	-0.2212539902663977	-0.2849536917191087	0.06369970145271103	0.44064661502018604	2.55016976758335	25.30230448287276	23.63869550186845	0.5357660333373424	0.0	0.0	0.0	0.0
2025-08-06 00:00:00+00:00	24.920000076293945	25.049999237060547	24.82999992370605	25.030000686645508	5571800	SONY	2.0383203669138394	0.8860222071303949	0.2345214247061675	0.21179381843593417	1.3672994620911696	1.589887398008753	-0.4394750592645895	0.8860222071303949	50.483444066331764	51.94727611376597	-0.17324230902609372	-0.26261141518050574	0.08936910615441201	0.4463146104055327	3.531368476304977	25.25413044777802	23.66186953696319	0.7901535048592718	0.0	0.0	0.0	0.0
2025-08-07 00:00:00+00:00	26.030000686645508	26.709999084472656	25.850000381469727	26.09000015258789	6712800	SONY	4.695024368827953	3.3268808135856345	1.0365468558330546	0.7315610003561928	1.4404717454840412	4.454256047163864	-0.22997112146981497	3.3268808135856345	20.478121971355755	62.940501968261344	-0.04510499088640074	-0.21911013032168475	0.174005139435284	0.5422920673893311	8.05313624644876	25.576592413230653	23.477407678322084	1.2159925545736228	0.0	0.0	0.0	0.0
2025-08-08 00:00:00+00:00	27.149999618530277	27.290000915527344	26.899999618530277	26.899999618530277	4946700	SONY	3.342293157645268	1.4498189685044132	1.0020664484029882	0.7238072655216342	1.0617013148123506	4.302723405072271	0.9293680429191736	1.4498189685044132	-26.309438684304613	70.31895614715805	0.14514615596469582	-0.14625887306440866	0.2914050290291045	0.5935569360673671	7.482182789085827	26.212775394191517	23.113224628696663	1.302374213312531	0.0	0.0	0.0	0.0
2025-08-11 00:00:00+00:00	27.280000686645508	27.36000061035156	27.13999938964844	27.149999618530277	3651400	SONY	0.0	0.8106161593615558	1.0348109884248204	0.7248813910789527	0.7425982192611031	0.47882530365305476	0.47882530365305476	0.8106161593615558	-26.185133523359006	71.03970316877715	0.3029196906297109	-0.05642316032558475	0.35934285095529567	0.5668743849699208	7.486215873545037	26.723967550466877	22.890032579232827	1.1450293602657682	0.0	0.0	0.0	0.0
2025-08-12 00:00:00+00:00	27.190000534057617	27.270000457763672	27.020000457763672	27.149999618530277	4992100	SONY	-0.47654349282648956	0.9252405468711508	1.0630759175145357	0.7381046073427571	0.9646644611745792	-0.32991257449619044	0.1473330242702434	0.9252405468711508	36.71742345401764	69.77644094822516	0.41589985871489077	0.03804144348251036	0.3778584152323804	0.5449548023922005	9.28457174923731	27.109142988154503	22.81585720258036	1.0188334879021574	0.0	0.0	0.0	0.0
2025-08-13 00:00:00+00:00	27.979999542236328	28.040000915527344	27.709999084472656	27.76000022888184	3798100	SONY	2.096357791939919	1.1909124574443042	1.0286964248805939	0.738340177030873	0.7879515872719502	2.9054762510547767	0.7925047245698459	1.1909124574443042	-23.917790108371225	74.12581734589779	0.562697348793435	0.14297262454469528	0.41972472424873974	0.5667437723263096	14.86042217234791	27.627469633545033	22.69753055718983	1.0715079645470846	0.0	0.0	0.0	0.0
2025-08-14 00:00:00+00:00	27.739999771118164	27.799999237060547	27.559999465942383	27.700000762939453	2317000	SONY	-1.0007104498847887	0.8708264723108823	0.26677841400370317	0.7492249643006784	0.587912896530375	-0.8577547356849666	0.14440074757047172	0.8708264723108823	-38.99581369632185	70.79278629492893	0.6521518410587284	0.2448084678475019	0.4073433732112265	0.5562620797525692	14.865425297287718	28.0086708586973	22.64932932440817	0.9498686385519237	0.0	0.0	0.0	0.0
2025-08-15 00:00:00+00:00	28.739999771118164	29.15999984741211	28.670000076293945	28.989999771118164	5183700	SONY	4.506128371714886	1.7091027897252253	0.36948162642485816	0.7543935368814496	1.299674561108799	3.6049026973719087	-0.8623663400269056	1.7091027897252253	123.7246439361243	75.6963819506852	0.7945774194311497	0.35476225816423146	0.4398151612669182	0.6179576509340962	18.760325888631336	28.54963747099608	22.59036268159181	1.0319438701602675	0.0	0.0	0.0	0.0
2025-08-18 00:00:00+00:00	28.350000381469727	28.40999984741211	28.21999931335449	28.290000915527344	3244300	SONY	-1.5657580347061797	0.6732832695984766	0.4003144860562839	0.7781991385872365	0.8303728653917032	-1.3569916240582631	0.2120871827524449	0.6732832695984766	-37.41343056118217	70.7103385917396	0.8659983352845231	0.4570094735882898	0.4089888616962333	0.6109607085647805	16.570726715523655	28.913015140248817	22.654985081003623	0.9100332287558559	0.0	0.0	0.0	0.0
2025-08-19 00:00:00+00:00	28.239999771118164	28.43000030517578	28.21999931335449	28.290000915527344	2849700	SONY	-0.2116383249913463	0.7441566156307959	0.4245791444991475	0.7979231895856549	0.8192182972264386	-0.38800920236834163	-0.17674493740202	0.7441566156307959	-12.162870264772062	69.32333925352287	0.9033109889275295	0.5462697766561377	0.35704121227139174	0.5823207287973885	15.880175620078079	29.193213661216113	22.789786521889354	0.8511400427680719	0.0	0.0	0.0	0.0
2025-08-20 00:00:00+00:00	28.1200008392334	28.149999618530277	27.88999938964844	28.059999465942383	2823700	SONY	-0.6373948535221752	0.932234616607187	0.4169272259866503	0.7956556618465896	0.8599193587682112	-0.42492539963648257	0.21383241066644298	0.932234616607187	-0.9123767414113767	67.76182694283828	0.9126778427832107	0.6195513898815523	0.2931264529016584	0.5657264182739838	13.570276976137558	29.446336232751584	22.822664011389044	0.7997582988420662	0.0	0.0	0.0	0.0
2025-08-21 00:00:00+00:00	27.6299991607666	27.809999465942383	27.549999237060547	27.690000534057617	2930200	SONY	-1.5291617793120373	0.943739513909245	0.41315328519371475	0.3288807501165983	0.8602245238262993	-1.7425379226274418	-0.21668967906741743	0.943739513909245	3.7716471296525835	61.654699353768564	0.8705272058661464	0.6697465530784712	0.2007806527876752	0.5660317885524744	12.637580054405701	29.601263462781517	22.892736781359105	0.7061554055566568	0.0	0.0	0.0	0.0
2025-08-22 00:00:00+00:00	28.61000061035156	28.690000534057617	28.280000686645508	28.31999969482422	4489700	SONY	2.4972875679178013	1.4497872611641098	0.30375833823973314	0.3288761994168698	1.374039026540006	3.546874699064475	1.02401454326407	1.4497872611641098	53.221623097399494	67.88818031031369	0.9057594184379987	0.7169491261503766	0.18881029228762203	0.601315330319513	14.807385725363062	29.87660480907734	22.99039558002178	0.81606655322329	0.0	0.0	0.0	0.0
2025-08-25 00:00:00+00:00	28.1200008392334	28.350000381469727	28.1200008392334	28.25	3237500	SONY	-1.258303399760519	0.8179215340400336	0.27665790300569076	0.3283547980319578	0.9912251696181449	-1.7126870348296	-0.4601740204127489	0.8179215340400336	-27.89050493351449	62.42401267772783	0.8839526583018156	0.7503498325806646	0.133602825721151	0.5933642189479879	8.029197454689847	30.00122950715677	23.241770904830535	0.7216894460636308	0.0	0.0	0.0	0.0
2025-08-26 00:00:00+00:00	27.8799991607666	27.940000534057617	27.71999931335449	27.790000915527344	2821200	SONY	-1.1735416566760355	0.7936552170011778	0.2669322972931103	0.33539006598265797	0.8652766787508511	-0.8534910074822735	0.32385117766934773	0.7936552170011778	-12.85868725868726	59.88171072731874	0.8376486222114217	0.767809590506816	0.0698390317046057	0.5795525980144822	2.688764465904777	30.029574654750704	23.586425711460237	0.6663781152812633	0.0	0.0	0.0	0.0
2025-08-27 00:00:00+00:00	27.84000015258789	27.86000061035156	27.540000915527344	27.600000381469727	3643100	SONY	-1.0042998125010563	1.161945113239978	0.27470426369011564	0.33379983754790454	1.0638838433099518	-0.14346846980898945	0.8695643760907219	1.161945113239978	29.13299305260173	59.44717419833939	0.788633873941599	0.7719744471937726	0.01665942674782639	0.5624415728162518	2.052783914395287	30.006408399671653	23.973591905504126	0.6408960476125495	0.0	0.0	0.0	0.0
2025-08-28 00:00:00+00:00	28.0	28.149999618530277	27.96999931335449	28.06999969482422	4573800	SONY	0.8261477764932711	0.6435477640138727	0.3270238203126801	0.3515681103213401	1.2186855525890874	0.5747120924395414	-0.24937547411917454	0.6435477640138727	25.54692432269221	60.67642394253434	0.7540082456155908	0.7683812068781364	-0.014372961262545614	0.5444099937538328	2.9790343877624963	29.95636142046591	24.391638915227446	0.6484350444026185	0.0	0.0	0.0	0.0
2025-08-29 00:00:00+00:00	27.520000457763672	27.6200008392334	27.440000534057617	27.59000015258789	3037900	SONY	-1.464285169328962	0.6559777757743512	0.20947447411299353	0.2559308402128733	0.877321165564444	-1.7142840794154575	-0.2537140066585063	0.6559777757743512	-33.58039267130176	55.264278635947164	0.67999665600097	0.7507042967027032	-0.07070764070173319	0.5455235274815864	-1.644028205855683	29.800056398337148	24.86294389920924	0.53818027420355	0.0	0.0	0.0	0.0
2025-09-02 00:00:00+00:00	26.950000762939453	27.07999992370605	26.59000015258789	26.799999237060547	4919100	SONY	-2.6162834619430586	1.8427971730209671	0.5056192161236309	0.38487733338826124	1.2948339308558523	-2.0712197868565663	0.5597072020490048	1.8427971730209671	61.92435564040949	49.6057914411558	0.5687910570747512	0.7143216487771129	-0.1455305917023617	0.5729861544597432	-2.847869555504568	29.620999010922457	25.26100134002969	0.38738539568162617	0.0	0.0	0.0	0.0
2025-09-03 00:00:00+00:00	27.030000686645508	27.09000015258789	26.899999618530277	26.959999084472656	3295900	SONY	0.03709952226403055	0.7063216979628887	0.5167608971610462	0.3878309026105686	0.8464134197577787	0.29684571963377204	0.25964986850896554	0.7063216979628887	-32.9979061210384	50.37380074263238	0.48156397425640307	0.667770113872971	-0.18620613961656796	0.545630038716734	-5.94989247769965	29.306372386733493	25.825627964218654	0.3460100990571132	0.0	0.0	0.0	0.0
2025-09-04 00:00:00+00:00	27.84000015258789	27.8700008392334	27.520000457763672	27.540000915527344	3226200	SONY	1.8867932516694594	1.2718036905809278	0.5274796689043361	0.3965134291409484	0.8466427682924909	2.996668314339232	1.0893218122276973	1.2718036905809278	-2.1147486270821325	57.445324114094014	0.47235110067896	0.6286863112341688	-0.15633521055520883	0.5666564754218166	-1.7989425820790637	28.960352421960515	26.46364793662103	0.5512675705309649	0.0	0.0	0.0	0.0
2025-09-05 00:00:00+00:00	27.56999969482422	27.84000015258789	27.459999084472656	27.790000915527344	2620600	SONY	-0.17959495972164768	1.3838349627990598	0.4969755487446709	0.4102162749262408	0.7662707532880694	-0.9698292251574351	-0.7916560397815671	1.3838349627990598	-18.771309900192175	54.64985051086182	0.4382116207533251	0.5905913731380001	-0.15237975238467505	0.5533239463284894	-2.3725215358506238	28.775344755676162	26.802655503723255	0.3889838150338755	0.0	0.0	0.0	0.0
2025-09-08 00:00:00+00:00	28.670000076293945	28.709999084472656	28.280000686645508	28.299999237060547	4596100	SONY	2.647803954721743	1.520503491466335	0.4163470051831371	0.4179741140789085	1.2316766624325353	3.989845461174351	1.3074234954355057	1.520503491466335	75.38349996184081	62.62887657536404	0.4942196185270902	0.5713170222158181	-0.07709740368872797	0.5952293351370571	1.9559005001635015	28.876602622830756	26.853397682345022	0.8978835300356625	0.0	0.0	0.0	0.0
2025-09-09 00:00:00+00:00	28.709999084472656	28.790000915527344	28.57999992370605	28.75	3214300	SONY	0.27903705438844195	0.7347830384250792	0.37832481045549854	0.4245378586140284	0.9479977113330306	0.1395152008101475	-0.1391336192255435	0.7347830384250792	-30.064620003916364	62.88459758161869	0.5356592001301657	0.5641854577986877	-0.028526257668522015	0.5677130249002168	3.908794630872112	28.97440679640501	26.898593348553486	0.8726245307804434	0.0	0.0	0.0	0.0
2025-09-10 00:00:00+00:00	28.649999618530277	28.979999542236328	28.56999969482422	28.8799991607666	3934200	SONY	0.5921284629573086	1.435071234832339	0.3120160869590542	0.42634292544623403	1.1182168559637096	-0.2089845623674332	-0.7963973300552527	1.435071234832339	22.3967893476029	62.197081120943096	0.5572354482610464	0.5627954558911594	-0.005560007630112995	0.5564477979367806	0.13980778512897254	29.032387314029283	26.98661273937648	0.8130841490373385	0.0	0.0	0.0	0.0
2025-09-11 00:00:00+00:00	29.190000534057617	29.239999771118164	28.770000457763672	28.770000457763672	4384100	SONY	0.4188511023776092	1.6336437465285527	0.3521517756862327	0.4547237111677297	1.1691369811139616	1.884819974580655	1.4598542565563535	1.6336437465285527	11.435615881246505	65.81912558924756	0.6108666507616576	0.5724096948652591	0.038456955896398526	0.5588443946975739	3.8051197115589734	29.214639588292414	26.925360564295474	0.9892371991458785	0.0	0.0	0.0	0.0
2025-09-12 00:00:00+00:00	29.209999084472656	29.40999984741211	28.959999084472656	29.0	4680600	SONY	-0.6509096628344795	1.5538700868976474	0.3652215161930176	0.4249107661399675	1.1246413863032394	0.0685116479929681	0.7241347740436422	1.5538700868976474	6.763075659770534	65.94924553902439	0.6475192818050814	0.5874316122532235	0.06008766955185796	0.5510698495719938	4.770444633218147	29.379109260145942	26.907890823777397	0.9315680988841306	0.0	0.0	0.0	0.0
2025-09-15 00:00:00+00:00	29.34000015258789	29.440000534057617	29.209999084472656	29.3799991607666	2900600	SONY	0.5819927477653135	0.7874065621153145	0.4333006023903048	0.4052534738950493	0.7587711496405738	0.4450567346451574	-0.13614366685253254	0.7874065621153145	-38.029312481305816	66.83313554034191	0.6792270490898353	0.6057906996205459	0.07343634946928945	0.5281363924300628	5.387931004952119	29.491942419674043	26.85505770239627	0.9423781153227616	0.0	0.0	0.0	0.0
2025-09-16 00:00:00+00:00	28.81999969482422	28.82999992370605	28.549999237060547	28.81999969482422	2808700	SONY	-1.7723260226970585	0.9807379829349957	0.37292917347650867	0.36341755541066884	0.7506601383350616	-1.7723260226970585	0.0	0.9807379829349957	-3.1683100048265875	60.111561588515855	0.6548473197153726	0.6156020236395112	0.03924529607586136	0.5468410012227257	2.928570338657924	29.543641457144894	26.850358596260868	0.7313160927764002	0.0	0.0	0.0	0.0
2025-09-17 00:00:00+00:00	29.15999984741211	29.309999465942383	28.899999618530277	29.020000457763672	3240400	SONY	0.6939651806289618	1.4186846118476057	0.3712736655740484	0.3233287020107819	0.8993915978328448	1.1797368361837672	0.4824238023434755	1.4186846118476057	15.370100046284756	62.749537825611995	0.6554062639194242	0.6235628716954938	0.0318433922239304	0.5427809133581142	5.959300008608019	29.653703073724177	26.83229698731098	0.8250151834967849	0.0	0.0	0.0	0.0
2025-09-18 00:00:00+00:00	30.06999969482422	30.25	29.920000076293945	30.040000915527344	4258200	SONY	3.017836326200573	1.1029409186650319	0.31459774334986956	0.3277217619763421	1.190205998267043	3.1207127989504087	0.09986277757191733	1.1029409186650319	31.409702505863475	68.71341738115744	0.7209677463353081	0.6430438466234567	0.07792389971185143	0.5818680018745267	11.57699014307733	29.95809631206904	26.722903634525203	1.0345894028296756	0.0	0.0	0.0	0.0
2025-09-19 00:00:00+00:00	29.36000061035156	29.489999771118164	29.290000915527344	29.479999542236328	4238600	SONY	-1.9620889876146026	0.6828229748698849	0.2880588781656014	0.3694541509910284	1.2147422119049667	-2.3611542789435678	-0.4070520140709139	0.6828229748698849	-0.4602883847635151	60.56587965059669	0.7074793198788782	0.655930941274541	0.05154837860433725	0.5960202002618373	8.62005129307013	30.068219986528444	26.78578010502429	0.7842399551115773	0.0	0.0	0.0	0.0
2025-09-22 00:00:00+00:00	29.729999542236328	29.76000022888184	29.489999771118164	29.5	3854500	SONY	0.4768371482903886	0.9155661575423536	0.27016882783178103	0.35776476267287005	1.0473957087889394	1.260214319458554	0.7796594652078919	0.9155661575423536	-9.061954418911904	63.02627768995183	0.7183646063111873	0.6684176742818704	0.04994693202931688	0.5820187301381547	6.788790873884931	30.219065260174794	26.746934724566415	0.8591453538618838	0.0	0.0	0.0	0.0
2025-09-23 00:00:00+00:00	29.76000022888184	29.899999618530277	29.709999084472656	29.899999618530277	3734200	SONY	0.571813248945517	0.6395171319844327	0.3209388113632242	0.37034401253002985	0.9661128330375299	0.10091048472062868	-0.4682253894132963	0.6395171319844327	-3.1210273706057854	63.22662435643567	0.7210996905553841	0.6789540775365731	0.042145613018811035	0.5540174304181166	7.943418782368557	30.3779585598	26.752041363906052	0.8295718579514317	0.0	0.0	0.0	0.0
2025-09-24 00:00:00+00:00	29.34000015258789	29.420000076293945	29.15999984741211	29.200000762939453	5517300	SONY	-1.881718621086943	0.8916331626967083	0.18854784365551552	0.3578229318783766	1.2769872423945043	-1.411290568090595	0.47944995202234475	0.8916331626967083	47.75052220020353	58.451471763845085	0.681520622944852	0.6794673866182289	0.0020532363266231313	0.5573019269218032	2.3369378252912565	30.452327073618573	26.82367294926961	0.693460196835307	0.0	0.0	0.0	0.0
2025-09-25 00:00:00+00:00	29.82999992370605	29.90999984741211	29.46999931335449	29.71999931335449	4792300	SONY	1.2951573237571397	1.493045620324233	0.340597703683083	0.3348319151948296	1.0824234648934585	1.670074194171198	0.3701231927758977	1.493045620324233	-13.140485382342812	62.052311381257	0.6818330659836853	0.6799405224913202	0.0018925434923651174	0.5582089103434044	3.9010828106892186	30.583846040391073	26.89115395960893	0.7958545959983344	0.0	0.0	0.0	0.0
2025-09-26 00:00:00+00:00	29.780000686645508	30.1200008392334	29.540000915527344	29.6200008392334	5873200	SONY	-0.7039862051952785	1.9634390850718788	0.5378137994352635	0.4183950214182563	1.2353448457186127	-0.16761393626692128	0.5401750265995278	1.9634390850718788	22.55493186987459	61.46692608138753	0.6703191370208685	0.6780162453972298	-0.0076971083763612835	0.5597654112978794	3.944157358328087	30.69355385325515	26.959446215409404	0.7553490002937671	0.0	0.0	0.0	0.0
2025-09-29 00:00:00+00:00	29.100000381469727	29.1299991607666	28.96999931335449	29.040000915527344	3049300	SONY	-2.484888361503659	0.5522949644612409	0.603144893340387	0.4430183722428717	0.6638640094399185	-2.283412657813401	0.20660972469288666	0.5522949644612409	-48.08111421371654	54.005040902172034	0.5994142493918702	0.6622958461961579	-0.06288159680428773	0.5776394085831037	-0.3083252858556216	30.675951448780012	27.135048612255147	0.5549295927992859	0.3062	0.9999947845935822	3.265811622410058	0.7918563492155075
2025-09-30 00:00:00+00:00	28.790000915527344	28.799999237060547	28.540000915527344	28.709999084472656	3455100	SONY	-1.3402106250328953	0.9109961919859281	0.561189981525629	0.44502037838950564	0.7614646144081244	-1.0652902470055774	0.2786549411558679	0.9109961919859281	13.307972321516415	50.96740240281012	0.5123017532610135	0.6322970276091291	-0.11999527434811563	0.5763794126801951	-1.437857521770939	30.526720346286133	27.468279730007815	0.4321552553561995	0.6369	0.0090452386066317	0.014201953846252	0.1974016670246422
2025-10-01 00:00:00+00:00	28.739999771118164	29.01000022888184	28.729999542236328	28.790000915527344	2947300	SONY	0.0	0.9745934253631954	0.5523442180171583	0.42670900616322366	0.7325323603682421	-0.17367538318559939	-0.17367538318559939	0.9745934253631954	-14.697114410581461	50.474256531004734	0.4342243302054989	0.5926824881284031	-0.15845815792290419	0.5552095036777177	-2.0449910645852687	30.32731680090793	27.838683183833282	0.36217327496538687	0.0	0.0	0.0	0.0
2025-10-02 00:00:00+00:00	28.07999992370605	28.13999938964844	27.790000915527344	28.06999969482422	6133300	SONY	-2.3312459346894356	1.2594403115889776	0.5284906124036272	0.43320742297684567	1.4291273266163984	-2.2964504268207055	0.0356260384415904	1.2594403115889776	108.09893801106097	44.37138212099601	0.31545457411253963	0.5372369053252304	-0.22178233121269075	0.5834087431000822	-2.567660579299257	30.294975159134545	27.89502480271848	0.07707456135209405	0.0	0.0	0.0	0.0
2025-10-03 00:00:00+00:00	28.959999084472656	29.0	28.670000076293945	28.68000030517578	4296700	SONY	2.136753501068176	1.1510286809483414	0.2713515159282798	0.41670288571004865	1.0805665511500526	3.1339001536950897	0.9762858309535811	1.1510286809483414	-29.944727960478048	52.60063054075728	0.28900578573490776	0.4875906814071659	-0.19858489567225812	0.6074509811853582	-0.6858736762208961	30.14385653468732	28.18514336613055	0.3955942762732534	0.0	0.0	0.0	0.0
2025-10-06 00:00:00+00:00	30.100000381469727	30.200000762939453	30.030000686645508	30.100000381469727	6413700	SONY	3.936468691424439	0.566100807215583	0.26606137161489785	0.4452498617892329	1.379521726225044	3.936468691424439	0.0	0.566100807215583	49.27037028417157	60.70945233602974	0.35593056171533277	0.4612586574687993	-0.10532809575346652	0.6526331738483181	0.09976949434645874	30.26789942619886	28.204100505136587	0.9186456378983316	0.1531	0.0014079149113968	0.0091959876904579	0.0469155404379777
2025-10-07 00:00:00+00:00	29.739999771118164	30.0	29.690000534057617	29.81999969482422	10172000	SONY	-0.9302348275645964	1.0441207826412133	0.2650354394342547	0.42260014229177134	1.6974268264192505	-1.1960153016250041	-0.26827607151163074	1.0441207826412133	58.59800115378019	57.37161736844173	0.37559031686607725	0.44412498934825495	-0.0685346724821777	0.6353022219600175	1.2942750438248543	30.31203660641032	28.262963393589683	0.7208314316379536	0.4837	-0.0248312331132183	-0.0513359143628364	0.1277281368207471
2025-10-08 00:00:00+00:00	29.75	29.959999084472656	29.75	29.899999618530277	3975100	SONY	0.5379954560978036	0.7058792755383404	0.29660086089973764	0.43571147106454594	0.6413354931140854	0.03362551768257781	-0.5016709713846149	0.7058792755383404	-60.92115611482502	57.44161527756517	0.3875107664606148	0.4328021447707269	-0.04529137831011215	0.6056377284881942	0.06727365648041116	30.342037488209904	28.34296254993707	0.7038442747316845	0.0	0.0	0.0	0.0
2025-10-09 00:00:00+00:00	29.84000015258789	30.290000915527344	29.690000534057617	30.25	5144700	SONY	1.680672268907563	2.020883700495262	0.5687934511106757	0.5179336670557737	0.8573871249441708	0.30252152130383403	-1.3553713964036673	2.020883700495262	29.42315916580715	58.108317653768644	0.399613572287155	0.4261644302740126	-0.02655085798685758	0.605235060844018	0.26881694586954963	30.394656910509656	28.355343089490344	0.728017947897528	0.8205	-0.7713720202445984	-0.940123193322858	-0.2938104141712189
2025-10-10 00:00:00+00:00	28.25	28.989999771118164	28.01000022888184	28.8799991607666	6860900	SONY	-3.217161484290517	3.498748783392803	1.2200813948579632	0.8907777384005446	1.0533709590252531	-5.328418714669467	-2.1814376006715874	3.498748783392803	33.35860205648532	44.76594119359557	0.2777042077307179	0.39647238576535365	-0.11876817803463574	0.6927182653341634	-3.715065258756479	30.457559275672452	28.19644081588028	0.023687031472310875	0.4404	0.9999990463256836	2.270655712238809	0.8321193324279785
2025-10-13 00:00:00+00:00	28.8700008392334	28.969900131225582	28.56220054626465	28.59000015258789	3209304	SONY	1.2035403631429755	1.427409573364447	1.0981185636362911	0.8548713135169689	0.5465062943251421	2.194693236224419	0.9793658102522357	1.427409573364447	-53.22327974463992	49.623342972851184	0.2284852089118914	0.3628749503946612	-0.13438974148276983	0.6946598271835505	-3.2182336135701317	30.451407320768116	28.155592839449167	0.3111784534845356	0.4088	0.0062649657338624	0.0153252211561676	0.1270254760137037
2025-10-14 00:00:00+00:00	28.829999923706055	28.969999313354492	28.260000228881836	28.280000686645508	3963700	SONY	-2.0436443901522146	2.5123817364553105	1.061409712803701	0.9104484340743793	0.8559537601413579	-0.13855529741787814	1.944834595850168	2.5123817364553105	23.506529764709107	49.32197309025472	0.18412853898143666	0.3271256681120163	-0.14299712913057966	0.6957554884184866	-3.190062931615276	30.451072882713472	28.156927300391995	0.2933870581277445	0.0	0.0	0.0	0.0
2025-10-15 00:00:00+00:00	28.889999389648438	29.06999969482422	28.610000610351562	28.969999313354492	2482200	SONY	0.4856031564999074	1.6078261959429008	0.8311249409237653	0.8904047397875179	0.5729704215965391	0.20811469337898622	-0.2761474822306143	1.6078261959429008	-37.37669349345309	49.81430267128637	0.15206411351016413	0.2921133571916459	-0.14004924368148175	0.6789157452794986	-0.7216528833965696	30.450318626854706	28.130681510474393	0.3273433908312889	0.0	0.0	0.0	0.0
2025-10-16 00:00:00+00:00	28.545000076293945	28.770000457763672	28.420000076293945	28.760000228881836	2807325	SONY	-0.4499797975529951	1.2315284325480118	0.944132737430182	0.891562107139328	0.7264044595811644	-1.194182487515416	-0.7475665885843064	1.2315284325480118	13.098259608411892	46.98763133614715	0.09768817552564713	0.25322832085844615	-0.15554014533279903	0.663993142999141	-0.8509928150132912	30.359480616428836	28.069019559047238	0.20780991482598588	0.0	0.0	0.0	0.0
