timestamp	close	high	low	open	volume	symbol	gap_apertura_pct	volatilidad_diaria	vol_5d	vol_10d	vol_rel_5d	return_pct	close_open_pct	range_pct	volume_change_pct	rsi_14	macd	macd_signal	macd_diff	atr_14	momentum_12	bb_upper	bb_lower	bb_pctb	vader	finbert	sentiment_ratio	sentiment_combined
2025-06-05 00:00:00+00:00	284.70001220703125	324.54998779296875	273.2099914550781	322.489990234375	287499800	TSLA	0.0	18.79140512558161	0.0	0.0	0.0	0.0	-11.718186353591705	18.79140512558161	0.0	0.0	0.0	0.0	0.0	0.0	0.0	0.0	0.0	0.0	0.0	0.0	0.0	0.0
2025-06-06 00:00:00+00:00	295.1400146484375	305.5	291.1400146484375	298.8299865722656	164747700	TSLA	4.963109855773096	4.9323296795539155	0.0	0.0	0.0	3.6670186138995935	-1.2348064416673874	4.9323296795539155	-42.69641231054769	0.0	0.0	0.0	0.0	0.0	0.0	0.0	0.0	0.0	0.0	0.0	0.0	0.0
2025-06-09 00:00:00+00:00	308.5799865722656	309.8299865722656	281.8500061035156	285.9599914550781	140908900	TSLA	-3.110395994353514	9.927259131750288	0.0	0.0	0.0	4.553761352840429	7.910195759234701	9.927259131750288	-14.469883342832707	0.0	0.0	0.0	0.0	0.0	0.0	0.0	0.0	0.0	0.0	0.0	0.0	0.0
2025-06-10 00:00:00+00:00	326.0899963378906	327.8299865722656	310.6700134277344	314.94000244140625	151256500	TSLA	2.06105909193537	5.5235370015918415	0.0	0.0	0.0	5.674382827003063	3.5403549279386324	5.5235370015918415	7.343468013730857	0.0	0.0	0.0	0.0	0.0	0.0	0.0	0.0	0.0	0.0	0.0	0.0	0.0
2025-06-11 00:00:00+00:00	326.42999267578125	335.5	322.5	334.3999938964844	122611400	TSLA	2.548375495083581	4.0310077519379846	6.111669704933351	0.0	0.7070816815630196	0.10426457165472958	-2.3833736142860964	4.0310077519379846	-18.938095222354082	0.0	0.0	0.0	0.0	0.0	0.0	0.0	0.0	0.0	0.0	0.0	0.0	0.0
2025-06-12 00:00:00+00:00	319.1099853515625	332.55999755859375	316.8599853515625	323.0799865722656	105127500	TSLA	-1.0262556072299822	4.954873740087999	2.3280834502744487	0.0	0.7677440509923289	-2.242443246166161	-1.2287982498770862	4.954873740087999	-14.259603919374545	0.0	0.0	0.0	0.0	0.0	0.0	0.0	0.0	0.0	0.0	0.0	0.0	0.0
2025-06-13 00:00:00+00:00	325.30999755859375	332.989990234375	313.29998779296875	313.9700012207031	128964300	TSLA	-1.610724943375454	6.284712163607733	2.269172812911817	0.0	0.9937628358037359	1.9429076154419662	3.611808865114871	6.284712163607733	22.67418135121638	0.0	0.0	0.0	0.0	0.0	0.0	0.0	0.0	0.0	0.0	0.0	0.0	0.0
2025-06-16 00:00:00+00:00	329.1300048828125	332.04998779296875	326.4100036621094	331.2900085449219	83925900	TSLA	1.8382499865381559	1.7278833576123271	1.7567173295918805	0.0	0.7089706186465763	1.1742668079331633	-0.6519978286083703	1.7278833576123271	-34.923153151686165	0.0	0.0	0.0	0.0	0.0	0.0	0.0	0.0	0.0	0.0	0.0	0.0	0.0
2025-06-17 00:00:00+00:00	316.3500061035156	327.260009765625	314.739990234375	326.0899963378906	88282700	TSLA	-0.9236497735915258	3.97789283844319	1.666208131992861	0.0	0.8345692041659876	-3.8829637497946203	-2.986902494329368	3.97789283844319	5.191246087322269	0.0	0.0	0.0	0.0	0.0	0.0	0.0	0.0	0.0	0.0	0.0	0.0	0.0
2025-06-18 00:00:00+00:00	322.04998779296875	329.32000732421875	315.45001220703125	317.30999755859375	95137700	TSLA	0.3034586491406603	4.396891608957859	1.6652244772707319	4.81089319018988	0.9486484971923753	1.8017959789727285	1.493804251629268	4.396891608957859	7.764828216626814	0.0	0.0	0.0	0.0	0.0	0.0	0.0	0.0	0.0	0.0	0.0	0.0	0.0
2025-06-20 00:00:00+00:00	322.1600036621094	332.3599853515625	317.7799987792969	327.95001220703125	108688000	TSLA	1.8320213127458203	4.588075595780857	1.6352343545906358	2.0928722120988468	1.076121795189135	0.034161115761739816	-1.765515575363573	4.588075595780857	14.242829078272862	0.0	0.0	0.0	0.0	0.0	0.0	0.0	0.0	0.0	0.0	0.0	0.0	0.0
2025-06-23 00:00:00+00:00	348.67999267578125	357.5400085449219	327.4800109863281	327.5400085449219	190716800	TSLA	1.6699791475217398	9.179185461749821	2.715467307195561	2.4672495592340677	1.682544594972996	8.231930938729066	6.454168522731794	9.179185461749821	75.47180921536875	0.0	0.0	0.0	0.0	0.0	0.0	0.0	0.0	0.0	0.0	0.0	0.0	0.0
2025-06-24 00:00:00+00:00	340.4700012207031	356.260009765625	340.44000244140625	356.1700134277344	114736200	TSLA	2.1481074077335123	4.646929623654188	2.1522248899718077	1.9059324555781127	0.9600369100146027	-2.354592069385568	-4.408010673311981	4.646929623654188	-39.839489756539535	0.0	0.0	0.0	0.0	0.0	19.589036397060795	0.0	0.0	0.0	0.0	0.0	0.0	0.0
2025-06-25 00:00:00+00:00	327.54998779296875	343.0	320.3999938964844	342.70001220703125	119845100	TSLA	0.6549801681007905	7.0536849357173494	2.098100393410825	2.016968572110023	0.9524762852716747	-3.794758240494506	-4.420783155651041	7.0536849357173494	4.452735928155194	60.92219904594447	0.0	0.0	0.0	20.79571315220424	10.981219602884787	0.0	0.0	0.0	0.0	0.0	0.0	0.0
2025-06-26 00:00:00+00:00	325.7799987792969	331.04998779296875	323.6099853515625	324.6099853515625	80440900	TSLA	-0.8975736684394285	2.2990645462696713	2.633505937730176	2.18482045890535	0.654600953408623	-0.5403721812350102	0.36043667186245515	2.2990645462696713	-32.87927499747591	59.59365254494486	0.0	0.0	0.0	19.84173381571867	5.573923441403488	0.0	0.0	0.0	0.0	0.0	0.0	0.0
2025-06-27 00:00:00+00:00	323.6300048828125	329.3399963378906	317.5	324.510009765625	89067000	TSLA	-0.38983025920269665	3.729132704847441	2.738153434272736	2.2162382445068713	0.7487063008779333	-0.659952699533562	-0.2711795803920123	3.729132704847441	10.723524972992594	57.94078925113208	0.0	0.0	0.0	19.27018113873095	-0.7543903470528763	0.0	0.0	0.0	0.0	0.0	0.0	0.0
2025-06-30 00:00:00+00:00	317.6600036621094	325.5799865722656	316.6000061035156	319.8999938964844	76695100	TSLA	-1.1525541297318134	2.8363803839643333	1.8708408738731175	2.225792281706836	0.7976040398989734	-1.8446995428822746	-0.70021577902869	2.8363803839643333	-13.890554301817733	53.50328054216992	0.0	0.0	0.0	18.535166805160884	-2.68663701572988	0.0	0.0	0.0	0.0	0.0	0.0	0.0
2025-07-01 00:00:00+00:00	300.7099914550781	305.8900146484375	293.2099914550781	298.4599914550781	145085700	TSLA	-6.044201972450407	4.324553583741721	1.8533143215958072	2.0152916397146163	1.4192536279150392	-5.335897504131728	0.7538698868919095	4.324553583741721	89.17205923194572	43.35155684453833	0.0	0.0	0.0	18.957655762437337	-5.766035141837746	0.0	0.0	0.0	0.0	0.0	0.0	0.0
2025-07-02 00:00:00+00:00	315.6499938964844	316.8299865722656	303.82000732421875	312.6300048828125	119483700	TSLA	3.9639565582958216	4.282133807653883	0.8981363372339781	2.0053978890588176	1.1696373962257944	4.968242780731839	0.9659946155212772	4.282133807653883	-17.646122257396833	51.99709841704074	0.0	0.0	0.0	18.754965716348064	-2.9694764177573263	0.0	0.0	0.0	0.0	0.0	0.0	0.0
2025-07-03 00:00:00+00:00	315.3500061035156	318.45001220703125	312.760009765625	317.989990234375	58042300	TSLA	0.7413262737644828	1.8192870775487584	1.0674260681266992	2.208821848483992	0.5942405182259982	-0.095038111442869	-0.8302098216719246	1.8192870775487584	-51.42241159254358	51.826061433758646	0.0	0.0	0.0	17.82175405385222	-4.18679505814223	347.691316143577	291.3616806825949	0.4258562162635817	0.0	0.0	0.0	0.0
2025-07-07 00:00:00+00:00	293.94000244140625	296.1499938964844	288.7699890136719	291.3699951171875	131177900	TSLA	-7.604252583542534	2.555668928069631	1.104848541787587	2.289382481595423	1.2363966387720513	-6.789282780315345	0.8820425463456202	2.555668928069631	126.00396607301916	41.367575267253414	0.0	0.0	0.0	18.447344270708758	-7.083927052233532	346.0798779290537	293.8971179205557	0.0008218139639144024	0.0	0.0	0.0	0.0
2025-07-08 00:00:00+00:00	297.80999755859375	304.04998779296875	294.3500061035156	297.0	103246700	TSLA	1.041027942157593	3.29539034765363	1.0898296683589086	1.512537507876708	0.92675019563357	1.3165935514200526	0.2727264507049663	3.29539034765363	-21.292611026704954	43.583746050990655	0.0	0.0	0.0	17.851818633626884	-7.526778808623271	345.7262266800926	294.51776746053235	0.06429074704133748	0.0	0.0	0.0	0.0
2025-07-09 00:00:00+00:00	295.8800048828125	300.1499938964844	293.54998779296875	297.54998779296875	75586800	TSLA	-0.0873072656245677	2.248341467542623	0.9695216604662998	1.532954833149588	0.7751897598009917	-0.6480617479611397	-0.56124448955387	2.248341467542623	-26.79010564018027	42.71660053813315	0.0	0.0	0.0	17.048117738618938	-8.157436826596292	346.779028220646	292.19496775103363	0.06751123130222926	0.0	0.0	0.0	0.0
2025-07-10 00:00:00+00:00	309.8699951171875	310.4800109863281	300.0	300.04998779296875	104365300	TSLA	1.4093493447817913	3.4933369954427085	0.7040609824200175	0.8728717671718613	1.1045840662632112	4.728264838279942	3.2727904428359613	3.4933369954427085	38.07344668645848	50.41751268602104	0.0	0.0	0.0	16.873252621825845	-11.130549034593184	346.0986429709937	291.25335287861566	0.3394392154224203	0.0	0.0	0.0	0.0
2025-07-11 00:00:00+00:00	313.510009765625	314.0899963378906	305.6499938964844	307.8900146484375	79236400	TSLA	-0.6389713428049739	2.761329170601802	0.5163756754375066	0.8379716094424774	0.8026164621643955	1.1746909045068752	1.825325554518116	2.761329170601802	-24.077830466639774	52.21743295312892	0.0	0.0	0.0	16.27087760893873	-7.918463112291009	345.2998502926038	290.76014726598993	0.41712479601390123	0.0	0.0	0.0	0.0
2025-07-14 00:00:00+00:00	316.8999938964844	322.6000061035156	312.6700134277344	317.7300109863281	78043400	TSLA	1.346049915234901	3.175869846590297	0.495829843994824	0.8122220925605796	0.8858932079787758	1.0813001260768906	-0.2612334564390474	3.175869846590297	-1.5056211539141102	53.89601524738258	1.0561409458432536	0.0	0.0	15.817957256570338	-3.251410255956355	345.1888605658281	290.65013784725784	0.4813067622555182	0.0	0.0	0.0	0.0
2025-07-15 00:00:00+00:00	310.7799987792969	321.20001220703125	310.5	319.67999267578125	77556300	TSLA	0.8772479750204614	3.446058681813607	0.5225209199018691	0.814845599217855	0.9348903850205961	-1.9312070795389793	-2.7840321885613686	3.446058681813607	-0.6241399016444696	50.45033251267032	0.9442649271284154	0.0	0.0	15.452389753031833	-4.604334230525279	344.41022653983725	289.97577199531895	0.38218857813599544	0.0	0.0	0.0	0.0
2025-07-16 00:00:00+00:00	321.6700134277344	323.5	312.6199951171875	312.79998779296875	97284800	TSLA	0.6499739434989791	3.4802651950442467	0.3133227617278596	0.7162730477827801	1.1144086571350937	3.504091219258656	2.8356860552809167	3.4802651950442467	25.437649810524743	55.858252123017934	1.7145710390975069	0.0	0.0	15.257219143579784	-0.6056272365066535	343.57315383057295	290.0668455590755	0.5906437743434026	0.0	0.0	0.0	0.0
2025-07-17 00:00:00+00:00	319.4100036621094	324.3399963378906	317.05999755859375	323.1499938964844	73922900	TSLA	0.4600927680448799	2.29609500894275	0.5019720197335737	0.6051739200820205	0.9102823389988962	-0.702586399503704	-1.1573542642779817	2.29609500894275	-24.013926122066344	54.528174531556296	2.118262273278731	0.0	0.0	14.687417688988148	0.5509034753589725	343.7486427148986	290.1973564306092	0.5455078534700001	0.0	0.0	0.0	0.0
2025-07-18 00:00:00+00:00	329.6499938964844	330.8999938964844	321.4200134277344	321.6600036621094	94255000	TSLA	0.7044237732704771	2.949405784553427	0.48332621586801267	0.4830139012009722	1.1192521583499262	3.205907804067233	2.4839862411890525	2.949405784553427	27.504467492482032	59.2615215887463	3.2272701560970063	0.0	0.0	14.459030013658637	9.623891212051557	344.61732711860964	290.0886726372497	0.7255143490246638	0.0	0.0	0.0	0.0
2025-07-21 00:00:00+00:00	328.489990234375	338.0	326.8800048828125	334.3999938964844	75768800	TSLA	1.4409222168806044	3.4018584652108204	0.5057995586987494	0.47640454123891673	0.904620430681123	-0.35188948387289687	-1.767345624993897	3.4018584652108204	-19.612964829452018	58.51839488784197	3.966837063822311	0.0	0.0	14.220527521053556	4.067795528645386	345.2942690037833	290.04472940930265	0.6958476234779877	0.0	0.0	0.0	0.0
2025-07-22 00:00:00+00:00	332.1099853515625	335.4100036621094	321.54998779296875	329.739990234375	77370400	TSLA	0.38052909895614623	4.3103767362182115	0.7405579992572469	0.6198773198308276	0.9241525181801612	1.1020107841352067	0.718746645046886	4.3103767362182115	2.113798819566893	60.19585304787024	4.789838245162514	0.0	0.0	14.194776688774061	5.314722981976193	341.53427002709543	292.1477276535686	0.8091730211794554	0.0	0.0	0.0	0.0
2025-07-23 00:00:00+00:00	332.55999755859375	336.20001220703125	328.6700134277344	330.8999938964844	92553800	TSLA	-0.3643345603707944	2.2910513498830394	0.8465885346304199	0.6130357680670523	1.1181481954880133	0.1355009565746358	0.5016632495401843	2.2910513498830394	19.624300766184483	60.41018190258386	5.4159530989653035	0.0	0.0	13.718721123811404	13.138734026133777	339.83103679014795	293.05996052430515	0.8445398350419342	0.0	0.0	0.0	0.0
2025-07-24 00:00:00+00:00	305.29998779296875	310.1499938964844	300.4100036621094	310.0	156966000	TSLA	-6.78373758846895	3.2422323210415454	0.7343113934570021	0.6029503878701262	1.579408106835388	-8.197020076301287	-1.5161329700100807	3.2422323210415454	69.59433324185501	44.706288608378316	3.6701909877470484	3.329783803081472	0.3404071846655765	15.035240607573758	2.51502310055973	338.61636859068363	292.04962872376944	0.2845455599225602	0.0	0.0	0.0	0.0
2025-07-25 00:00:00+00:00	316.05999755859375	323.6300048828125	308.010009765625	308.739990234375	148227000	TSLA	1.1267614081069004	5.071262173938202	1.0641642018648199	0.8396921525693345	1.3453509437524278	3.5244055669342575	2.370929440874143	5.071262173938202	-5.567447727533351	50.208345667789686	3.1189514689478983	3.2876173362547574	-0.16866586730685906	15.270581784878758	6.820329979301516	337.6384065033682	292.0555906890146	0.5266108826480265	0.0	0.0	0.0	0.0
2025-07-28 00:00:00+00:00	325.5899963378906	330.489990234375	315.69000244140625	318.45001220703125	112673800	TSLA	0.7561901749348776	4.688139528813779	1.1380551152188	0.9325949488329877	0.9584512182051104	3.01524990600246	2.2421051521949753	4.688139528813779	-23.985643641171986	54.524452156042706	3.4117528714401146	3.312444443291829	0.09930842814828544	15.236967928313756	5.073095642822111	337.902873047421	291.9871232904696	0.7318376205396436	0.0	0.0	0.0	0.0
2025-07-29 00:00:00+00:00	321.20001220703125	326.25	318.25	325.54998779296875	87358900	TSLA	-0.012288014180986982	2.513747054202671	1.2611954726207946	0.9856425477254802	0.7306950137968934	-1.3483166498468029	-1.3361928272299113	2.513747054202671	-22.467423660158794	52.27645124954767	3.252077140772087	3.300370982787881	-0.048293842015793675	14.720041647719915	2.452873019000309	338.2150601404846	292.02893705189825	0.6315982638157791	0.0	0.0	0.0	0.0
2025-07-30 00:00:00+00:00	319.0400085449219	324.45001220703125	311.6199951171875	322.17999267578125	83931900	TSLA	0.3050997607429567	4.11719956706209	1.047739790290809	1.0099311104359139	0.7123043138202749	-0.6724793213012498	-0.9746055628039041	4.11719956706209	-3.9228973808049323	51.15881150215389	2.917606379986182	3.2238180622275414	-0.3062116822413592	14.585039893585902	0.6752965256088133	338.207364253554	293.86963464781326	0.567696499593647	0.0	0.0	0.0	0.0
2025-07-31 00:00:00+00:00	308.2699890136719	321.3699951171875	306.1000061035156	319.6099853515625	85270900	TSLA	0.17865370842991637	4.988562139560342	1.0536601093684372	1.015711150919277	0.8239331352513467	-3.375758288237867	-3.548073232260541	4.988562139560342	1.5953409847745612	45.89056778131768	1.7631607058805798	2.931686590958149	-1.1685258850775693	14.6339648307349	-0.807648425086553	338.09612814394916	293.2428702691368	0.3350284785661835	0.0	0.0	0.0	0.0
2025-08-01 00:00:00+00:00	302.6300048828125	309.30999755859375	297.82000732421875	306.2099914550781	89121400	TSLA	-0.6682446011643347	3.858031680815365	0.9602264974250958	0.975235824627292	0.9721834666392063	-1.829559909125387	-1.1691279423162844	3.858031680815365	4.515608490117965	43.37174078350089	0.3886742133830694	2.423084115443133	-2.0344099020600637	14.409395216709195	-5.919112055870684	338.1705034559344	291.89649483508117	0.23195548359936782	0.0	0.0	0.0	0.0
2025-08-04 00:00:00+00:00	309.260009765625	312.1199951171875	303.0	309.0799865722656	78683900	TSLA	2.1313093828719176	3.009899378609736	0.9673191363039665	1.0026611445025921	0.9270737357051797	2.1907956170373253	0.05824485608267748	3.009899378609736	-11.711553005226579	47.050944028798384	-0.1637427255673174	1.905718747241043	-2.0694614728083605	14.058009146542465	-3.1777319996594824	337.0280995008677	294.5708995225698	0.34597454025615393	0.0	0.0	0.0	0.0
2025-08-05 00:00:00+00:00	308.7200012207031	312.45001220703125	305.5	308.95001220703125	57961300	TSLA	-0.10023848826386701	2.274963079224632	1.0432828229678912	1.0921827497938428	0.7337441837266381	-0.174613117722891	-0.07444925626803076	2.274963079224632	-26.33651865248164	46.78432423012766	-0.6377596103733367	1.3970230757181672	-2.034782686091504	13.550295079434521	-6.349156093827692	336.2136332363243	296.4763661533241	0.3081146733570141	0.0	0.0	0.0	0.0
2025-08-06 00:00:00+00:00	319.9100036621094	320.4700012207031	306.92999267578125	307.8900146484375	78523600	TSLA	-0.26884768365632056	4.411432205396937	1.0837554372800755	1.0114830126899919	1.0078470360618654	3.6246444665587267	3.903987931338674	4.411432205396937	35.47591237601641	52.758304247631735	-0.10922267738408209	1.0957739250977174	-1.2049966024817995	13.549560326969331	-2.611947647520058	335.08978434673014	300.00321492084794	0.5673620723540118	0.0	0.0	0.0	0.0
2025-08-07 00:00:00+00:00	322.2699890136719	322.3999938964844	316.1600036621094	319.7900085449219	66658700	TSLA	-0.03750902310458521	1.9736810988412952	1.03098349705819	1.1602592145662687	0.8984889832534886	0.7377028928595584	0.7755027994883804	1.9736810988412952	-15.109979674900284	53.93287478989019	0.49437885288745065	0.9754949106556641	-0.4811160577682134	13.027448177498309	-2.9628727746545396	335.45539073606557	300.877607921161	0.6186741702620047	0.0	0.0	0.0	0.0
2025-08-08 00:00:00+00:00	329.6499938964844	335.1499938964844	320.9800109863281	321.42999267578125	91200300	TSLA	-0.2606498794571248	4.4145997959853664	1.1551060174358463	1.0898909565223613	1.222433019737403	2.290006868278204	2.557322405502602	4.4145997959853664	36.8167996075531	57.49209873687344	1.5503704259127744	1.0904700137070862	0.4599004122056882	13.109057801259592	-0.8750311773732382	336.81553669533446	301.131460374978	0.7991949480625226	0.0	0.0	0.0	0.0
2025-08-11 00:00:00+00:00	339.0299987792969	346.6400146484375	334.1499938964844	335.0	105320200	TSLA	1.6229352957899998	3.737848565043632	1.1682908233456244	1.0264812109875374	1.3176089621259452	2.8454436694932808	1.2029847102378732	3.737848565043632	15.482295562624246	61.5575296930033	3.1083087096650956	1.4940377528986881	1.6142709567664075	13.386269440594845	11.048153401565562	339.9050766015766	300.2549209570172	0.9779300280653557	0.0	0.0	0.0	0.0
2025-08-12 00:00:00+00:00	340.8399963378906	345.260009765625	332.94000244140625	345.0	80522100	TSLA	1.760906480900972	3.7003686051173545	0.9980809261910439	0.9625446505949444	0.953545136726896	0.5338753399730947	-1.2057981629302537	3.7003686051173545	-23.54543572837879	62.306666408766326	4.437880575288602	2.082806317376671	2.3550742579119315	13.310107860853694	7.8402831648136555	342.86433263453597	300.3016646799171	0.9524386887869968	0.0	0.0	0.0	0.0
2025-08-13 00:00:00+00:00	339.3800048828125	348.9800109863281	338.20001220703125	341.5	67838900	TSLA	0.19364032073720672	3.1874625636316747	0.9101228608937912	0.9571462164858243	0.8242074528806663	-0.42835097722239357	-0.620789199762079	3.1874625636316747	-15.751203706808441	61.269493666320486	5.312527241964176	2.7287505022941723	2.5837767396700038	13.129385783599636	4.235390736824385	345.1202952819816	299.8167011779793	0.8732928255980911	0.0	0.0	0.0	0.0
2025-08-14 00:00:00+00:00	335.5799865722656	340.4700012207031	330.3999938964844	335.760009765625	75000700	TSLA	-1.0666494976442351	3.0478230963205535	0.5399497583605415	0.8214688460819906	0.893115973956505	-1.1196942235471465	-0.05361662738961646	3.0478230963205535	10.55706976380808	58.53815430931339	5.634114739606957	3.309823349756729	2.324291389850228	12.910858750786716	4.476953243689693	346.5793700812352	299.9746246697414	0.7639857612813636	0.0	0.0	0.0	0.0
2025-08-15 00:00:00+00:00	330.55999755859375	339.29998779296875	327.0199890136719	337.6600036621094	74319800	TSLA	0.6198275144742065	3.75512176375967	0.3401952908943061	0.8151794465651284	0.9220779961970383	-1.4959143019665277	-2.1027086496807836	3.75512176375967	-0.907858193323529	55.04701706547881	5.421409356445963	3.732140551094576	1.6892688053513871	12.865797324251727	3.6108289572245997	346.67796146006623	299.96703365712125	0.6549423302087292	0.0	0.0	0.0	0.0
2025-08-18 00:00:00+00:00	335.1600036621094	336.2699890136719	329.5899963378906	329.6199951171875	56956600	TSLA	-0.2843666651587595	2.026758320945222	0.6968469307657624	0.9142025527916712	0.8030242661462488	1.3915797850586098	1.680725874336681	2.026758320945222	-23.362818522116584	57.54558456752708	5.559929450757693	4.0976983310272	1.4622311197304931	12.423954135075263	8.722877868998438	347.482821713211	299.8291747467499	0.7414087098144972	0.0	0.0	0.0	0.0
2025-08-19 00:00:00+00:00	329.30999755859375	340.54998779296875	327.8500061035156	335.7900085449219	75956000	TSLA	0.1879713796183263	3.8737170819033695	0.734759246681445	0.8624905740932323	1.0848625425626728	-1.7454368181154731	-1.9297807622114613	3.8737170819033695	33.35767935586043	53.47492006286334	5.138428417237037	4.305844348269167	0.8325840689678703	12.443670388959395	8.816043434329174	347.17479593603906	299.857201744625	0.6224491400560906	0.0	0.0	0.0	0.0
2025-08-20 00:00:00+00:00	323.8999938964844	331.3699951171875	314.6000061035156	329.2200012207031	77481800	TSLA	-0.027328759696890782	5.3305749168211705	1.2117787467676429	1.0160365512184528	1.0769890265874447	-1.6428300696053963	-1.615942927067883	5.3305749168211705	2.0087945652746324	49.95556486231522	4.318067732262136	4.3082890250677615	0.009778707194374903	12.75269314786743	4.7338755961219805	346.37805030471173	299.78794700974134	0.5175358108584841	0.0	0.0	0.0	0.0
2025-08-21 00:00:00+00:00	320.1099853515625	324.8999938964844	318.67999267578125	322.0799865722656	55744400	TSLA	-0.5619040933975468	1.951801607774992	1.4195017338824893	1.0197169167570204	0.8186663517972523	-1.1701168929731838	-0.6116496841883445	1.951801607774992	-28.054846428451587	47.59248368725253	3.3237893888007193	4.111389097814353	-0.7875997090136337	12.286072295927122	3.6894221578849717	345.7092641723374	301.93773289797514	0.41516145139366345	0.0	0.0	0.0	0.0
2025-08-22 00:00:00+00:00	340.010009765625	340.25	319.69000244140625	321.6600036621094	94016300	TSLA	0.48421429554737544	6.4312294415156295	1.98470818521794	1.3620580750079199	1.305219612328133	6.216620950517114	5.704783278803775	6.4312294415156295	68.65604437396402	58.65222591048837	4.0943847779365115	4.1079882338387845	-0.013603455902273076	12.877066957546166	6.283018934520521	347.68367653275953	302.35832175825607	0.8306981422360284	0.0	0.0	0.0	0.0
2025-08-25 00:00:00+00:00	346.6000061035156	349.5299987792969	335.0299987792969	338.8999938964844	86670000	TSLA	-0.32646564432199476	4.327970645265102	1.6782628663095296	1.3763829272329797	1.1115286308075671	1.9381771561470287	2.2720602967562127	4.327970645265102	-7.8138578097627756	61.546276218480536	5.1771656621573925	4.321823719502506	0.8553419426548867	12.99299074629287	7.5495757964641195	350.6122554891595	301.53074377841864	0.918253345388181	0.0	0.0	0.0	0.0
2025-08-26 00:00:00+00:00	351.6700134277344	351.8999938964844	343.7200012207031	344.92999267578125	76651600	TSLA	-0.4818272932273431	2.379841919798221	1.9087549013554816	1.4447391565111352	0.981293467576769	1.4627833914995778	1.9540257139333321	2.379841919798221	-11.55924772124149	63.654022775135836	6.370944253582536	4.731647826318512	1.639296427264024	12.649205169827754	6.679817970257465	354.4143022948351	300.77569709481327	0.9488374304874797	0.0	0.0	0.0	0.0
2025-08-27 00:00:00+00:00	349.6000061035156	355.3900146484375	349.1600036621094	351.94000244140625	65519000	TSLA	0.076773396469118	1.7842854052542223	1.9871397558271173	1.556449864950425	0.8652770077651609	-0.5886220733017151	-0.6648850149622324	1.7842854052542223	-14.523636819061833	62.156024901608106	7.068508728082406	5.199020006671291	1.8694887214111153	12.19069129957778	3.1177203676007608	357.26802300741224	300.9779761380955	0.8637766829063276	0.0	0.0	0.0	0.0
2025-08-28 00:00:00+00:00	345.9800109863281	353.54998779296875	340.260009765625	350.9100036621094	67903200	TSLA	0.3747132539253627	3.9058301433947644	1.8225969293468052	1.5529554833067818	0.8688604593969548	-1.0354676927882058	-1.4049165382382007	3.9058301433947644	3.6389444283337657	59.51814211602139	7.245706255985226	5.608357256534078	1.6373489994511479	12.269211780132492	1.5080432765120566	358.35414097198543	303.66286037078805	0.7737458357231007	0.0	0.0	0.0	0.0
2025-08-29 00:00:00+00:00	333.8699951171875	348.75	331.70001220703125	347.2300109863281	81145700	TSLA	0.36129254879103273	5.1401830465797405	1.390914638300399	1.6304670658967448	1.0736696838626105	-3.500206799409336	-3.847598262371009	5.1401830465797405	19.502026414071796	51.62493985970884	6.335922924969225	5.753870390221108	0.5820525347481169	12.610695781049369	-1.6235516784577808	356.62449151509725	308.5165088511137	0.5270120437840538	0.0	0.0	0.0	0.0
2025-09-02 00:00:00+00:00	329.3599853515625	333.3299865722656	325.6000061035156	328.2300109863281	58392000	TSLA	-1.6892755303991167	2.3740725810344316	1.3772249169397026	1.5937906259376413	0.8350983877818664	-1.3508281162079265	0.3442629642057448	2.3740725810344316	-28.040549283572634	49.01773841252739	5.191152608254811	5.641326833827849	-0.4501742255730381	12.30064529766526	-1.8535077983155221	355.20742206715664	311.943575857648	0.40256267114056715	0.0	0.0	0.0	0.0
2025-09-03 00:00:00+00:00	334.0899963378906	343.3299865722656	328.510009765625	335.20001220703125	88733300	TSLA	1.773144011175201	4.511271001213606	1.4212368190357727	1.6119401713652488	1.226637658656563	1.436121932443997	-0.3311503068964808	4.511271001213606	51.96139882175641	51.76887272134538	4.6124171669092675	5.435544900444133	-0.8231277335348652	12.480597548306358	1.067884440152551	353.228707543802	316.4592898927215	0.47949376333544	0.0	0.0	0.0	0.0
2025-09-04 00:00:00+00:00	338.5299987792969	338.8900146484375	331.4800109863281	336.1499938964844	60711000	TSLA	0.6165995932755549	2.235430015843399	1.289912443049079	1.5852525932189852	0.850567633513522	1.3289839534482013	0.7080187196271108	2.235430015843399	-31.580364981354236	54.263803408163426	4.460617033922631	5.240559327139833	-0.7799422932172018	12.118412270720858	1.0054884474177745	352.88180863969	318.6681883085522	0.580523495570226	0.0	0.0	0.0	0.0
2025-09-05 00:00:00+00:00	350.8399963378906	355.8699951171875	344.67999267578125	348.0	108989800	TSLA	2.7973890806873665	3.2464902748016415	1.2887954988321106	1.4946610734047892	1.36931561482497	3.6363092201525093	0.8160909016927084	3.2464902748016415	79.52232709064255	60.3827277503668	5.27284617048565	5.2470166958089965	0.02582947467665342	12.491382561232983	6.537912282929116	354.3322546876627	320.07474299300134	0.8980586103013335	0.0	0.0	0.0	0.0
2025-09-08 00:00:00+00:00	346.3999938964844	358.44000244140625	344.8399963378906	354.6400146484375	75208300	TSLA	1.0831200405346926	3.943859832949799	0.9833758435891166	1.1429608793008348	0.9592053656515857	-1.2655348557038881	-2.323488724226915	3.943859832949799	-30.995102293976135	57.399848265410434	5.494930385623832	5.296599433771964	0.1983309518518679	12.570569957110314	6.946588584126618	355.24834229461595	320.83365538604806	0.7428903415091453	0.0	0.0	0.0	0.0
2025-09-09 00:00:00+00:00	346.9700012207031	350.7699890136719	343.82000732421875	348.44000244140625	53816000	TSLA	0.5889170268090409	2.0214011812580073	1.0716885768557678	1.1640477753197285	0.6944745552038619	0.16455177086091025	-0.4218807285051379	2.0214011812580073	-28.444068008451197	57.688823081124575	5.651778370520276	5.367635221121626	0.28414314939865015	12.16909936656337	8.390870981310211	356.07920144102815	320.7967964837765	0.741820314364574	0.0	0.0	0.0	0.0
2025-09-10 00:00:00+00:00	347.7900085449219	356.3299865722656	346.07000732421875	350.54998779296875	72121700	TSLA	1.0317856182582315	2.9647120614051716	0.7787687565356308	1.135148306929233	0.9723921036934928	0.23633378140295014	-0.7873282967212342	2.9647120614051716	34.01534859521332	58.12885648902713	5.775670927336705	5.449242362364642	0.32642856497206285	12.032733643812193	2.2881675703194055	356.8704960218282	320.7005031236796	0.7489497025206457	0.0	0.0	0.0	0.0
2025-09-11 00:00:00+00:00	368.80999755859375	368.989990234375	347.6000061035156	350.1700134277344	103756000	TSLA	0.6843223854445748	6.1536201827595525	1.5522530975976583	1.3456151728911416	1.2534193719228068	6.0438737448539595	5.3231240300666585	6.1536201827595525	43.8623881577944	67.4685629862037	7.483726374054584	5.856139164702631	1.6275872093519528	12.701108678601278	6.407960491623559	362.5870072768879	317.926991136198	1.139341424823984	0.0	0.0	0.0	0.0
2025-09-12 00:00:00+00:00	395.94000244140625	396.69000244140625	370.239990234375	370.94000244140625	168156400	TSLA	0.5775344749091572	7.144018178664995	2.1517612423410672	1.7445877078901282	1.7773323547367512	7.356092584909467	6.739634397869776	7.144018178664995	62.06908516134006	75.16763741892126	10.900878736077232	6.865087078977551	4.035791657099681	13.785315550330651	12.58850266537412	376.1070030713779	310.44299692862205	1.3020376083498577	0.0	0.0	0.0	0.0
2025-09-15 00:00:00+00:00	410.0400085449219	425.70001220703125	402.42999267578125	423.1300048828125	163823700	TSLA	6.86720267559477	5.782377048123634	2.2011242638197097	1.8031427647287204	1.4583526951052372	3.561147147692467	-3.093610991145842	5.782377048123634	-2.5765894131891502	78.07222188583958	14.578695133542624	8.407808689890565	6.1708864436520585	14.926365137137392	17.288329915964056	390.53812990067684	303.959871197956	1.2252514538460237	0.0	0.0	0.0	0.0
2025-09-16 00:00:00+00:00	421.6199951171875	423.25	411.42999267578125	414.5	104285700	TSLA	1.08769665450573	2.872908522625199	1.9497003424979256	1.7583479797133112	0.8518076235392519	2.8241113869250594	1.717731029478287	2.872908522625199	-36.34272696807605	80.1280203701597	18.21779585374844	10.36980612266214	7.847989731086301	14.803767016990301	21.862530125721165	405.20198815329945	297.9420120908412	1.1530674121568676	0.0	0.0	0.0	0.0
2025-09-17 00:00:00+00:00	425.8599853515625	428.30999755859375	409.6700134277344	415.75	106133500	TSLA	-1.3922478025635288	4.549999638708597	1.6443106418988442	1.7594271224774727	0.8212692830964939	1.0056425889375842	2.4317463262928443	4.549999638708597	1.7718632564196244	80.8364604523359	21.199565771708876	12.53575805247149	8.663807719237386	15.077782525123807	27.55263772717484	417.9428030716169	294.85619595182067	1.0643220449828477	0.0	0.0	0.0	0.0
2025-09-18 00:00:00+00:00	416.8500061035156	432.2200012207031	416.55999755859375	428.8699951171875	90454500	TSLA	0.7068073707700268	3.7593632979380414	1.6819802826842962	1.6429442313806708	0.7146555807992304	-2.1157139806429144	-2.802711579388399	3.7593632979380414	-14.772903937022713	74.73894937761156	22.575375017882607	14.543681445553714	8.031693572328892	15.119369749194204	26.563646053896107	426.014610065541	296.0793901785996	0.9294678996964825	0.0	0.0	0.0	0.0
2025-09-19 00:00:00+00:00	426.07000732421875	429.4700012207031	421.7200012207031	421.82000732421875	93131000	TSLA	1.1922756742071232	1.8377122208021883	1.5162642612687258	1.791640131834784	0.8347638807920141	2.2118270566640073	1.0075387431145177	1.8377122208021883	2.958946210525734	76.67764480210784	24.131517686845314	16.461248693812035	7.670268993033279	14.940842989765155	27.53150707730313	434.3078258872845	298.38217655412177	0.939394671988108	0.0	0.0	0.0	0.0
2025-09-22 00:00:00+00:00	434.2099914550781	444.9800109863281	429.1300048828125	431.1099853515625	97108800	TSLA	1.1828990402294544	3.6935208265951878	1.0295567276250588	1.7958547486196108	0.988659444303608	1.9104804353584173	0.7190754584326376	3.6935208265951878	4.271187896618741	78.26370939801856	25.72505819647904	18.314010594345437	7.411047602133603	15.224354466361172	28.263371937728742	443.9428195623885	298.1671810479631	0.9332341932678468	0.0	0.0	0.0	0.0
2025-09-23 00:00:00+00:00	425.8500061035156	440.9700012207031	423.7200012207031	439.8800048828125	83422700	TSLA	1.305822882779282	4.0710846668328475	1.0323106409691085	1.6457462936097262	0.8870027783064558	-1.925332331378974	-3.1895059160587618	4.0710846668328475	-14.093573393966356	72.78876798924115	26.013502121036367	19.853908899683624	6.159593221352743	15.36904343304966	21.380119298993375	450.7190046157209	299.3159959946306	0.8357430361609006	0.0	0.0	0.0	0.0
2025-09-24 00:00:00+00:00	442.7900085449219	444.2099914550781	429.0299987792969	429.8299865722656	93133600	TSLA	0.9345967856538075	3.5382124138107636	0.8836702717555208	1.6041730767448226	1.0184087237939108	3.977927016229389	3.01515072878177	3.5382124138107636	11.640596624180228	76.39256618982687	27.294380010291377	21.342003121805178	5.952376888486199	15.582682141514862	27.82621719018909	459.93076958720036	299.2162305348699	0.8933465438575083	0.0	0.0	0.0	0.0
2025-09-25 00:00:00+00:00	423.3900146484375	435.3500061035156	419.0799865722656	435.239990234375	96746400	TSLA	-1.7051013267795794	3.88231842430023	0.8984544414181613	1.4744488266236044	1.0435547981037336	-4.381307961359794	-2.722630238907122	3.88231842430023	3.8791585421373167	65.66674491802775	26.439291891779646	22.36146087580007	4.0778310159795765	16.163206415167817	22.024962722677742	464.54729438447924	301.97870659208326	0.7468312895194699	0.0	0.0	0.0	0.0
2025-09-26 00:00:00+00:00	440.3999938964844	440.4700012207031	421.0199890136719	428.29998779296875	101628200	TSLA	1.1596809028687778	4.619736049254337	0.41908741772963426	1.0540540391038018	1.0764793723917714	4.017567410551979	2.8251240832078928	4.619736049254337	5.0459758709367994	69.6857059032861	26.824970007983268	23.25416270223671	3.570807305746559	16.397978257443775	26.62813280318852	471.00753873193406	304.960460535644	0.8156694765850234	0.0	0.0	0.0	0.0
2025-09-29 00:00:00+00:00	443.2099914550781	450.9800109863281	439.5	444.3500061035156	79491500	TSLA	0.8969146825101221	2.612061657867605	0.7444226965839537	0.8730904322992379	0.8746432834296901	0.6380557669249736	-0.25655781090997054	2.612061657867605	-21.782044747422468	70.30412344691496	27.04560115774018	24.012450393337406	3.033150764402773	16.046694880935515	20.172987280439507	475.89899902589457	311.0029998754726	0.801759850213244	0.0	0.0	0.0	0.0
2025-09-30 00:00:00+00:00	444.7200012207031	445.0	433.1199951171875	441.5199890136719	74358000	TSLA	-0.3813096441842154	2.7428899650772705	0.8307964038230888	0.8850753270213496	0.8348121072117985	0.3406984938826787	0.7247717626963793	2.7428899650772705	-6.457923174175856	70.65061436301127	27.03070496112963	24.616101306895853	2.414603654233776	15.74907416678387	12.320048107924041	479.02353515406173	319.41446533421947	0.7850777905536415	0.0	0.0	0.0	0.0
2025-10-01 00:00:00+00:00	459.4599914550781	462.2900085449219	440.75	443.79998779296875	98122300	TSLA	-0.20687475832187632	4.8871261588024675	1.0459651366879006	0.9333206279707981	1.0894091748041064	3.3144428390707623	3.52861741614439	4.8871261588024675	31.95930498399634	73.85724659504896	27.886831606856333	25.27024736688795	2.6165842399683825	16.162712336650873	12.052478265603698	483.5197075164043	327.4552924835957	0.8458347083397055	0.0	0.0	0.0	0.0
2025-10-02 00:00:00+00:00	436.0	470.75	435.57000732421875	470.5400085449219	137009000	TSLA	2.4115303390735066	8.076771146823901	2.2119431911238725	1.7094263495828512	1.3963155995915282	-5.105992228133281	-7.340504084175954	8.076771146823901	39.63084844118004	62.20768649293123	26.368335140774377	25.489864921665237	0.8784702191091398	17.521089503731613	3.410655341148049	483.04911831848807	337.67288180358224	0.6763630738668628	0.0	0.0	0.0	0.0
2025-10-03 00:00:00+00:00	429.8299865722656	446.7699890136719	416.5799865722656	443.2900085449219	133188200	TSLA	1.67202030846832	7.247108217996229	2.5130405027857017	1.8037934439892165	1.2753361459604076	-1.4151406944344898	-3.0363919134649855	7.247108217996229	-2.7887219087797153	59.547436643873844	24.38594128119547	25.269080193571284	-0.8831389123758129	18.426011856422658	0.9322315684169642	482.04842588106345	346.5725732644443	0.6145553742586886	0.0	0.0	0.0	0.0
2025-10-06 00:00:00+00:00	453.25	453.54998779296875	436.69000244140625	440.75	85324900	TSLA	2.54054248630195	3.860859020656128	2.25068198731322	1.7958569181976574	0.807997274254814	5.4486690457546425	2.836074872376631	3.860859020656128	-35.936591980370636	65.56669282978547	24.423144413581724	25.099893037573374	-0.6767486239916494	18.804153953871264	8.732156258490068	481.742830003081	357.5631697527784	0.7705515545327677	0.0	0.0	0.0	0.0
2025-10-07 00:00:00+00:00	433.0899963378906	452.67999267578125	432.45001220703125	447.82000732421875	102296100	TSLA	-1.198012724937948	4.677992807886682	1.8109252681720713	1.7879682537864836	0.9200274130055285	-4.447877255843215	-3.289270408962254	4.677992807886682	19.890090700369996	57.618846026026034	22.56576031447304	24.59306649295331	-2.02730617848027	18.9467135138068	1.6476139819740943	476.49972084497944	371.4182784225987	0.5868944743582697	0.0	0.0	0.0	0.0
2025-10-08 00:00:00+00:00	438.69000244140625	441.3299865722656	425.2300109863281	437.57000732421875	71192100	TSLA	1.0344295698838732	3.7861804599805495	1.9992097265042441	1.7730400761166454	0.6728800932609441	1.293035200736103	0.2559579263753414	3.7861804599805495	-30.405851249461126	59.10188339646772	21.300109324118694	23.934475059186386	-2.634365735067693	18.743375090387563	1.0317613768663385	468.01294444908757	388.99505420813904	0.628907556019692	0.0	0.0	0.0	0.0
2025-10-09 00:00:00+00:00	435.5400085449219	436.3500061035156	426.17999267578125	431.80999755859375	69339900	TSLA	-1.5683067415541183	2.386318833008022	1.7961987185817987	1.9024006674685061	0.751503442571355	-0.7180455170972594	0.8638083896661024	2.386318833008022	-2.601693165393351	57.875074890734666	19.81448456985811	23.11047696132073	-3.2959923914626224	18.298134710047382	2.275449642485341	460.36512286483133	403.31587689102804	0.5648476347731394	0.0	0.0	0.0	0.0
2025-10-10 00:00:00+00:00	413.489990234375	443.1300048828125	411.45001220703125	436.5400085449219	110712100	TSLA	0.22960003223144984	7.699596970686364	1.9782064963569632	2.1579337405331915	1.261345456724629	-5.062684914805621	-5.280161694085579	7.699596970686364	59.66579126880771	50.044155584691396	16.66575163995384	21.821531897047354	-5.1557802570935145	19.2539817075998	-6.617136282462963	457.62087447160263	407.81512406355364	0.1139399793061698	0.0	0.0	0.0	0.0
2025-10-13 00:00:00+00:00	435.8999938964844	436.8900146484375	419.70001220703125	423.70001220703125	78973590	TSLA	2.469230746521576	4.095783164506247	1.962487205954497	2.038672217865201	0.912960370581479	5.419720958518707	2.879391394374538	4.095783164506247	-28.667607244375276	56.488036690913916	15.79656514495548	20.61653854662898	-4.819973401673501	19.55012761520428	2.9547175925805793	456.6523891798073	411.3696078905052	0.5417155330910379	0.10067999999999996	-0.03745180536812853	-0.3719848369417124	0.003987736242310018
